Cosmic-Ray Neutron Monitor Data (Hourly, Pressure-Corrected and Scale-Adjusted Counts)
Collections: WDC for Cosmic Rays, Solar-Terrestrial Environment Laboratory, Nagoya Univ.
Data Access: http://center.stelab.nagoya-u.ac.jp/WDCCR/index.html
Project: ICSU WDC
Citation: WDC for Cosmic Rays, Solar-Terrestrial Environment Laboratory, Nagoya University
Station ID: TBILIS
Station:  TBILISI,GIORGIA,INSTITUT GEOPHYSIKY (IG), GIORGIAN ACADEMY OF SCIENCES,GIORGIA 
Instrument: IGY NEUTRON MONITOR, CORRECTED FOR PRESSURE TO 950.0 MB, COEF. =                
Latitude (deg.):   41.72  Longitude (deg.):   44.80  Altitude (m):  510.00
Cut-Off Rigidity (GV):    6.91
Year: 1967  Month:   1
Scaling Factor (SF):    10.0   Constant (CONST):     0.0  Real Counts = (DATA + CONST)*SF
Temporal Resolution: 1 hour
UTC Start Hour:     0.0
                                                                                
                                                        
Monthly Average:  1558.6
Updated (YYYY MM DD): 2000 00 00
*******************************************************************************************
ID     YYYY MM DD 1     0     1     2     3     4     5     6     7     8     9    10    11
ID     YYYY MM DD 2    12    13    14    15    16    17    18    19    20    21    22    23
*******************************************************************************************
TBILIS 1967 01 01 1  1530  1540  1562  1574  1556  1542  1554  1570  1560  1552  1566  1550
TBILIS 1967 01 01 2  1562  1562  1554  1568  1586  1570  1582  1570  1560  1554  1566  1588
TBILIS 1967 01 02 1  1574  1570  1580  1566  1566  1568  1552  1552  1552  1532  1546  1546
TBILIS 1967 01 02 2  1550  1550 99999 99999 99999 99999 99999 99999 99999 99999 99999 99999
TBILIS 1967 01 03 1 99999 99999 99999 99999 99999 99999 99999 99999 99999 99999 99999 99999
TBILIS 1967 01 03 2 99999 99999 99999 99999 99999 99999 99999 99999 99999 99999 99999 99999
TBILIS 1967 01 04 1 99999 99999 99999 99999 99999 99999 99999 99999 99999 99999 99999 99999
TBILIS 1967 01 04 2 99999 99999 99999 99999 99999 99999 99999 99999 99999 99999 99999 99999
TBILIS 1967 01 05 1 99999 99999 99999 99999 99999 99999 99999 99999 99999 99999 99999 99999
TBILIS 1967 01 05 2 99999 99999 99999 99999 99999 99999 99999 99999 99999 99999 99999 99999
TBILIS 1967 01 06 1 99999 99999 99999 99999 99999 99999 99999 99999 99999 99999 99999 99999
TBILIS 1967 01 06 2 99999 99999 99999 99999 99999 99999 99999 99999 99999 99999 99999 99999
TBILIS 1967 01 07 1 99999 99999 99999 99999 99999 99999 99999 99999 99999 99999 99999 99999
TBILIS 1967 01 07 2  1512  1588  1584  1568  1566  1564  1576  1564  1576  1548  1548  1552
TBILIS 1967 01 08 1  1550  1546  1556 99999 99999 99999 99999 99999  1568  1574  1578  1554
TBILIS 1967 01 08 2  1564  1542  1570  1566  1568  1564  1542  1540  1540  1548  1564  1534
TBILIS 1967 01 09 1  1540  1560  1560  1554  1546  1546  1546  1552  1546  1560  1526  1542
TBILIS 1967 01 09 2  1538  1570  1528  1534  1540  1560  1526  1562  1534  1552  1558  1550
TBILIS 1967 01 10 1  1552  1530  1530  1534  1542  1552  1558  1538  1552  1534  1538  1530
TBILIS 1967 01 10 2  1540  1554  1538  1550  1562  1546  1546  1540  1544  1526  1536  1544
TBILIS 1967 01 11 1  1554  1550  1550  1556  1550  1554  1536  1518  1534  1544  1550  1534
TBILIS 1967 01 11 2  1558  1526  1524  1534  1544  1540  1550  1550  1564  1534  1574  1526
TBILIS 1967 01 12 1  1552  1548  1550  1552  1556 99999 99999 99999 99999 99999 99999 99999
TBILIS 1967 01 12 2 99999 99999 99999 99999 99999 99999 99999 99999 99999 99999 99999 99999
TBILIS 1967 01 13 1 99999 99999 99999 99999 99999 99999 99999 99999 99999 99999 99999 99999
TBILIS 1967 01 13 2 99999 99999 99999 99999 99999 99999 99999  1526  1512  1516  1530  1540
TBILIS 1967 01 14 1  1544  1530  1518  1540  1558  1570  1548  1538  1550  1550  1570  1582
TBILIS 1967 01 14 2  1548  1540  1538  1540  1552  1542  1538  1542  1538  1524  1502  1522
TBILIS 1967 01 15 1  1510  1510  1500  1526  1508  1526  1524  1530  1504  1502  1544  1552
TBILIS 1967 01 15 2  1546  1546  1528  1526  1538  1504  1512  1518  1542  1506  1528  1526
TBILIS 1967 01 16 1  1534  1530  1526  1526  1512  1550  1552  1562  1556  1534  1526  1566
TBILIS 1967 01 16 2  1542  1570  1570  1566  1532  1534 99999 99999 99999 99999 99999 99999
TBILIS 1967 01 17 1 99999 99999 99999  1538  1562  1552  1536  1572  1536  1548  1560  1558
TBILIS 1967 01 17 2  1552  1534  1536  1560  1566  1552  1528  1532  1530  1534  1534  1526
TBILIS 1967 01 18 1  1554  1530  1560  1546  1546  1562  1542  1584  1558  1566  1550  1552
TBILIS 1967 01 18 2  1548  1562  1598  1598  1550  1556  1578  1556  1574  1550  1552  1558
TBILIS 1967 01 19 1  1558  1546  1550  1548  1558  1580  1584  1570  1616  1606  1592  1583
TBILIS 1967 01 19 2  1574  1568 99999 99999 99999 99999 99999 99999 99999 99999 99999 99999
TBILIS 1967 01 20 1 99999 99999 99999 99999 99999 99999 99999 99999 99999 99999 99999 99999
TBILIS 1967 01 20 2 99999 99999 99999 99999 99999 99999  1584  1582  1550  1588  1550  1560
TBILIS 1967 01 21 1  1566  1568  1580  1558  1584  1582  1562  1584  1604  1570  1610  1610
TBILIS 1967 01 21 2  1608  1606  1584  1582  1590  1564  1580  1580  1574  1570  1558  1558
TBILIS 1967 01 22 1  1598  1576  1570  1586  1598  1564  1568  1572  1586  1600  1582  1558
TBILIS 1967 01 22 2  1570  1574  1552  1546  1534  1544  1582  1572  1548  1570  1564  1560
TBILIS 1967 01 23 1  1550  1548  1586  1576  1546  1564 99999 99999  1568  1564  1588  1584
TBILIS 1967 01 23 2  1546  1554  1552  1552 99999 99999  1566  1566  1560  1560  1564  1564
TBILIS 1967 01 24 1  1570  1570  1588  1588  1588  1588  1594  1590  1582  1572  1578  1574
TBILIS 1967 01 24 2  1586  1588  1570  1572  1560  1558  1552  1550 99999 99999  1526  1526
TBILIS 1967 01 25 1  1560  1550  1552  1546  1552  1570  1546  1540  1552  1594  1588  1596
TBILIS 1967 01 25 2  1550  1556  1586  1570  1558  1568  1588  1596  1570  1570  1578  1558
TBILIS 1967 01 26 1  1552 99999 99999  1566  1592  1574  1548  1598  1556  1566  1576  1562
TBILIS 1967 01 26 2  1584  1588  1578  1592  1576  1544  1580  1584  1574  1544  1572  1566
TBILIS 1967 01 27 1  1538  1574  1576  1560  1580  1582  1586  1568  1568  1580  1594  1540
TBILIS 1967 01 27 2  1558  1562  1576  1550  1532  1558  1564  1556  1554  1590  1578  1548
TBILIS 1967 01 28 1  1554  1562  1568  1570  1564  1562  1562  1566  1584  1568  1580  1584
TBILIS 1967 01 28 2  1562  1548  1566  1550  1552  1562  1558  1570  1548 99999  1558  1552
TBILIS 1967 01 29 1  1556  1576  1570  1568  1540  1548  1574  1574  1576  1592  1570  1572
TBILIS 1967 01 29 2  1540  1572  1550  1578  1558  1546  1588  1556  1588  1564  1546  1546
TBILIS 1967 01 30 1  1538  1550  1546  1566  1560  1564  1570  1546  1562  1584  1570  1568
TBILIS 1967 01 30 2  1584  1568  1576  1578  1580  1560  1572  1582  1582  1552  1570  1574
TBILIS 1967 01 31 1  1570  1566  1562  1568  1578  1568  1570  1564  1594  1578  1574  1576
TBILIS 1967 01 31 2  1576  1576  1588  1596  1590  1562  1562  1562  1582  1580  1578  1588
Cosmic-Ray Neutron Monitor Data (Hourly, Pressure-Corrected and Scale-Adjusted Counts)
Collections: WDC for Cosmic Rays, Solar-Terrestrial Environment Laboratory, Nagoya Univ.
Data Access: http://center.stelab.nagoya-u.ac.jp/WDCCR/index.html
Project: ICSU WDC
Citation: WDC for Cosmic Rays, Solar-Terrestrial Environment Laboratory, Nagoya University
Station ID: TBILIS
Station:  TBILISI,GIORGIA,INSTITUT GEOPHYSIKY (IG), GIORGIAN ACADEMY OF SCIENCES,GIORGIA 
Instrument: IGY NEUTRON MONITOR, CORRECTED FOR PRESSURE TO 950.0 MB, COEF. =                
Latitude (deg.):   41.72  Longitude (deg.):   44.80  Altitude (m):  510.00
Cut-Off Rigidity (GV):    6.91
Year: 1967  Month:   2
Scaling Factor (SF):    10.0   Constant (CONST):     0.0  Real Counts = (DATA + CONST)*SF
Temporal Resolution: 1 hour
UTC Start Hour:     0.0
                                                                                
                                                        
Monthly Average:  1564.6
Updated (YYYY MM DD): 2000 00 00
*******************************************************************************************
ID     YYYY MM DD 1     0     1     2     3     4     5     6     7     8     9    10    11
ID     YYYY MM DD 2    12    13    14    15    16    17    18    19    20    21    22    23
*******************************************************************************************
TBILIS 1967 02 01 1  1566  1564  1566  1570  1566  1582  1598  1578  1594  1594  1578  1614
TBILIS 1967 02 01 2  1580  1582  1554  1574  1578  1580  1588  1588  1580  1570  1558  1580
TBILIS 1967 02 02 1  1564  1564  1574  1580  1582  1582  1572  1610  1610  1614  1606  1592
TBILIS 1967 02 02 2  1614  1618  1604  1600  1608  1583  1590  1588  1582  1552  1570  1580
TBILIS 1967 02 03 1  1564  1550  1548  1566  1588  1574  1582  1592  1610  1600  1594  1574
TBILIS 1967 02 03 2  1580  1596  1612  1618  1610  1574  1564  1576  1584  1586  1576  1544
TBILIS 1967 02 04 1  1550  1562  1554  1548  1566  1568  1604  1580  1624  1616  1574  1518
TBILIS 1967 02 04 2  1578  1568  1544  1578  1562  1584  1544  1562  1558  1540  1552  1546
TBILIS 1967 02 05 1  1546  1568  1596  1578  1580  1596  1574  1582  1550  1580  1556  1586
TBILIS 1967 02 05 2  1584  1600  1582  1570  1582  1560  1550  1588  1582  1576  1560  1550
TBILIS 1967 02 06 1  1550  1550  1552  1572  1564  1556  1588  1582  1574  1570  1524  1530
TBILIS 1967 02 06 2  1532  1546  1540  1526  1520  1522  1526  1530  1528  1516  1534  1522
TBILIS 1967 02 07 1  1550  1522  1536  1526  1530  1524  1530  1540  1528  1520  1528  1500
TBILIS 1967 02 07 2  1518  1512  1538  1514  1548  1536  1546  1552  1526  1530  1544  1550
TBILIS 1967 02 08 1  1530  1528  1530  1540  1538  1518  1550  1526  1518  1540  1534  1522
TBILIS 1967 02 08 2  1508  1514  1544  1502  1502  1500  1530  1514  1500  1536  1528  1526
TBILIS 1967 02 09 1  1530  1524  1502  1520  1522  1504  1540  1514  1530  1532  1540  1532
TBILIS 1967 02 09 2  1544  1526  1524  1491  1488  1510  1510  1528  1538  1524  1534  1526
TBILIS 1967 02 10 1  1546  1546  1514  1544  1520  1540  1550  1526  1536  1540  1552  1548
TBILIS 1967 02 10 2  1546  1552  1530  1540  1520  1550  1546  1528  1518  1528  1534  1524
TBILIS 1967 02 11 1  1540  1552  1514  1544  1530  1526  1542  1548  1560  1554  1556  1556
TBILIS 1967 02 11 2  1562  1566  1554  1560  1548  1574  1576  1556  1552  1532  1550  1576
TBILIS 1967 02 12 1  1544  1530  1542  1566  1566  1542  1552  1580  1546  1540  1550  1552
TBILIS 1967 02 12 2  1550  1540  1546  1536  1532  1568  1546  1558  1550  1546  1546  1544
TBILIS 1967 02 13 1  1540  1560  1562  1546  1562  1576  1590  1584  1566 99999 99999 99999
TBILIS 1967 02 13 2  1538  1582  1570  1586  1566  1600  1580  1566  1526  1564  1530  1528
TBILIS 1967 02 14 1  1558  1558  1560  1564  1564  1564  1568  1584  1534  1568  1604  1592
TBILIS 1967 02 14 2  1588  1566  1552  1566  1558  1556  1566  1566  1550  1602  1588  1586
TBILIS 1967 02 15 1  1566  1566  1562  1580  1554  1556  1552  1588  1588  1566  1566  1562
TBILIS 1967 02 15 2  1600  1562  1596  1550  1540  1590  1578  1556  1594  1614  1586  1552
TBILIS 1967 02 16 1  1564  1570  1554  1580  1550  1536  1534  1540  1540  1550  1546  1550
TBILIS 1967 02 16 2  1562  1548  1580  1546  1556  1538  1570  1552  1520  1550  1534  1556
TBILIS 1967 02 17 1  1600  1560  1546  1566  1584  1558  1582  1552  1530  1562  1566  1566
TBILIS 1967 02 17 2  1554  1528  1572  1542 99999 99999 99999 99999 99999 99999 99999 99999
TBILIS 1967 02 18 1 99999 99999 99999 99999 99999 99999  1586  1586  1584  1580  1566  1552
TBILIS 1967 02 18 2  1568  1544  1550  1570  1592  1538  1554  1524  1566  1550  1574  1564
TBILIS 1967 02 19 1  1558  1564  1546  1586  1598  1568  1554  1552  1582  1574  1566  1562
TBILIS 1967 02 19 2  1584  1580  1564  1546  1560  1530  1550  1544  1570  1570  1552  1562
TBILIS 1967 02 20 1  1556  1540  1538  1550  1572  1578  1566  1580  1538  1582  1540  1580
TBILIS 1967 02 20 2  1544  1568  1576  1566  1572  1556  1576  1588  1594  1538  1550  1558
TBILIS 1967 02 21 1  1562  1560  1570  1596  1576  1582  1578  1570  1586  1568  1570  1570
TBILIS 1967 02 21 2  1590  1602  1582  1572  1590  1578  1590  1592  1604  1572  1570  1574
TBILIS 1967 02 22 1  1570  1564  1566  1590  1580  1566  1602  1590  1598  1592  1584  1566
TBILIS 1967 02 22 2  1590  1592  1604  1592  1560  1588  1568  1566  1566  1570  1562  1588
TBILIS 1967 02 23 1  1584  1560  1580  1588  1566  1590  1550  1588  1550  1550  1574  1548
TBILIS 1967 02 23 2  1558  1576  1570  1574  1572  1578  1600  1596  1570  1596  1582  1594
TBILIS 1967 02 24 1  1588  1580  1580 99999 99999  1582  1588  1598  1582  1600  1588  1598
TBILIS 1967 02 24 2  1574  1566  1586  1572  1554  1588  1578  1566  1586  1552  1566  1562
TBILIS 1967 02 25 1  1560  1568  1570  1564  1584  1576  1550  1592  1580  1578  1590  1574
TBILIS 1967 02 25 2  1582  1592  1568  1572  1584  1592  1594  1600  1570  1580  1610  1600
TBILIS 1967 02 26 1  1584  1588  1598  1588  1594  1588  1586  1588  1594  1600  1588  1588
TBILIS 1967 02 26 2 99999 99999  1580  1594  1576  1580 99999 99999 99999 99999  1616  1620
TBILIS 1967 02 27 1  1588  1594  1580  1586  1600  1602  1592  1592  1604  1600  1590  1586
TBILIS 1967 02 27 2  1582  1588  1572  1588  1600  1602  1608  1608 99999 99999  1582  1572
TBILIS 1967 02 28 1  1580  1602  1604  1570  1590  1600  1604  1586  1600  1594  1608  1592
TBILIS 1967 02 28 2  1600  1590  1570  1590  1546  1602  1574  1580  1572  1574  1586  1594
TBILIS 1967 02 29 1 99999 99999 99999 99999 99999 99999 99999 99999 99999 99999 99999 99999
TBILIS 1967 02 29 2 99999 99999 99999 99999 99999 99999 99999 99999 99999 99999 99999 99999
TBILIS 1967 02 30 1 99999 99999 99999 99999 99999 99999 99999 99999 99999 99999 99999 99999
TBILIS 1967 02 30 2 99999 99999 99999 99999 99999 99999 99999 99999 99999 99999 99999 99999
TBILIS 1967 02 31 1 99999 99999 99999 99999 99999 99999 99999 99999 99999 99999 99999 99999
TBILIS 1967 02 31 2 99999 99999 99999 99999 99999 99999 99999 99999 99999 99999 99999 99999
Cosmic-Ray Neutron Monitor Data (Hourly, Pressure-Corrected and Scale-Adjusted Counts)
Collections: WDC for Cosmic Rays, Solar-Terrestrial Environment Laboratory, Nagoya Univ.
Data Access: http://center.stelab.nagoya-u.ac.jp/WDCCR/index.html
Project: ICSU WDC
Citation: WDC for Cosmic Rays, Solar-Terrestrial Environment Laboratory, Nagoya University
Station ID: TBILIS
Station:  TBILISI,GIORGIA,INSTITUT GEOPHYSIKY (IG), GIORGIAN ACADEMY OF SCIENCES,GIORGIA 
Instrument: IGY NEUTRON MONITOR, CORRECTED FOR PRESSURE TO 950.0 MB, COEF. =                
Latitude (deg.):   41.72  Longitude (deg.):   44.80  Altitude (m):  510.00
Cut-Off Rigidity (GV):    6.91
Year: 1967  Month:   3
Scaling Factor (SF):    10.0   Constant (CONST):     0.0  Real Counts = (DATA + CONST)*SF
Temporal Resolution: 1 hour
UTC Start Hour:     0.0
                                                                                
                                                        
Monthly Average:  1575.8
Updated (YYYY MM DD): 2000 00 00
*******************************************************************************************
ID     YYYY MM DD 1     0     1     2     3     4     5     6     7     8     9    10    11
ID     YYYY MM DD 2    12    13    14    15    16    17    18    19    20    21    22    23
*******************************************************************************************
TBILIS 1967 03 01 1  1604  1618  1620  1612  1616  1634  1616  1596  1576  1582  1576  1576
TBILIS 1967 03 01 2  1600  1602  1584  1596  1580  1584  1570  1580  1572  1574  1552  1570
TBILIS 1967 03 02 1  1560  1580  1576  1542  1564  1566  1566  1588  1562  1572  1580  1588
TBILIS 1967 03 02 2  1604  1558  1574  1552  1580  1566  1582  1580  1568  1580  1572  1554
TBILIS 1967 03 03 1  1576  1560  1560  1574  1598  1568  1576 99999  1552  1584  1576  1570
TBILIS 1967 03 03 2  1566  1562  1580  1568  1562  1588  1584  1576  1568  1560  1560  1564
TBILIS 1967 03 04 1  1566  1555  1570  1550  1580  1594  1560  1550  1566  1572  1560  1580
TBILIS 1967 03 04 2  1558  1526  1552  1566  1544  1546  1550  1546  1546  1580  1558  1542
TBILIS 1967 03 05 1  1560  1534  1552  1534  1550  1570  1534  1540  1554  1560  1544  1584
TBILIS 1967 03 05 2  1564  1564  1550  1550  1552  1556  1540  1546  1552  1540  1534  1540
TBILIS 1967 03 06 1  1540  1550  1540  1534  1570  1562  1552  1558  1552 99999 99999 99999
TBILIS 1967 03 06 2 99999 99999 99999  1570  1560  1556  1540  1550  1550  1540  1566  1560
TBILIS 1967 03 07 1  1560  1552  1534  1550  1564  1562  1576  1574  1564  1576  1566  1580
TBILIS 1967 03 07 2  1570  1566  1570  1570  1574  1570  1566  1578  1568  1558  1560  1566
TBILIS 1967 03 08 1  1572  1568  1576  1570  1554  1556  1576  1564  1572  1568  1562  1558
TBILIS 1967 03 08 2  1562  1552  1570  1552  1566  1566  1546  1590  1560  1568  1550  1574
TBILIS 1967 03 09 1  1554  1564  1552  1578  1534  1562  1532  1556  1552  1558  1570  1576
TBILIS 1967 03 09 2  1552  1562  1554  1534  1566  1578  1572  1566  1566  1530  1528  1550
TBILIS 1967 03 10 1  1556  1584  1566  1580  1578  1566  1570  1582  1558  1562  1536  1566
TBILIS 1967 03 10 2  1566  1562  1550 99999 99999 99999 99999 99999  1566  1556  1560  1564
TBILIS 1967 03 11 1  1532  1546  1562  1570  1601  1588  1574  1588  1576  1594  1594  1588
TBILIS 1967 03 11 2  1584  1552  1554  1560  1572  1576  1590  1570  1588  1582  1570  1588
TBILIS 1967 03 12 1  1570  1568  1566  1578  1596  1594  1586  1560  1582  1600 99999 99999
TBILIS 1967 03 12 2  1606  1594  1618  1592  1600  1604  1600  1592  1588  1604  1570  1588
TBILIS 1967 03 13 1  1584  1576  1566  1576  1600  1618  1598  1600  1592  1578  1592  1594
TBILIS 1967 03 13 2  1594  1610  1588  1586  1596  1594  1614  1594  1592  1572  1562  1558
TBILIS 1967 03 14 1  1550  1566  1576  1570  1578  1562  1574 99999  1598  1590 99999  1594
TBILIS 1967 03 14 2  1622  1610  1596  1580  1574  1580  1570  1550  1572  1570  1552  1566
TBILIS 1967 03 15 1  1552  1552  1550  1550  1548  1568  1566  1554  1548  1544  1556  1554
TBILIS 1967 03 15 2  1560  1556  1564  1566  1580  1586  1580  1588  1580  1592  1580  1602
TBILIS 1967 03 16 1  1596  1604  1598  1596  1584  1606  1596  1598  1566  1554  1578  1560
TBILIS 1967 03 16 2  1580  1580  1568  1576  1568  1572  1582  1582  1570  1550  1550  1566
TBILIS 1967 03 17 1  1556  1554  1554  1570  1554  1548  1588 99999 99999  1588  1576  1584
TBILIS 1967 03 17 2  1592  1574  1578  1550  1562  1576  1550  1586  1564  1558  1566  1560
TBILIS 1967 03 18 1  1534  1544  1540  1570  1572  1566  1582  1556  1580  1546  1566  1580
TBILIS 1967 03 18 2  1578  1576  1566  1576  1560  1572  1574  1566  1566  1568  1566  1568
TBILIS 1967 03 19 1  1566  1570  1556  1562  1594  1586  1566  1568  1572  1566  1554  1582
TBILIS 1967 03 19 2  1562  1572  1568  1586  1578  1578  1556  1576  1588  1562  1566  1580
TBILIS 1967 03 20 1  1576  1580  1564  1570  1590  1574  1586  1576  1576  1598  1592  1588
TBILIS 1967 03 20 2  1548  1552  1572  1590  1586  1580  1588  1572  1572  1570  1572  1570
TBILIS 1967 03 21 1  1570  1572  1576  1598  1576  1600  1594  1582  1582  1604  1570  1568
TBILIS 1967 03 21 2  1590  1604  1586  1600  1570  1594  1568  1588  1586  1592  1588  1588
TBILIS 1967 03 22 1  1576  1588  1558  1596  1564  1602  1588  1582  1588  1594  1588  1600
TBILIS 1967 03 22 2  1598  1580  1590  1582  1584  1584  1584  1572  1568  1568  1572  1552
TBILIS 1967 03 23 1  1582  1584  1580  1580  1558  1566  1576  1556  1572  1566  1578  1588
TBILIS 1967 03 23 2  1616  1604  1580  1600  1598  1588  1578  1580  1616  1592  1590  1582
TBILIS 1967 03 24 1  1592  1576  1574  1594  1588  1582  1596  1588  1584  1580  1600  1586
TBILIS 1967 03 24 2  1584  1580  1588  1586  1598  1592  1590  1576  1578  1564  1570  1566
TBILIS 1967 03 25 1  1570  1590  1596  1574  1574  1580  1580  1588  1588  1600  1590  1596
TBILIS 1967 03 25 2  1610  1590  1594  1580  1592  1576  1590  1570  1592  1584  1580  1580
TBILIS 1967 03 26 1  1578  1558  1550  1540  1564  1570  1592  1610  1596  1608  1594  1604
TBILIS 1967 03 26 2  1600  1598  1592  1592  1610  1606  1586  1600  1580  1594  1596  1598
TBILIS 1967 03 27 1  1598  1560  1580  1588  1620  1618  1592  1606  1594  1600  1606  1590
TBILIS 1967 03 27 2  1584  1600  1598  1590  1580  1580  1572  1566  1552  1558  1576  1562
TBILIS 1967 03 28 1  1576  1580  1562  1602  1552  1556  1590  1580  1580  1580  1590  1564
TBILIS 1967 03 28 2  1574  1588  1596  1580  1564  1588  1570  1578  1566  1578  1588 99999
TBILIS 1967 03 29 1 99999 99999 99999 99999 99999 99999  1592  1604  1584  1578  1606  1606
TBILIS 1967 03 29 2  1604  1598  1588  1590  1566  1600  1582  1594  1588  1588  1580  1570
TBILIS 1967 03 30 1  1574  1572  1572  1578  1588  1576  1578  1596  1602  1600  1586  1584
TBILIS 1967 03 30 2  1588  1592  1610  1592  1600  1588  1586  1582  1606  1590  1610  1602
TBILIS 1967 03 31 1  1576  1610  1596  1600  1580 99999  1606  1586  1600  1600  1590  1584
TBILIS 1967 03 31 2  1586  1598  1590  1598  1588  1588  1596  1610  1578  1604  1584  1588
Cosmic-Ray Neutron Monitor Data (Hourly, Pressure-Corrected and Scale-Adjusted Counts)
Collections: WDC for Cosmic Rays, Solar-Terrestrial Environment Laboratory, Nagoya Univ.
Data Access: http://center.stelab.nagoya-u.ac.jp/WDCCR/index.html
Project: ICSU WDC
Citation: WDC for Cosmic Rays, Solar-Terrestrial Environment Laboratory, Nagoya University
Station ID: TBILIS
Station:  TBILISI,GIORGIA,INSTITUT GEOPHYSIKY (IG), GIORGIAN ACADEMY OF SCIENCES,GIORGIA 
Instrument: IGY NEUTRON MONITOR, CORRECTED FOR PRESSURE TO 950.0 MB, COEF. =                
Latitude (deg.):   41.72  Longitude (deg.):   44.80  Altitude (m):  510.00
Cut-Off Rigidity (GV):    6.91
Year: 1967  Month:   4
Scaling Factor (SF):    10.0   Constant (CONST):     0.0  Real Counts = (DATA + CONST)*SF
Temporal Resolution: 1 hour
UTC Start Hour:     0.0
                                                                                
                                                        
Monthly Average:  1580.5
Updated (YYYY MM DD): 2000 00 00
*******************************************************************************************
ID     YYYY MM DD 1     0     1     2     3     4     5     6     7     8     9    10    11
ID     YYYY MM DD 2    12    13    14    15    16    17    18    19    20    21    22    23
*******************************************************************************************
TBILIS 1967 04 01 1  1588  1580  1588  1570  1588  1576  1584  1572  1562  1572  1566  1586
TBILIS 1967 04 01 2  1588  1582  1580  1584  1580  1598  1592  1604  1608  1588  1610  1590
TBILIS 1967 04 02 1  1600  1598  1600  1576  1572  1586  1558  1568  1588  1586  1566  1588
TBILIS 1967 04 02 2  1572  1574  1572  1590  1580  1576  1566  1576  1570  1570  1568  1562
TBILIS 1967 04 03 1  1572  1578  1558  1552  1568  1556  1542  1582  1564  1574  1574  1562
TBILIS 1967 04 03 2  1588  1548  1578  1566  1574  1572  1570  1568  1580  1576  1562  1560
TBILIS 1967 04 04 1  1566  1560  1560  1556  1558  1558  1538  1552  1548  1554  1540  1550
TBILIS 1967 04 04 2  1540  1538  1556  1564  1544  1562  1572  1556  1566  1532  1544  1542
TBILIS 1967 04 05 1  1540  1534  1548  1550  1540  1546  1546  1556  1554  1554  1566  1546
TBILIS 1967 04 05 2  1552  1566  1562  1564  1560  1588  1574  1560  1564  1546  1556  1548
TBILIS 1967 04 06 1  1526  1550  1530  1534  1552  1552  1562  1576  1568  1562  1582  1564
TBILIS 1967 04 06 2  1570  1570  1570  1590  1576  1580  1574  1582  1560  1564  1542  1558
TBILIS 1967 04 07 1  1570  1544  1556  1556  1560  1560  1590  1578  1580  1570  1570  1548
TBILIS 1967 04 07 2  1566  1566  1562  1562  1564  1566  1566  1562  1568  1558  1570  1580
TBILIS 1967 04 08 1  1552  1572  1558  1588  1582  1568  1558  1578  1592  1588  1572  1572
TBILIS 1967 04 08 2  1574  1600  1588  1606  1604  1572  1600  1584  1574  1572  1582  1590
TBILIS 1967 04 09 1  1570  1582  1576  1584  1596  1594  1610  1596  1592  1592  1604  1610
TBILIS 1967 04 09 2  1604  1596  1610  1594  1600  1586  1588  1606  1574  1580  1598  1586
TBILIS 1967 04 10 1  1610  1596  1602  1594  1604  1616  1580  1598  1584  1628  1610  1610
TBILIS 1967 04 10 2  1608  1612  1612  1604  1594  1596  1604  1608  1600  1610  1604  1608
TBILIS 1967 04 11 1  1600  1598  1594  1588  1582  1596  1620  1600  1600  1606  1604  1630
TBILIS 1967 04 11 2  1626  1614  1602  1624  1608  1602  1588  1602  1596  1600  1592  1620
TBILIS 1967 04 12 1  1604  1598  1572  1604  1600  1584  1610  1616  1618  1638  1630  1634
TBILIS 1967 04 12 2  1600  1614  1626  1620  1618  1618  1612  1610  1626  1604  1614  1594
TBILIS 1967 04 13 1  1604  1604  1610  1586  1614  1634  1602  1604  1616  1634 99999 99999
TBILIS 1967 04 13 2  1630  1628  1606  1610  1620  1618  1604  1632  1608  1582  1584  1608
TBILIS 1967 04 14 1  1584  1566  1602  1616  1610  1634 99999 99999 99999  1608  1616  1602
TBILIS 1967 04 14 2  1596  1598  1600  1580  1578  1588  1576  1558  1588  1574  1588  1574
TBILIS 1967 04 15 1  1596  1578  1614  1616  1614  1606  1632  1604  1610  1608  1592  1600
TBILIS 1967 04 15 2 99999 99999 99999 99999  1584  1582  1574  1598  1600  1592  1588  1574
TBILIS 1967 04 16 1  1576  1562  1554  1570  1582  1588  1580  1580  1574  1572  1570  1560
TBILIS 1967 04 16 2 99999 99999 99999 99999  1552  1558  1586  1590  1572  1574  1558  1576
TBILIS 1967 04 17 1  1570 99999  1568  1566  1590  1574  1580  1576  1566  1596  1594  1566
TBILIS 1967 04 17 2  1566  1580  1582  1580  1590  1568  1566  1566  1564  1584  1578  1562
TBILIS 1967 04 18 1  1576  1560  1586  1570  1572  1580  1566  1580  1572  1580  1566  1584
TBILIS 1967 04 18 2  1588  1600  1578  1592  1592  1604  1582  1582  1580  1584  1578  1576
TBILIS 1967 04 19 1  1578 99999 99999 99999 99999  1600  1578  1568  1590  1572  1580  1598
TBILIS 1967 04 19 2  1598  1574  1580  1564  1562  1576  1570  1588  1586  1586  1574  1572
TBILIS 1967 04 20 1  1592  1590  1562  1552  1576  1566  1552  1570  1588  1588  1560  1564
TBILIS 1967 04 20 2  1578  1568  1566  1572  1568  1588  1566  1580  1572  1570  1564  1552
TBILIS 1967 04 21 1  1574  1578  1566  1588  1552  1552  1566  1600  1574  1598  1580  1588
TBILIS 1967 04 21 2  1586  1586  1588  1600  1600  1610  1630  1630  1584  1598  1578  1580
TBILIS 1967 04 22 1  1586  1584  1572  1572  1592  1598  1614  1622  1610  1592  1578  1590
TBILIS 1967 04 22 2  1582  1570  1588  1586  1592  1580  1588  1574  1574  1570  1556  1592
TBILIS 1967 04 23 1  1570  1580  1588  1604  1552  1566  1570  1574  1580  1570  1566  1550
TBILIS 1967 04 23 2  1566  1570  1564  1578  1566  1586  1580  1568  1572  1564  1566  1566
TBILIS 1967 04 24 1  1576  1558  1566  1580  1562  1566  1570  1582  1576  1590  1590  1604
TBILIS 1967 04 24 2  1594  1588  1602  1564 99999 99999  1574  1566  1568  1574  1576  1570
TBILIS 1967 04 25 1  1558  1592  1580  1582  1556  1564  1580  1572  1586  1596  1604  1588
TBILIS 1967 04 25 2  1594  1598  1582  1568  1584  1584  1570  1586  1576  1568  1572  1570
TBILIS 1967 04 26 1  1578  1570  1578  1588  1590  1580  1588  1600  1588  1580  1602  1584
TBILIS 1967 04 26 2  1580  1598  1586  1586  1598  1600  1592  1580  1580  1590  1570  1598
TBILIS 1967 04 27 1  1590  1572  1566  1566  1588  1570  1586  1584  1600  1590  1570  1572
TBILIS 1967 04 27 2  1578  1588  1578  1580  1570  1586  1570  1580  1574  1586  1568  1572
TBILIS 1967 04 28 1  1560  1550  1566  1582  1600  1584  1570  1580  1580  1582  1588  1570
TBILIS 1967 04 28 2  1572  1574  1590  1584  1550  1562  1586  1582  1572  1580  1566  1596
TBILIS 1967 04 29 1  1586  1576  1596  1570  1600  1572  1600  1588  1574  1584  1570  1568
TBILIS 1967 04 29 2  1570  1578  1570  1558  1582  1560  1560  1570  1570  1570  1550  1564
TBILIS 1967 04 30 1  1568  1550  1552  1562  1572  1570  1576  1570  1580  1572  1568  1586
TBILIS 1967 04 30 2  1580  1586  1554  1546  1588  1564  1558  1560  1564  1550  1566  1562
TBILIS 1967 04 31 1 99999 99999 99999 99999 99999 99999 99999 99999 99999 99999 99999 99999
TBILIS 1967 04 31 2 99999 99999 99999 99999 99999 99999 99999 99999 99999 99999 99999 99999
Cosmic-Ray Neutron Monitor Data (Hourly, Pressure-Corrected and Scale-Adjusted Counts)
Collections: WDC for Cosmic Rays, Solar-Terrestrial Environment Laboratory, Nagoya Univ.
Data Access: http://center.stelab.nagoya-u.ac.jp/WDCCR/index.html
Project: ICSU WDC
Citation: WDC for Cosmic Rays, Solar-Terrestrial Environment Laboratory, Nagoya University
Station ID: TBILIS
Station:  TBILISI,GIORGIA,INSTITUT GEOPHYSIKY (IG), GIORGIAN ACADEMY OF SCIENCES,GIORGIA 
Instrument: IGY NEUTRON MONITOR, CORRECTED FOR PRESSURE TO 950.0 MB, COEF. =                
Latitude (deg.):   41.72  Longitude (deg.):   44.80  Altitude (m):  510.00
Cut-Off Rigidity (GV):    6.91
Year: 1967  Month:   5
Scaling Factor (SF):    10.0   Constant (CONST):     0.0  Real Counts = (DATA + CONST)*SF
Temporal Resolution: 1 hour
UTC Start Hour:     0.0
                                                                                
                                                        
Monthly Average:  1574.7
Updated (YYYY MM DD): 2000 00 00
*******************************************************************************************
ID     YYYY MM DD 1     0     1     2     3     4     5     6     7     8     9    10    11
ID     YYYY MM DD 2    12    13    14    15    16    17    18    19    20    21    22    23
*******************************************************************************************
TBILIS 1967 05 01 1  1575  1563  1568  1564  1564  1575  1576  1583  1593  1604  1576  1580
TBILIS 1967 05 01 2  1575  1559  1588  1590  1536  1570  1579  1539  1568  1544  1548  1550
TBILIS 1967 05 02 1  1544  1550  1554  1556  1537  1573  1574  1545  1572  1562  1564  1560
TBILIS 1967 05 02 2  1562  1576  1522  1524  1509  1526  1507  1545  1558  1521  1531  1541
TBILIS 1967 05 03 1  1529  1563  1559  1585  1560  1596  1580  1558  1559  1590  1564  1590
TBILIS 1967 05 03 2  1568  1571  1573  1588  1617  1574  1558  1574  1539  1574  1578  1581
TBILIS 1967 05 04 1  1556  1572  1566  1562  1565  1565  1548  1571  1564  1565  1604  1578
TBILIS 1967 05 04 2  1580  1565  1573  1559  1543  1549  1564  1575  1562  1554  1573  1571
TBILIS 1967 05 05 1  1561  1577  1582  1569  1590  1588  1560  1572  1598  1602  1585  1603
TBILIS 1967 05 05 2  1586  1587  1563  1577  1562  1565  1573  1559  1547  1565  1571  1568
TBILIS 1967 05 06 1  1545  1571  1568  1581  1556 99999  1584  1584  1568 99999 99999 99999
TBILIS 1967 05 06 2 99999  1568  1566  1559  1584  1552  1543  1574  1573  1542  1576  1553
TBILIS 1967 05 07 1  1550  1565  1570  1540  1547  1576  1592  1558  1542  1558  1575  1546
TBILIS 1967 05 07 2  1577  1553  1557  1563  1557  1552  1567  1533  1557  1550  1554  1566
TBILIS 1967 05 08 1  1550  1539  1563  1536  1540  1524  1585  1591  1535  1566  1569  1558
TBILIS 1967 05 08 2  1562  1565  1564  1563  1552  1577  1556  1549  1540  1568  1548  1560
TBILIS 1967 05 09 1  1560  1551  1460  1451  1475  1471  1460  1469  1424  1419  1495  1504
TBILIS 1967 05 09 2  1534  1553  1547  1541  1554  1552  1555  1538  1541  1563  1548  1556
TBILIS 1967 05 10 1  1562  1543  1512  1547  1572  1554  1510  1515  1524  1553  1538  1555
TBILIS 1967 05 10 2  1550  1545  1538  1542  1560  1552  1556  1564  1543  1526  1571  1561
TBILIS 1967 05 11 1  1559  1573  1556  1564  1586  1554  1565  1558  1571  1558  1575  1541
TBILIS 1967 05 11 2  1564  1555  1575  1565  1535  1544  1573  1536  1558  1545  1563  1555
TBILIS 1967 05 12 1  1549  1555  1541  1584  1566  1558  1560  1593  1564  1563  1558  1566
TBILIS 1967 05 12 2  1541  1565  1569  1548  1570  1602  1599  1567  1545  1557  1554  1555
TBILIS 1967 05 13 1  1551  1560  1585  1596  1556  1570  1568  1560  1575  1575  1590  1612
TBILIS 1967 05 13 2  1597  1598 99999 99999 99999 99999  1587  1558  1575  1566  1561  1582
TBILIS 1967 05 14 1  1559  1575  1588  1583  1581  1584  1572  1588 99999 99999  1577  1568
TBILIS 1967 05 14 2  1578  1592  1552  1549  1547  1574  1572  1580  1586  1587  1584  1584
TBILIS 1967 05 15 1  1587  1566  1596  1589  1569  1603  1563  1601  1592  1589  1588  1593
TBILIS 1967 05 15 2  1544  1559  1541  1543  1538  1573  1557  1586  1589  1577  1607  1580
TBILIS 1967 05 16 1  1584  1591  1566  1568  1573  1602  1614  1586  1573  1616  1588  1588
TBILIS 1967 05 16 2  1580  1576  1586  1577  1583  1577  1560  1593  1560  1574  1571  1554
TBILIS 1967 05 17 1  1577  1597  1596  1570  1585  1588  1590  1590  1559  1629  1592  1581
TBILIS 1967 05 17 2  1571  1560  1580  1578  1587  1597  1612  1616  1606  1580  1597  1625
TBILIS 1967 05 18 1  1583  1594  1592  1582  1595  1601  1574  1544  1543  1574  1598  1614
TBILIS 1967 05 18 2  1583  1617  1597  1588  1588  1558  1583  1588  1590  1581  1612  1597
TBILIS 1967 05 19 1  1594  1598  1598  1593  1602  1579  1586  1603  1600  1586  1595  1600
TBILIS 1967 05 19 2  1585  1592  1607  1608  1582  1588  1592  1595  1592  1598  1608  1590
TBILIS 1967 05 20 1 99999 99999 99999 99999 99999  1584  1604  1600  1599  1618  1606  1590
TBILIS 1967 05 20 2  1596  1594  1603  1610  1613  1593  1591  1576  1603  1610  1592  1576
TBILIS 1967 05 21 1  1597  1594  1604  1591  1609  1625  1594  1586  1604  1598  1610  1611
TBILIS 1967 05 21 2  1599  1602  1585  1613  1599  1603  1599  1580  1587  1583  1602  1577
TBILIS 1967 05 22 1  1594  1583  1583  1599  1582  1608  1609  1590  1612  1610  1590  1593
TBILIS 1967 05 22 2  1612  1613  1602  1601  1600  1595  1581  1603  1600  1572  1586  1580
TBILIS 1967 05 23 1  1602  1614  1586  1590  1583  1598  1598  1601  1613  1598  1600  1605
TBILIS 1967 05 23 2  1594  1596  1597  1607  1614  1598  1621  1626  1594  1584  1582  1590
TBILIS 1967 05 24 1  1624  1626  1614  1634  1595  1607  1603  1587  1597  1600  1583  1608
TBILIS 1967 05 24 2  1612  1615  1593  1616  1603  1578  1599  1594  1592  1592  1569  1581
TBILIS 1967 05 25 1  1581  1600  1594  1580  1581  1616  1594  1597  1590  1588  1604  1600
TBILIS 1967 05 25 2  1594  1588  1598  1579  1578  1558  1550  1556  1546  1531  1581  1582
TBILIS 1967 05 26 1  1589  1593  1583  1608  1585  1594  1589  1608  1580  1601  1578  1577
TBILIS 1967 05 26 2  1539  1540  1534  1539 99999 99999  1531  1531  1506  1508  1531  1532
TBILIS 1967 05 27 1  1548  1549  1563  1566  1564  1548  1543  1594  1591  1575  1586  1591
TBILIS 1967 05 27 2  1582  1566  1583  1603  1577  1585  1580  1599  1603  1593  1575  1589
TBILIS 1967 05 28 1  1579  1581  1594  1600  1560  1580  1593  1585 99999 99999 99999 99999
TBILIS 1967 05 28 2 99999 99999 99999 99999 99999 99999  1581  1590  1621  1629  1612  1623
TBILIS 1967 05 29 1  1613  1618  1613  1625  1595  1602  1610  1599  1577 99999 99999  1596
TBILIS 1967 05 29 2  1596  1610  1568  1577  1586  1559  1550  1557  1581  1554  1592  1590
TBILIS 1967 05 30 1  1601  1587  1596  1568  1588  1570  1585  1604  1584  1573  1576  1569
TBILIS 1967 05 30 2  1555  1561  1584  1560  1573  1572  1580  1586  1596  1586  1599  1563
TBILIS 1967 05 31 1  1580  1600  1580  1570  1582  1573  1589  1597  1583  1608  1597  1568
TBILIS 1967 05 31 2  1571  1593  1558  1572  1586  1576  1554  1562  1558  1557  1586  1574
Cosmic-Ray Neutron Monitor Data (Hourly, Pressure-Corrected and Scale-Adjusted Counts)
Collections: WDC for Cosmic Rays, Solar-Terrestrial Environment Laboratory, Nagoya Univ.
Data Access: http://center.stelab.nagoya-u.ac.jp/WDCCR/index.html
Project: ICSU WDC
Citation: WDC for Cosmic Rays, Solar-Terrestrial Environment Laboratory, Nagoya University
Station ID: TBILIS
Station:  TBILISI,GIORGIA,INSTITUT GEOPHYSIKY (IG), GIORGIAN ACADEMY OF SCIENCES,GIORGIA 
Instrument: IGY NEUTRON MONITOR, CORRECTED FOR PRESSURE TO 950.0 MB, COEF. =                
Latitude (deg.):   41.72  Longitude (deg.):   44.80  Altitude (m):  510.00
Cut-Off Rigidity (GV):    6.91
Year: 1967  Month:   6
Scaling Factor (SF):    10.0   Constant (CONST):     0.0  Real Counts = (DATA + CONST)*SF
Temporal Resolution: 1 hour
UTC Start Hour:     0.0
                                                                                
                                                        
Monthly Average:  1590.8
Updated (YYYY MM DD): 2000 00 00
*******************************************************************************************
ID     YYYY MM DD 1     0     1     2     3     4     5     6     7     8     9    10    11
ID     YYYY MM DD 2    12    13    14    15    16    17    18    19    20    21    22    23
*******************************************************************************************
TBILIS 1967 06 01 1  1577  1583  1575  1585  1582  1578  1578  1605  1576  1562  1560  1588
TBILIS 1967 06 01 2  1577  1561  1587  1574  1546  1561  1566  1556  1562  1576  1573  1567
TBILIS 1967 06 02 1  1581  1563  1557  1574  1549  1569  1571  1583  1591  1563  1598  1587
TBILIS 1967 06 02 2  1581  1560  1590  1582  1566  1547  1570  1567  1580  1586  1605  1572
TBILIS 1967 06 03 1  1579  1588  1574  1579  1590  1601  1597  1602  1595  1596  1621  1588
TBILIS 1967 06 03 2 99999 99999 99999 99999  1573  1571  1563  1589 99999 99999 99999 99999
TBILIS 1967 06 04 1 99999 99999 99999 99999  1584  1591 99999 99999  1574  1583  1582  1573
TBILIS 1967 06 04 2  1591  1603  1600  1604  1594  1611  1622  1614  1618  1579  1603  1590
TBILIS 1967 06 05 1 99999 99999 99999 99999 99999 99999  1585  1577  1579  1590  1567  1570
TBILIS 1967 06 05 2  1583  1594  1586  1600  1607  1589  1580  1595  1585  1584  1594  1617
TBILIS 1967 06 06 1  1590  1601  1582  1596  1603  1599  1568  1569  1590  1590  1581  1566
TBILIS 1967 06 06 2  1559  1571  1592  1553  1591  1599  1584  1587  1574  1564  1546  1554
TBILIS 1967 06 07 1  1569  1565  1544  1564  1558  1547  1559  1550  1569  1572  1600  1583
TBILIS 1967 06 07 2  1576  1594  1557  1579  1572  1577  1574  1557  1597  1575  1548  1561
TBILIS 1967 06 08 1  1564  1561  1569  1555  1572  1572  1572  1586  1567  1564  1586  1579
TBILIS 1967 06 08 2  1584  1577  1564  1581  1588  1575  1591  1575  1570  1580  1580  1570
TBILIS 1967 06 09 1  1564  1577  1563  1581  1572  1563  1561  1600  1585  1580  1598  1579
TBILIS 1967 06 09 2  1582  1590  1577  1599  1543  1549  1574  1576  1586  1582  1588  1576
TBILIS 1967 06 10 1  1568  1564  1569  1559  1566  1551  1599  1566  1571  1586  1572  1578
TBILIS 1967 06 10 2  1586  1579  1577  1588  1588  1580  1569  1584  1587  1566  1584  1592
TBILIS 1967 06 11 1  1604  1608  1609  1613  1599  1604  1607  1611  1597  1605  1612  1616
TBILIS 1967 06 11 2  1612  1608  1599  1612  1614  1619  1603  1634  1625  1596  1607  1601
TBILIS 1967 06 12 1  1615  1604  1620  1630  1612  1624  1629  1630  1628  1601  1591  1605
TBILIS 1967 06 12 2  1625  1606  1608  1613  1620  1630  1616  1569  1572  1552  1579  1591
TBILIS 1967 06 13 1  1597  1620  1597  1618  1614  1606  1631  1604  1599  1613  1597  1697
TBILIS 1967 06 13 2  1565  1568  1589  1600  1596  1598  1608  1594  1618  1625  1613  1597
TBILIS 1967 06 14 1  1600  1599  1613  1602  1609  1647  1653  1644  1632  1619  1610  1608
TBILIS 1967 06 14 2  1599  1616  1616  1608  1613  1617  1616  1608  1604  1584  1597  1603
TBILIS 1967 06 15 1  1607  1585  1569  1575  1588  1583  1593  1605  1603  1593  1619  1592
TBILIS 1967 06 15 2  1615  1602  1605  1594  1602  1596  1585  1599  1608  1587  1593  1604
TBILIS 1967 06 16 1  1600  1619  1605  1583  1574  1580  1584  1578  1579  1562  1571  1587
TBILIS 1967 06 16 2  1576  1573  1597  1579  1589  1604  1603  1605  1604  1598  1579  1580
TBILIS 1967 06 17 1  1613  1616  1602  1586  1600  1591  1602  1595  1626  1597  1588  1594
TBILIS 1967 06 17 2  1597  1585  1601  1606  1598  1621  1596  1602  1583  1617  1641  1602
TBILIS 1967 06 18 1  1596  1613  1609  1633  1599  1622  1593  1591  1601  1592  1601  1600
TBILIS 1967 06 18 2  1596  1613  1620  1626 99999 99999 99999 99999 99999 99999 99999 99999
TBILIS 1967 06 19 1 99999 99999 99999 99999 99999 99999 99999 99999  1614  1616  1619  1612
TBILIS 1967 06 19 2  1622  1621  1604  1603  1608  1591  1626  1628  1611  1603  1619  1620
TBILIS 1967 06 20 1  1595  1612  1600  1600  1612  1626  1635  1610  1599  1617  1634  1619
TBILIS 1967 06 20 2  1609  1594  1603  1607  1602  1631  1616  1610  1594  1584  1587  1598
TBILIS 1967 06 21 1  1599  1608  1602  1619  1608  1611  1602  1604  1611  1593  1599  1608
TBILIS 1967 06 21 2  1592  1626  1623  1613  1607  1606  1593  1588  1590  1595  1609  1583
TBILIS 1967 06 22 1  1577  1576  1568  1564  1577  1566  1589  1586  1579  1599  1596  1606
TBILIS 1967 06 22 2  1602  1573  1569  1584  1579  1600  1592  1611  1596  1593  1580  1596
TBILIS 1967 06 23 1  1605  1601  1584  1604  1598  1604  1600  1614  1609  1593  1593  1608
TBILIS 1967 06 23 2  1595  1609  1596  1602  1595  1613  1600  1590  1614  1585  1592  1614
TBILIS 1967 06 24 1  1587  1605  1598  1606  1606  1581  1597  1594  1629  1619  1628  1616
TBILIS 1967 06 24 2  1621  1637  1608  1610  1616  1611  1587  1588  1612  1603  1603  1608
TBILIS 1967 06 25 1  1594  1604  1610  1608  1607  1614  1602  1592  1623  1606  1615  1610
TBILIS 1967 06 25 2  1612  1630  1590  1580  1568  1588  1580  1572  1604  1590  1607  1606
TBILIS 1967 06 26 1  1608  1596  1588  1586  1579  1585  1591  1580  1588  1602  1592  1594
TBILIS 1967 06 26 2  1600  1574  1595  1591  1608  1604  1592  1600  1602  1626  1636  1630
TBILIS 1967 06 27 1  1624  1614  1600  1611  1587  1592 99999 99999  1598  1599  1611  1614
TBILIS 1967 06 27 2  1592  1571  1598  1583  1556  1556  1550  1572  1577  1564  1566  1573
TBILIS 1967 06 28 1  1568  1566  1573  1566  1565  1552  1556  1553  1570  1571  1567  1582
TBILIS 1967 06 28 2  1562  1582  1563  1580  1559  1574  1567  1570  1590  1572  1594  1578
TBILIS 1967 06 29 1  1568  1583  1583  1564  1579  1565  1565  1581  1591  1581  1557  1561
TBILIS 1967 06 29 2  1565  1561  1568  1562  1564  1565  1572  1575  1581  1570  1585  1568
TBILIS 1967 06 30 1  1572  1581  1574  1570  1554  1572  1565  1560  1555  1568  1569  1574
TBILIS 1967 06 30 2  1552  1556  1552  1567  1553  1579  1566  1579  1574  1571  1582  1581
TBILIS 1967 06 31 1 99999 99999 99999 99999 99999 99999 99999 99999 99999 99999 99999 99999
TBILIS 1967 06 31 2 99999 99999 99999 99999 99999 99999 99999 99999 99999 99999 99999 99999
Cosmic-Ray Neutron Monitor Data (Hourly, Pressure-Corrected and Scale-Adjusted Counts)
Collections: WDC for Cosmic Rays, Solar-Terrestrial Environment Laboratory, Nagoya Univ.
Data Access: http://center.stelab.nagoya-u.ac.jp/WDCCR/index.html
Project: ICSU WDC
Citation: WDC for Cosmic Rays, Solar-Terrestrial Environment Laboratory, Nagoya University
Station ID: TBILIS
Station:  TBILISI,GIORGIA,INSTITUT GEOPHYSIKY (IG), GIORGIAN ACADEMY OF SCIENCES,GIORGIA 
Instrument: IGY NEUTRON MONITOR, CORRECTED FOR PRESSURE TO 950.0 MB, COEF. =                
Latitude (deg.):   41.72  Longitude (deg.):   44.80  Altitude (m):  510.00
Cut-Off Rigidity (GV):    6.91
Year: 1967  Month:   7
Scaling Factor (SF):    10.0   Constant (CONST):     0.0  Real Counts = (DATA + CONST)*SF
Temporal Resolution: 1 hour
UTC Start Hour:     0.0
                                                                                
                                                        
Monthly Average:  1598.8
Updated (YYYY MM DD): 2000 00 00
*******************************************************************************************
ID     YYYY MM DD 1     0     1     2     3     4     5     6     7     8     9    10    11
ID     YYYY MM DD 2    12    13    14    15    16    17    18    19    20    21    22    23
*******************************************************************************************
TBILIS 1967 07 01 1  1562  1573  1566  1572  1571  1602  1608  1579  1579  1583  1565  1558
TBILIS 1967 07 01 2  1547  1564  1566  1542  1569  1545  1574  1560  1567  1576  1579  1578
TBILIS 1967 07 02 1  1577  1581  1583  1573  1590  1572  1583  1572  1572  1582  1605  1571
TBILIS 1967 07 02 2  1584  1557  1578  1578  1573  1578  1597  1583  1601  1598  1598  1607
TBILIS 1967 07 03 1  1588  1619  1595  1604  1585  1604  1592  1573  1580  1576  1573  1565
TBILIS 1967 07 03 2  1587  1565  1582  1574  1582  1587  1587  1604  1613  1608  1606  1621
TBILIS 1967 07 04 1  1616  1604  1600  1608  1597  1587  1588  1582  1592  1569  1606  1599
TBILIS 1967 07 04 2  1572  1569  1576  1594  1591  1598  1601  1614  1595  1585  1596  1610
TBILIS 1967 07 05 1  1608  1602  1594  1611  1586  1597  1597  1604  1612  1616  1604  1627
TBILIS 1967 07 05 2  1609  1620  1608  1601  1605  1599  1579  1569  1608  1594  1622  1615
TBILIS 1967 07 06 1  1595  1603  1586  1592  1596  1600  1580  1595  1587  1613  1608  1595
TBILIS 1967 07 06 2  1594  1585  1605  1575  1591  1579  1597  1585  1593  1593  1584  1576
TBILIS 1967 07 07 1  1599 99999 99999 99999  1590  1588  1592  1590  1587  1581  1587  1597
TBILIS 1967 07 07 2  1601  1595  1607  1582  1600  1598  1602  1608  1598  1602  1609  1585
TBILIS 1967 07 08 1  1602  1591  1604  1606  1595  1620  1604  1591  1634  1625  1604  1592
TBILIS 1967 07 08 2  1595  1577  1556  1592  1568  1579  1575  1595  1614  1601  1601  1608
TBILIS 1967 07 09 1  1596  1594  1609  1606  1589  1598  1606  1596  1594  1602  1617  1620
TBILIS 1967 07 09 2  1612  1620  1587  1594  1593  1603  1599  1612  1602  1626  1602  1611
TBILIS 1967 07 10 1  1614  1597  1612  1604 99999 99999  1606  1603  1608  1592  1613  1586
TBILIS 1967 07 10 2  1593  1592  1560  1580  1584  1610  1590  1586  1590  1597  1587  1591
TBILIS 1967 07 11 1  1594  1585  1585  1602 99999 99999  1604  1611  1604  1613  1602  1600
TBILIS 1967 07 11 2  1584  1582  1592  1593  1571  1602  1587  1602  1580  1570  1586  1579
TBILIS 1967 07 12 1  1562  1599  1594  1569  1583  1578  1580  1590  1593  1593  1584  1590
TBILIS 1967 07 12 2  1597  1583  1580  1595 99999 99999 99999 99999 99999 99999 99999 99999
TBILIS 1967 07 13 1 99999 99999 99999 99999 99999 99999 99999 99999 99999 99999 99999 99999
TBILIS 1967 07 13 2 99999 99999 99999 99999 99999 99999 99999 99999 99999 99999 99999 99999
TBILIS 1967 07 14 1 99999 99999 99999 99999 99999 99999 99999 99999 99999 99999 99999 99999
TBILIS 1967 07 14 2 99999 99999 99999 99999 99999 99999 99999 99999 99999 99999 99999 99999
TBILIS 1967 07 15 1 99999 99999 99999 99999 99999 99999 99999 99999 99999 99999 99999 99999
TBILIS 1967 07 15 2 99999 99999 99999 99999 99999 99999 99999 99999 99999 99999 99999 99999
TBILIS 1967 07 16 1 99999 99999 99999 99999 99999 99999 99999 99999 99999 99999 99999 99999
TBILIS 1967 07 16 2 99999 99999 99999 99999 99999 99999 99999 99999 99999 99999 99999 99999
TBILIS 1967 07 17 1 99999 99999 99999 99999 99999 99999 99999 99999 99999 99999 99999 99999
TBILIS 1967 07 17 2 99999 99999 99999 99999 99999 99999 99999 99999 99999 99999 99999 99999
TBILIS 1967 07 18 1 99999  1599  1602  1600  1617  1624  1636  1644  1611  1616  1624  1626
TBILIS 1967 07 18 2  1628  1618  1610  1644  1641  1687 99999 99999 99999 99999 99999 99999
TBILIS 1967 07 19 1 99999 99999 99999 99999 99999 99999 99999 99999 99999 99999 99999 99999
TBILIS 1967 07 19 2 99999  1610  1619  1614  1617  1612  1616  1608  1602  1624  1626  1590
TBILIS 1967 07 20 1  1595  1620  1606  1618  1620  1594  1635  1626  1600  1594  1621  1617
TBILIS 1967 07 20 2  1636  1629  1626  1619  1646  1622  1660  1620  1631  1631  1634  1624
TBILIS 1967 07 21 1  1632  1614  1638  1638  1646  1646 99999 99999  1642  1640  1643  1631
TBILIS 1967 07 21 2  1652  1641  1658  1656  1684  1660  1654  1653  1660 99999 99999 99999
TBILIS 1967 07 22 1 99999 99999 99999 99999 99999 99999 99999 99999  1654  1641  1668  1658
TBILIS 1967 07 22 2  1641  1642  1659  1654  1656  1664  1649  1668  1654  1679  1645  1633
TBILIS 1967 07 23 1  1633  1659  1651  1634  1675  1627  1637  1615  1641  1619  1625  1634
TBILIS 1967 07 23 2  1620  1601  1620  1634  1640 99999 99999 99999 99999  1640  1620  1619
TBILIS 1967 07 24 1  1588  1602  1578  1592  1606  1598  1617  1617  1624  1608  1580  1578
TBILIS 1967 07 24 2  1593  1584  1600  1577  1583  1608  1589  1596  1584  1608  1589  1572
TBILIS 1967 07 25 1  1604  1589  1580  1614  1579  1579  1576  1604  1571  1612  1584  1572
TBILIS 1967 07 25 2  1576  1579  1599  1593  1595  1612  1598  1600  1602  1600  1596  1574
TBILIS 1967 07 26 1  1595  1601  1594  1578  1609  1580  1611  1593  1582  1585  1585  1587
TBILIS 1967 07 26 2  1597  1578  1552  1565  1576  1600  1579  1598  1578  1595  1582  1587
TBILIS 1967 07 27 1 99999 99999 99999  1582  1597  1583  1564  1594  1580  1602  1567  1556
TBILIS 1967 07 27 2  1550  1563  1594  1588  1593  1614  1594  1582  1616  1581  1588  1588
TBILIS 1967 07 28 1  1598  1584  1592  1601  1599  1588  1607  1622  1595  1604  1624  1622
TBILIS 1967 07 28 2  1607  1607  1620  1602  1609  1617  1592  1610  1591  1600  1593  1598
TBILIS 1967 07 29 1  1589  1594 99999 99999  1581  1590  1591  1594  1559  1587  1606  1590
TBILIS 1967 07 29 2  1594  1572  1579  1594  1564  1604  1614  1589  1567  1583  1571  1562
TBILIS 1967 07 30 1  1584  1551  1566  1571  1570 99999 99999  1576  1578  1602  1582  1585
TBILIS 1967 07 30 2  1564  1582  1582  1594  1597  1565  1585  1579  1602  1594  1590  1585
TBILIS 1967 07 31 1  1607  1561  1564  1571  1592  1603  1614  1602  1593  1592  1587  1580
TBILIS 1967 07 31 2  1582  1590  1575  1566 99999 99999  1564  1593  1595  1578  1578  1602
Cosmic-Ray Neutron Monitor Data (Hourly, Pressure-Corrected and Scale-Adjusted Counts)
Collections: WDC for Cosmic Rays, Solar-Terrestrial Environment Laboratory, Nagoya Univ.
Data Access: http://center.stelab.nagoya-u.ac.jp/WDCCR/index.html
Project: ICSU WDC
Citation: WDC for Cosmic Rays, Solar-Terrestrial Environment Laboratory, Nagoya University
Station ID: TBILIS
Station:  TBILISI,GIORGIA,INSTITUT GEOPHYSIKY (IG), GIORGIAN ACADEMY OF SCIENCES,GIORGIA 
Instrument: IGY NEUTRON MONITOR, CORRECTED FOR PRESSURE TO 950.0 MB, COEF. =                
Latitude (deg.):   41.72  Longitude (deg.):   44.80  Altitude (m):  510.00
Cut-Off Rigidity (GV):    6.91
Year: 1967  Month:   8
Scaling Factor (SF):    10.0   Constant (CONST):     0.0  Real Counts = (DATA + CONST)*SF
Temporal Resolution: 1 hour
UTC Start Hour:     0.0
                                                                                
                                                        
Monthly Average:  1572.1
Updated (YYYY MM DD): 2000 00 00
*******************************************************************************************
ID     YYYY MM DD 1     0     1     2     3     4     5     6     7     8     9    10    11
ID     YYYY MM DD 2    12    13    14    15    16    17    18    19    20    21    22    23
*******************************************************************************************
TBILIS 1967 08 01 1  1584  1597  1576  1573  1573  1592  1579  1582  1571  1569  1574  1603
TBILIS 1967 08 01 2  1595  1601  1587  1598  1610  1598  1602  1615  1603  1591  1615  1617
TBILIS 1967 08 02 1  1590  1594  1602  1593  1587  1583  1593  1588  1625  1614  1617  1595
TBILIS 1967 08 02 2  1614  1612  1609  1588  1590  1615  1601  1594  1604  1604  1578  1606
TBILIS 1967 08 03 1  1620  1602  1586  1597  1591  1614  1596  1596  1569  1576  1589  1590
TBILIS 1967 08 03 2  1570  1561  1559  1564  1550  1557  1564  1576  1566  1557  1553  1566
TBILIS 1967 08 04 1  1552  1561  1577  1559  1574  1597  1594  1583  1609  1590  1569  1571
TBILIS 1967 08 04 2  1596  1557  1567  1572  1607  1596  1558  1574  1589  1576  1582  1579
TBILIS 1967 08 05 1  1561  1572  1550  1577  1585  1571  1599  1601  1602  1589  1584  1589
TBILIS 1967 08 05 2  1603  1572  1581  1572  1598  1592  1604  1583  1594  1594  1589  1596
TBILIS 1967 08 06 1  1592  1590  1587  1583  1584  1610  1602  1604  1600  1582  1568  1557
TBILIS 1967 08 06 2  1556  1573  1556  1553  1564  1558  1556  1568  1564  1572  1564  1562
TBILIS 1967 08 07 1  1572  1580  1551  1565  1571  1566  1566  1571  1569  1585  1568  1580
TBILIS 1967 08 07 2  1559  1566  1568  1576  1539  1560  1558  1573  1555  1562  1577  1564
TBILIS 1967 08 08 1  1564  1581  1555  1550  1567  1568  1596  1571  1581  1583  1559  1569
TBILIS 1967 08 08 2  1591  1581  1578  1574  1554  1580  1550  1571  1549  1559  1575  1578
TBILIS 1967 08 09 1  1570  1558  1552  1555  1567  1576  1575  1560  1582  1556  1566  1587
TBILIS 1967 08 09 2  1578  1571  1566  1565  1561  1563  1546  1552  1549  1563  1576  1543
TBILIS 1967 08 10 1  1557  1576  1575  1551  1576  1568  1580  1591  1565 99999 99999 99999
TBILIS 1967 08 10 2 99999  1574  1576  1587  1547  1572  1545  1543  1573  1561  1568  1559
TBILIS 1967 08 11 1  1547  1554  1548  1557  1590  1575  1567  1577  1574  1552  1573  1555
TBILIS 1967 08 11 2  1565  1562  1554  1561  1563  1566  1565  1561  1547  1557  1561  1552
TBILIS 1967 08 12 1  1586  1588  1576  1575  1580  1580  1587  1588  1575  1566  1593  1560
TBILIS 1967 08 12 2  1557  1572  1566  1566  1555  1551  1535  1559  1552  1547  1576  1593
TBILIS 1967 08 13 1  1581  1572  1561  1565  1574  1577  1577  1587  1572  1568  1562  1564
TBILIS 1967 08 13 2  1586  1580  1573  1568  1559  1585  1602  1577  1567  1569  1575  1585
TBILIS 1967 08 14 1  1575  1556  1564  1558  1545  1558  1572  1574  1584  1599  1580  1577
TBILIS 1967 08 14 2  1586  1583  1580  1581  1582  1589  1581  1571  1584  1589  1556  1569
TBILIS 1967 08 15 1  1576  1561  1568  1573  1582  1575  1587  1604  1610  1575  1586  1599
TBILIS 1967 08 15 2  1584  1575  1576  1574  1566  1574  1560  1560  1587  1569  1586  1574
TBILIS 1967 08 16 1  1590  1579  1564  1578  1585  1576  1568  1592  1599  1572  1575  1585
TBILIS 1967 08 16 2  1564  1575  1591  1569  1585  1571  1578  1588  1578  1578  1571  1577
TBILIS 1967 08 17 1  1568  1573  1563  1557  1573  1584  1587  1583  1579  1561  1582  1590
TBILIS 1967 08 17 2  1571  1598  1585  1567  1575  1573  1550  1583  1553  1574  1550  1544
TBILIS 1967 08 18 1  1549  1556  1559  1557  1579  1575  1550  1580  1577  1549  1560  1574
TBILIS 1967 08 18 2  1567  1556  1569  1573  1554  1578  1565  1552  1557  1560  1570  1569
TBILIS 1967 08 19 1  1559  1563  1564  1562  1559  1564  1553  1571  1578  1560  1552  1573
TBILIS 1967 08 19 2  1580  1563  1562  1550  1574  1569  1564  1568  1564  1549  1555  1582
TBILIS 1967 08 20 1  1578  1562  1563  1565  1564  1577  1564  1553  1570  1566  1568  1573
TBILIS 1967 08 20 2  1578  1565  1546  1568  1564  1567  1578  1580  1585  1576  1547  1576
TBILIS 1967 08 21 1  1552  1583  1565  1556  1564  1560  1573  1560  1583 99999 99999 99999
TBILIS 1967 08 21 2 99999 99999 99999  1574  1574  1571  1568  1580  1562  1593  1578  1552
TBILIS 1967 08 22 1  1570  1565  1570  1557  1549  1564  1560  1577  1576  1562  1558  1561
TBILIS 1967 08 22 2  1578  1570  1560  1567  1558  1570  1582  1582  1566  1569  1579  1562
TBILIS 1967 08 23 1  1583  1570  1567  1576 99999 99999 99999 99999 99999  1583  1569  1564
TBILIS 1967 08 23 2  1584  1587  1563  1572  1559  1557  1548  1547  1564  1574  1570  1562
TBILIS 1967 08 24 1  1569  1568  1570  1584  1568  1562  1580  1575  1570  1591  1574  1560
TBILIS 1967 08 24 2  1572  1561  1587  1569  1565  1570  1583  1572  1560  1583  1573  1559
TBILIS 1967 08 25 1  1556  1554  1543  1567  1571  1567  1595  1577  1584  1566  1556  1582
TBILIS 1967 08 25 2  1582  1570  1557  1572  1560  1575  1575  1568  1588  1566  1556  1562
TBILIS 1967 08 26 1  1584  1561  1562  1566  1552  1564  1577  1551  1567  1550  1569  1571
TBILIS 1967 08 26 2  1572  1570  1561  1547  1547  1546  1539  1533  1541  1537  1559  1568
TBILIS 1967 08 27 1  1575  1546  1558  1568  1564  1555  1566  1564  1551  1569  1576  1560
TBILIS 1967 08 27 2  1568  1572  1560  1572  1568  1574  1585  1562  1582  1574  1575  1565
TBILIS 1967 08 28 1  1562  1556  1550  1563  1547  1576  1563  1578  1576  1565  1570  1575
TBILIS 1967 08 28 2  1567  1565  1567  1553  1552  1557  1571  1576  1573  1570  1560  1559
TBILIS 1967 08 29 1  1575  1560  1556  1582  1564  1568  1560  1573  1562  1552  1575  1560
TBILIS 1967 08 29 2  1563  1562  1579  1569  1549  1591  1569  1574  1588  1587  1550  1540
TBILIS 1967 08 30 1  1562  1568  1573  1553  1573  1572  1572  1566  1572  1571  1558  1563
TBILIS 1967 08 30 2  1575  1565  1581  1566  1587  1560  1571  1574  1582  1578  1571  1579
TBILIS 1967 08 31 1  1572  1569  1574  1568  1582  1590  1615  1592  1579  1589  1602  1583
TBILIS 1967 08 31 2  1564  1563  1548  1585  1575  1583  1577  1563  1586  1582  1573  1555
Cosmic-Ray Neutron Monitor Data (Hourly, Pressure-Corrected and Scale-Adjusted Counts)
Collections: WDC for Cosmic Rays, Solar-Terrestrial Environment Laboratory, Nagoya Univ.
Data Access: http://center.stelab.nagoya-u.ac.jp/WDCCR/index.html
Project: ICSU WDC
Citation: WDC for Cosmic Rays, Solar-Terrestrial Environment Laboratory, Nagoya University
Station ID: TBILIS
Station:  TBILISI,GIORGIA,INSTITUT GEOPHYSIKY (IG), GIORGIAN ACADEMY OF SCIENCES,GIORGIA 
Instrument: IGY NEUTRON MONITOR, CORRECTED FOR PRESSURE TO 950.0 MB, COEF. =                
Latitude (deg.):   41.72  Longitude (deg.):   44.80  Altitude (m):  510.00
Cut-Off Rigidity (GV):    6.91
Year: 1967  Month:   9
Scaling Factor (SF):    10.0   Constant (CONST):     0.0  Real Counts = (DATA + CONST)*SF
Temporal Resolution: 1 hour
UTC Start Hour:     0.0
                                                                                
                                                        
Monthly Average:  1544.4
Updated (YYYY MM DD): 2000 00 00
*******************************************************************************************
ID     YYYY MM DD 1     0     1     2     3     4     5     6     7     8     9    10    11
ID     YYYY MM DD 2    12    13    14    15    16    17    18    19    20    21    22    23
*******************************************************************************************
TBILIS 1967 09 01 1  1586  1560  1582  1580  1576  1584 99999 99999  1594  1569  1596  1590
TBILIS 1967 09 01 2  1563 99999  1585  1554 99999 99999  1559  1543  1565  1561  1574  1546
TBILIS 1967 09 02 1  1566  1563  1568  1550 99999 99999 99999 99999 99999 99999 99999 99999
TBILIS 1967 09 02 2 99999 99999 99999 99999 99999 99999 99999 99999 99999 99999 99999 99999
TBILIS 1967 09 03 1 99999 99999 99999 99999 99999 99999 99999 99999 99999 99999 99999 99999
TBILIS 1967 09 03 2 99999 99999 99999 99999 99999 99999  1506  1485  1502  1498  1513  1500
TBILIS 1967 09 04 1  1512  1504  1502  1532  1543  1568  1560  1540  1500  1499  1505 99999
TBILIS 1967 09 04 2  1489  1467  1475  1469  1508  1506  1511  1526  1499  1502  1509  1493
TBILIS 1967 09 05 1  1469  1461  1475  1496  1490  1496  1511  1493  1502  1484  1501  1509
TBILIS 1967 09 05 2  1529  1517  1558  1512  1556  1522  1504  1491  1479  1485  1492  1472
TBILIS 1967 09 06 1  1490  1473  1486  1507 99999 99999 99999 99999  1510  1510  1544  1520
TBILIS 1967 09 06 2  1519  1488  1509  1499  1486  1506  1491  1466  1475  1467  1482  1468
TBILIS 1967 09 07 1  1472  1479  1479  1492  1516  1508  1520  1507  1518  1510  1521  1517
TBILIS 1967 09 07 2  1517  1513  1571  1553  1567  1543  1558  1527 99999 99999 99999 99999
TBILIS 1967 09 08 1 99999 99999 99999 99999  1521  1529  1532  1530  1557  1536  1545  1561
TBILIS 1967 09 08 2  1532  1529  1473  1516  1521  1511  1457  1493  1519  1519  1524  1525
TBILIS 1967 09 09 1 99999 99999 99999 99999 99999 99999 99999 99999 99999 99999 99999 99999
TBILIS 1967 09 09 2 99999 99999 99999 99999 99999 99999 99999 99999 99999 99999 99999 99999
TBILIS 1967 09 10 1 99999 99999 99999 99999 99999 99999 99999 99999 99999 99999 99999 99999
TBILIS 1967 09 10 2 99999 99999 99999 99999 99999 99999 99999 99999 99999 99999 99999 99999
TBILIS 1967 09 11 1 99999 99999 99999 99999 99999 99999 99999 99999 99999 99999 99999 99999
TBILIS 1967 09 11 2  1552  1534  1559  1565  1565  1546  1525  1525  1527  1514  1530  1518
TBILIS 1967 09 12 1  1502  1507  1506  1539  1569 99999  1553  1544 99999  1578  1567  1583
TBILIS 1967 09 12 2  1539  1531  1511  1545  1544  1537  1536  1534  1541  1538  1524  1538
TBILIS 1967 09 13 1  1500  1502  1529  1561  1558  1581  1556  1560  1567  1547  1557  1541
TBILIS 1967 09 13 2  1542  1562  1522  1545  1580  1561  1536  1586  1545  1531  1526  1536
TBILIS 1967 09 14 1  1534  1527  1516  1554  1569  1584  1542  1568  1570  1576  1574  1558
TBILIS 1967 09 14 2  1565  1558  1543  1572  1533  1560  1549  1536  1543  1544  1548  1544
TBILIS 1967 09 15 1  1537  1552  1548  1557  1568  1560  1586  1573  1565  1554  1548  1532
TBILIS 1967 09 15 2 99999 99999 99999 99999 99999 99999 99999 99999 99999 99999 99999 99999
TBILIS 1967 09 16 1 99999 99999 99999 99999 99999 99999 99999 99999 99999 99999 99999 99999
TBILIS 1967 09 16 2 99999 99999 99999  1508  1527  1524  1504  1519  1494  1508  1489  1500
TBILIS 1967 09 17 1  1511  1504  1525  1488  1508  1505  1518  1501  1530  1539  1554  1548
TBILIS 1967 09 17 2  1525  1558  1562  1562  1574  1608  1585  1561  1521  1520  1528  1551
TBILIS 1967 09 18 1  1532  1560  1547  1543  1536  1542 99999 99999  1524  1544  1544  1524
TBILIS 1967 09 18 2  1537  1539  1555  1525  1540  1523  1516  1487  1529  1499  1522  1526
TBILIS 1967 09 19 1  1542  1560  1544  1566  1567  1556  1544  1553  1549  1551  1577  1574
TBILIS 1967 09 19 2  1549  1538  1544  1551  1531  1549  1552  1556  1556  1534  1517  1520
TBILIS 1967 09 20 1  1537  1490  1497  1503  1536 99999 99999  1594  1567  1550  1558  1534
TBILIS 1967 09 20 2  1547  1548  1510  1532  1551  1552  1524  1532  1553  1533  1497  1485
TBILIS 1967 09 21 1  1506  1500  1504  1522  1516  1539  1530  1518  1537  1540  1537  1552
TBILIS 1967 09 21 2  1529  1508  1529  1499  1519  1523  1520  1495  1530  1508  1552  1563
TBILIS 1967 09 22 1  1525  1535  1559  1553  1525  1570  1558  1587  1557  1582  1564  1564
TBILIS 1967 09 22 2  1553  1553  1542  1591  1577  1577  1556  1569  1593  1537  1510  1535
TBILIS 1967 09 23 1  1534  1561  1532  1560  1595  1582  1583  1582  1561  1578  1561  1562
TBILIS 1967 09 23 2  1581  1573  1561  1571  1607  1562  1522  1529  1522  1511  1520  1515
TBILIS 1967 09 24 1  1488  1517  1515  1513  1504  1522  1510  1546  1534  1535  1554  1559
TBILIS 1967 09 24 2  1554  1547  1524  1526  1535  1535  1526  1533  1518  1514  1503  1521
TBILIS 1967 09 25 1  1534  1510  1507  1532  1571  1566  1572  1586  1577  1581  1578  1551
TBILIS 1967 09 25 2  1529  1528  1542  1550  1534  1528  1533  1570  1579  1589  1573  1571
TBILIS 1967 09 26 1 99999 99999 99999 99999 99999 99999 99999 99999 99999 99999 99999 99999
TBILIS 1967 09 26 2  1576  1556  1557  1571  1541  1578  1590  1538  1557  1551  1586  1553
TBILIS 1967 09 27 1  1570  1559  1573  1587  1592  1587  1586  1610  1590  1563  1550  1587
TBILIS 1967 09 27 2  1572  1573  1579  1585  1554  1560  1583  1554  1577  1582  1572  1586
TBILIS 1967 09 28 1  1598  1563  1605  1568  1583  1598  1608  1616  1596  1594  1591  1603
TBILIS 1967 09 28 2  1600  1624  1612  1596  1588  1591  1588  1600  1606  1572  1585  1598
TBILIS 1967 09 29 1  1566  1560  1572  1588  1574  1605  1594  1604  1583  1592  1595  1587
TBILIS 1967 09 29 2  1587  1594  1562  1594  1603  1598  1598  1563  1599  1559  1550  1582
TBILIS 1967 09 30 1  1585  1553  1589  1589  1561  1608  1623  1590  1577  1560  1624  1594
TBILIS 1967 09 30 2  1619  1579  1592  1587  1579  1588  1623  1589  1618  1597  1578  1594
TBILIS 1967 09 31 1 99999 99999 99999 99999 99999 99999 99999 99999 99999 99999 99999 99999
TBILIS 1967 09 31 2 99999 99999 99999 99999 99999 99999 99999 99999 99999 99999 99999 99999
Cosmic-Ray Neutron Monitor Data (Hourly, Pressure-Corrected and Scale-Adjusted Counts)
Collections: WDC for Cosmic Rays, Solar-Terrestrial Environment Laboratory, Nagoya Univ.
Data Access: http://center.stelab.nagoya-u.ac.jp/WDCCR/index.html
Project: ICSU WDC
Citation: WDC for Cosmic Rays, Solar-Terrestrial Environment Laboratory, Nagoya University
Station ID: TBILIS
Station:  TBILISI,GIORGIA,INSTITUT GEOPHYSIKY (IG), GIORGIAN ACADEMY OF SCIENCES,GIORGIA 
Instrument: IGY NEUTRON MONITOR, CORRECTED FOR PRESSURE TO 950.0 MB, COEF. =                
Latitude (deg.):   41.72  Longitude (deg.):   44.80  Altitude (m):  510.00
Cut-Off Rigidity (GV):    6.91
Year: 1967  Month:  10
Scaling Factor (SF):    10.0   Constant (CONST):     0.0  Real Counts = (DATA + CONST)*SF
Temporal Resolution: 1 hour
UTC Start Hour:     0.0
                                                                                
                                                        
Monthly Average:  1588.8
Updated (YYYY MM DD): 2000 00 00
*******************************************************************************************
ID     YYYY MM DD 1     0     1     2     3     4     5     6     7     8     9    10    11
ID     YYYY MM DD 2    12    13    14    15    16    17    18    19    20    21    22    23
*******************************************************************************************
TBILIS 1967 10 01 1  1545  1574  1592  1579  1599  1609  1641  1630  1582  1590  1580  1600
TBILIS 1967 10 01 2  1584  1555  1560  1588  1568  1581  1605  1572  1592  1579  1572  1568
TBILIS 1967 10 02 1  1576  1566  1609  1587  1578  1621  1607  1564  1576  1601  1572  1602
TBILIS 1967 10 02 2  1550  1600  1561  1584  1582  1580  1590  1585  1575  1589  1568  1568
TBILIS 1967 10 03 1  1587  1564  1562  1556  1575  1588  1565  1583  1588  1584  1596  1593
TBILIS 1967 10 03 2  1591  1570  1602  1578  1577  1558  1559  1574  1580  1550  1580  1553
TBILIS 1967 10 04 1  1568  1551  1600  1590  1571  1567  1579  1579  1584  1572  1590  1568
TBILIS 1967 10 04 2  1581  1572  1585  1616  1578  1552  1562  1544  1544  1577  1549  1575
TBILIS 1967 10 05 1  1546  1558  1564  1552  1550  1576  1593  1561  1558  1563  1567  1546
TBILIS 1967 10 05 2  1592  1575  1590  1549  1573  1596  1566  1568  1589  1557  1581  1605
TBILIS 1967 10 06 1  1574  1587  1583  1580  1583  1574  1595  1585  1621  1608  1603  1613
TBILIS 1967 10 06 2  1591  1602  1585  1589  1600  1571  1582  1587  1581  1566  1592  1602
TBILIS 1967 10 07 1  1589  1571  1560  1597  1593  1589  1583  1573  1567  1554  1572  1567
TBILIS 1967 10 07 2  1571  1583  1586  1562  1566  1582  1577  1600  1586  1586  1581  1580
TBILIS 1967 10 08 1  1598  1585  1551  1573  1572  1554  1555  1577  1548  1564  1594  1552
TBILIS 1967 10 08 2  1582  1583  1579  1595  1551  1567  1558  1576  1558  1562  1556  1560
TBILIS 1967 10 09 1  1552  1579  1556  1587  1564  1580  1567  1572  1538  1552  1559  1578
TBILIS 1967 10 09 2  1586  1574  1536  1567  1537  1529  1547  1553  1526  1526  1520  1521
TBILIS 1967 10 10 1  1524  1510  1490  1493  1513  1544  1547  1533  1519  1547  1530  1579
TBILIS 1967 10 10 2  1592  1587  1542  1558  1539  1577 99999 99999 99999 99999 99999 99999
TBILIS 1967 10 11 1 99999 99999 99999 99999  1557  1599  1574  1571  1565  1570  1587  1572
TBILIS 1967 10 11 2  1573  1592  1564  1582  1582  1601  1589  1582  1569  1569  1570  1581
TBILIS 1967 10 12 1  1582  1568  1542  1559  1555  1580  1597  1585  1598  1572  1580  1586
TBILIS 1967 10 12 2  1549  1539  1575  1544  1569  1582  1585  1559  1568  1575  1580  1589
TBILIS 1967 10 13 1  1587  1565  1589  1591  1594  1571  1586  1589  1570  1583  1599  1597
TBILIS 1967 10 13 2  1606  1582  1536  1563  1589  1574  1580  1597  1564  1596  1595  1581
TBILIS 1967 10 14 1  1594  1585  1575  1628  1582  1619  1588  1601  1601  1620  1614  1619
TBILIS 1967 10 14 2  1640  1649  1661  1685  1644  1689  1685  1646  1670  1627  1646  1640
TBILIS 1967 10 15 1  1652  1640  1639  1656  1653  1656  1654  1638  1648  1637  1644  1638
TBILIS 1967 10 15 2  1635  1665  1636  1660  1636  1684  1641  1626  1640  1625  1651  1638
TBILIS 1967 10 16 1  1653  1608  1621  1638  1630  1633  1614  1640  1646  1652  1633  1616
TBILIS 1967 10 16 2 99999 99999 99999 99999  1601  1651  1641  1666  1663  1651  1661  1643
TBILIS 1967 10 17 1  1658  1632  1642  1627  1618  1610  1626  1618  1639  1620  1631  1646
TBILIS 1967 10 17 2  1630  1651  1642  1637  1643  1642  1642 99999 99999 99999 99999 99999
TBILIS 1967 10 18 1  1631  1652  1633  1635  1662  1640  1653  1629  1636  1627  1646  1660
TBILIS 1967 10 18 2  1663  1642  1622  1628  1611  1620  1608  1592  1567  1607  1598  1597
TBILIS 1967 10 19 1  1601  1615  1574  1607  1612  1638  1629  1607  1616  1583  1622  1606
TBILIS 1967 10 19 2  1602  1597  1571  1565  1561  1545  1543  1538  1537  1544  1554  1545
TBILIS 1967 10 20 1  1552  1525  1530  1560  1556  1559  1547  1557  1565  1565  1552  1556
TBILIS 1967 10 20 2  1568  1576  1560  1550  1543  1556  1536  1548  1562  1549 99999 99999
TBILIS 1967 10 21 1 99999 99999 99999 99999  1560  1558  1611  1593  1623  1625  1641  1633
TBILIS 1967 10 21 2  1620  1616  1599  1633  1627  1623  1629  1625  1608  1625  1631  1608
TBILIS 1967 10 22 1  1608  1628  1648  1591  1616  1610  1619  1632  1620  1643  1649  1622
TBILIS 1967 10 22 2  1633  1619  1638  1602  1620  1599  1587  1592  1631  1613  1614  1602
TBILIS 1967 10 23 1  1602  1587  1587  1583  1622  1638  1618  1609  1570  1582  1647  1649
TBILIS 1967 10 23 2  1640  1633  1637  1627  1624  1614  1638  1642  1611  1638  1609  1632
TBILIS 1967 10 24 1  1644  1613  1634  1602  1587  1603  1621  1602  1614  1605  1612  1595
TBILIS 1967 10 24 2  1606  1613  1614  1610  1602  1619  1618  1607  1621  1590  1589  1621
TBILIS 1967 10 25 1  1621  1615  1616  1607  1598  1621  1607  1578  1598  1599  1630  1622
TBILIS 1967 10 25 2  1608  1617  1619  1618  1628  1618  1623  1609  1616  1606  1620  1606
TBILIS 1967 10 26 1  1618  1594  1618  1594  1599  1626  1616  1607  1582  1601  1600  1603
TBILIS 1967 10 26 2  1599  1623  1604  1618  1610  1610  1608  1602  1595  1606  1584  1602
TBILIS 1967 10 27 1  1568  1565  1571  1599  1607  1568  1558  1576  1606  1587  1579  1606
TBILIS 1967 10 27 2  1583  1585  1584  1587  1578  1579  1579  1576  1604  1586  1601  1592
TBILIS 1967 10 28 1  1586  1589  1579  1588  1585  1569  1572  1594  1563  1568  1564  1562
TBILIS 1967 10 28 2  1565  1576  1570  1580  1589  1550  1577  1549  1557  1544  1564  1579
TBILIS 1967 10 29 1  1559  1556  1559  1559  1564  1567  1573  1571  1570  1565  1563  1577
TBILIS 1967 10 29 2  1565  1556  1547  1563  1582  1543 99999 99999 99999 99999 99999 99999
TBILIS 1967 10 30 1 99999 99999  1520  1524  1542  1542  1531  1543  1561  1551  1551  1543
TBILIS 1967 10 30 2  1554  1539  1512  1541  1535  1537  1524  1548  1554  1526  1532  1560
TBILIS 1967 10 31 1  1522  1536  1541  1539  1558  1552  1564  1602  1580  1543  1545  1548
TBILIS 1967 10 31 2  1566  1544  1552  1539  1563  1543  1547  1538  1536  1541  1535  1538
Cosmic-Ray Neutron Monitor Data (Hourly, Pressure-Corrected and Scale-Adjusted Counts)
Collections: WDC for Cosmic Rays, Solar-Terrestrial Environment Laboratory, Nagoya Univ.
Data Access: http://center.stelab.nagoya-u.ac.jp/WDCCR/index.html
Project: ICSU WDC
Citation: WDC for Cosmic Rays, Solar-Terrestrial Environment Laboratory, Nagoya University
Station ID: TBILIS
Station:  TBILISI,GIORGIA,INSTITUT GEOPHYSIKY (IG), GIORGIAN ACADEMY OF SCIENCES,GIORGIA 
Instrument: IGY NEUTRON MONITOR, CORRECTED FOR PRESSURE TO 950.0 MB, COEF. =                
Latitude (deg.):   41.72  Longitude (deg.):   44.80  Altitude (m):  510.00
Cut-Off Rigidity (GV):    6.91
Year: 1967  Month:  11
Scaling Factor (SF):    10.0   Constant (CONST):     0.0  Real Counts = (DATA + CONST)*SF
Temporal Resolution: 1 hour
UTC Start Hour:     0.0
                                                                                
                                                        
Monthly Average:  1574.2
Updated (YYYY MM DD): 2000 00 00
*******************************************************************************************
ID     YYYY MM DD 1     0     1     2     3     4     5     6     7     8     9    10    11
ID     YYYY MM DD 2    12    13    14    15    16    17    18    19    20    21    22    23
*******************************************************************************************
TBILIS 1967 11 01 1  1552  1554  1534  1546  1550  1560  1560  1546  1560  1544  1534  1554
TBILIS 1967 11 01 2  1552  1562  1538  1548  1550  1566  1565  1534  1546  1530  1564  1532
TBILIS 1967 11 02 1  1556  1546  1545  1549  1545  1528  1551  1562  1580  1526  1554  1544
TBILIS 1967 11 02 2  1574  1551  1580  1564  1552  1556  1569  1578  1556  1566  1552  1552
TBILIS 1967 11 03 1  1549  1548  1562  1556  1582  1574  1562  1560  1570  1580  1580  1566
TBILIS 1967 11 03 2  1545  1576  1540  1550  1556  1576  1564  1576  1554  1542  1546  1564
TBILIS 1967 11 04 1  1536  1522  1542  1540  1564  1578  1569  1548  1554  1560  1560  1552
TBILIS 1967 11 04 2  1539  1552  1558  1568  1552  1560  1549  1548  1538  1529  1540  1548
TBILIS 1967 11 05 1  1545  1540  1546  1549  1550  1568  1568  1545  1544  1529  1550  1525
TBILIS 1967 11 05 2  1545  1526  1554  1558  1534  1530  1551  1569  1572  1572  1570  1551
TBILIS 1967 11 06 1  1558  1542  1548  1546  1545  1566  1545  1552  1549  1552  1549  1580
TBILIS 1967 11 06 2  1576  1556  1545  1570  1556  1568  1554  1546  1552  1542  1549  1534
TBILIS 1967 11 07 1  1525  1544  1554  1546  1546  1556  1534  1551  1548  1549  1556  1574
TBILIS 1967 11 07 2  1556  1550  1556  1574  1540  1517  1549  1532  1545  1549  1536  1524
TBILIS 1967 11 08 1  1545  1528  1548  1534  1549  1529  1562  1578  1587  1570  1574  1568
TBILIS 1967 11 08 2  1576  1568  1592  1580  1576  1570  1572  1579  1579  1582  1574  1574
TBILIS 1967 11 09 1  1564  1580  1556  1560  1554  1584  1587  1586  1592  1587  1598  1616
TBILIS 1967 11 09 2  1588  1574  1600  1588  1574  1570  1584  1592  1590  1587  1587  1596
TBILIS 1967 11 10 1  1590  1586  1590  1590  1594  1582  1610  1609  1590  1588  1600  1600
TBILIS 1967 11 10 2 99999 99999 99999 99999 99999 99999 99999 99999  1596  1588  1588  1587
TBILIS 1967 11 11 1  1574  1578  1572  1584  1579  1570  1596  1600  1574  1565  1588  1570
TBILIS 1967 11 11 2  1602  1590  1588  1568  1592  1562  1558  1594  1588  1579  1584  1582
TBILIS 1967 11 12 1  1562  1586  1588  1582  1578  1582  1590  1590  1592  1576  1580  1582
TBILIS 1967 11 12 2  1587  1579  1554  1562  1568  1578  1580  1562  1560  1572  1565  1568
TBILIS 1967 11 13 1  1570  1568  1587  1584  1572  1572  1568  1574  1578  1579  1574  1592
TBILIS 1967 11 13 2  1570  1564  1582  1600  1578  1574  1582  1587  1587  1578  1560  1579
TBILIS 1967 11 14 1  1578  1580  1570  1588  1548  1564  1566  1564  1549  1570  1564  1566
TBILIS 1967 11 14 2  1579  1565  1546  1599  1565  1584  1599  1569  1568  1542  1578  1578
TBILIS 1967 11 15 1  1576  1580  1578  1576  1579  1576  1592  1582  1582  1574  1584  1592
TBILIS 1967 11 15 2  1579  1569  1565  1576  1606  1608  1578  1562  1578  1582  1582  1586
TBILIS 1967 11 16 1  1565  1582  1596  1587  1579  1574  1582  1568  1610  1608  1608  1596
TBILIS 1967 11 16 2  1592  1620  1588  1630  1606  1596  1603  1616  1620  1614  1609  1599
TBILIS 1967 11 17 1  1584  1586  1610  1614  1594  1619  1610  1576  1606  1592  1566  1642
TBILIS 1967 11 17 2  1600  1644  1596  1632  1616  1609  1616  1608  1602  1598  1602  1600
TBILIS 1967 11 18 1  1604  1610  1610  1618  1588  1594  1609  1606  1608  1596  1608  1608
TBILIS 1967 11 18 2  1602  1586  1619  1632  1622  1636  1619  1616  1614  1602  1609  1602
TBILIS 1967 11 19 1  1618  1614  1590  1614  1606  1600  1592  1628 99999 99999  1525  1558
TBILIS 1967 11 19 2  1582  1594  1558  1576  1569  1586  1578  1558  1550  1576  1549  1552
TBILIS 1967 11 20 1  1558  1572  1542  1580  1552  1619  1560  1612  1565  1622  1574  1604
TBILIS 1967 11 20 2  1580  1590  1584  1600  1578  1592  1574  1579  1572  1594  1596  1579
TBILIS 1967 11 21 1  1592  1587  1596  1594  1596  1600  1606  1603  1592  1606  1590  1584
TBILIS 1967 11 21 2  1618  1582  1584  1579  1626  1566  1606  1566  1608  1549  1588  1564
TBILIS 1967 11 22 1  1570  1568  1550  1603  1566  1600  1574  1596  1600  1560  1566  1584
TBILIS 1967 11 22 2  1576  1549  1562  1584  1580  1584 99999 99999 99999 99999 99999 99999
TBILIS 1967 11 23 1 99999 99999 99999 99999 99999 99999  1571  1584  1584  1587  1584  1576
TBILIS 1967 11 23 2  1568  1570  1590  1598  1572  1574  1584  1565  1576  1579  1587  1582
TBILIS 1967 11 24 1  1569  1568  1584  1572  1574  1574  1594  1609  1562  1572  1584  1564
TBILIS 1967 11 24 2  1572  1569 99999  1566  1569  1588  1574  1604  1594  1570  1574  1580
TBILIS 1967 11 25 1  1596  1603  1586  1596  1564  1584  1582  1576  1572  1582  1598  1586
TBILIS 1967 11 25 2  1588  1576  1582  1600  1599  1574  1565  1570  1579  1574  1574  1580
TBILIS 1967 11 26 1  1574  1568  1565  1599  1574  1592  1596  1580  1614  1609  1624  1578
TBILIS 1967 11 26 2  1599  1586  1580  1565  1560  1560  1568  1556  1560  1534  1545  1542
TBILIS 1967 11 27 1  1560  1551  1545  1572  1584  1569  1558  1558  1584  1580  1566  1603
TBILIS 1967 11 27 2  1587  1566  1572  1582  1566  1566  1576  1564  1552  1576  1554  1542
TBILIS 1967 11 28 1  1576  1550  1548  1574  1584  1578  1564  1552  1568  1551  1552  1552
TBILIS 1967 11 28 2  1562  1552  1546  1562  1552  1556  1552  1572  1562  1556  1539  1549
TBILIS 1967 11 29 1  1558  1584  1580  1568  1570  1592  1569  1560  1572  1587  1562  1586
TBILIS 1967 11 29 2  1570  1565  1582  1554  1578  1592  1572  1569  1587  1554  1578  1570
TBILIS 1967 11 30 1  1548  1570  1552  1580  1580  1570  1574  1592  1566  1558  1570  1604
TBILIS 1967 11 30 2  1606  1582  1630  1582  1590  1603  1616  1576  1590  1616  1579  1586
TBILIS 1967 11 31 1 99999 99999 99999 99999 99999 99999 99999 99999 99999 99999 99999 99999
TBILIS 1967 11 31 2 99999 99999 99999 99999 99999 99999 99999 99999 99999 99999 99999 99999
Cosmic-Ray Neutron Monitor Data (Hourly, Pressure-Corrected and Scale-Adjusted Counts)
Collections: WDC for Cosmic Rays, Solar-Terrestrial Environment Laboratory, Nagoya Univ.
Data Access: http://center.stelab.nagoya-u.ac.jp/WDCCR/index.html
Project: ICSU WDC
Citation: WDC for Cosmic Rays, Solar-Terrestrial Environment Laboratory, Nagoya University
Station ID: TBILIS
Station:  TBILISI,GIORGIA,INSTITUT GEOPHYSIKY (IG), GIORGIAN ACADEMY OF SCIENCES,GIORGIA 
Instrument: IGY NEUTRON MONITOR, CORRECTED FOR PRESSURE TO 950.0 MB, COEF. =                
Latitude (deg.):   41.72  Longitude (deg.):   44.80  Altitude (m):  510.00
Cut-Off Rigidity (GV):    6.91
Year: 1967  Month:  12
Scaling Factor (SF):    10.0   Constant (CONST):     0.0  Real Counts = (DATA + CONST)*SF
Temporal Resolution: 1 hour
UTC Start Hour:     0.0
                                                                                
                                                        
Monthly Average:  1602.2
Updated (YYYY MM DD): 2000 00 00
*******************************************************************************************
ID     YYYY MM DD 1     0     1     2     3     4     5     6     7     8     9    10    11
ID     YYYY MM DD 2    12    13    14    15    16    17    18    19    20    21    22    23
*******************************************************************************************
TBILIS 1967 12 01 1  1584  1578  1566  1574  1578  1587  1576  1572  1534  1534  1544  1558
TBILIS 1967 12 01 2  1566  1564  1549  1539  1528  1549  1542  1556  1542  1560  1564  1550
TBILIS 1967 12 02 1  1554  1562  1551  1558  1562  1569  1564  1558  1562  1576  1578  1569
TBILIS 1967 12 02 2  1564  1552  1565  1554  1566  1566  1549  1546  1550 99999 99999 99999
TBILIS 1967 12 03 1 99999 99999 99999 99999  1570  1580  1576  1566  1598  1586  1576  1570
TBILIS 1967 12 03 2  1586  1586  1588  1590  1569  1572  1551  1578  1586  1546  1556  1548
TBILIS 1967 12 04 1  1562  1570  1574  1582  1558  1569  1551  1587  1565  1544  1552  1539
TBILIS 1967 12 04 2  1536  1564  1545  1538  1542  1549  1520  1540  1545  1552  1572  1549
TBILIS 1967 12 05 1  1570  1565  1566  1576  1550  1574  1576  1578  1565  1551  1554  1566
TBILIS 1967 12 05 2  1582  1579  1551  1568  1544  1566  1586  1572  1565  1566  1570  1564
TBILIS 1967 12 06 1  1556 99999 99999 99999  1578  1580  1572  1565  1600  1582  1599  1598
TBILIS 1967 12 06 2  1592  1570  1606  1582  1588  1600  1584  1590  1599  1587  1584  1568
TBILIS 1967 12 07 1  1551  1562  1569  1569  1602  1582  1584  1582  1620  1599  1614  1600
TBILIS 1967 12 07 2  1598  1588  1608  1609  1584  1594  1600  1582  1574  1603  1587  1587
TBILIS 1967 12 08 1  1609  1578  1569  1580  1604  1633  1592  1612  1602  1614  1594  1600
TBILIS 1967 12 08 2  1592  1598  1579  1587  1594  1596  1584  1584  1568  1606  1598  1599
TBILIS 1967 12 09 1  1608  1592  1584  1579  1610  1628  1603  1590  1633  1602  1598  1586
TBILIS 1967 12 09 2  1586  1606  1580  1582  1594  1587  1619  1620  1609  1603  1609  1622
TBILIS 1967 12 10 1  1622  1609  1609  1604  1604  1594  1582  1608  1597  1594  1596  1594
TBILIS 1967 12 10 2  1604  1609  1600  1594  1600  1596  1609  1596  1600  1582  1574  1592
TBILIS 1967 12 11 1  1576  1569  1578  1564  1580  1580  1598  1602  1594  1612  1609  1609
TBILIS 1967 12 11 2  1612  1619  1614  1609  1610  1620  1644  1606  1624  1602  1608  1624
TBILIS 1967 12 12 1  1614  1618  1614  1600  1594  1630  1610  1610  1626  1603  1610  1606
TBILIS 1967 12 12 2  1600  1584  1608  1590  1612  1592  1587  1602  1594  1626  1602  1587
TBILIS 1967 12 13 1  1598  1594  1590  1599  1614  1587  1587  1609  1606  1619  1624  1606
TBILIS 1967 12 13 2  1594  1634  1606  1626  1609  1608  1608  1610  1616  1610  1612  1600
TBILIS 1967 12 14 1  1626  1596  1600  1606  1608  1616  1616  1606  1620  1606  1624  1606
TBILIS 1967 12 14 2  1634  1606  1616  1634  1624  1600  1636  1630  1636  1640  1654  1654
TBILIS 1967 12 15 1  1624  1652  1634  1620  1633  1644  1633  1633  1647  1634  1620  1638
TBILIS 1967 12 15 2  1626  1630  1610  1632  1638  1662  1622  1648  1610  1636  1644  1644
TBILIS 1967 12 16 1  1656  1633  1624  1614  1609  1609  1600  1606  1609  1594  1624  1606
TBILIS 1967 12 16 2  1609  1588  1609  1586  1610  1600  1604  1619  1606  1596  1600  1604
TBILIS 1967 12 17 1  1630  1602  1618  1586  1602  1598  1612  1598 99999 99999  1644  1634
TBILIS 1967 12 17 2  1619  1626  1630  1634  1639  1633  1636  1640  1614  1626  1620  1620
TBILIS 1967 12 18 1  1619  1614  1603  1639  1628  1609  1609  1634  1639  1646  1640  1616
TBILIS 1967 12 18 2  1630  1650  1642  1636  1620  1610  1618  1612  1610  1603  1592  1594
TBILIS 1967 12 19 1  1586  1574  1594  1572  1610  1592  1603  1592  1604  1618  1599  1608
TBILIS 1967 12 19 2  1620  1604  1630  1618  1608  1618  1636  1616  1618  1612  1614  1634
TBILIS 1967 12 20 1  1599  1624  1594  1609  1640  1642  1642  1640  1636  1599  1606  1632
TBILIS 1967 12 20 2  1630  1626  1584  1584  1619  1619  1604  1638  1592  1584  1599  1602
TBILIS 1967 12 21 1  1592  1588  1620  1640  1628  1620  1624  1618  1616  1624  1616  1632
TBILIS 1967 12 21 2  1652  1609  1636  1610  1642  1600  1610  1594  1632  1622  1619  1596
TBILIS 1967 12 22 1  1599  1596  1603  1610  1600  1596  1606  1596  1599  1608  1590  1626
TBILIS 1967 12 22 2  1626  1612  1596  1608  1608  1590  1603  1612  1596  1599  1580  1603
TBILIS 1967 12 23 1 99999 99999 99999 99999 99999 99999 99999 99999 99999 99999 99999 99999
TBILIS 1967 12 23 2 99999 99999 99999 99999 99999 99999 99999 99999 99999 99999 99999 99999
TBILIS 1967 12 24 1  1628  1600  1620  1634  1620  1620  1608  1620  1618  1636  1636  1612
TBILIS 1967 12 24 2  1620  1616  1618  1618  1600  1614  1588  1580  1588  1574  1580  1584
TBILIS 1967 12 25 1  1594  1604  1610  1592  1610  1614  1600  1622  1588  1603  1600  1598
TBILIS 1967 12 25 2  1587  1619  1588  1618  1587  1603  1584  1619  1594  1606  1576  1590
TBILIS 1967 12 26 1  1587  1619  1594  1609  1608  1602  1620  1594  1610  1614  1622  1603
TBILIS 1967 12 26 2  1606  1639  1600  1620  1614  1638  1602  1619  1604  1634  1609  1618
TBILIS 1967 12 27 1  1619  1619  1596  1580  1616  1616  1630  1622  1616  1633  1642  1626
TBILIS 1967 12 27 2  1640  1616  1619  1622  1626  1642  1620  1636  1616  1609  1600  1586
TBILIS 1967 12 28 1  1599  1596  1614  1602  1616  1616  1596  1628  1624  1628  1592  1584
TBILIS 1967 12 28 2  1618  1604  1626  1626  1602  1604  1606  1624  1632  1640  1626  1622
TBILIS 1967 12 29 1  1622  1634  1638  1604  1647  1638  1650  1640  1620  1639  1632  1638
TBILIS 1967 12 29 2  1622  1644  1634  1618  1628  1620  1606  1608  1603  1587  1603  1596
TBILIS 1967 12 30 1  1616  1600  1626  1606  1619  1620  1618  1640  1640  1642  1614  1600
TBILIS 1967 12 30 2  1594  1604  1606  1609  1609  1590  1579  1600  1600  1599  1588  1588
TBILIS 1967 12 31 1  1606  1604  1586  1602  1612  1620  1619  1624  1636  1624  1650  1632
TBILIS 1967 12 31 2  1626  1624  1633  1642  1622  1616  1639  1639  1633  1618  1620  1633
