Cosmic-Ray Neutron Monitor Data (Hourly, Pressure-Corrected and Scale-Adjusted Counts)
Collections: WDC for Cosmic Rays, Solar-Terrestrial Environment Laboratory, Nagoya Univ.
Data Access: http://center.stelab.nagoya-u.ac.jp/WDCCR/index.html
Project: ICSU WDC
Citation: WDC for Cosmic Rays, Solar-Terrestrial Environment Laboratory, Nagoya University
Station ID: TBILIS
Station:  TBILISI,GIORGIA,INSTITUT GEOPHYSIKY (IG), GIORGIAN ACADEMY OF SCIENCES,GIORGIA 
Instrument: IGY NEUTRON MONITOR, CORRECTED FOR PRESSURE TO 950.0 MB, COEF. =                
Latitude (deg.):   41.72  Longitude (deg.):   44.80  Altitude (m):  510.00
Cut-Off Rigidity (GV):    6.91
Year: 1965  Month:   1
Scaling Factor (SF):    10.0   Constant (CONST):     0.0  Real Counts = (DATA + CONST)*SF
Temporal Resolution: 1 hour
UTC Start Hour:     0.0
                                                                                
                                                        
Monthly Average:  1648.2
Updated (YYYY MM DD): 2000 00 00
*******************************************************************************************
ID     YYYY MM DD 1     0     1     2     3     4     5     6     7     8     9    10    11
ID     YYYY MM DD 2    12    13    14    15    16    17    18    19    20    21    22    23
*******************************************************************************************
TBILIS 1965 01 01 1  1652  1662  1640  1666  1676  1634  1658  1660  1644  1660  1658  1672
TBILIS 1965 01 01 2  1644  1668  1660  1648  1634  1654  1640  1648  1658  1626  1634  1660
TBILIS 1965 01 02 1  1658  1632  1664  1658  1654  1668  1668  1656  1682  1648 99999 99999
TBILIS 1965 01 02 2 99999 99999 99999 99999 99999 99999 99999 99999 99999 99999 99999 99999
TBILIS 1965 01 03 1 99999 99999 99999 99999 99999  1652  1672  1558  1652  1662  1650  1648
TBILIS 1965 01 03 2  1638  1652  1648  1634  1656  1666  1638  1666  1624  1634  1668  1650
TBILIS 1965 01 04 1  1640  1662  1652  1650  1644  1670  1658  1628  1636  1646  1670  1678
TBILIS 1965 01 04 2  1648  1666 99999 99999 99999 99999  1660  1656  1642  1654 99999 99999
TBILIS 1965 01 05 1  1642  1634  1666  1666  1666  1624  1640  1650  1634  1640 99999  1660
TBILIS 1965 01 05 2  1666  1666  1664  1634  1658  1636  1648  1632  1614  1636  1650  1642
TBILIS 1965 01 06 1  1652  1650  1640  1632  1630  1652  1638  1626  1632  1614  1664  1646
TBILIS 1965 01 06 2  1660  1640  1648  1648  1622  1632  1630  1642  1630  1640  1626  1640
TBILIS 1965 01 07 1  1642  1648  1642  1642  1626 99999 99999 99999  1640  1638  1648  1660
TBILIS 1965 01 07 2  1642  1648  1650  1634  1648  1660  1648  1628  1644  1664  1650  1626
TBILIS 1965 01 08 1  1640  1640  1642  1652  1640  1640  1640  1634  1654  1646  1650  1652
TBILIS 1965 01 08 2  1646  1628  1646  1660  1670  1668  1628  1646  1648  1628  1666  1654
TBILIS 1965 01 09 1  1644  1644  1668  1672  1656  1652  1660  1660  1660  1652  1658  1632
TBILIS 1965 01 09 2  1642  1638  1654  1644  1660  1678  1678  1644  1668  1648  1669  1652
TBILIS 1965 01 10 1  1684  1668  1672  1644  1658  1652  1660  1656  1666  1648  1638  1646
TBILIS 1965 01 10 2  1664  1658  1666  1648  1656  1660  1652  1658  1650  1666  1634  1652
TBILIS 1965 01 11 1  1660  1630  1636  1652  1652  1668  1640  1636  1648  1630  1610  1624
TBILIS 1965 01 11 2  1644  1660  1666  1650  1634  1654  1660  1650  1656  1640  1648  1644
TBILIS 1965 01 12 1  1650  1646  1642  1646  1672  1666  1648  1634  1642  1658  1646  1646
TBILIS 1965 01 12 2  1652  1648  1650  1660  1630  1642  1654  1652  1626  1648  1660  1640
TBILIS 1965 01 13 1  1612  1638  1648  1632  1636  1642  1636  1660  1634  1648  1654  1658
TBILIS 1965 01 13 2  1644  1636  1634  1646  1640  1642  1652  1660  1646  1648  1648  1636
TBILIS 1965 01 14 1  1666  1658  1654  1638  1654  1670  1634  1666  1646  1654  1640  1648
TBILIS 1965 01 14 2  1664  1648  1650  1638  1656  1648  1640  1638  1634  1636  1660  1648
TBILIS 1965 01 15 1  1640  1666  1650  1644  1632  1630  1654  1624  1652  1638  1648  1648
TBILIS 1965 01 15 2  1634  1624  1640  1646  1652  1648  1630  1642  1640  1640  1648  1648
TBILIS 1965 01 16 1  1658  1664  1652  1634  1656  1666  1656  1654  1666  1668  1658  1652
TBILIS 1965 01 16 2  1646  1650  1660  1658  1648  1642  1674  1646  1648  1662  1652  1640
TBILIS 1965 01 17 1 99999 99999 99999 99999 99999 99999 99999 99999 99999 99999 99999 99999
TBILIS 1965 01 17 2 99999 99999 99999 99999 99999 99999 99999 99999 99999 99999 99999 99999
TBILIS 1965 01 18 1 99999 99999 99999 99999 99999 99999 99999 99999  1672  1658  1630  1644
TBILIS 1965 01 18 2  1646  1646  1648  1634  1634  1646  1664  1638  1640  1632  1646  1634
TBILIS 1965 01 19 1  1668  1640  1642  1640  1646  1644  1636  1650  1626  1622  1628  1628
TBILIS 1965 01 19 2 99999 99999 99999 99999 99999 99999 99999 99999 99999 99999 99999 99999
TBILIS 1965 01 20 1 99999 99999 99999 99999 99999 99999 99999 99999 99999 99999 99999 99999
TBILIS 1965 01 20 2 99999 99999 99999 99999 99999 99999 99999 99999 99999 99999 99999 99999
TBILIS 1965 01 21 1 99999 99999 99999 99999 99999 99999 99999 99999 99999 99999 99999 99999
TBILIS 1965 01 21 2 99999 99999 99999 99999 99999 99999 99999 99999 99999 99999 99999 99999
TBILIS 1965 01 22 1 99999 99999 99999 99999 99999 99999 99999 99999 99999 99999 99999 99999
TBILIS 1965 01 22 2 99999 99999 99999 99999 99999 99999 99999 99999 99999 99999 99999 99999
TBILIS 1965 01 23 1 99999 99999 99999 99999 99999 99999 99999 99999 99999 99999 99999 99999
TBILIS 1965 01 23 2 99999 99999 99999 99999 99999 99999 99999 99999 99999 99999 99999 99999
TBILIS 1965 01 24 1 99999 99999 99999 99999 99999 99999 99999 99999 99999 99999 99999 99999
TBILIS 1965 01 24 2 99999 99999 99999 99999 99999 99999 99999 99999 99999 99999 99999 99999
TBILIS 1965 01 25 1 99999 99999 99999 99999 99999 99999 99999 99999 99999 99999 99999 99999
TBILIS 1965 01 25 2 99999 99999 99999 99999 99999 99999 99999 99999 99999 99999 99999 99999
TBILIS 1965 01 26 1 99999 99999 99999 99999 99999 99999 99999 99999 99999 99999 99999 99999
TBILIS 1965 01 26 2 99999 99999 99999 99999 99999 99999 99999 99999 99999 99999 99999 99999
TBILIS 1965 01 27 1 99999 99999 99999 99999 99999 99999 99999 99999 99999 99999 99999 99999
TBILIS 1965 01 27 2 99999 99999 99999 99999 99999 99999 99999 99999 99999 99999 99999 99999
TBILIS 1965 01 28 1 99999 99999 99999 99999 99999 99999 99999 99999 99999 99999 99999 99999
TBILIS 1965 01 28 2 99999 99999 99999 99999 99999 99999 99999 99999 99999 99999 99999 99999
TBILIS 1965 01 29 1 99999 99999 99999 99999 99999 99999 99999 99999 99999 99999 99999 99999
TBILIS 1965 01 29 2 99999 99999  1650  1652  1660  1640  1644  1644  1640  1672  1648  1656
TBILIS 1965 01 30 1  1656  1650  1646  1666  1662  1678  1652  1648  1648  1642  1676  1652
TBILIS 1965 01 30 2  1648  1648  1654  1648  1636  1660  1672  1636  1660  1648  1640  1634
TBILIS 1965 01 31 1  1620  1642  1652  1644  1634  1674  1674  1664  1638  1648  1634  1634
TBILIS 1965 01 31 2  1634  1672  1658  1642  1666  1646  1634  1644  1636  1634  1640  1640
Cosmic-Ray Neutron Monitor Data (Hourly, Pressure-Corrected and Scale-Adjusted Counts)
Collections: WDC for Cosmic Rays, Solar-Terrestrial Environment Laboratory, Nagoya Univ.
Data Access: http://center.stelab.nagoya-u.ac.jp/WDCCR/index.html
Project: ICSU WDC
Citation: WDC for Cosmic Rays, Solar-Terrestrial Environment Laboratory, Nagoya University
Station ID: TBILIS
Station:  TBILISI,GIORGIA,INSTITUT GEOPHYSIKY (IG), GIORGIAN ACADEMY OF SCIENCES,GIORGIA 
Instrument: IGY NEUTRON MONITOR, CORRECTED FOR PRESSURE TO 950.0 MB, COEF. =                
Latitude (deg.):   41.72  Longitude (deg.):   44.80  Altitude (m):  510.00
Cut-Off Rigidity (GV):    6.91
Year: 1965  Month:   2
Scaling Factor (SF):    10.0   Constant (CONST):     0.0  Real Counts = (DATA + CONST)*SF
Temporal Resolution: 1 hour
UTC Start Hour:     0.0
                                                                                
                                                        
Monthly Average:  1641.2
Updated (YYYY MM DD): 2000 00 00
*******************************************************************************************
ID     YYYY MM DD 1     0     1     2     3     4     5     6     7     8     9    10    11
ID     YYYY MM DD 2    12    13    14    15    16    17    18    19    20    21    22    23
*******************************************************************************************
TBILIS 1965 02 01 1  1688  1682  1670  1664  1662  1658  1660  1640  1634  1640  1648  1630
TBILIS 1965 02 01 2  1640  1640  1644  1648  1650  1650  1654  1650  1654  1652  1640  1632
TBILIS 1965 02 02 1  1632  1628  1642  1662  1660  1640  1618  1646  1640  1660  1636  1642
TBILIS 1965 02 02 2  1634  1642  1652  1648  1632  1626  1640  1614  1642  1648  1640  1676
TBILIS 1965 02 03 1  1650  1650  1650  1666  1670  1660  1634  1638  1630  1606  1634  1632
TBILIS 1965 02 03 2  1654  1640  1632  1628  1624  1618  1628  1640  1620  1624  1636  1644
TBILIS 1965 02 04 1  1624  1644  1642  1640  1644  1648  1646  1646  1642  1622  1598  1598
TBILIS 1965 02 04 2  1632  1622  1636  1642  1640  1644  1624  1644  1640  1644  1642  1620
TBILIS 1965 02 05 1  1626  1628  1630  1624  1632  1632  1630  1640  1650  1642  1638  1644
TBILIS 1965 02 05 2  1626  1636  1642  1634  1622  1650  1638  1642  1656  1636  1658  1658
TBILIS 1965 02 06 1  1664  1670 99999 99999  1696 99999 99999 99999 99999 99999  1686  1670
TBILIS 1965 02 06 2  1670  1678  1684  1666  1660  1656  1658  1652  1636  1630  1640  1614
TBILIS 1965 02 07 1  1644  1652  1650  1652  1644  1652  1646  1652  1650  1634  1626  1666
TBILIS 1965 02 07 2  1610  1608  1658  1648  1628  1654  1650  1648  1658  1662  1648  1660
TBILIS 1965 02 08 1  1648  1658  1640  1648 99999 99999 99999 99999  1622  1604 99999 99999
TBILIS 1965 02 08 2 99999 99999 99999 99999 99999 99999  1630  1626  1630  1620  1626  1624
TBILIS 1965 02 09 1 99999 99999  1636  1634  1610  1620  1630  1624  1640  1636 99999 99999
TBILIS 1965 02 09 2 99999 99999 99999 99999 99999 99999 99999 99999 99999 99999 99999 99999
TBILIS 1965 02 10 1 99999 99999 99999 99999 99999 99999 99999 99999  1630  1622  1636  1636
TBILIS 1965 02 10 2  1634  1634  1620  1624  1638  1638  1634  1634  1646  1646  1650  1650
TBILIS 1965 02 11 1  1642  1642  1620  1620  1622  1622  1640  1640  1636  1636  1630  1626
TBILIS 1965 02 11 2  1634  1634  1634  1636  1628  1634  1634  1634  1634  1630 99999 99999
TBILIS 1965 02 12 1  1638  1634  1650  1650  1628  1626  1650  1650  1640  1638  1638  1638
TBILIS 1965 02 12 2  1646  1654  1648  1662  1638  1648  1630  1634  1634  1636  1602  1600
TBILIS 1965 02 13 1  1624  1622  1638  1644  1630  1640  1640  1640  1638  1640 99999 99999
TBILIS 1965 02 13 2  1626  1620  1648  1648  1636  1628  1658  1648  1638  1636  1630  1632
TBILIS 1965 02 14 1  1642  1642  1646  1640  1628  1624  1648  1644  1644  1636  1650  1648
TBILIS 1965 02 14 2  1652  1652  1624  1632  1640  1640 99999 99999  1614  1620  1622  1626
TBILIS 1965 02 15 1 99999 99999  1630  1634  1628  1634  1618  1620  1640  1640  1652  1660
TBILIS 1965 02 15 2  1634  1634  1636  1646  1658  1664  1648  1652 99999 99999  1640  1640
TBILIS 1965 02 16 1  1648  1648  1644  1648  1652  1658  1660  1660  1640  1640  1650  1650
TBILIS 1965 02 16 2  1660  1662  1636  1640  1650  1654  1636  1638  1650  1650  1634  1632
TBILIS 1965 02 17 1  1672  1666  1636  1634 99999 99999  1648  1644  1646  1630  1646  1640
TBILIS 1965 02 17 2  1644  1644  1644  1642  1634  1636  1642  1648  1644  1640  1614  1614
TBILIS 1965 02 18 1  1642  1660  1670  1670  1672  1670  1648  1644  1642  1638  1634  1632
TBILIS 1965 02 18 2  1650  1666  1658  1650  1640  1640  1644  1644  1640  1644  1634  1634
TBILIS 1965 02 19 1  1638  1640  1660  1666  1662  1664  1642  1642  1658  1644  1644  1648
TBILIS 1965 02 19 2  1644  1642  1668  1636  1686  1686  1688  1666  1682  1688  1670  1668
TBILIS 1965 02 20 1  1668  1650  1644  1672 99999  1660  1650  1640  1636  1640  1666  1612
TBILIS 1965 02 20 2  1634  1640  1642  1652  1660  1650  1644  1646  1634  1656  1660  1644
TBILIS 1965 02 21 1  1660  1652  1648  1658  1648  1640  1648  1650  1664  1620  1640  1652
TBILIS 1965 02 21 2  1646  1644  1646  1640  1634  1650  1630  1642  1630  1640  1640  1636
TBILIS 1965 02 22 1  1634  1638  1660  1650  1632  1614  1644  1636  1638  1638  1614  1646
TBILIS 1965 02 22 2  1634  1644  1640  1644  1622  1610  1644  1630  1630  1634  1640  1630
TBILIS 1965 02 23 1  1626 99999 99999 99999 99999 99999 99999 99999 99999 99999 99999 99999
TBILIS 1965 02 23 2 99999 99999 99999 99999 99999 99999 99999 99999 99999 99999 99999 99999
TBILIS 1965 02 24 1 99999 99999 99999 99999 99999 99999 99999 99999 99999 99999 99999 99999
TBILIS 1965 02 24 2  1634  1652  1640  1648  1630  1648  1634  1642  1634  1638  1628  1640
TBILIS 1965 02 25 1  1642  1660  1632  1618  1656  1684  1664  1666 99999 99999 99999 99999
TBILIS 1965 02 25 2 99999 99999 99999 99999  1650  1648  1648  1666  1646  1638  1654  1626
TBILIS 1965 02 26 1  1626  1642  1636  1648  1644  1630  1652  1612  1630  1622  1636  1640
TBILIS 1965 02 26 2  1618  1620  1634  1630  1632  1620  1650  1640  1632  1648  1638  1638
TBILIS 1965 02 27 1  1638  1634  1640  1648  1648  1642  1640  1618  1630  1632  1646  1642
TBILIS 1965 02 27 2  1644  1626  1622  1632  1634  1634  1626  1630  1624  1624  1658  1638
TBILIS 1965 02 28 1  1658  1656  1658  1632  1640  1630  1642  1600  1622  1618  1610  1620
TBILIS 1965 02 28 2  1628  1620  1642  1628  1636  1634  1638  1656  1652  1638  1650  1552
TBILIS 1965 02 29 1 99999 99999 99999 99999 99999 99999 99999 99999 99999 99999 99999 99999
TBILIS 1965 02 29 2 99999 99999 99999 99999 99999 99999 99999 99999 99999 99999 99999 99999
TBILIS 1965 02 30 1 99999 99999 99999 99999 99999 99999 99999 99999 99999 99999 99999 99999
TBILIS 1965 02 30 2 99999 99999 99999 99999 99999 99999 99999 99999 99999 99999 99999 99999
TBILIS 1965 02 31 1 99999 99999 99999 99999 99999 99999 99999 99999 99999 99999 99999 99999
TBILIS 1965 02 31 2 99999 99999 99999 99999 99999 99999 99999 99999 99999 99999 99999 99999
Cosmic-Ray Neutron Monitor Data (Hourly, Pressure-Corrected and Scale-Adjusted Counts)
Collections: WDC for Cosmic Rays, Solar-Terrestrial Environment Laboratory, Nagoya Univ.
Data Access: http://center.stelab.nagoya-u.ac.jp/WDCCR/index.html
Project: ICSU WDC
Citation: WDC for Cosmic Rays, Solar-Terrestrial Environment Laboratory, Nagoya University
Station ID: TBILIS
Station:  TBILISI,GIORGIA,INSTITUT GEOPHYSIKY (IG), GIORGIAN ACADEMY OF SCIENCES,GIORGIA 
Instrument: IGY NEUTRON MONITOR, CORRECTED FOR PRESSURE TO 950.0 MB, COEF. =                
Latitude (deg.):   41.72  Longitude (deg.):   44.80  Altitude (m):  510.00
Cut-Off Rigidity (GV):    6.91
Year: 1965  Month:   3
Scaling Factor (SF):    10.0   Constant (CONST):     0.0  Real Counts = (DATA + CONST)*SF
Temporal Resolution: 1 hour
UTC Start Hour:     0.0
                                                                                
                                                        
Monthly Average:  1648.7
Updated (YYYY MM DD): 2000 00 00
*******************************************************************************************
ID     YYYY MM DD 1     0     1     2     3     4     5     6     7     8     9    10    11
ID     YYYY MM DD 2    12    13    14    15    16    17    18    19    20    21    22    23
*******************************************************************************************
TBILIS 1965 03 01 1  1654  1632  1656  1648  1650  1656  1640  1644  1640  1636  1642  1620
TBILIS 1965 03 01 2  1648  1656  1652  1552  1660  1640  1666  1692  1686  1682 99999  1702
TBILIS 1965 03 02 1  1666 99999  1694 99999  1688  1660  1700  1682  1624  1602  1594  1608
TBILIS 1965 03 02 2  1622  1634 99999  1664  1632  1640  1634  1614  1604  1610  1616  1620
TBILIS 1965 03 03 1  1634  1624  1618  1632  1636  1634  1624  1610  1608  1608  1602  1632
TBILIS 1965 03 03 2  1628  1610  1632  1634  1640  1644  1626  1628  1666  1648  1656  1642
TBILIS 1965 03 04 1  1644  1648  1632  1648  1650  1634  1644  1616  1630  1632  1648  1650
TBILIS 1965 03 04 2  1638  1644  1652  1650  1656  1644  1648  1646  1626  1660  1658  1650
TBILIS 1965 03 05 1  1660  1650  1660  1660  1646  1644  1668  1644  1634  1628  1632  1648
TBILIS 1965 03 05 2  1634  1622  1628  1620  1632  1642  1624  1660  1640  1636  1634  1610
TBILIS 1965 03 06 1  1640  1634  1654  1636  1620  1644  1638  1634  1620  1620  1622  1634
TBILIS 1965 03 06 2  1634  1632  1646  1648  1632  1628  1610  1652  1640  1632  1666  1648
TBILIS 1965 03 07 1  1658  1650  1646  1666  1648  1650  1652  1630  1644  1616  1620  1640
TBILIS 1965 03 07 2  1634  1642  1624  1618  1634  1636  1642  1624  1626  1648  1620  1634
TBILIS 1965 03 08 1  1638  1648  1636  1610  1646  1628  1640  1640  1654  1662  1642  1672
TBILIS 1965 03 08 2  1666  1632  1608  1604  1664  1650  1672 99999  1664  1668  1672  1652
TBILIS 1965 03 09 1  1640  1640  1650  1636  1638  1640  1634  1648  1634  1640  1630  1640
TBILIS 1965 03 09 2  1654  1634  1634  1628  1652  1628  1632  1678  1658  1658  1642  1640
TBILIS 1965 03 10 1  1622  1650  1670  1640  1648  1648  1666  1648  1640  1634  1660  1638
TBILIS 1965 03 10 2  1628  1654  1654  1628  1640  1652  1642  1622  1628  1652  1620  1634
TBILIS 1965 03 11 1  1634  1662  1640  1666  1656  1652  1642  1638  1646  1640  1612 99999
TBILIS 1965 03 11 2  1626  1620  1628  1640  1648  1634  1672  1668  1660  1678  1682  1672
TBILIS 1965 03 12 1  1674  1676  1700  1702  1676  1678  1640  1652  1660  1656  1650  1632
TBILIS 1965 03 12 2  1650  1624  1640  1644  1630  1672  1656  1666  1646  1644  1662  1670
TBILIS 1965 03 13 1  1656  1626  1660  1660  1640  1640  1652  1662  1636  1648  1664  1656
TBILIS 1965 03 13 2  1672  1664  1682  1652 99999  1668  1674  1688  1672  1660  1660  1656
TBILIS 1965 03 14 1  1668  1650  1650  1670  1644  1662  1660  1634  1672  1650  1662  1670
TBILIS 1965 03 14 2  1668  1660  1670  1660  1684  1698  1694  1636  1666  1640  1648  1674
TBILIS 1965 03 15 1  1676  1662  1678  1664  1660  1652  1644  1642  1640  1648  1662  1670
TBILIS 1965 03 15 2  1640  1666  1652  1640  1622  1652  1660  1666  1642  1662  1624  1622
TBILIS 1965 03 16 1  1670  1660  1634  1666  1670  1644  1672  1658  1650  1662  1670  1624
TBILIS 1965 03 16 2  1640  1632  1652  1674  1656  1658  1638  1674  1648  1672  1660  1660
TBILIS 1965 03 17 1  1658  1682  1646  1648  1646  1640  1664  1640  1648  1648  1648  1668
TBILIS 1965 03 17 2  1616  1626  1644  1648  1638  1646  1644 99999  1642  1654  1634  1646
TBILIS 1965 03 18 1  1648  1660  1660  1648  1638  1680  1676  1642  1634  1626  1644  1658
TBILIS 1965 03 18 2  1644  1648  1634  1634  1650  1642  1642  1648  1652  1644  1678  1652
TBILIS 1965 03 19 1  1674  1648  1660  1666  1654  1632  1644  1644  1640  1634  1642  1644
TBILIS 1965 03 19 2  1652  1630  1634  1640  1630  1630  1604  1612  1638  1658  1640  1634
TBILIS 1965 03 20 1  1634  1620  1640  1644  1644  1636  1652  1652  1654  1648  1660  1640
TBILIS 1965 03 20 2  1664  1660  1634  1652 99999  1652  1658  1652  1644  1646  1660  1650
TBILIS 1965 03 21 1  1660  1640  1660  1664  1686  1648  1658  1640  1646  1656  1658  1676
TBILIS 1965 03 21 2  1650  1634  1632  1660  1664  1658  1676  1640  1658  1652  1642  1644
TBILIS 1965 03 22 1  1640  1646  1660  1628  1660  1652  1650  1648  1646  1642  1662  1634
TBILIS 1965 03 22 2  1650  1622  1656  1646  1644  1660  1656  1652  1652  1624  1620  1628
TBILIS 1965 03 23 1  1622  1640  1632  1626  1644  1636  1628  1640  1654  1628  1634  1618
TBILIS 1965 03 23 2  1624  1612  1638  1640  1634  1634  1636  1646  1634  1648  1648  1644
TBILIS 1965 03 24 1  1640  1664  1634  1634  1634  1658  1660  1640  1654  1642  1650  1650
TBILIS 1965 03 24 2  1664  1666  1640  1648  1654  1652  1640  1650  1640  1642  1624  1628
TBILIS 1965 03 25 1  1664  1648  1644  1646  1672  1654  1652  1648  1666  1656  1660  1650
TBILIS 1965 03 25 2  1646  1636  1640  1660  1648  1656  1648  1622  1648  1626  1608  1628
TBILIS 1965 03 26 1  1648  1652  1650  1650  1652  1660  1648  1660  1686  1666  1642  1640
TBILIS 1965 03 26 2  1642  1644  1652  1648  1654  1648  1648  1644  1660  1644  1624  1648
TBILIS 1965 03 27 1  1650  1644  1656  1656  1640  1648  1642 99999  1636  1666  1634 99999
TBILIS 1965 03 27 2  1664  1680  1676  1656  1660  1644  1662  1648  1652  1658  1626  1630
TBILIS 1965 03 28 1  1644  1644  1654  1644  1640  1634  1650  1648  1640  1684  1652  1656
TBILIS 1965 03 28 2  1654  1654  1674  1678  1660  1670  1692  1660  1662  1654  1666  1666
TBILIS 1965 03 29 1  1690  1684  1690  1706  1690  1682  1686  1682 99999 99999  1656  1652
TBILIS 1965 03 29 2  1674  1674  1660  1664  1646  1650  1666  1696  1700  1688  1666  1692
TBILIS 1965 03 30 1  1670  1672  1648  1686  1668  1666  1658  1646  1672  1668  1648  1640
TBILIS 1965 03 30 2  1656  1656  1654  1654  1648  1664  1644  1682 99999 99999  1672  1656
TBILIS 1965 03 31 1  1666  1684  1672  1660  1684  1660  1680  1680  1668  1640  1640  1660
TBILIS 1965 03 31 2  1688  1680  1660  1640  1658  1650  1628  1652  1666  1642  1664  1662
Cosmic-Ray Neutron Monitor Data (Hourly, Pressure-Corrected and Scale-Adjusted Counts)
Collections: WDC for Cosmic Rays, Solar-Terrestrial Environment Laboratory, Nagoya Univ.
Data Access: http://center.stelab.nagoya-u.ac.jp/WDCCR/index.html
Project: ICSU WDC
Citation: WDC for Cosmic Rays, Solar-Terrestrial Environment Laboratory, Nagoya University
Station ID: TBILIS
Station:  TBILISI,GIORGIA,INSTITUT GEOPHYSIKY (IG), GIORGIAN ACADEMY OF SCIENCES,GIORGIA 
Instrument: IGY NEUTRON MONITOR, CORRECTED FOR PRESSURE TO 950.0 MB, COEF. =                
Latitude (deg.):   41.72  Longitude (deg.):   44.80  Altitude (m):  510.00
Cut-Off Rigidity (GV):    6.91
Year: 1965  Month:   4
Scaling Factor (SF):    10.0   Constant (CONST):     0.0  Real Counts = (DATA + CONST)*SF
Temporal Resolution: 1 hour
UTC Start Hour:     0.0
                                                                                
                                                        
Monthly Average:  1636.9
Updated (YYYY MM DD): 2000 00 00
*******************************************************************************************
ID     YYYY MM DD 1     0     1     2     3     4     5     6     7     8     9    10    11
ID     YYYY MM DD 2    12    13    14    15    16    17    18    19    20    21    22    23
*******************************************************************************************
TBILIS 1965 04 01 1  1658  1666  1656  1672  1666  1656  1658  1656  1652  1648  1650  1652
TBILIS 1965 04 01 2  1660  1666  1668  1654  1662  1660  1640  1642  1656  1642  1640  1660
TBILIS 1965 04 02 1  1654  1670  1682  1684  1676  1674  1660  1652  1652  1676  1666  1672
TBILIS 1965 04 02 2  1662  1676  1682  1684  1668  1664  1674  1686  1688  1688  1694  1694
TBILIS 1965 04 03 1  1692  1688  1684  1678  1676  1668  1666  1658  1664  1666  1668  1680
TBILIS 1965 04 03 2  1662  1682  1676  1680  1672  1676  1682  1688  1686  1684  1698  1694
TBILIS 1965 04 04 1  1692  1690  1698  1700  1694  1690  1690  1698  1698  1682  1680  1686
TBILIS 1965 04 04 2  1690  1696  1682  1708  1706  1696  1722  1712  1712  1718 99999 99999
TBILIS 1965 04 05 1 99999 99999 99999 99999  1710  1694  1686  1684  1680  1688  1688  1682
TBILIS 1965 04 05 2  1688  1680  1696  1668  1682  1706  1704  1716  1710  1712  1730  1720
TBILIS 1965 04 06 1  1702  1700  1700  1708  1692  1688  1694  1682  1692  1688  1678  1676
TBILIS 1965 04 06 2  1694  1682  1678  1674  1684  1690  1700  1716  1688  1680  1678  1690
TBILIS 1965 04 07 1  1684  1700  1688  1704 99999 99999  1700  1696  1682  1688  1688  1686
TBILIS 1965 04 07 2  1688  1682  1708  1710  1692  1694  1708  1702  1690  1688  1688  1694
TBILIS 1965 04 08 1  1670  1678  1698  1698  1672  1684  1670  1668  1684  1674  1676  1676
TBILIS 1965 04 08 2  1684  1682  1694  1676  1702  1678  1692  1688  1674  1674  1680  1680
TBILIS 1965 04 09 1  1692  1688  1700  1706  1700  1706  1700  1700  1700  1704  1694  1684
TBILIS 1965 04 09 2  1642  1654  1664  1662  1660  1666  1678  1674  1666 99999 99999 99999
TBILIS 1965 04 10 1 99999 99999 99999  1680  1674  1664  1672  1660  1666  1660  1668  1650
TBILIS 1965 04 10 2  1658  1660  1666  1656  1682  1672  1680  1686  1676  1676  1680  1678
TBILIS 1965 04 11 1  1678  1682  1674  1682  1668  1690  1676  1652  1642  1656  1678  1692
TBILIS 1965 04 11 2  1696  1700  1700  1672  1666  1666  1658  1666  1666  1678  1672  1654
TBILIS 1965 04 12 1  1672  1674  1658  1670  1676  1678  1646  1650  1648  1648  1660  1654
TBILIS 1965 04 12 2  1660  1654  1660  1666  1656  1666  1674  1658  1670  1672  1672  1664
TBILIS 1965 04 13 1  1640  1640  1660  1666  1658  1652  1666  1670  1674  1670  1666  1678
TBILIS 1965 04 13 2  1680  1680  1666  1702  1652  1648  1650  1660  1662  1672  1660  1670
TBILIS 1965 04 14 1  1656  1664  1688  1688  1656  1656  1662  1658  1650  1666  1674  1648
TBILIS 1965 04 14 2  1662  1656  1656  1662  1666  1666  1668  1666  1672  1666  1646  1652
TBILIS 1965 04 15 1  1660  1664  1666  1660  1660  1650  1650  1650  1648  1650  1652  1658
TBILIS 1965 04 15 2  1656  1668  1660  1658  1668  1670  1672  1658  1660  1682  1682  1678
TBILIS 1965 04 16 1  1688  1678  1686  1674  1670  1666  1664  1662  1664  1652  1626  1646
TBILIS 1965 04 16 2  1644  1646  1642  1640  1648  1640  1628  1644  1638  1640  1634  1636
TBILIS 1965 04 17 1  1614  1616  1616  1634  1640  1640  1662  1626 99999  1638  1620  1608
TBILIS 1965 04 17 2  1596  1616  1640  1620  1634  1640  1642  1622  1620  1616  1618  1622
TBILIS 1965 04 18 1  1622  1616  1608  1618  1634  1632  1660  1654  1658  1648  1656  1632
TBILIS 1965 04 18 2 99999 99999 99999 99999  1632  1616  1604  1604  1594  1620  1604  1600
TBILIS 1965 04 19 1  1588  1594  1580  1586  1606  1620  1606  1600  1600  1594  1580  1580
TBILIS 1965 04 19 2  1600  1600  1606  1602  1610  1612  1618  1620  1614  1612  1610  1600
TBILIS 1965 04 20 1  1608  1604  1598  1604  1604  1622  1632  1636  1636  1634  1608  1620
TBILIS 1965 04 20 2  1620  1624  1620  1624  1632  1642  1644  1644  1636  1630  1634  1616
TBILIS 1965 04 21 1  1618  1628  1614  1624  1614  1612  1612  1610  1606  1600  1604  1584
TBILIS 1965 04 21 2  1588  1588  1590  1570  1558  1546  1550  1544  1540  1532  1534  1524
TBILIS 1965 04 22 1  1526  1530  1522  1522  1522  1518  1526  1540  1530  1532  1536  1532
TBILIS 1965 04 22 2  1530  1538  1536  1526  1530  1536  1530  1534  1522  1518  1518  1526
TBILIS 1965 04 23 1  1512  1514  1502  1506 99999 99999 99999 99999 99999 99999 99999 99999
TBILIS 1965 04 23 2 99999 99999 99999 99999 99999 99999 99999 99999 99999 99999 99999 99999
TBILIS 1965 04 24 1  1510  1526  1510  1526  1536  1548  1540  1538  1546  1546  1552  1554
TBILIS 1965 04 24 2  1548  1516  1530  1528  1522 99999  1530  1540  1544  1548  1538  1544
TBILIS 1965 04 25 1  1528  1530  1530  1528  1546  1566  1554  1554  1546  1548  1550  1546
TBILIS 1965 04 25 2  1548  1546  1532  1524  1526  1530  1544  1550  1646  1626  1530  1520
TBILIS 1965 04 26 1  1526  1510  1514  1526  1524  1540  1548  1554  1560  1572  1590  1572
TBILIS 1965 04 26 2  1588  1554  1564  1556  1558  1556  1566  1552  1648  1566  1568  1550
TBILIS 1965 04 27 1  1540  1548  1560  1558  1568 99999 99999 99999 99999 99999 99999 99999
TBILIS 1965 04 27 2 99999 99999 99999 99999 99999 99999 99999 99999 99999 99999  1590  1588
TBILIS 1965 04 28 1  1606  1605  1590  1570  1590  1592  1586  1590  1600  1596  1600  1616
TBILIS 1965 04 28 2  1624  1610  1612  1620  1622  1610  1610  1604  1602  1610  1622  1624
TBILIS 1965 04 29 1  1616  1632  1628  1628  1640  1632  1630  1632  1644  1620  1620  1624
TBILIS 1965 04 29 2  1644  1634  1654  1648  1634  1610  1634  1650  1626  1636  1638  1628
TBILIS 1965 04 30 1 99999 99999 99999 99999 99999 99999 99999 99999 99999 99999 99999 99999
TBILIS 1965 04 30 2 99999 99999 99999 99999 99999 99999 99999 99999 99999 99999 99999 99999
TBILIS 1965 04 31 1 99999 99999 99999 99999 99999 99999 99999 99999 99999 99999 99999 99999
TBILIS 1965 04 31 2 99999 99999 99999 99999 99999 99999 99999 99999 99999 99999 99999 99999
Cosmic-Ray Neutron Monitor Data (Hourly, Pressure-Corrected and Scale-Adjusted Counts)
Collections: WDC for Cosmic Rays, Solar-Terrestrial Environment Laboratory, Nagoya Univ.
Data Access: http://center.stelab.nagoya-u.ac.jp/WDCCR/index.html
Project: ICSU WDC
Citation: WDC for Cosmic Rays, Solar-Terrestrial Environment Laboratory, Nagoya University
Station ID: TBILIS
Station:  TBILISI,GIORGIA,INSTITUT GEOPHYSIKY (IG), GIORGIAN ACADEMY OF SCIENCES,GIORGIA 
Instrument: IGY NEUTRON MONITOR, CORRECTED FOR PRESSURE TO 950.0 MB, COEF. =                
Latitude (deg.):   41.72  Longitude (deg.):   44.80  Altitude (m):  510.00
Cut-Off Rigidity (GV):    6.91
Year: 1965  Month:   5
Scaling Factor (SF):    10.0   Constant (CONST):     0.0  Real Counts = (DATA + CONST)*SF
Temporal Resolution: 1 hour
UTC Start Hour:     0.0
                                                                                
                                                        
Monthly Average:  1614.0
Updated (YYYY MM DD): 2000 00 00
*******************************************************************************************
ID     YYYY MM DD 1     0     1     2     3     4     5     6     7     8     9    10    11
ID     YYYY MM DD 2    12    13    14    15    16    17    18    19    20    21    22    23
*******************************************************************************************
TBILIS 1965 05 01 1  1622  1626  1629  1620  1628  1626  1616  1616  1600  1610  1600  1622
TBILIS 1965 05 01 2  1634  1648 99999 99999 99999 99999 99999 99999 99999 99999 99999 99999
TBILIS 1965 05 02 1 99999 99999 99999 99999 99999 99999 99999 99999  1620  1614  1612  1620
TBILIS 1965 05 02 2  1632  1608  1606  1606  1606  1604  1610  1610  1604  1616  1610  1610
TBILIS 1965 05 03 1  1604  1610  1620  1610  1614  1612  1622  1616  1620  1620  1614  1606
TBILIS 1965 05 03 2  1620  1620  1616  1628 99999 99999 99999 99999 99999 99999 99999 99999
TBILIS 1965 05 04 1 99999 99999 99999 99999 99999 99999 99999 99999 99999 99999 99999 99999
TBILIS 1965 05 04 2 99999 99999 99999 99999 99999 99999 99999 99999 99999 99999 99999 99999
TBILIS 1965 05 05 1 99999  1606  1610  1620  1620  1620  1600  1604  1640  1638  1646  1646
TBILIS 1965 05 05 2  1636  1640  1624  1628  1660  1648  1632  1630  1630  1620  1644  1626
TBILIS 1965 05 06 1  1640  1656  1660  1649  1654  1640  1644  1622  1610  1632  1616  1626
TBILIS 1965 05 06 2  1644  1650  1640  1632  1650  1636  1660  1628  1640  1614  1634  1618
TBILIS 1965 05 07 1  1634  1604  1634  1622  1626  1644  1628  1629  1624  1628  1636  1608
TBILIS 1965 05 07 2  1634  1622  1620  1632  1634  1638  1632  1626  1612  1638  1634  1642
TBILIS 1965 05 08 1  1606  1616  1616  1632  1648  1640  1616  1620  1626  1636  1638  1650
TBILIS 1965 05 08 2  1620  1642  1649  1640  1632  1636  1614  1646  1636  1622  1626  1656
TBILIS 1965 05 09 1  1640  1640  1624  1640  1632  1634  1636  1632  1626  1620  1620  1616
TBILIS 1965 05 09 2  1630  1626  1628  1640  1636  1630  1642  1634  1638  1634  1632  1630
TBILIS 1965 05 10 1  1640  1628  1626  1634  1642  1628  1622  1636  1652  1622  1636  1634
TBILIS 1965 05 10 2  1618  1640  1630  1630  1648  1622  1606  1612  1616  1626  1634  1620
TBILIS 1965 05 11 1  1622  1634  1638  1624  1634  1648  1628  1640  1616  1620  1646  1622
TBILIS 1965 05 11 2  1632  1564  1664  1634  1636  1622  1618  1630  1646  1620  1626  1616
TBILIS 1965 05 12 1  1626  1620  1642  1638  1646  1626  1650  1638  1652  1642  1642  1646
TBILIS 1965 05 12 2  1606  1622  1630  1632  1638  1626  1634  1662  1660  1640  1646  1638
TBILIS 1965 05 13 1  1628  1644  1618  1660  1648  1634  1628  1640  1636  1644  1628  1638
TBILIS 1965 05 13 2  1622  1658  1636  1642  1612  1620  1620  1636  1642  1634  1622  1614
TBILIS 1965 05 14 1  1626  1642  1652  1648  1632  1638  1626  1618  1666  1642  1644  1644
TBILIS 1965 05 14 2  1648  1656  1664  1648  1630  1628  1626 99999 99999 99999 99999 99999
TBILIS 1965 05 15 1 99999 99999 99999 99999 99999 99999 99999 99999 99999 99999 99999 99999
TBILIS 1965 05 15 2 99999 99999 99999 99999 99999 99999 99999 99999 99999 99999 99999 99999
TBILIS 1965 05 16 1 99999 99999 99999 99999 99999 99999 99999 99999 99999  1612  1624  1638
TBILIS 1965 05 16 2  1648  1630  1626  1630  1622  1602  1604  1612  1596  1620  1604  1598
TBILIS 1965 05 17 1  1610  1612  1604  1638  1602  1586  1610  1620  1618  1596  1622  1608
TBILIS 1965 05 17 2  1588  1610  1584  1610  1594  1590  1594  1608  1610  1610  1610  1614
TBILIS 1965 05 18 1  1620  1622  1620  1610  1620  1620  1610  1624  1620  1604  1598  1588
TBILIS 1965 05 18 2  1618  1612  1598  1606  1588  1600  1588  1600  1616  1610  1600  1600
TBILIS 1965 05 19 1  1620  1626  1616  1612  1622  1610  1598  1602  1604  1600  1600  1598
TBILIS 1965 05 19 2  1602  1600  1610  1622  1610  1616  1608  1612  1612  1620  1618  1624
TBILIS 1965 05 20 1  1618  1622  1630  1628  1626  1620  1602  1596  1594  1592  1610  1604
TBILIS 1965 05 20 2  1604  1596  1602  1600  1620  1600  1580  1594  1600  1612  1612  1602
TBILIS 1965 05 21 1  1608  1600  1598  1610  1606  1604  1628  1634  1624  1634  1626  1624
TBILIS 1965 05 21 2  1610  1604  1618  1606  1592  1592  1584  1594  1610  1624  1634  1606
TBILIS 1965 05 22 1  1630  1624  1640  1616  1604  1608  1608  1600  1608  1586  1616  1610
TBILIS 1965 05 22 2  1604  1594  1608  1602  1598  1594  1584  1600  1604  1606  1582  1590
TBILIS 1965 05 23 1  1594  1600  1608  1600  1584  1586  1588  1594  1568  1588  1580  1600
TBILIS 1965 05 23 2  1588  1584  1588  1588  1576  1578  1594  1602  1600  1592  1596  1596
TBILIS 1965 05 24 1  1598  1600  1592  1590  1588  1610  1608  1604  1606  1586  1582  1602
TBILIS 1965 05 24 2  1592  1602  1602  1610  1592  1590  1574  1588  1586  1600  1610  1620
TBILIS 1965 05 25 1  1614  1610  1612  1626  1614  1614  1618  1616  1604  1612  1610  1604
TBILIS 1965 05 25 2  1618  1608  1598  1608  1612  1604  1622  1610  1632  1632  1624  1624
TBILIS 1965 05 26 1  1638  1630  1618  1620  1628  1620  1630  1642  1632  1616  1632  1618
TBILIS 1965 05 26 2  1620  1614  1594  1602  1604  1620  1622  1620  1610  1610  1610  1620
TBILIS 1965 05 27 1  1600  1620  1624  1624  1618  1626  1598  1604  1588  1598  1588  1604
TBILIS 1965 05 27 2  1610  1620  1598  1602  1596  1600  1610  1594  1596  1588  1600  1596
TBILIS 1965 05 28 1  1614  1600  1598  1612  1612  1610  1606  1600  1600  1610  1616  1610
TBILIS 1965 05 28 2  1600  1594  1594  1598  1598  1604  1600  1602 99999 99999 99999 99999
TBILIS 1965 05 29 1  1580  1590  1582  1582  1598  1598  1604  1600  1576  1566  1588  1584
TBILIS 1965 05 29 2  1566  1568  1556  1560  1564  1574  1566  1560  1574  1584  1580  1574
TBILIS 1965 05 30 1  1584  1578  1576  1566  1586  1572  1572  1568  1574  1554  1564  1578
TBILIS 1965 05 30 2  1552  1560  1572  1554  1574  1572  1556  1556  1574  1564  1570  1566
TBILIS 1965 05 31 1  1564  1576  1582  1588 99999 99999 99999 99999  1564  1554  1570  1558
TBILIS 1965 05 31 2  1570  1570 99999 99999 99999 99999 99999 99999 99999 99999 99999 99999
Cosmic-Ray Neutron Monitor Data (Hourly, Pressure-Corrected and Scale-Adjusted Counts)
Collections: WDC for Cosmic Rays, Solar-Terrestrial Environment Laboratory, Nagoya Univ.
Data Access: http://center.stelab.nagoya-u.ac.jp/WDCCR/index.html
Project: ICSU WDC
Citation: WDC for Cosmic Rays, Solar-Terrestrial Environment Laboratory, Nagoya University
Station ID: TBILIS
Station:  TBILISI,GIORGIA,INSTITUT GEOPHYSIKY (IG), GIORGIAN ACADEMY OF SCIENCES,GIORGIA 
Instrument: IGY NEUTRON MONITOR, CORRECTED FOR PRESSURE TO 950.0 MB, COEF. =                
Latitude (deg.):   41.72  Longitude (deg.):   44.80  Altitude (m):  510.00
Cut-Off Rigidity (GV):    6.91
Year: 1965  Month:   6
Scaling Factor (SF):    10.0   Constant (CONST):     0.0  Real Counts = (DATA + CONST)*SF
Temporal Resolution: 1 hour
UTC Start Hour:     0.0
                                                                                
                                                        
Monthly Average:  1639.5
Updated (YYYY MM DD): 2000 00 00
*******************************************************************************************
ID     YYYY MM DD 1     0     1     2     3     4     5     6     7     8     9    10    11
ID     YYYY MM DD 2    12    13    14    15    16    17    18    19    20    21    22    23
*******************************************************************************************
TBILIS 1965 06 01 1 99999 99999 99999 99999 99999 99999 99999 99999 99999 99999 99999 99999
TBILIS 1965 06 01 2 99999 99999 99999 99999  1634  1646  1656  1642  1648  1642  1634  1630
TBILIS 1965 06 02 1  1634  1634  1626  1622  1620  1622  1644  1670  1674  1674  1674  1674
TBILIS 1965 06 02 2  1662  1652  1648  1652  1658  1656  1652  1660  1660  1656  1660  1660
TBILIS 1965 06 03 1  1650  1658  1666  1656  1652  1658  1656  1658  1648  1646  1648  1638
TBILIS 1965 06 03 2  1634  1636  1628  1624  1636  1642  1648  1648  1644  1654  1652  1648
TBILIS 1965 06 04 1  1646  1650  1650  1660  1662  1660  1648  1658  1636  1626  1640  1640
TBILIS 1965 06 04 2 99999 99999 99999 99999  1636  1642  1648  1658  1650  1644  1648  1640
TBILIS 1965 06 05 1  1640  1634  1634  1634  1534  1638  1636  1636  1624  1618  1620  1618
TBILIS 1965 06 05 2  1618  1620  1622  1620  1622  1624  1628  1624  1624  1634  1630  1630
TBILIS 1965 06 06 1  1636  1644  1642  1646  1640  1646  1640  1650  1664  1654  1660  1664
TBILIS 1965 06 06 2  1656  1654  1654  1652  1660  1655  1660  1660  1646  1654  1646  1642
TBILIS 1965 06 07 1  1648  1646  1640  1640  1636  1640  1626  1624 99999 99999  1640  1638
TBILIS 1965 06 07 2  1646  1646  1650  1654  1650  1652  1636  1624  1620  1626  1632  1630
TBILIS 1965 06 08 1  1630  1638  1640  1644  1652  1642  1634  1652  1656  1650  1652  1658
TBILIS 1965 06 08 2  1666  1660  1666  1672  1670  1666  1656  1666  1660  1666  1654  1656
TBILIS 1965 06 09 1  1662  1658  1658  1652  1640  1632  1640  1642  1642  1642 99999 99999
TBILIS 1965 06 09 2 99999 99999 99999 99999 99999 99999  1648  1638  1648  1666  1660  1660
TBILIS 1965 06 10 1  1660  1666  1678  1664  1656 99999  1654  1660  1668  1664  1662  1660
TBILIS 1965 06 10 2  1658  1666  1672  1658  1648  1658  1652  1662  1648  1650 99999 99999
TBILIS 1965 06 11 1 99999 99999  1624  1626  1614  1612 99999 99999 99999 99999 99999 99999
TBILIS 1965 06 11 2 99999 99999 99999 99999  1602  1614  1612  1620  1616  1624  1620  1620
TBILIS 1965 06 12 1  1610  1624  1632  1628  1628  1624  1638  1640  1628  1630  1634  1630
TBILIS 1965 06 12 2  1636  1652  1644  1626  1622  1634  1626  1628  1632  1630  1634  1634
TBILIS 1965 06 13 1  1634  1650  1646  1648  1662  1666  1686  1684  1670  1682  1688  1694
TBILIS 1965 06 13 2  1712 99999 99999 99999 99999 99999 99999 99999 99999 99999 99999 99999
TBILIS 1965 06 14 1 99999 99999 99999 99999  1666  1684  1674  1666  1666  1654  1656  1646
TBILIS 1965 06 14 2  1656  1664  1642  1660  1660  1666  1646 99999 99999 99999 99999 99999
TBILIS 1965 06 15 1 99999 99999  1630  1666  1678  1682  1700  1708  1708  1686  1692  1684
TBILIS 1965 06 15 2  1694  1702  1682  1680  1674  1682  1680  1678  1672  1670  1678  1668
TBILIS 1965 06 16 1  1650  1638  1656  1660  1648  1654  1642  1654  1658  1652  1662  1682
TBILIS 1965 06 16 2  1672  1684  1682  1670  1674  1674  1676  1684  1666  1660  1660  1666
TBILIS 1965 06 17 1  1676  1672  1676  1666  1662  1666  1680  1660  1668  1676 99999 99999
TBILIS 1965 06 17 2 99999 99999 99999 99999 99999 99999 99999 99999 99999 99999 99999 99999
TBILIS 1965 06 18 1 99999 99999 99999 99999 99999 99999 99999 99999  1660  1558  1660  1656
TBILIS 1965 06 18 2  1658  1646  1624  1532  1620  1628  1608  1610  1620  1618 99999 99999
TBILIS 1965 06 19 1  1610  1644  1620  1650  1646  1656  1656  1656  1654  1650  1650  1654
TBILIS 1965 06 19 2  1646  1648  1636  1648  1630  1626  1632  1630  1630  1640  1630  1626
TBILIS 1965 06 20 1  1634  1642  1630  1626  1620  1634  1634  1636  1622  1634  1628  1634
TBILIS 1965 06 20 2  1640  1628  1640  1642  1644  1640  1628  1640  1628  1622  1632  1620
TBILIS 1965 06 21 1  1632  1618  1620  1634  1634  1644  1650  1636  1620  1620  1612  1628
TBILIS 1965 06 21 2  1628  1634  1648  1658  1640  1620  1632  1622  1620  1644  1640  1648
TBILIS 1965 06 22 1  1632  1616  1608  1620  1610  1614  1634  1628  1620 99999 99999 99999
TBILIS 1965 06 22 2 99999  1634  1628  1632  1630  1624  1632  1624  1628  1618  1620  1628
TBILIS 1965 06 23 1  1628  1632  1624  1626  1622  1624  1626  1620  1624  1634  1638  1626
TBILIS 1965 06 23 2  1640  1630  1622  1628  1614  1520  1622  1622  1608  1620  1614  1610
TBILIS 1965 06 24 1  1618  1624  1622  1612  1618  1618  1622  1626  1628  1632  1630  1638
TBILIS 1965 06 24 2  1628  1624  1618  1618  1614  1618  1620  1624  1630  1618  1618  1620
TBILIS 1965 06 25 1  1628  1632  1626  1634  1642  1642  1648  1648  1640  1638  1636  1634
TBILIS 1965 06 25 2  1644  1632  1626  1630  1636  1648  1648 99999  1648  1644  1636  1646
TBILIS 1965 06 26 1  1634  1634 99999  1630  1624  1620  1604  1606  1610  1616  1616  1522
TBILIS 1965 06 26 2  1628  1628  1618  1626  1630  1630  1620  1628  1620  1620  1632  1622
TBILIS 1965 06 27 1  1618  1622  1620  1620  1622  1616  1612  1622  1622  1624  1622  1626
TBILIS 1965 06 27 2  1620  1628 99999 99999 99999 99999  1620  1616  1630  1620  1614  1620
TBILIS 1965 06 28 1  1626  1630  1628  1630  1636  1628  1624  1620  1620  1626  1628  1628
TBILIS 1965 06 28 2  1626  1620  1628  1634  1630  1628  1626  1626  1626  1620  1610  1618
TBILIS 1965 06 29 1  1614  1616  1624  1620  1624  1626  1618  1630  1640  1648  1644  1640
TBILIS 1965 06 29 2  1630  1636  1636  1640  1626  1626  1626  1624  1620  1616  1610  1620
TBILIS 1965 06 30 1  1612  1616  1624  1624  1624  1618  1620  1616  1630  1638  1632  1638
TBILIS 1965 06 30 2  1640  1640  1628  1628  1636  1646  1636  1642  1630  1630  1632  1624
TBILIS 1965 06 31 1 99999 99999 99999 99999 99999 99999 99999 99999 99999 99999 99999 99999
TBILIS 1965 06 31 2 99999 99999 99999 99999 99999 99999 99999 99999 99999 99999 99999 99999
Cosmic-Ray Neutron Monitor Data (Hourly, Pressure-Corrected and Scale-Adjusted Counts)
Collections: WDC for Cosmic Rays, Solar-Terrestrial Environment Laboratory, Nagoya Univ.
Data Access: http://center.stelab.nagoya-u.ac.jp/WDCCR/index.html
Project: ICSU WDC
Citation: WDC for Cosmic Rays, Solar-Terrestrial Environment Laboratory, Nagoya University
Station ID: TBILIS
Station:  TBILISI,GIORGIA,INSTITUT GEOPHYSIKY (IG), GIORGIAN ACADEMY OF SCIENCES,GIORGIA 
Instrument: IGY NEUTRON MONITOR, CORRECTED FOR PRESSURE TO 950.0 MB, COEF. =                
Latitude (deg.):   41.72  Longitude (deg.):   44.80  Altitude (m):  510.00
Cut-Off Rigidity (GV):    6.91
Year: 1965  Month:   7
Scaling Factor (SF):    10.0   Constant (CONST):     0.0  Real Counts = (DATA + CONST)*SF
Temporal Resolution: 1 hour
UTC Start Hour:     0.0
                                                                                
                                                        
Monthly Average:  1628.6
Updated (YYYY MM DD): 2000 00 00
*******************************************************************************************
ID     YYYY MM DD 1     0     1     2     3     4     5     6     7     8     9    10    11
ID     YYYY MM DD 2    12    13    14    15    16    17    18    19    20    21    22    23
*******************************************************************************************
TBILIS 1965 07 01 1  1622  1618  1628  1624  1628  1632  1630  1636  1626  1638  1616  1630
TBILIS 1965 07 01 2  1632  1636  1626  1630  1622  1636  1626  1612  1608  1610  1610  1612
TBILIS 1965 07 02 1  1616  1614  1620  1614  1616  1606  1614  1624  1620  1620  1620  1602
TBILIS 1965 07 02 2  1624  1618  1624  1620  1622  1626  1626  1622  1624  1620  1626  1630
TBILIS 1965 07 03 1  1628  1622  1620  1634  1628  1628  1620  1618  1612  1620  1620  1614
TBILIS 1965 07 03 2  1622  1628  1632  1636  1626  1626  1624  1618  1626  1624  1626  1628
TBILIS 1965 07 04 1  1632 99999 99999 99999 99999 99999 99999 99999  1632  1626  1636  1636
TBILIS 1965 07 04 2 99999 99999  1628  1634  1624  1636  1616  1620  1620  1614  1618  1616
TBILIS 1965 07 05 1  1620  1620  1626  1622 99999 99999 99999 99999  1636  1628  1624  1620
TBILIS 1965 07 05 2  1626  1626  1620  1640  1628  1628  1622  1616  1620  1624  1616  1620
TBILIS 1965 07 06 1  1626  1620  1632  1638  1628  1628  1630  1620 99999 99999 99999 99999
TBILIS 1965 07 06 2 99999 99999 99999 99999  1632  1632  1634  1622  1634  1632  1632  1628
TBILIS 1965 07 07 1  1616  1618  1622  1620  1626  1620  1632  1626  1632  1632  1640  1634
TBILIS 1965 07 07 2  1620  1616 99999 99999 99999 99999 99999  1636  1636  1634  1638  1636
TBILIS 1965 07 08 1  1646  1640  1642 99999 99999 99999 99999 99999 99999 99999  1634  1634
TBILIS 1965 07 08 2  1638  1632  1630  1624  1628  1632  1630  1632  1634  1634  1640  1634
TBILIS 1965 07 09 1  1634  1628  1622  1622  1628  1634  1634  1628  1628  1624  1628  1612
TBILIS 1965 07 09 2  1612  1614  1606  1614  1620  1624  1620  1630  1628  1620  1610  1618
TBILIS 1965 07 10 1  1620  1620  1628  1620  1624  1612  1616  1614  1514  1612  1606  1604
TBILIS 1965 07 10 2 99999 99999 99999 99999 99999 99999  1620  1620  1610  1614  1604  1600
TBILIS 1965 07 11 1  1610  1610  1624  1628  1630  1628  1622  1618  1612  1606  1614  1614
TBILIS 1965 07 11 2  1620  1622  1620  1624  1626  1624  1624  1624 99999 99999  1610  1610
TBILIS 1965 07 12 1  1614  1606  1610  1610  1618  1604  1604  1600  1612  1612  1610  1610
TBILIS 1965 07 12 2 99999 99999  1616  1620  1626  1640  1634  1626  1630  1616  1614  1624
TBILIS 1965 07 13 1  1634  1626  1620  1616  1624  1620 99999 99999  1632  1632  1628  1626
TBILIS 1965 07 13 2  1614  1504  1602  1610  1618  1620  1630  1634  1630  1626  1624  1626
TBILIS 1965 07 14 1  1626  1620  1622  1634  1628  1628 99999 99999 99999 99999 99999 99999
TBILIS 1965 07 14 2 99999 99999 99999 99999 99999 99999 99999 99999 99999 99999 99999 99999
TBILIS 1965 07 15 1  1636  1644  1638  1642  1648  1648  1646  1652  1650  1646  1644  1642
TBILIS 1965 07 15 2 99999 99999 99999 99999 99999  1634  1624  1650  1634  1628  1626  1628
TBILIS 1965 07 16 1  1632  1634 99999 99999 99999 99999 99999 99999 99999 99999 99999 99999
TBILIS 1965 07 16 2 99999 99999 99999 99999 99999 99999 99999 99999  1656  1660  1648  1648
TBILIS 1965 07 17 1  1646  1648  1660  1654  1654  1646  1648  1652  1644  1642  1636  1636
TBILIS 1965 07 17 2  1634  1642  1656  1646  1652  1652  1656  1648  1644  1646  1640  1642
TBILIS 1965 07 18 1 99999 99999 99999 99999 99999 99999  1660  1664  1660  1660  1654  1650
TBILIS 1965 07 18 2  1660  1662  1664  1666  1666  1666  1660  1662  1660  1662  1660  1660
TBILIS 1965 07 19 1  1660  1660  1660  1660  1656  1656  1656  1652  1654  1654  1648  1648
TBILIS 1965 07 19 2  1646  1648  1642  1644  1642  1648  1652  1656  1640  1642  1646  1640
TBILIS 1965 07 20 1  1642  1642 99999 99999 99999 99999  1670 99999 99999 99999 99999 99999
TBILIS 1965 07 20 2 99999 99999 99999 99999 99999 99999 99999 99999 99999 99999 99999 99999
TBILIS 1965 07 21 1 99999 99999 99999 99999 99999 99999 99999 99999 99999 99999 99999 99999
TBILIS 1965 07 21 2 99999 99999 99999 99999 99999 99999 99999 99999 99999 99999 99999 99999
TBILIS 1965 07 22 1 99999 99999 99999 99999 99999 99999 99999 99999 99999 99999 99999 99999
TBILIS 1965 07 22 2 99999 99999 99999 99999 99999 99999 99999 99999 99999 99999 99999 99999
TBILIS 1965 07 23 1 99999 99999 99999 99999 99999 99999 99999 99999 99999 99999 99999 99999
TBILIS 1965 07 23 2 99999 99999 99999 99999 99999 99999 99999 99999 99999 99999 99999 99999
TBILIS 1965 07 24 1 99999 99999 99999 99999 99999 99999 99999 99999 99999 99999 99999 99999
TBILIS 1965 07 24 2 99999 99999 99999 99999 99999 99999 99999 99999 99999 99999 99999 99999
TBILIS 1965 07 25 1 99999 99999 99999 99999 99999 99999 99999 99999 99999 99999 99999 99999
TBILIS 1965 07 25 2 99999 99999 99999 99999 99999 99999 99999 99999 99999 99999 99999 99999
TBILIS 1965 07 26 1 99999 99999 99999 99999 99999 99999 99999 99999 99999 99999 99999 99999
TBILIS 1965 07 26 2 99999 99999 99999 99999 99999 99999 99999 99999 99999 99999 99999 99999
TBILIS 1965 07 27 1 99999 99999 99999 99999 99999 99999 99999 99999 99999 99999 99999 99999
TBILIS 1965 07 27 2 99999  1644  1642  1640  1638  1646  1644  1636  1634  1640  1634  1636
TBILIS 1965 07 28 1  1634  1632  1632  1634  1634  1634  1636  1634  1628  1630  1628  1626
TBILIS 1965 07 28 2  1628  1626  1624  1626  1624  1626  1624  1620  1618  1620  1614  1616
TBILIS 1965 07 29 1  1614  1608  1610  1612  1608  1610  1610  1614  1608  1608  1602  1604
TBILIS 1965 07 29 2  1610  1610  1630  1626 99999  1634  1636  1634  1624  1638  1636  1634
TBILIS 1965 07 30 1  1624  1628  1634  1634  1638  1642  1642  1646  1636  1634  1640  1638
TBILIS 1965 07 30 2  1640  1634  1640  1634  1632  1634  1632  1634  1638  1628  1626  1620
TBILIS 1965 07 31 1  1630  1634  1632  1634 99999 99999 99999 99999 99999  1622  1620  1620
TBILIS 1965 07 31 2  1614  1620  1620  1616  1614  1612  1612  1610  1610  1610  1604  1604
Cosmic-Ray Neutron Monitor Data (Hourly, Pressure-Corrected and Scale-Adjusted Counts)
Collections: WDC for Cosmic Rays, Solar-Terrestrial Environment Laboratory, Nagoya Univ.
Data Access: http://center.stelab.nagoya-u.ac.jp/WDCCR/index.html
Project: ICSU WDC
Citation: WDC for Cosmic Rays, Solar-Terrestrial Environment Laboratory, Nagoya University
Station ID: TBILIS
Station:  TBILISI,GIORGIA,INSTITUT GEOPHYSIKY (IG), GIORGIAN ACADEMY OF SCIENCES,GIORGIA 
Instrument: IGY NEUTRON MONITOR, CORRECTED FOR PRESSURE TO 950.0 MB, COEF. =                
Latitude (deg.):   41.72  Longitude (deg.):   44.80  Altitude (m):  510.00
Cut-Off Rigidity (GV):    6.91
Year: 1965  Month:   8
Scaling Factor (SF):    10.0   Constant (CONST):     0.0  Real Counts = (DATA + CONST)*SF
Temporal Resolution: 1 hour
UTC Start Hour:     0.0
                                                                                
                                                        
Monthly Average:  1639.7
Updated (YYYY MM DD): 2000 00 00
*******************************************************************************************
ID     YYYY MM DD 1     0     1     2     3     4     5     6     7     8     9    10    11
ID     YYYY MM DD 2    12    13    14    15    16    17    18    19    20    21    22    23
*******************************************************************************************
TBILIS 1965 08 01 1  1633  1638  1634  1628  1639  1632  1618  1632  1622  1632  1618  1618
TBILIS 1965 08 01 2  1610  1616  1606  1616  1609  1608  1616  1609  1608  1608  1612  1610
TBILIS 1965 08 02 1  1620  1620  1612  1612  1609  1614  1616  1616  1610  1606  1600  1600
TBILIS 1965 08 02 2  1620  1634  1636  1638  1630  1634  1630  1632  1624  1628  1624  1618
TBILIS 1965 08 03 1  1632  1624  1626  1620  1626  1628  1619 99999 99999 99999 99999 99999
TBILIS 1965 08 03 2 99999 99999  1620  1622  1630  1633  1633  1638  1624  1616  1619  1628
TBILIS 1965 08 04 1  1626  1632  1633  1633  1626  1632  1622  1634  1633  1624  1624 99999
TBILIS 1965 08 04 2 99999 99999  1632  1636  1640  1632  1630  1626  1616  1619  1610  1612
TBILIS 1965 08 05 1  1616  1626  1628  1628  1624  1632  1628  1620  1630  1620  1619  1614
TBILIS 1965 08 05 2  1628  1644  1636  1644  1654  1660  1659  1650  1654  1644  1658  1656
TBILIS 1965 08 06 1  1656  1647  1646  1647  1640  1642  1654  1664  1656  1647  1647  1644
TBILIS 1965 08 06 2  1642  1648  1633  1636  1642  1638  1640  1639  1642  1634  1628  1619
TBILIS 1965 08 07 1  1622  1616  1618  1626  1639  1646  1648  1639  1646  1644  1640  1644
TBILIS 1965 08 07 2  1654  1654  1650  1644  1636  1639  1648  1634  1646  1636  1648  1638
TBILIS 1965 08 08 1  1642  1646  1640  1654  1659 99999 99999 99999 99999 99999 99999 99999
TBILIS 1965 08 08 2 99999 99999 99999 99999  1634  1640  1642  1652  1659  1646  1639  1647
TBILIS 1965 08 09 1  1642  1639  1636  1636  1626  1624  1632  1636  1632  1636  1622  1624
TBILIS 1965 08 09 2  1638  1636  1634  1633  1632  1634  1633  1630  1630  1634  1620  1606
TBILIS 1965 08 10 1  1614  1630  1626  1628  1639  1636  1624  1644  1647  1642  1644  1628
TBILIS 1965 08 10 2  1628  1628  1632  1634  1638  1652  1644  1638  1634  1634  1634  1618
TBILIS 1965 08 11 1  1632  1632  1636  1633  1626  1634  1634  1638  1640  1630  1620  1622
TBILIS 1965 08 11 2  1624  1614  1638  1648  1656  1650  1650  1648  1640  1634  1628  1628
TBILIS 1965 08 12 1  1602  1610  1610  1616  1632  1628  1632  1620  1612  1614  1624  1620
TBILIS 1965 08 12 2  1624  1626  1620  1630  1630  1628  1644  1636  1642  1640  1632  1624
TBILIS 1965 08 13 1  1624  1622  1614  1618  1616  1616  1622  1614  1622  1624  1614  1665
TBILIS 1965 08 13 2  1606  1610  1616  1636  1650  1662  1642  1648  1648  1660  1668  1662
TBILIS 1965 08 14 1  1668  1662  1676  1678  1672 99999  1666  1668  1676  1668  1658 99999
TBILIS 1965 08 14 2 99999  1650  1646  1642  1648  1640  1639  1638  1644  1640  1633  1647
TBILIS 1965 08 15 1  1646  1647 99999 99999 99999 99999 99999 99999 99999 99999 99999 99999
TBILIS 1965 08 15 2 99999 99999  1664  1674  1676  1674  1668  1658  1664  1646  1642  1638
TBILIS 1965 08 16 1  1633  1630  1626  1633  1624  1620  1620  1628  1630  1628  1632  1618
TBILIS 1965 08 16 2  1622  1619  1612  1620  1608  1606  1608  1620  1618  1608  1616  1622
TBILIS 1965 08 17 1  1614  1618  1616  1609  1609  1624  1616  1604  1610  1610  1622  1622
TBILIS 1965 08 17 2  1642  1646  1639  1632  1642  1646  1640  1634  1620  1634  1626  1639
TBILIS 1965 08 18 1  1626  1634  1634  1638  1646  1634  1632  1636  1644  1654  1654  1662
TBILIS 1965 08 18 2  1659  1654  1647  1646  1646  1650 99999 99999  1647  1646  1654  1658
TBILIS 1965 08 19 1 99999 99999 99999 99999 99999 99999 99999 99999 99999 99999  1668  1656
TBILIS 1965 08 19 2  1658  1652  1658  1664  1640  1646  1646  1644  1644  1650  1652  1647
TBILIS 1965 08 20 1  1648  1644  1640  1647  1646  1632  1638  1648  1650  1654  1647  1642
TBILIS 1965 08 20 2  1642  1640  1654  1650  1650  1656  1656  1662  1646  1642  1668  1662
TBILIS 1965 08 21 1  1654  1650  1647  1647  1654  1647  1648  1642  1646  1646  1639  1650
TBILIS 1965 08 21 2  1648 99999 99999 99999  1639  1639  1640  1642  1638  1636  1640  1640
TBILIS 1965 08 22 1  1646  1648  1650  1656  1659  1670  1668  1665  1660  1662  1559 99999
TBILIS 1965 08 22 2 99999 99999 99999 99999  1665 99999  1670  1666  1670  1680  1680  1680
TBILIS 1965 08 23 1  1680  1665  1664  1666  1665  1678  1659  1646  1642  1636  1648  1660
TBILIS 1965 08 23 2  1659  1668  1662  1664  1660  1660 99999 99999  1658  1652  1650  1644
TBILIS 1965 08 24 1  1644  1648  1646  1650  1646  1644  1640  1638  1636  1646  1647  1647
TBILIS 1965 08 24 2  1647  1646  1644  1639  1632  1639  1648  1640  1652  1644  1644  1652
TBILIS 1965 08 25 1  1648  1644  1648  1644  1652  1654  1658  1647  1638  1650  1654  1652
TBILIS 1965 08 25 2  1748  1668  1646  1654  1644  1646  1650  1650  1656  1648  1642  1640
TBILIS 1965 08 26 1  1647  1647  1647  1648  1654  1654  1664  1656  1642  1638  1672  1706
TBILIS 1965 08 26 2  1680  1665  1664  1658  1647  1647  1648  1634  1633  1634  1633  1636
TBILIS 1965 08 27 1  1636  1636  1634  1638  1634  1654  1650  1646  1647  1642  1646  1638
TBILIS 1965 08 27 2  1647  1652  1652  1632  1640  1633  1647  1646  1647  1650  1646  1642
TBILIS 1965 08 28 1 99999 99999 99999 99999 99999 99999 99999 99999 99999 99999 99999 99999
TBILIS 1965 08 28 2 99999 99999 99999 99999 99999 99999  1636  1650  1640  1636  1624  1620
TBILIS 1965 08 29 1  1619  1636  1636  1628  1642  1639  1639  1630  1616  1619  1642  1652
TBILIS 1965 08 29 2  1639  1654  1647  1644  1638  1644  1640  1652 99999 99999 99999 99999
TBILIS 1965 08 30 1 99999 99999 99999 99999 99999 99999 99999 99999 99999 99999 99999 99999
TBILIS 1965 08 30 2 99999  1674  1672  1676  1680  1698  1681  1668  1658  1654  1659  1666
TBILIS 1965 08 31 1  1642  1654  1639  1632  1640  1650  1639  1639  1658  1646  1638  1639
TBILIS 1965 08 31 2  1650  1646  1656  1634  1638  1650  1659  1642  1640  1646  1652  1658
Cosmic-Ray Neutron Monitor Data (Hourly, Pressure-Corrected and Scale-Adjusted Counts)
Collections: WDC for Cosmic Rays, Solar-Terrestrial Environment Laboratory, Nagoya Univ.
Data Access: http://center.stelab.nagoya-u.ac.jp/WDCCR/index.html
Project: ICSU WDC
Citation: WDC for Cosmic Rays, Solar-Terrestrial Environment Laboratory, Nagoya University
Station ID: TBILIS
Station:  TBILISI,GIORGIA,INSTITUT GEOPHYSIKY (IG), GIORGIAN ACADEMY OF SCIENCES,GIORGIA 
Instrument: IGY NEUTRON MONITOR, CORRECTED FOR PRESSURE TO 950.0 MB, COEF. =                
Latitude (deg.):   41.72  Longitude (deg.):   44.80  Altitude (m):  510.00
Cut-Off Rigidity (GV):    6.91
Year: 1965  Month:   9
Scaling Factor (SF):    10.0   Constant (CONST):     0.0  Real Counts = (DATA + CONST)*SF
Temporal Resolution: 1 hour
UTC Start Hour:     0.0
                                                                                
                                                        
Monthly Average:  1651.6
Updated (YYYY MM DD): 2000 00 00
*******************************************************************************************
ID     YYYY MM DD 1     0     1     2     3     4     5     6     7     8     9    10    11
ID     YYYY MM DD 2    12    13    14    15    16    17    18    19    20    21    22    23
*******************************************************************************************
TBILIS 1965 09 01 1  1648  1658  1640  1644  1648  1634  1648 99999  1642  1626  1640 99999
TBILIS 1965 09 01 2  1638  1644  1622  1640  1650  1650  1648  1646  1642  1640  1658  1659
TBILIS 1965 09 02 1  1646  1654  1662  1650  1650  1658  1648  1648  1658  1666  1648  1656
TBILIS 1965 09 02 2  1664  1646  1660  1650  1652  1670  1659  1659  1652  1660  1642  1666
TBILIS 1965 09 03 1  1654  1662  1660  1660  1650  1680  1660  1656  1656  1664  1658  1656
TBILIS 1965 09 03 2  1656  1648  1660  1660  1662  1662  1658  1662  1654  1664  1638  1666
TBILIS 1965 09 04 1  1652  1650  1652  1652  1648  1659  1650  1656  1642  1648  1648  1682
TBILIS 1965 09 04 2  1686  1665  1648  1676  1690  1662  1636  1644  1638  1656  1656  1658
TBILIS 1965 09 05 1  1659  1654  1660  1644  1659  1652  1644  1646  1664  1648  1654  1648
TBILIS 1965 09 05 2  1636  1633  1633  1648  1660  1648  1638  1672  1658  1650  1648  1670
TBILIS 1965 09 06 1  1650  1662  1660  1646  1650  1650  1640  1658  1666  1650  1660  1660
TBILIS 1965 09 06 2  1654  1656  1658  1659  1652  1665  1660  1638  1658  1670  1660  1648
TBILIS 1965 09 07 1  1654  1638  1658  1648  1659  1648  1656  1644  1636  1660  1648  1628
TBILIS 1965 09 07 2 99999  1648  1660  1656  1646  1654  1644  1650  1665  1665  1658 99999
TBILIS 1965 09 08 1  1666  1662  1644  1648  1648  1644  1639  1658  1648  1636  1659  1670
TBILIS 1965 09 08 2  1660  1633  1642  1646  1644  1636  1642  1672  1648  1659  1644  1638
TBILIS 1965 09 09 1  1656  1656  1650  1658  1682  1624  1648  1648  1640  1665  1659  1652
TBILIS 1965 09 09 2  1650  1642  1662  1662  1665  1670  1659  1678  1652  1654  1664  1640
TBILIS 1965 09 10 1  1668  1640  1670  1674  1674  1674  1686  1650  1654  1648  1681  1664
TBILIS 1965 09 10 2  1644  1662  1654  1648  1660  1674  1638  1658  1668  1664  1668  1658
TBILIS 1965 09 11 1  1650  1640  1662  1668  1656  1634  1664  1650  1670  1668  1654  1646
TBILIS 1965 09 11 2  1664  1662  1646  1680  1658  1648  1666  1642  1658  1674  1666  1659
TBILIS 1965 09 12 1  1662  1648  1676  1656  1633  1659  1659  1650  1654  1659  1642  1666
TBILIS 1965 09 12 2  1650  1646  1660  1650  1644  1630  1646  1639  1682  1650  1662  1634
TBILIS 1965 09 13 1  1646  1632  1648  1654  1642  1656  1670  1642  1674  1620  1636  1662
TBILIS 1965 09 13 2  1639  1648  1648  1624  1648  1644  1639  1640  1639  1648  1634  1640
TBILIS 1965 09 14 1  1642  1638  1652  1636  1664  1636  1646  1620  1633  1654  1644  1664
TBILIS 1965 09 14 2  1652  1639  1640  1644  1644  1646  1666  1666  1626  1633  1630  1659
TBILIS 1965 09 15 1  1638  1652  1644  1646  1642  1646  1639  1636  1654  1638  1654  1652
TBILIS 1965 09 15 2  1646  1652  1646  1652  1662  1662  1664  1654  1648  1632  1654  1648
TBILIS 1965 09 16 1  1656  1642  1652  1658  1662  1638  1665  1650  1678  1644  1648  1670
TBILIS 1965 09 16 2  1659  1710  1650  1662  1668  1660  1648  1666  1646  1652  1644  1656
TBILIS 1965 09 17 1  1633  1634  1658 99999 99999 99999  1658  1666  1665  1639  1646  1648
TBILIS 1965 09 17 2  1639  1626  1632  1660  1622  1656  1642  1628  1638  1644  1639  1648
TBILIS 1965 09 18 1  1609  1652  1640  1656  1639  1662  1634  1628  1670  1640  1664  1660
TBILIS 1965 09 18 2  1639  1659  1624  1652  1648  1648  1658  1616  1648  1638  1659  1654
TBILIS 1965 09 19 1  1633  1639  1652  1664  1648  1668  1668  1648  1646  1639  1652  1648
TBILIS 1965 09 19 2  1666  1658  1674  1638  1658  1638  1659  1650  1664  1654  1646  1668
TBILIS 1965 09 20 1 99999 99999 99999 99999 99999 99999 99999 99999 99999 99999 99999 99999
TBILIS 1965 09 20 2  1648  1660  1626  1640  1676  1659  1636  1652  1676  1654  1676  1648
TBILIS 1965 09 21 1  1666  1654  1644  1658  1644  1672  1658  1676  1632  1639 99999  1646
TBILIS 1965 09 21 2  1638  1650  1640  1660  1642  1646  1642  1628  1642  1658  1633  1639
TBILIS 1965 09 22 1  1656  1676  1662  1652  1664  1658  1680  1664  1660  1660  1654  1620
TBILIS 1965 09 22 2  1659  1654  1640  1636  1648  1640  1670  1654  1642  1654  1658  1650
TBILIS 1965 09 23 1  1656  1646  1644  1648  1659  1648  1636  1659  1636  1632  1639  1642
TBILIS 1965 09 23 2  1644  1656  1656  1644  1638  1654  1640  1642  1616  1614  1634  1624
TBILIS 1965 09 24 1  1633  1626  1638  1634  1630  1659  1656  1654  1650  1633  1636  1622
TBILIS 1965 09 24 2  1648  1648  1642  1640  1639  1640  1614  1622  1634  1636  1633  1650
TBILIS 1965 09 25 1  1664  1659  1648  1650  1648  1648  1646  1640 99999 99999  1662  1654
TBILIS 1965 09 25 2  1674  1633  1650  1664  1650  1654  1662  1662  1646  1652  1648  1664
TBILIS 1965 09 26 1  1622  1658  1662  1650  1639  1646  1650  1660  1660  1642  1640  1660
TBILIS 1965 09 26 2  1668  1658  1682  1648  1620  1646  1666  1668  1648  1644  1642  1670
TBILIS 1965 09 27 1  1640  1642  1662  1626  1674  1656  1656  1659  1662  1642  1634  1658
TBILIS 1965 09 27 2  1648  1652  1658  1658  1610  1628  1646  1638  1662  1662  1646  1676
TBILIS 1965 09 28 1  1666  1648  1658  1659  1636  1672  1648  1640  1642  1652  1654  1660
TBILIS 1965 09 28 2  1658  1659  1650  1642  1662  1634  1620  1648  1650  1664  1660  1670
TBILIS 1965 09 29 1  1640  1664  1634  1658  1665  1658  1674  1684  1678  1665  1668  1660
TBILIS 1965 09 29 2  1650  1660  1650  1656  1684  1694  1681  1659  1658  1644  1642 99999
TBILIS 1965 09 30 1 99999 99999 99999 99999 99999 99999 99999  1680  1666  1662  1676  1650
TBILIS 1965 09 30 2  1636  1659  1644  1646  1650  1674  1676  1666  1654  1656  1644  1633
TBILIS 1965 09 31 1 99999 99999 99999 99999 99999 99999 99999 99999 99999 99999 99999 99999
TBILIS 1965 09 31 2 99999 99999 99999 99999 99999 99999 99999 99999 99999 99999 99999 99999
Cosmic-Ray Neutron Monitor Data (Hourly, Pressure-Corrected and Scale-Adjusted Counts)
Collections: WDC for Cosmic Rays, Solar-Terrestrial Environment Laboratory, Nagoya Univ.
Data Access: http://center.stelab.nagoya-u.ac.jp/WDCCR/index.html
Project: ICSU WDC
Citation: WDC for Cosmic Rays, Solar-Terrestrial Environment Laboratory, Nagoya University
Station ID: TBILIS
Station:  TBILISI,GIORGIA,INSTITUT GEOPHYSIKY (IG), GIORGIAN ACADEMY OF SCIENCES,GIORGIA 
Instrument: IGY NEUTRON MONITOR, CORRECTED FOR PRESSURE TO 950.0 MB, COEF. =                
Latitude (deg.):   41.72  Longitude (deg.):   44.80  Altitude (m):  510.00
Cut-Off Rigidity (GV):    6.91
Year: 1965  Month:  10
Scaling Factor (SF):    10.0   Constant (CONST):     0.0  Real Counts = (DATA + CONST)*SF
Temporal Resolution: 1 hour
UTC Start Hour:     0.0
                                                                                
                                                        
Monthly Average:  1675.0
Updated (YYYY MM DD): 2000 00 00
*******************************************************************************************
ID     YYYY MM DD 1     0     1     2     3     4     5     6     7     8     9    10    11
ID     YYYY MM DD 2    12    13    14    15    16    17    18    19    20    21    22    23
*******************************************************************************************
TBILIS 1965 10 01 1  1678  1640  1622  1684  1668  1648  1666  1644  1666  1700  1658  1674
TBILIS 1965 10 01 2  1682  1652  1644  1636  1626  1646  1636  1648  1650  1666  1658  1680
TBILIS 1965 10 02 1  1664  1658  1654  1624  1666  1674  1648  1648  1642  1590  1668  1658
TBILIS 1965 10 02 2  1652  1648  1652  1662  1646  1640  1646  1650  1636  1656  1650  1648
TBILIS 1965 10 03 1  1664  1652  1652  1644  1634  1636  1670  1668  1652  1640  1634  1636
TBILIS 1965 10 03 2  1638  1640  1640  1652  1650  1660  1620  1624  1642  1648  1658  1662
TBILIS 1965 10 04 1  1646  1636  1630  1638  1672  1676  1682  1634  1638  1674  1682  1666
TBILIS 1965 10 04 2  1662  1682  1648  1664  1658  1652  1652  1638  1634  1670  1670  1654
TBILIS 1965 10 05 1  1664  1648  1652  1638  1668  1658  1636  1668  1642  1670  1544  1658
TBILIS 1965 10 05 2  1680  1648  1658  1652  1640  1658  1638  1648  1616  1634  1676  1638
TBILIS 1965 10 06 1  1646  1662  1654  1656  1644  1634  1638  1622  1662  1636  1632  1632
TBILIS 1965 10 06 2  1656  1662  1646  1666  1660  1642  1632  1640  1640  1674  1636  1634
TBILIS 1965 10 07 1  1638  1650  1630  1618  1638  1626  1644  1656  1640  1650  1660  1650
TBILIS 1965 10 07 2  1634  1630  1632  1644  1606  1646  1634  1624  1630  1638  1620  1616
TBILIS 1965 10 08 1  1624  1618  1628  1630  1628  1628  1626  1624  1624  1620  1642  1642
TBILIS 1965 10 08 2  1634  1620  1626  1628  1646  1654  1634  1634  1636  1634  1644  1644
TBILIS 1965 10 09 1  1620  1626  1624  1628  1650  1658  1656  1658  1656  1654  1658  1658
TBILIS 1965 10 09 2  1658  1658  1658  1658  1660  1680  1658  1668  1666  1668  1668  1668
TBILIS 1965 10 10 1  1662  1662  1660  1666  1656  1654  1680  1672  1660  1652  1674  1666
TBILIS 1965 10 10 2  1666  1664  1666  1674  1648  1658  1668  1660  1674  1674  1670  1670
TBILIS 1965 10 11 1  1674  1674  1670  1676  1686  1688  1682  1692  1636  1652  1662  1658
TBILIS 1965 10 11 2  1666  1666  1656  1650  1658  1676  1670  1636  1682  1658  1664  1680
TBILIS 1965 10 12 1  1680  1672  1650  1686  1696  1648  1698  1636  1708  1652  1658  1688
TBILIS 1965 10 12 2  1688  1684  1684  1654  1666  1686  1686  1680  1676  1690  1674  1676
TBILIS 1965 10 13 1  1682  1654  1658  1688  1658  1666  1682  1658  1660  1642  1700  1688
TBILIS 1965 10 13 2  1686  1688  1670  1682  1666  1662  1656  1680  1680  1630  1692  1656
TBILIS 1965 10 14 1  1658  1658  1694  1686  1680  1676  1688  1702  1676  1694  1684  1674
TBILIS 1965 10 14 2  1696  1634  1684  1660  1664  1698  1684  1680  1684  1662  1692  1686
TBILIS 1965 10 15 1  1666  1684  1664  1672  1654  1704  1710  1708  1728  1706  1686  1694
TBILIS 1965 10 15 2  1684  1722  1688  1682  1702  1686  1702  1682  1682  1682  1660  1674
TBILIS 1965 10 16 1  1708  1716  1692  1690  1692  1700  1690  1692  1730  1700  1694  1702
TBILIS 1965 10 16 2  1652  1686  1722  1666  1710  1704  1698  1688  1706  1698  1694  1694
TBILIS 1965 10 17 1  1648  1722  1688  1686  1670  1692  1676  1690  1700  1734  1672  1728
TBILIS 1965 10 17 2  1694  1702  1680  1702  1716  1682  1706  1682  1684  1709  1650  1709
TBILIS 1965 10 18 1  1692  1666  1690  1704  1688  1674  1684  1660  1706  1692  1680  1702
TBILIS 1965 10 18 2  1670  1650  1694  1682  1700  1668  1682  1694  1686  1686  1666  1668
TBILIS 1965 10 19 1  1636  1676  1682  1670  1702  1674  1678  1682  1700  1698  1684  1692
TBILIS 1965 10 19 2  1716  1666  1676  1670  1700  1706  1694  1688  1688  1692  1664  1706
TBILIS 1965 10 20 1  1694  1678  1678  1706  1686  1692  1688  1696  1690  1694  1674  1680
TBILIS 1965 10 20 2  1696  1674  1670  1682  1688  1702  1672  1682  1710  1676  1684  1678
TBILIS 1965 10 21 1  1682  1684  1694  1688  1666  1688  1716  1688  1706  1690  1700  1682
TBILIS 1965 10 21 2  1674  1692  1680  1634  1702  1688  1676  1650  1686  1700  1666  1666
TBILIS 1965 10 22 1  1722  1676  1666  1678  1688  1680  1672  1692  1688  1682  1704  1700
TBILIS 1965 10 22 2  1730  1720  1708  1712  1736  1692  1710  1670  1688  1704  1692  1682
TBILIS 1965 10 23 1  1710  1678  1706  1682  1710  1688  1680  1692  1682  1684  1680  1686
TBILIS 1965 10 23 2  1650  1710  1688  1662  1664  1710  1682  1698  1682  1696  1692  1646
TBILIS 1965 10 24 1  1710  1678  1698  1676  1694  1688  1688  1688  1678  1652  1680  1692
TBILIS 1965 10 24 2  1682  1692  1688  1690  1700  1700  1682  1690  1686  1664  1700  1680
TBILIS 1965 10 25 1  1680  1670  1666  1674  1682  1728  1684  1692  1710  1706  1686  1672
TBILIS 1965 10 25 2  1738  1674  1724  1694  1710  1698  1704  1694  1726  1722  1700  1716
TBILIS 1965 10 26 1  1638  1694  1696  1700  1726  1708  1728  1704  1660  1702  1678  1690
TBILIS 1965 10 26 2  1668  1680  1686  1708  1688  1696  1664  1710  1710  1706  1692  1676
TBILIS 1965 10 27 1  1702  1706  1686  1716  1690  1696  1714  1718  1710  1730  1676  1712
TBILIS 1965 10 27 2  1702  1700  1714  1684  1712  1676  1706  1678  1748  1660  1674  1700
TBILIS 1965 10 28 1  1666  1678  1672  1678  1688  1730  1690  1688  1710  1678  1676  1706
TBILIS 1965 10 28 2  1682  1688  1696  1702  1694  1702  1688  1684  1682  1700  1666  1706
TBILIS 1965 10 29 1  1696  1664  1724  1692  1722  1702  1740  1740  1706  1702  1724  1702
TBILIS 1965 10 29 2  1700  1706  1688  1718  1698  1702  1700  1708  1701  1702  1688  1680
TBILIS 1965 10 30 1  1694  1690  1690  1690  1702  1698  1712  1706  1672  1662  1686  1678
TBILIS 1965 10 30 2  1678  1672  1698  1700  1696  1696  1694  1690  1684  1682  1682  1674
TBILIS 1965 10 31 1  1678  1682  1676  1680  1686  1684  1702  1698  1712  1700  1648  1686
TBILIS 1965 10 31 2  1686  1636  1686  1690  1694  1698  1700  1692  1704  1712  1686  1700
Cosmic-Ray Neutron Monitor Data (Hourly, Pressure-Corrected and Scale-Adjusted Counts)
Collections: WDC for Cosmic Rays, Solar-Terrestrial Environment Laboratory, Nagoya Univ.
Data Access: http://center.stelab.nagoya-u.ac.jp/WDCCR/index.html
Project: ICSU WDC
Citation: WDC for Cosmic Rays, Solar-Terrestrial Environment Laboratory, Nagoya University
Station ID: TBILIS
Station:  TBILISI,GIORGIA,INSTITUT GEOPHYSIKY (IG), GIORGIAN ACADEMY OF SCIENCES,GIORGIA 
Instrument: IGY NEUTRON MONITOR, CORRECTED FOR PRESSURE TO 950.0 MB, COEF. =                
Latitude (deg.):   41.72  Longitude (deg.):   44.80  Altitude (m):  510.00
Cut-Off Rigidity (GV):    6.91
Year: 1965  Month:  11
Scaling Factor (SF):    10.0   Constant (CONST):     0.0  Real Counts = (DATA + CONST)*SF
Temporal Resolution: 1 hour
UTC Start Hour:     0.0
                                                                                
                                                        
Monthly Average:  1690.2
Updated (YYYY MM DD): 2000 00 00
*******************************************************************************************
ID     YYYY MM DD 1     0     1     2     3     4     5     6     7     8     9    10    11
ID     YYYY MM DD 2    12    13    14    15    16    17    18    19    20    21    22    23
*******************************************************************************************
TBILIS 1965 11 01 1  1682  1696  1680  1690  1674  1706  1680  1672  1678  1668  1676  1666
TBILIS 1965 11 01 2  1658  1660  1652  1682  1690  1714  1660  1694  1680  1646  1670  1688
TBILIS 1965 11 02 1  1666  1658  1648  1682  1676  1662  1676  1728  1708  1684  1674  1682
TBILIS 1965 11 02 2  1674  1682  1698  1670  1644  1648  1672  1676  1674  1694  1666  1688
TBILIS 1965 11 03 1  1686  1672  1654  1646  1662  1648  1648 99999  1718  1682  1696  1714
TBILIS 1965 11 03 2  1672  1696  1688  1698  1660  1708  1704  1676  1654  1682  1692  1702
TBILIS 1965 11 04 1  1688  1674  1662  1686  1698  1704  1708  1666  1656  1680  1648 99999
TBILIS 1965 11 04 2  1686  1676  1676  1656  1660  1688  1658  1690  1674  1672  1686  1692
TBILIS 1965 11 05 1  1722  1700  1672  1706  1690  1692  1666  1706  1688  1684  1676  1676
TBILIS 1965 11 05 2  1676  1698  1668  1674  1660  1684  1666  1710  1676  1700  1664  1660
TBILIS 1965 11 06 1  1662  1710  1658  1670  1670  1694  1700  1684  1686  1666  1696  1660
TBILIS 1965 11 06 2  1678  1676  1666  1656  1690  1694  1690  1676  1688  1694  1696  1670
TBILIS 1965 11 07 1  1698  1676  1668  1706  1666  1672  1680  1698  1654  1688  1680  1702
TBILIS 1965 11 07 2  1692  1668  1698  1668  1688  1712  1674  1660  1680  1654  1686  1660
TBILIS 1965 11 08 1  1668  1672  1694  1680  1688  1666  1684  1700  1682  1682  1716  1686
TBILIS 1965 11 08 2  1694  1694  1676  1700  1692  1672  1680  1696  1710  1608  1694  1694
TBILIS 1965 11 09 1  1686  1686  1688  1698  1710  1692  1688  1694  1682  1682  1676  1690
TBILIS 1965 11 09 2  1686  1692  1700  1700  1714  1700  1658  1668  1658  1668  1660  1688
TBILIS 1965 11 10 1  1664  1680  1686  1712  1704  1720  1726  1696  1690  1686  1674  1674
TBILIS 1965 11 10 2  1684  1704  1688  1668  1660  1692  1684  1712  1698  1688  1682  1680
TBILIS 1965 11 11 1  1672  1682  1676  1686  1688  1688  1680  1674  1672  1692  1694  1690
TBILIS 1965 11 11 2  1694  1694  1690  1674  1690  1716  1730  1682  1710  1710  1678  1686
TBILIS 1965 11 12 1  1688  1684  1708  1692  1704  1732  1700  1718  1694  1708  1702  1708
TBILIS 1965 11 12 2  1694  1682  1666  1700  1698  1698  1694  1690  1686  1700  1664  1648
TBILIS 1965 11 13 1  1672  1708  1664  1682  1698  1682  1688  1680  1704  1696  1694  1678
TBILIS 1965 11 13 2  1674  1716  1700  1670  1706  1688  1696  1710  1700  1702  1698  1688
TBILIS 1965 11 14 1  1662  1700  1668  1700  1696  1692  1688  1696  1664  1698  1720  1716
TBILIS 1965 11 14 2  1686  1700  1682  1656  1688  1696  1704  1718  1680  1694  1700  1670
TBILIS 1965 11 15 1  1660 99999 99999 99999 99999 99999  1718  1688  1688  1684  1682  1660
TBILIS 1965 11 15 2  1700  1696  1704 99999 99999 99999 99999 99999  1672  1668  1648  1690
TBILIS 1965 11 16 1  1688  1656  1674  1678  1688  1680  1690  1680  1688  1692  1678  1706
TBILIS 1965 11 16 2  1666  1660  1670  1692 99999 99999  1676  1700  1688  1672  1678  1668
TBILIS 1965 11 17 1  1686  1698  1680  1682  1674  1686  1666  1694  1682  1674  1670  1688
TBILIS 1965 11 17 2  1686  1686  1704  1674  1668  1706  1690  1712  1670  1686  1706  1672
TBILIS 1965 11 18 1  1658  1708  1692  1684  1718  1690  1716  1712  1728  1720  1696  1706
TBILIS 1965 11 18 2  1722  1688  1702  1702  1708  1688  1720  1692  1676  1690  1694  1708
TBILIS 1965 11 19 1  1692  1710  1668  1682  1724  1702  1712  1720  1710  1718  1708  1746
TBILIS 1965 11 19 2  1730  1696  1720  1704  1708  1714  1732  1680  1704  1698  1712  1674
TBILIS 1965 11 20 1  1688  1686  1676  1674  1690  1684  1708  1708  1688 99999 99999 99999
TBILIS 1965 11 20 2  1716  1676  1702  1704  1588  1678  1680  1738  1702  1702  1690  1700
TBILIS 1965 11 21 1  1674  1700  1680  1710  1700  1690  1716  1714  1706  1700  1700  1700
TBILIS 1965 11 21 2  1702  1706  1708  1706  1702  1700  1688  1698  1660  1708  1674  1684
TBILIS 1965 11 22 1  1678  1682  1686  1680  1710  1696  1700  1706  1700  1698  1696  1696
TBILIS 1965 11 22 2  1704  1710  1708  1714  1688  1696  1694  1694  1676  1674  1678  1652
TBILIS 1965 11 23 1  1700  1648  1690  1666  1704  1686  1666  1676  1724  1696  1706  1712
TBILIS 1965 11 23 2  1692  1700  1702  1692  1666  1684  1668  1666  1682  1668  1688  1656
TBILIS 1965 11 24 1  1674  1702  1684  1700  1688  1688  1714  1708  1714  1694  1712  1686
TBILIS 1965 11 24 2  1684  1700  1708  1694  1684  1710  1688  1712  1738  1700  1664  1698
TBILIS 1965 11 25 1  1702  1692  1736  1720  1688  1702  1708  1680  1686  1694 99999  1704
TBILIS 1965 11 25 2  1682  1716  1682  1720  1674  1706  1712  1682  1682  1692  1712  1696
TBILIS 1965 11 26 1  1678  1678  1680  1718  1688  1724  1670  1674  1728  1718  1692  1680
TBILIS 1965 11 26 2  1708  1702  1706  1700  1710  1702  1682  1674  1688  1682  1686  1660
TBILIS 1965 11 27 1  1700  1712  1686  1706  1684  1700  1704  1714  1686  1732  1728  1710
TBILIS 1965 11 27 2  1692  1692  1714  1688  1728  1710  1684  1692  1704  1718  1702  1702
TBILIS 1965 11 28 1  1658  1670  1700  1696  1712  1690 99999  1702  1714  1720  1702  1668
TBILIS 1965 11 28 2  1700  1688  1716  1734  1708  1688  1732  1726  1704  1706  1686  1712
TBILIS 1965 11 29 1  1682  1708  1688  1722  1718  1734  1694  1694  1720  1690  1710  1712
TBILIS 1965 11 29 2  1670  1718  1700  1700  1718  1700  1690  1694  1700  1670  1694  1682
TBILIS 1965 11 30 1  1708  1672  1676  1670  1694  1726  1708  1708  1720  1724  1716  1714
TBILIS 1965 11 30 2  1700  1706  1732  1710  1724  1730  1708  1698  1710  1712  1686  1686
TBILIS 1965 11 31 1 99999 99999 99999 99999 99999 99999 99999 99999 99999 99999 99999 99999
TBILIS 1965 11 31 2 99999 99999 99999 99999 99999 99999 99999 99999 99999 99999 99999 99999
Cosmic-Ray Neutron Monitor Data (Hourly, Pressure-Corrected and Scale-Adjusted Counts)
Collections: WDC for Cosmic Rays, Solar-Terrestrial Environment Laboratory, Nagoya Univ.
Data Access: http://center.stelab.nagoya-u.ac.jp/WDCCR/index.html
Project: ICSU WDC
Citation: WDC for Cosmic Rays, Solar-Terrestrial Environment Laboratory, Nagoya University
Station ID: TBILIS
Station:  TBILISI,GIORGIA,INSTITUT GEOPHYSIKY (IG), GIORGIAN ACADEMY OF SCIENCES,GIORGIA 
Instrument: IGY NEUTRON MONITOR, CORRECTED FOR PRESSURE TO 950.0 MB, COEF. =                
Latitude (deg.):   41.72  Longitude (deg.):   44.80  Altitude (m):  510.00
Cut-Off Rigidity (GV):    6.91
Year: 1965  Month:  12
Scaling Factor (SF):    10.0   Constant (CONST):     0.0  Real Counts = (DATA + CONST)*SF
Temporal Resolution: 1 hour
UTC Start Hour:     0.0
                                                                                
                                                        
Monthly Average:  1672.7
Updated (YYYY MM DD): 2000 00 00
*******************************************************************************************
ID     YYYY MM DD 1     0     1     2     3     4     5     6     7     8     9    10    11
ID     YYYY MM DD 2    12    13    14    15    16    17    18    19    20    21    22    23
*******************************************************************************************
TBILIS 1965 12 01 1  1680  1672  1690  1696  1672  1706  1690  1682  1678  1682  1690  1684
TBILIS 1965 12 01 2  1684  1674  1702  1686  1684  1698  1682  1688  1688  1696  1680  1684
TBILIS 1965 12 02 1  1670  1680  1670  1680  1676  1682  1668  1682  1690  1692  1704  1688
TBILIS 1965 12 02 2  1678  1678  1686  1676  1688  1676  1680  1688  1676  1676  1692  1688
TBILIS 1965 12 03 1  1678  1674  1682  1682  1690  1692  1696  1698  1696  1696  1678  1660
TBILIS 1965 12 03 2  1680  1676  1676  1698  1680  1674  1682  1682  1666  1680  1678  1674
TBILIS 1965 12 04 1  1670  1676  1680  1680  1696  1682  1666  1668  1658  1640  1626  1658
TBILIS 1965 12 04 2  1652  1648  1648 99999 99999 99999 99999 99999  1660  1674  1678  1660
TBILIS 1965 12 05 1  1672  1678  1686  1690  1672  1678  1674  1660  1666  1662  1678  1688
TBILIS 1965 12 05 2  1678  1694  1670  1684  1656  1664  1684  1662  1688  1666  1664  1666
TBILIS 1965 12 06 1  1660  1670  1674  1662  1668  1684  1674  1650  1664  1670  1700  1688
TBILIS 1965 12 06 2  1676  1684  1674  1654  1688  1690  1680  1674  1688  1666  1670  1662
TBILIS 1965 12 07 1  1674  1648  1666  1680  1666  1648  1674  1646  1658  1666  1674  1676
TBILIS 1965 12 07 2  1660  1674  1674  1692  1670  1690  1672  1688  1688  1664  1660  1662
TBILIS 1965 12 08 1  1676  1688  1670  1676  1682  1664  1670  1676  1648  1680  1682  1678
TBILIS 1965 12 08 2  1682  1690  1706  1660  1678  1660  1692  1660  1660  1656  1662  1684
TBILIS 1965 12 09 1  1666  1672  1678  1666  1652  1658  1652  1682  1662  1666  1686  1676
TBILIS 1965 12 09 2  1652 99999  1668  1672  1660  1662  1674  1648  1660  1660  1650  1656
TBILIS 1965 12 10 1  1656  1668  1690  1672  1684  1682  1672  1700  1648  1634  1662  1654
TBILIS 1965 12 10 2  1644  1670  1688  1674  1684  1682  1698  1680  1674  1682  1660  1660
TBILIS 1965 12 11 1  1676  1664  1648  1658  1670  1662  1650  1662  1638  1640  1662  1656
TBILIS 1965 12 11 2  1650  1652  1632  1642  1638  1678  1672  1660  1654  1658  1656  1666
TBILIS 1965 12 12 1  1646  1684  1666  1654  1656  1666  1650  1660  1632  1654  1636  1646
TBILIS 1965 12 12 2  1648  1654  1646  1666  1646  1640  1650  1648  1660  1648  1672  1638
TBILIS 1965 12 13 1  1656  1660  1648  1676  1660  1680  1676  1698  1690  1688  1666  1664
TBILIS 1965 12 13 2  1668  1678  1672  1662  1672  1670  1660  1666  1668  1676  1670  1664
TBILIS 1965 12 14 1  1672  1668  1662  1668  1656  1670  1658  1688  1682  1678  1666  1666
TBILIS 1965 12 14 2  1646  1664  1648  1666  1658  1652  1682  1666  1664  1678  1670  1678
TBILIS 1965 12 15 1  1670  1666  1668 99999 99999 99999 99999 99999 99999 99999 99999 99999
TBILIS 1965 12 15 2 99999 99999 99999 99999 99999 99999 99999 99999 99999 99999 99999 99999
TBILIS 1965 12 16 1 99999 99999 99999 99999  1736  1724  1708  1708  1722  1712  1718  1740
TBILIS 1965 12 16 2  1702  1710  1704  1710  1690  1690  1690  1696  1678  1680  1682  1678
TBILIS 1965 12 17 1  1680  1670  1666  1668  1678  1678  1690  1676  1664  1678  1686  1698
TBILIS 1965 12 17 2 99999 99999 99999 99999 99999 99999 99999 99999 99999 99999 99999 99999
TBILIS 1965 12 18 1 99999 99999 99999 99999 99999 99999 99999 99999 99999 99999 99999 99999
TBILIS 1965 12 18 2 99999 99999 99999 99999 99999 99999 99999 99999 99999 99999 99999 99999
TBILIS 1965 12 19 1 99999 99999 99999 99999 99999 99999 99999 99999 99999 99999 99999 99999
TBILIS 1965 12 19 2 99999 99999 99999 99999 99999 99999 99999 99999 99999 99999 99999 99999
TBILIS 1965 12 20 1 99999 99999 99999 99999 99999 99999 99999 99999 99999 99999 99999 99999
TBILIS 1965 12 20 2 99999 99999 99999 99999 99999 99999 99999 99999 99999 99999 99999 99999
TBILIS 1965 12 21 1 99999 99999 99999 99999 99999 99999 99999 99999 99999 99999 99999 99999
TBILIS 1965 12 21 2 99999 99999 99999 99999 99999 99999 99999 99999 99999 99999 99999 99999
TBILIS 1965 12 22 1 99999 99999 99999 99999 99999 99999 99999 99999 99999 99999 99999 99999
TBILIS 1965 12 22 2 99999 99999 99999 99999 99999 99999 99999 99999 99999 99999 99999 99999
TBILIS 1965 12 23 1 99999 99999 99999 99999 99999 99999 99999 99999 99999 99999 99999 99999
TBILIS 1965 12 23 2 99999 99999 99999 99999 99999 99999 99999 99999 99999 99999 99999 99999
TBILIS 1965 12 24 1 99999 99999 99999 99999 99999 99999 99999 99999 99999 99999 99999 99999
TBILIS 1965 12 24 2 99999 99999 99999 99999 99999 99999 99999 99999 99999 99999 99999 99999
TBILIS 1965 12 25 1 99999 99999 99999 99999 99999 99999 99999 99999 99999 99999 99999 99999
TBILIS 1965 12 25 2 99999 99999 99999 99999 99999 99999 99999 99999 99999 99999 99999 99999
TBILIS 1965 12 26 1 99999 99999 99999 99999 99999 99999 99999 99999 99999 99999 99999 99999
TBILIS 1965 12 26 2 99999 99999 99999 99999 99999 99999 99999 99999 99999 99999 99999 99999
TBILIS 1965 12 27 1 99999 99999 99999 99999 99999 99999 99999 99999 99999 99999 99999 99999
TBILIS 1965 12 27 2 99999 99999 99999 99999 99999 99999 99999 99999 99999 99999 99999 99999
TBILIS 1965 12 28 1 99999 99999 99999 99999 99999 99999 99999 99999 99999 99999 99999 99999
TBILIS 1965 12 28 2 99999 99999 99999 99999 99999 99999 99999 99999 99999 99999 99999 99999
TBILIS 1965 12 29 1 99999 99999 99999 99999 99999 99999 99999 99999 99999 99999 99999 99999
TBILIS 1965 12 29 2 99999 99999 99999 99999 99999 99999 99999 99999 99999 99999 99999 99999
TBILIS 1965 12 30 1 99999 99999 99999 99999 99999 99999 99999 99999 99999 99999 99999 99999
TBILIS 1965 12 30 2 99999 99999 99999 99999 99999 99999 99999 99999 99999 99999 99999 99999
TBILIS 1965 12 31 1 99999 99999 99999 99999 99999 99999 99999 99999 99999 99999 99999 99999
TBILIS 1965 12 31 2 99999 99999 99999 99999 99999 99999 99999 99999 99999 99999 99999 99999
