Cosmic-Ray Neutron Monitor Data (Hourly, Pressure-Corrected and Scale-Adjusted Counts)
Collections: WDC for Cosmic Rays, Solar-Terrestrial Environment Laboratory, Nagoya Univ.
Data Access: http://center.stelab.nagoya-u.ac.jp/WDCCR/index.html
Project: ICSU WDC
Citation: WDC for Cosmic Rays, Solar-Terrestrial Environment Laboratory, Nagoya University
Station ID: TBILIS
Station:  TBILISI,GIORGIA,INSTITUT GEOPHYSIKY (IG), GIORGIAN ACADEMY OF SCIENCES,GIORGIA 
Instrument: IGY NEUTRON MONITOR, CORRECTED FOR PRESSURE TO 950.0 MB, COEF. =                
Latitude (deg.):   41.72  Longitude (deg.):   44.80  Altitude (m):  510.00
Cut-Off Rigidity (GV):    6.91
Year: 1968  Month:   1
Scaling Factor (SF):    10.0   Constant (CONST):     0.0  Real Counts = (DATA + CONST)*SF
Temporal Resolution: 1 hour
UTC Start Hour:     0.0
                                                                                
                                                        
Monthly Average:  1593.9
Updated (YYYY MM DD): 2000 00 00
*******************************************************************************************
ID     YYYY MM DD 1     0     1     2     3     4     5     6     7     8     9    10    11
ID     YYYY MM DD 2    12    13    14    15    16    17    18    19    20    21    22    23
*******************************************************************************************
TBILIS 1968 01 01 1  1618  1636  1630  1624  1656  1642  1647  1618  1624  1624  1626  1624
TBILIS 1968 01 01 2  1612  1624  1646  1609  1594  1603  1609  1604  1638  1626  1602  1584
TBILIS 1968 01 02 1  1603  1602  1600  1616  1606  1602  1596  1572  1604  1606  1604  1632
TBILIS 1968 01 02 2  1598  1614  1618  1634  1606  1598  1609  1628  1618  1610  1612  1596
TBILIS 1968 01 03 1  1608  1609  1600  1608  1603  1608  1619  1608  1614  1606  1603  1644
TBILIS 1968 01 03 2  1602  1600  1638  1596  1586  1600  1588  1598  1600  1586  1578 99999
TBILIS 1968 01 04 1  1592  1584  1565  1602  1602  1580  1600  1588  1590  1592  1598  1598
TBILIS 1968 01 04 2  1602  1594  1590  1594  1618  1588  1596  1586  1590  1606  1594  1608
TBILIS 1968 01 05 1  1594  1602  1600  1600  1624  1632  1602  1606  1616  1618  1612  1618
TBILIS 1968 01 05 2  1620  1618  1630  1608  1620  1614  1606  1616  1612  1604  1608  1603
TBILIS 1968 01 06 1  1600  1608  1614  1602  1603  1628  1606 99999  1636  1618  1606  1604
TBILIS 1968 01 06 2  1624  1608  1618  1614  1608  1608  1606  1587  1606  1606  1616  1614
TBILIS 1968 01 07 1  1602  1590  1633  1612  1600  1618  1622  1616  1603  1616  1630  1620
TBILIS 1968 01 07 2  1604  1596  1620  1634  1610  1620  1622  1608  1600  1600  1604  1628
TBILIS 1968 01 08 1  1602  1604  1618  1604  1606  1630  1630  1610  1610  1640  1642  1633
TBILIS 1968 01 08 2  1608  1602  1634  1608  1618  1618  1624  1628  1604  1608  1592  1598
TBILIS 1968 01 09 1  1600  1622  1603  1612  1632  1608  1622  1606  1626  1608  1618  1646
TBILIS 1968 01 09 2  1612  1630  1642  1603  1608  1618  1639  1596  1606  1603  1608  1586
TBILIS 1968 01 10 1  1579  1608  1612  1588  1576  1606  1594  1608  1602  1626  1618  1626
TBILIS 1968 01 10 2  1632 99999 99999 99999 99999 99999  1590  1576  1584  1598  1578  1558
TBILIS 1968 01 11 1  1534  1562  1584  1592  1602  1612  1616  1638  1618  1608  1624  1620
TBILIS 1968 01 11 2  1602  1610  1602  1620  1600  1608  1574  1588  1580  1566  1582  1606
TBILIS 1968 01 12 1  1558  1554  1562  1578  1592  1588  1590  1580  1548  1568  1590  1570
TBILIS 1968 01 12 2  1590  1564  1580  1562  1560  1558  1578  1565  1576  1544  1562  1542
TBILIS 1968 01 13 1  1562  1552  1568  1545  1550 99999 99999 99999 99999 99999 99999 99999
TBILIS 1968 01 13 2 99999  1588  1582  1580  1574  1588  1564  1549  1618  1596  1582  1633
TBILIS 1968 01 14 1  1612  1588  1608  1592  1576  1610  1570  1608  1578  1587  1590  1587
TBILIS 1968 01 14 2  1576  1602  1582  1584  1603  1600  1604  1608  1602  1633  1608  1600
TBILIS 1968 01 15 1  1632  1576  1572  1598  1579  1598  1608  1608  1594  1588  1590  1578
TBILIS 1968 01 15 2  1576  1576  1570  1572  1552  1578  1576  1578  1556  1568  1550  1562
TBILIS 1968 01 16 1  1566  1578  1570  1558  1572  1572  1572  1618  1586  1578  1599 99999
TBILIS 1968 01 16 2  1578  1570  1578  1592  1572  1579  1598  1602  1572  1594  1588  1600
TBILIS 1968 01 17 1  1550  1548  1549  1558  1570  1568  1568  1584  1600  1592  1572  1590
TBILIS 1968 01 17 2  1600  1576  1586  1579  1584  1558  1560  1584  1572  1566  1566  1565
TBILIS 1968 01 18 1  1580  1568  1554  1576  1592  1602  1603  1587  1560  1562  1590  1587
TBILIS 1968 01 18 2  1598  1582  1586  1587  1565  1576  1578  1582  1552  1600  1579  1570
TBILIS 1968 01 19 1  1556  1562  1582  1592  1579  1608  1578  1576  1588  1590  1606  1580
TBILIS 1968 01 19 2  1600  1592  1602  1594  1576  1580  1576  1574  1578  1592  1568  1580
TBILIS 1968 01 20 1  1560  1572  1586  1569  1579  1588  1588  1582  1588  1598  1606  1612
TBILIS 1968 01 20 2  1590  1604  1600  1600  1572  1579  1572  1604  1572  1580  1592  1579
TBILIS 1968 01 21 1  1594  1562  1578  1578  1578  1578  1599  1584  1590  1628  1616  1619
TBILIS 1968 01 21 2  1587  1592  1587  1606  1587  1587  1596  1590  1590  1586  1603  1592
TBILIS 1968 01 22 1  1590  1587  1590  1590  1590  1602  1608  1588  1588  1598  1592  1572
TBILIS 1968 01 22 2  1600  1572  1606  1578  1608  1566 99999 99999  1580  1556  1594  1578
TBILIS 1968 01 23 1  1568  1560  1560  1582  1568  1570  1587  1608  1587 99999  1614  1610
TBILIS 1968 01 23 2  1596  1602  1598  1598  1598  1598  1592  1600  1588  1602  1608  1596
TBILIS 1968 01 24 1  1598  1608  1592  1602  1586  1581  1602  1590  1584  1579  1594  1600
TBILIS 1968 01 24 2  1587  1579  1603  1587  1578  1579  1568  1565  1596  1580  1566  1566
TBILIS 1968 01 25 1  1576  1572  1590  1584  1579  1576  1578  1602  1566  1572  1587  1574
TBILIS 1968 01 25 2  1586  1598  1576  1578  1592  1596  1594  1602  1579  1586  1588  1556
TBILIS 1968 01 26 1  1572  1568  1569  1588  1594  1604  1606  1604  1619  1592  1596  1606
TBILIS 1968 01 26 2  1608  1608  1602  1602  1582  1600  1579  1570  1558  1539  1544  1564
TBILIS 1968 01 27 1  1546  1540  1526  1529  1560  1532  1529  1576  1569  1579  1570  1546
TBILIS 1968 01 27 2  1572  1580  1562  1580  1550  1560  1570  1566  1558  1579  1602  1590
TBILIS 1968 01 28 1  1599  1566  1580  1602  1588  1590  1586  1580  1599  1612  1599  1596
TBILIS 1968 01 28 2  1588  1602  1544  1598  1569  1606  1598  1564  1562  1560  1582  1574
TBILIS 1968 01 29 1  1560  1584  1596  1606  1614  1614  1594  1622  1598  1610  1620  1628
TBILIS 1968 01 29 2  1612  1626  1618  1602  1584  1594  1626  1600  1592  1578  1588  1618
TBILIS 1968 01 30 1  1628  1565  1579  1616  1622  1646  1640  1632  1636  1614  1636  1610
TBILIS 1968 01 30 2  1610  1630  1624  1606  1602  1596  1603  1588  1584  1584  1584  1584
TBILIS 1968 01 31 1  1602  1569  1600  1600  1628  1612  1608  1594  1590  1606  1594  1619
TBILIS 1968 01 31 2  1600  1604  1614  1612  1620  1604  1586  1606  1598  1609  1630  1610
Cosmic-Ray Neutron Monitor Data (Hourly, Pressure-Corrected and Scale-Adjusted Counts)
Collections: WDC for Cosmic Rays, Solar-Terrestrial Environment Laboratory, Nagoya Univ.
Data Access: http://center.stelab.nagoya-u.ac.jp/WDCCR/index.html
Project: ICSU WDC
Citation: WDC for Cosmic Rays, Solar-Terrestrial Environment Laboratory, Nagoya University
Station ID: TBILIS
Station:  TBILISI,GIORGIA,INSTITUT GEOPHYSIKY (IG), GIORGIAN ACADEMY OF SCIENCES,GIORGIA 
Instrument: IGY NEUTRON MONITOR, CORRECTED FOR PRESSURE TO 950.0 MB, COEF. =                
Latitude (deg.):   41.72  Longitude (deg.):   44.80  Altitude (m):  510.00
Cut-Off Rigidity (GV):    6.91
Year: 1968  Month:   2
Scaling Factor (SF):    10.0   Constant (CONST):     0.0  Real Counts = (DATA + CONST)*SF
Temporal Resolution: 1 hour
UTC Start Hour:     0.0
                                                                                
                                                        
Monthly Average:  1619.4
Updated (YYYY MM DD): 2000 00 00
*******************************************************************************************
ID     YYYY MM DD 1     0     1     2     3     4     5     6     7     8     9    10    11
ID     YYYY MM DD 2    12    13    14    15    16    17    18    19    20    21    22    23
*******************************************************************************************
TBILIS 1968 02 01 1  1626  1603  1609  1616  1610  1614  1632  1604  1640  1633  1608  1640
TBILIS 1968 02 01 2 99999 99999 99999 99999 99999 99999 99999 99999 99999 99999 99999 99999
TBILIS 1968 02 02 1 99999 99999 99999 99999 99999 99999 99999 99999 99999 99999 99999 99999
TBILIS 1968 02 02 2 99999 99999 99999 99999 99999 99999 99999 99999 99999 99999 99999 99999
TBILIS 1968 02 03 1 99999 99999 99999 99999 99999 99999 99999 99999 99999 99999 99999 99999
TBILIS 1968 02 03 2 99999 99999 99999 99999 99999 99999 99999 99999 99999 99999 99999 99999
TBILIS 1968 02 04 1 99999 99999 99999 99999 99999 99999 99999 99999 99999 99999 99999 99999
TBILIS 1968 02 04 2 99999 99999 99999 99999 99999 99999 99999 99999 99999 99999 99999 99999
TBILIS 1968 02 05 1 99999 99999 99999 99999 99999 99999 99999 99999 99999 99999 99999 99999
TBILIS 1968 02 05 2 99999 99999 99999 99999  1636  1624  1620  1634  1639  1633  1630  1612
TBILIS 1968 02 06 1  1619  1618  1600  1614  1632  1634  1658  1636  1646  1636  1633  1616
TBILIS 1968 02 06 2  1628  1660  1626  1652  1628  1610  1636  1646  1646  1650  1633  1624
TBILIS 1968 02 07 1  1639  1609  1632  1619  1626  1640  1626  1630  1598  1632  1620  1622
TBILIS 1968 02 07 2  1632  1628  1633  1618  1622  1602  1602  1606  1598  1603  1632  1626
TBILIS 1968 02 08 1  1626  1646  1640  1644  1624  1646  1610  1616  1642  1632  1640  1652
TBILIS 1968 02 08 2  1644  1650  1664  1633  1619  1642  1650  1638  1644  1636  1646  1662
TBILIS 1968 02 09 1  1640  1665  1647  1665  1654  1642  1639  1659  1665  1652  1660  1638
TBILIS 1968 02 09 2  1664  1646  1622  1640  1646  1666  1658  1650  1654  1647  1660  1660
TBILIS 1968 02 10 1  1659  1639  1656  1648  1666  1662  1668  1642  1658  1678  1666  1662
TBILIS 1968 02 10 2  1646  1659  1670  1656  1659  1665  1659  1652  1665  1652  1665  1658
TBILIS 1968 02 11 1  1652  1646  1672  1682  1702  1644  1660  1686  1658  1648  1670  1678
TBILIS 1968 02 11 2  1648  1670  1690  1647  1638  1658  1652  1658  1619  1634  1670  1658
TBILIS 1968 02 12 1  1640  1664  1639  1656  1670  1654  1650  1654  1650  1668  1652  1648
TBILIS 1968 02 12 2  1650  1632  1644  1626  1638  1628  1618  1624  1632  1624  1636  1633
TBILIS 1968 02 13 1  1639  1634  1648  1639  1662  1632  1616  1642  1647  1674  1654  1648
TBILIS 1968 02 13 2  1654  1664  1620  1652  1634  1660  1634  1642  1634  1636  1614  1614
TBILIS 1968 02 14 1  1634  1608  1609  1622  1652  1658  1648  1654  1644  1648  1624  1604
TBILIS 1968 02 14 2  1624  1628  1644  1650  1638  1639 99999 99999 99999 99999 99999 99999
TBILIS 1968 02 15 1 99999 99999 99999 99999 99999 99999 99999 99999 99999 99999 99999 99999
TBILIS 1968 02 15 2  1666  1638  1680  1654  1664  1628  1640  1648  1650  1642  1638  1638
TBILIS 1968 02 16 1  1647  1660  1670 99999  1650  1654  1660  1636  1634  1638  1642  1644
TBILIS 1968 02 16 2  1636  1634  1647  1638  1630  1620  1608  1610  1614  1630  1632  1618
TBILIS 1968 02 17 1  1614  1622  1610  1600  1610  1633  1603  1638  1626  1622  1634  1646
TBILIS 1968 02 17 2  1614  1626  1610  1636  1626  1612  1604  1590  1587  1612  1624  1610
TBILIS 1968 02 18 1  1628  1622  1622  1616  1612  1609  1619  1590  1598  1614  1638  1624
TBILIS 1968 02 18 2  1609  1614  1618  1610  1603  1624  1596  1590  1608  1586  1598  1606
TBILIS 1968 02 19 1  1566  1598  1590  1603  1600  1598  1600  1614  1600  1608  1596  1604
TBILIS 1968 02 19 2  1624  1616  1609  1604  1602  1592  1580  1578  1576  1592  1596  1612
TBILIS 1968 02 20 1  1602  1610  1594  1586  1603  1608  1600  1602  1598  1612  1624  1592
TBILIS 1968 02 20 2  1610  1610  1628  1604  1608  1580  1580  1596  1566  1584  1580  1574
TBILIS 1968 02 21 1  1566  1562  1580  1580  1610  1628  1614  1602  1588  1586  1594  1596
TBILIS 1968 02 21 2  1588  1590  1590  1602  1598  1610  1612  1596  1598  1588  1596  1600
TBILIS 1968 02 22 1 99999 99999  1586  1596  1603  1604  1596  1606  1594  1609  1616  1606
TBILIS 1968 02 22 2  1588  1586  1608  1582  1580  1582  1618  1608  1588  1580  1600  1584
TBILIS 1968 02 23 1  1600  1570  1566  1580  1594  1588  1618  1600  1584  1588  1600  1586
TBILIS 1968 02 23 2  1598  1598  1604  1596  1610  1610  1592  1580  1592  1588  1596  1580
TBILIS 1968 02 24 1  1582  1588  1587  1587  1600  1588  1618  1610  1608  1598  1600  1602
TBILIS 1968 02 24 2  1603  1608  1606  1626  1612  1616  1596  1603  1574  1606  1580  1566
TBILIS 1968 02 25 1  1596  1600  1594  1582  1594  1570  1580  1603  1586  1628  1603  1640
TBILIS 1968 02 25 2  1610  1612  1588  1600  1600  1602  1588  1586  1602  1588  1586  1578
TBILIS 1968 02 26 1  1590  1582  1600  1603  1568  1584  1608  1600  1570  1598  1624  1608
TBILIS 1968 02 26 2  1608  1572  1570  1592  1574  1596  1604  1566  1561  1572  1588  1596
TBILIS 1968 02 27 1 99999 99999 99999 99999 99999  1588  1586  1598  1596  1596  1604  1584
TBILIS 1968 02 27 2  1600  1590  1596  1602  1582  1598  1594  1602  1594  1602  1606  1606
TBILIS 1968 02 28 1  1609  1626  1606  1609  1636  1636  1600  1622  1600  1602  1614  1602
TBILIS 1968 02 28 2  1620  1620  1598  1620  1626  1616  1616  1600  1618  1628  1600  1598
TBILIS 1968 02 29 1  1603  1598  1600  1610  1636  1620  1609  1602  1582  1596  1594  1616
TBILIS 1968 02 29 2 99999 99999  1603  1600  1588  1608  1602  1610  1602  1616  1618  1604
TBILIS 1968 02 30 1 99999 99999 99999 99999 99999 99999 99999 99999 99999 99999 99999 99999
TBILIS 1968 02 30 2 99999 99999 99999 99999 99999 99999 99999 99999 99999 99999 99999 99999
TBILIS 1968 02 31 1 99999 99999 99999 99999 99999 99999 99999 99999 99999 99999 99999 99999
TBILIS 1968 02 31 2 99999 99999 99999 99999 99999 99999 99999 99999 99999 99999 99999 99999
Cosmic-Ray Neutron Monitor Data (Hourly, Pressure-Corrected and Scale-Adjusted Counts)
Collections: WDC for Cosmic Rays, Solar-Terrestrial Environment Laboratory, Nagoya Univ.
Data Access: http://center.stelab.nagoya-u.ac.jp/WDCCR/index.html
Project: ICSU WDC
Citation: WDC for Cosmic Rays, Solar-Terrestrial Environment Laboratory, Nagoya University
Station ID: TBILIS
Station:  TBILISI,GIORGIA,INSTITUT GEOPHYSIKY (IG), GIORGIAN ACADEMY OF SCIENCES,GIORGIA 
Instrument: IGY NEUTRON MONITOR, CORRECTED FOR PRESSURE TO 950.0 MB, COEF. =                
Latitude (deg.):   41.72  Longitude (deg.):   44.80  Altitude (m):  510.00
Cut-Off Rigidity (GV):    6.91
Year: 1968  Month:   3
Scaling Factor (SF):    10.0   Constant (CONST):     0.0  Real Counts = (DATA + CONST)*SF
Temporal Resolution: 1 hour
UTC Start Hour:     0.0
                                                                                
                                                        
Monthly Average:  1613.8
Updated (YYYY MM DD): 2000 00 00
*******************************************************************************************
ID     YYYY MM DD 1     0     1     2     3     4     5     6     7     8     9    10    11
ID     YYYY MM DD 2    12    13    14    15    16    17    18    19    20    21    22    23
*******************************************************************************************
TBILIS 1968 03 01 1  1594  1602  1602  1590  1588  1598  1598  1606  1590  1606  1588  1606
TBILIS 1968 03 01 2  1610  1594  1624  1626  1620  1592  1604  1612  1624  1604  1592  1588
TBILIS 1968 03 02 1  1600  1596  1592  1610  1610  1610  1600  1606  1656  1624  1642  1626
TBILIS 1968 03 02 2  1612  1640  1618  1634  1618  1640  1634  1630  1618  1600  1610  1622
TBILIS 1968 03 03 1  1634  1616  1612  1626  1618  1620  1622  1628  1628  1614  1634  1614
TBILIS 1968 03 03 2  1634  1630  1600  1636  1626  1616  1622  1614  1614  1622  1602  1614
TBILIS 1968 03 04 1  1594  1596  1602  1606  1606  1636  1608  1624  1614  1640  1636  1634
TBILIS 1968 03 04 2  1606  1636  1606  1600  1646  1632  1622  1626  1636  1614  1604  1624
TBILIS 1968 03 05 1  1620  1612  1640  1636  1624  1632  1612  1588  1608  1616  1608  1632
TBILIS 1968 03 05 2  1620  1614  1620  1620  1604  1628  1612  1610  1614  1610  1616  1640
TBILIS 1968 03 06 1  1622  1606  1610  1608  1614  1598  1604  1626  1620  1634  1600  1620
TBILIS 1968 03 06 2  1616  1634  1630  1620  1654  1630  1600  1622  1616  1640  1628  1624
TBILIS 1968 03 07 1  1610  1634  1610  1606  1594  1598  1620  1626  1616  1600  1640  1616
TBILIS 1968 03 07 2  1626  1626  1608  1620  1618  1628  1616  1602  1634  1614  1634  1624
TBILIS 1968 03 08 1  1624  1612  1618  1620  1600  1608  1620  1614  1596  1636  1640  1618
TBILIS 1968 03 08 2  1628  1643  1646  1628  1622  1620  1640  1628  1598  1628  1620  1628
TBILIS 1968 03 09 1  1618  1620  1618  1640  1600  1620  1628  1634  1626  1640  1626  1644
TBILIS 1968 03 09 2  1640  1610  1636  1620  1618  1614  1628  1616  1632  1620  1630  1620
TBILIS 1968 03 10 1  1606  1630  1622  1604  1598  1604  1610  1626  1634  1626  1622  1642
TBILIS 1968 03 10 2  1634  1636  1640  1634  1608  1600  1616  1616  1600  1600  1598  1604
TBILIS 1968 03 11 1  1606  1604  1624  1608  1600  1610  1630  1616  1610  1632  1620  1612
TBILIS 1968 03 11 2  1612  1608  1612  1638  1620  1612  1626  1614  1612  1626  1580  1598
TBILIS 1968 03 12 1  1604  1602  1604  1614  1592  1612  1620  1604  1594  1600  1602  1594
TBILIS 1968 03 12 2  1610  1596  1602  1620  1604  1594  1604  1622  1608  1606  1610  1620
TBILIS 1968 03 13 1  1626  1626  1648  1642  1636 99999 99999 99999 99999 99999 99999 99999
TBILIS 1968 03 13 2 99999 99999  1600  1588  1570  1584  1604  1610  1600  1572  1580  1572
TBILIS 1968 03 14 1  1570  1562  1586  1600  1592  1606 99999 99999  1600  1622  1630  1612
TBILIS 1968 03 14 2  1598  1606  1582  1602  1610  1582  1592  1578  1592  1608  1616  1592
TBILIS 1968 03 15 1  1578  1586  1610  1600  1602  1600  1620  1636  1636  1636  1632  1600
TBILIS 1968 03 15 2  1620  1600  1608  1604  1592  1604  1592  1606  1582  1588  1592  1578
TBILIS 1968 03 16 1  1588  1592  1582  1600  1592  1600  1604  1604  1618  1612  1610  1606
TBILIS 1968 03 16 2  1628  1570  1572  1582  1600  1562  1570  1576  1558 99999 99999 99999
TBILIS 1968 03 17 1 99999 99999 99999 99999 99999 99999 99999 99999  1608  1604  1600  1594
TBILIS 1968 03 17 2  1570  1588  1584  1582  1572  1580  1570  1584  1568  1586  1580  1554
TBILIS 1968 03 18 1  1576  1598  1576  1572  1596  1602  1610  1598  1624  1628  1606  1608
TBILIS 1968 03 18 2  1616  1610  1596  1620  1610  1610  1592  1576  1590  1584  1590  1574
TBILIS 1968 03 19 1  1572  1602  1602  1604  1612  1570 99999 99999 99999 99999 99999 99999
TBILIS 1968 03 19 2 99999 99999 99999 99999 99999 99999 99999 99999 99999 99999 99999 99999
TBILIS 1968 03 20 1 99999 99999 99999 99999 99999 99999 99999 99999 99999 99999 99999 99999
TBILIS 1968 03 20 2 99999 99999  1606  1634  1610  1610  1590  1588  1598  1574  1588  1600
TBILIS 1968 03 21 1  1598  1594  1604  1606  1640  1618  1628  1616  1616  1626  1624  1630
TBILIS 1968 03 21 2  1640  1648  1640  1648  1646  1620  1640  1626  1588  1594  1620  1608
TBILIS 1968 03 22 1  1574  1586  1588  1610  1622  1662  1634  1632  1644  1632  1640  1646
TBILIS 1968 03 22 2  1652  1638  1628  1646  1648  1620  1626  1614  1616  1588  1598  1600
TBILIS 1968 03 23 1  1646  1620  1606  1628  1642  1614  1632  1624  1628  1630  1604  1632
TBILIS 1968 03 23 2  1610  1614  1634  1640  1634  1604  1598  1608  1624  1606  1588  1604
TBILIS 1968 03 24 1  1604  1592  1610  1598  1608  1622  1612  1606  1620  1592  1614  1608
TBILIS 1968 03 24 2  1612  1636  1624  1624  1624  1652  1620  1622  1616  1610  1604  1622
TBILIS 1968 03 25 1  1610  1626  1614  1614  1614  1610  1634  1610  1614  1616  1606  1634
TBILIS 1968 03 25 2  1626  1644  1616  1610  1634  1624  1644  1616  1626  1626  1620  1640
TBILIS 1968 03 26 1  1606  1648  1620  1626  1626  1632  1636  1632  1634  1620  1624  1624
TBILIS 1968 03 26 2  1632  1624  1616  1654  1640  1626  1640  1632  1612  1620  1628  1624
TBILIS 1968 03 27 1  1640  1624  1634  1630  1622  1640  1656  1644  1634  1610  1624  1642
TBILIS 1968 03 27 2  1614  1628  1622  1632  1634  1628  1622  1618  1626  1642  1644  1634
TBILIS 1968 03 28 1  1604  1616  1626  1624  1622  1612  1608  1610  1620  1598  1614  1610
TBILIS 1968 03 28 2  1616  1620  1632  1618  1614  1592  1588  1604  1582  1602  1578  1594
TBILIS 1968 03 29 1  1586  1590  1600  1600  1640  1608  1634  1620  1604  1634  1608  1608
TBILIS 1968 03 29 2  1632  1632  1620  1614  1604  1608  1602  1598  1606  1600  1614  1620
TBILIS 1968 03 30 1  1588  1596  1610  1614  1604  1622  1630  1610  1616  1622  1648  1628
TBILIS 1968 03 30 2  1624  1606  1608  1618  1602  1612  1622  1654  1608  1630  1610  1620
TBILIS 1968 03 31 1  1604  1602  1632  1634  1640  1620  1610  1610  1616  1618  1640  1640
TBILIS 1968 03 31 2  1624  1622  1610  1616  1610  1612  1618  1632  1620  1616  1620  1604
Cosmic-Ray Neutron Monitor Data (Hourly, Pressure-Corrected and Scale-Adjusted Counts)
Collections: WDC for Cosmic Rays, Solar-Terrestrial Environment Laboratory, Nagoya Univ.
Data Access: http://center.stelab.nagoya-u.ac.jp/WDCCR/index.html
Project: ICSU WDC
Citation: WDC for Cosmic Rays, Solar-Terrestrial Environment Laboratory, Nagoya University
Station ID: TBILIS
Station:  TBILISI,GIORGIA,INSTITUT GEOPHYSIKY (IG), GIORGIAN ACADEMY OF SCIENCES,GIORGIA 
Instrument: IGY NEUTRON MONITOR, CORRECTED FOR PRESSURE TO 950.0 MB, COEF. =                
Latitude (deg.):   41.72  Longitude (deg.):   44.80  Altitude (m):  510.00
Cut-Off Rigidity (GV):    6.91
Year: 1968  Month:   4
Scaling Factor (SF):    10.0   Constant (CONST):     0.0  Real Counts = (DATA + CONST)*SF
Temporal Resolution: 1 hour
UTC Start Hour:     0.0
                                                                                
                                                        
Monthly Average:  1644.0
Updated (YYYY MM DD): 2000 00 00
*******************************************************************************************
ID     YYYY MM DD 1     0     1     2     3     4     5     6     7     8     9    10    11
ID     YYYY MM DD 2    12    13    14    15    16    17    18    19    20    21    22    23
*******************************************************************************************
TBILIS 1968 04 01 1  1640  1646  1634  1610  1632  1634  1628  1642  1648  1632  1624  1634
TBILIS 1968 04 01 2  1628  1628  1620  1630  1628  1626  1622  1642  1628  1626  1626  1610
TBILIS 1968 04 02 1  1614  1594  1620  1604  1620  1596  1596  1596  1602  1626  1634  1606
TBILIS 1968 04 02 2  1622  1616  1610  1632  1604  1626  1614  1632  1614  1624  1588  1618
TBILIS 1968 04 03 1  1602  1620  1616  1604  1630  1610  1642  1626  1608  1622  1624  1636
TBILIS 1968 04 03 2  1626  1600  1620  1624  1632  1634  1622  1624  1608  1618  1598  1620
TBILIS 1968 04 04 1  1604  1600  1608  1602  1624  1610  1614  1642  1618  1622  1646  1648
TBILIS 1968 04 04 2  1650  1640  1644  1638  1650  1640  1624  1638  1636  1624  1618  1618
TBILIS 1968 04 05 1 99999 99999 99999 99999  1624  1624  1666  1624  1670  1638  1658  1654
TBILIS 1968 04 05 2  1662  1666  1648  1666  1638  1640  1634  1654  1636  1660  1634  1628
TBILIS 1968 04 06 1  1634  1626  1604  1620  1642  1622  1624  1660  1628  1658  1656  1640
TBILIS 1968 04 06 2  1666  1632  1624  1622  1626  1672  1636  1610  1616  1614  1620  1630
TBILIS 1968 04 07 1  1638  1624  1590  1626  1624  1624  1648  1658  1638  1640  1626  1652
TBILIS 1968 04 07 2  1628  1620  1616  1626  1628  1640  1614  1606  1630  1634  1610  1592
TBILIS 1968 04 08 1  1620  1642  1628  1640  1626  1638  1632  1600  1652  1640  1634  1650
TBILIS 1968 04 08 2  1642  1638  1648  1658  1638  1632  1624  1632  1620  1610  1616  1636
TBILIS 1968 04 09 1  1640  1634  1634  1628  1608  1634  1630  1628  1626  1620  1618  1612
TBILIS 1968 04 09 2  1612  1618  1620  1630  1636  1634  1634 99999 99999 99999 99999 99999
TBILIS 1968 04 10 1 99999 99999 99999  1646  1622  1634  1618  1636  1632  1606  1640  1634
TBILIS 1968 04 10 2  1640  1638  1636  1630  1608  1620  1604  1600  1606  1600  1628  1610
TBILIS 1968 04 11 1  1632  1614  1612  1634  1642  1630  1636  1630  1602  1604  1648  1648
TBILIS 1968 04 11 2  1660  1644  1648  1646  1678  1634  1650  1648  1608  1644  1646  1656
TBILIS 1968 04 12 1  1620  1636  1634  1630  1640  1614  1620  1622  1634  1626  1648  1624
TBILIS 1968 04 12 2  1654  1632  1616  1612  1640  1634  1630  1620  1624  1626  1632  1618
TBILIS 1968 04 13 1  1614  1640  1660  1644  1646  1646  1646  1636  1650  1642  1652  1646
TBILIS 1968 04 13 2  1634  1620  1650  1640  1628  1642  1634  1628  1604  1604  1636  1630
TBILIS 1968 04 14 1  1622  1610  1644  1626  1646  1624  1644  1630  1634  1628  1640  1644
TBILIS 1968 04 14 2  1648  1644  1646  1636  1664  1648  1662  1672  1628  1638  1646  1666
TBILIS 1968 04 15 1  1650  1644  1644  1682  1646  1654  1662  1664  1660  1694  1678  1662
TBILIS 1968 04 15 2  1644  1672  1696  1678  1670  1676  1682  1700  1664  1704  1672  1672
TBILIS 1968 04 16 1 99999 99999 99999 99999 99999 99999 99999 99999  1640  1656  1654  1648
TBILIS 1968 04 16 2  1648  1626  1660  1644  1632  1650  1632  1612  1672  1656  1658  1660
TBILIS 1968 04 17 1  1660  1620  1666  1660  1628  1634  1640  1644  1638  1662  1622  1620
TBILIS 1968 04 17 2  1610  1612  1626  1636  1646  1620  1640  1640  1620  1610  1598  1620
TBILIS 1968 04 18 1  1634  1620  1634  1634  1636  1648  1626  1628  1630  1634  1632  1630
TBILIS 1968 04 18 2  1630  1630  1646  1648  1628  1626  1624  1628  1640  1600  1606  1628
TBILIS 1968 04 19 1  1660  1660  1668  1668  1678  1664  1664  1660  1666  1648  1688  1688
TBILIS 1968 04 19 2  1644  1676  1640  1648  1648  1634  1640  1652  1648  1636  1640  1660
TBILIS 1968 04 20 1  1642  1646  1646  1632  1650  1652  1648  1644  1640  1648  1650  1634
TBILIS 1968 04 20 2  1644  1654  1640  1628  1658  1648  1650  1628  1636  1638  1634  1656
TBILIS 1968 04 21 1  1626  1622  1636  1666  1650  1662  1642  1664  1648  1660  1640  1644
TBILIS 1968 04 21 2  1662  1676  1646  1656  1672  1648  1660  1648  1664  1662  1664  1666
TBILIS 1968 04 22 1  1656  1650  1658  1660  1648  1664  1660  1666  1664  1662  1664  1666
TBILIS 1968 04 22 2  1672  1648  1672  1676  1656  1656  1646  1650  1654  1650  1660  1646
TBILIS 1968 04 23 1  1642  1650  1626  1628  1634  1634  1634  1648  1630  1648  1648  1640
TBILIS 1968 04 23 2  1630  1624  1638  1634  1646  1648  1658  1620  1642  1632  1644  1638
TBILIS 1968 04 24 1  1622  1640  1628  1628  1634  1632  1654  1634  1652  1646  1648  1660
TBILIS 1968 04 24 2  1648  1654  1658  1648  1642  1634  1642  1634  1630  1624  1632  1632
TBILIS 1968 04 25 1  1630  1650  1642  1634  1634  1650  1648  1640  1664  1654  1682  1648
TBILIS 1968 04 25 2  1692  1656  1692  1688  1666  1658  1662  1640  1664  1630  1634  1634
TBILIS 1968 04 26 1  1642  1648  1684  1626  1660  1670  1676  1648  1634  1666  1660  1654
TBILIS 1968 04 26 2  1658  1656  1684  1660  1624  1660  1652  1652  1624  1622  1648  1656
TBILIS 1968 04 27 1  1648  1618  1634  1666  1668  1646  1668  1676  1666  1666  1676  1658
TBILIS 1968 04 27 2  1694  1692  1660  1664  1664  1664  1702  1700  1648  1668  1684  1656
TBILIS 1968 04 28 1  1650  1660  1710  1684  1686  1722  1682  1696  1712  1732  1710  1730
TBILIS 1968 04 28 2  1698  1690  1706  1708  1710  1672  1680  1688  1672  1668  1672  1670
TBILIS 1968 04 29 1  1668  1694  1672  1676  1686  1708  1704  1696  1696  1666  1676  1674
TBILIS 1968 04 29 2  1666  1682  1676  1682  1690  1678  1668  1676  1700  1674  1680  1676
TBILIS 1968 04 30 1  1678  1682  1688  1684  1680  1710  1672  1698  1668  1674  1678  1692
TBILIS 1968 04 30 2  1684  1680  1666  1662  1698  1682  1682  1682  1676  1692 99999 99999
TBILIS 1968 04 31 1 99999 99999 99999 99999 99999 99999 99999 99999 99999 99999 99999 99999
TBILIS 1968 04 31 2 99999 99999 99999 99999 99999 99999 99999 99999 99999 99999 99999 99999
Cosmic-Ray Neutron Monitor Data (Hourly, Pressure-Corrected and Scale-Adjusted Counts)
Collections: WDC for Cosmic Rays, Solar-Terrestrial Environment Laboratory, Nagoya Univ.
Data Access: http://center.stelab.nagoya-u.ac.jp/WDCCR/index.html
Project: ICSU WDC
Citation: WDC for Cosmic Rays, Solar-Terrestrial Environment Laboratory, Nagoya University
Station ID: TBILIS
Station:  TBILISI,GIORGIA,INSTITUT GEOPHYSIKY (IG), GIORGIAN ACADEMY OF SCIENCES,GIORGIA 
Instrument: IGY NEUTRON MONITOR, CORRECTED FOR PRESSURE TO 950.0 MB, COEF. =                
Latitude (deg.):   41.72  Longitude (deg.):   44.80  Altitude (m):  510.00
Cut-Off Rigidity (GV):    6.91
Year: 1968  Month:   5
Scaling Factor (SF):    10.0   Constant (CONST):     0.0  Real Counts = (DATA + CONST)*SF
Temporal Resolution: 1 hour
UTC Start Hour:     0.0
                                                                                
                                                        
Monthly Average:  1649.3
Updated (YYYY MM DD): 2000 00 00
*******************************************************************************************
ID     YYYY MM DD 1     0     1     2     3     4     5     6     7     8     9    10    11
ID     YYYY MM DD 2    12    13    14    15    16    17    18    19    20    21    22    23
*******************************************************************************************
TBILIS 1968 05 01 1 99999 99999  1672  1678  1690  1662  1688  1682  1648  1640  1686  1666
TBILIS 1968 05 01 2  1666  1672  1672  1678  1664  1674  1668  1666  1664  1664  1682  1692
TBILIS 1968 05 02 1  1666  1684  1660  1662  1682  1676  1648  1698  1700  1700  1706  1682
TBILIS 1968 05 02 2  1686  1690  1680  1676  1700  1670  1686  1682  1654  1700  1678  1662
TBILIS 1968 05 03 1  1684  1710  1682  1660  1640  1668  1676  1666  1686  1710  1700  1690
TBILIS 1968 05 03 2  1702  1732  1706  1682  1694  1686  1692  1662  1678  1660  1684  1682
TBILIS 1968 05 04 1  1670  1702  1710  1698  1694  1696 99999 99999 99999 99999 99999 99999
TBILIS 1968 05 04 2 99999 99999 99999 99999  1654  1710  1712  1716  1700  1700  1670  1682
TBILIS 1968 05 05 1  1664  1702  1680  1700  1688  1698  1682  1688 99999 99999 99999 99999
TBILIS 1968 05 05 2  1660  1648  1642  1636  1688 99999 99999 99999 99999 99999 99999 99999
TBILIS 1968 05 06 1  1716  1704  1696  1682  1720  1736  1738  1740  1740  1708  1712  1674
TBILIS 1968 05 06 2  1688  1670  1662 99999  1682  1684  1708 99999 99999 99999 99999 99999
TBILIS 1968 05 07 1 99999 99999 99999 99999 99999 99999  1708  1722  1696  1690  1716  1710
TBILIS 1968 05 07 2  1688  1684  1714  1694  1682  1684  1698  1684  1710  1692  1700  1704
TBILIS 1968 05 08 1  1706  1694  1708  1710  1722  1722  1706  1718  1710  1680  1728  1712
TBILIS 1968 05 08 2 99999 99999  1698  1710  1700  1700  1686  1692  1718  1722  1722  1712
TBILIS 1968 05 09 1  1724  1720  1696  1706  1676  1708  1716  1732  1716  1712  1706  1698
TBILIS 1968 05 09 2  1686  1698  1700  1696  1700  1670  1680  1698  1732  1710  1666  1656
TBILIS 1968 05 10 1  1714  1728  1696  1716  1706  1694  1726  1730  1724  1756  1748  1706
TBILIS 1968 05 10 2  1736  1738  1714  1722  1710  1720  1718  1724  1722  1710  1716  1722
TBILIS 1968 05 11 1  1726  1716  1706  1724  1734  1798  1722  1731  1754  1722  1740  1762
TBILIS 1968 05 11 2  1754  1724 99999 99999  1656  1660  1676  1626  1636  1654  1634  1648
TBILIS 1968 05 12 1  1636  1660  1662  1674  1662  1692  1678  1664  1704  1684  1690  1676
TBILIS 1968 05 12 2  1676  1672  1672  1680  1688  1662  1674  1686  1644  1628  1680  1652
TBILIS 1968 05 13 1  1648  1658  1662  1660  1660  1660  1654  1656  1660  1654  1640  1666
TBILIS 1968 05 13 2  1660  1656  1646  1676  1624  1648  1640  1650  1624  1638  1634  1640
TBILIS 1968 05 14 1  1640  1660  1656  1632  1648  1646  1660  1660  1620  1642  1632  1664
TBILIS 1968 05 14 2  1634  1666  1660  1650  1632  1656  1594  1610  1618  1638  1622  1616
TBILIS 1968 05 15 1  1634  1646  1620  1638  1630  1638  1660  1642  1652  1640  1654  1664
TBILIS 1968 05 15 2  1660  1646  1640  1626  1620  1622  1606  1620  1648  1624  1620  1624
TBILIS 1968 05 16 1  1648  1628  1614  1612  1620  1636  1636  1632 99999 99999 99999 99999
TBILIS 1968 05 16 2 99999 99999  1642  1668  1662 99999  1684  1680  1640  1664  1672  1670
TBILIS 1968 05 17 1  1690  1670  1660  1682  1672  1670  1682  1650  1680  1704 99999 99999
TBILIS 1968 05 17 2  1662  1648  1644  1652  1634  1640  1652  1648  1626  1650  1648  1648
TBILIS 1968 05 18 1  1622  1610  1638  1642  1620  1622  1652  1622  1656  1658  1656  1642
TBILIS 1968 05 18 2  1662  1652  1698  1728  1710  1734  1694  1720  1678  1700  1674  1696
TBILIS 1968 05 19 1  1672  1694  1652  1660  1686  1676  1662 99999 99999 99999 99999 99999
TBILIS 1968 05 19 2  1650  1662  1660  1664  1670  1664  1660  1662  1676  1636  1662  1634
TBILIS 1968 05 20 1  1642  1624  1604  1620  1620  1644  1640  1618  1606  1622  1636  1620
TBILIS 1968 05 20 2  1604  1600  1600  1606  1638  1590  1588  1580  1572  1600  1570  1602
TBILIS 1968 05 21 1  1604  1584  1586  1600  1612  1580  1580  1578 99999 99999  1580  1574
TBILIS 1968 05 21 2  1588  1588  1574  1586  1580  1580  1546  1578  1588  1580  1574  1572
TBILIS 1968 05 22 1  1570  1566  1550  1564  1580  1598  1558  1546  1568 99999 99999 99999
TBILIS 1968 05 22 2  1594  1600  1608  1606  1588  1582  1574  1600  1570  1568  1624  1642
TBILIS 1968 05 23 1  1600  1592  1572  1594  1582  1578  1584  1588  1604  1600  1610  1612
TBILIS 1968 05 23 2  1596  1586  1588  1612  1586  1580  1606  1598  1578  1604  1592  1602
TBILIS 1968 05 24 1  1588  1604  1580  1630  1598  1606  1634  1642  1600  1632  1652  1630
TBILIS 1968 05 24 2  1636  1620  1632  1644  1602  1586  1592  1610 99999 99999  1604  1598
TBILIS 1968 05 25 1  1580  1592  1592  1566  1600  1600  1598  1580  1602  1604  1604  1604
TBILIS 1968 05 25 2  1600  1628  1620  1640  1630  1620  1624  1642  1630  1638  1632  1620
TBILIS 1968 05 26 1  1620  1628  1624  1634  1652  1642  1620  1638  1640  1634  1648  1648
TBILIS 1968 05 26 2  1620  1624  1630  1624  1630  1638  1614  1602  1620  1620  1624  1638
TBILIS 1968 05 27 1  1632  1634  1632  1614  1634  1612  1618  1616  1656  1654  1626  1614
TBILIS 1968 05 27 2  1644  1638  1656  1644  1642  1648  1608  1616  1632  1620  1642  1626
TBILIS 1968 05 28 1  1622  1632  1620  1630  1638  1622  1616  1644  1634  1620  1586  1588
TBILIS 1968 05 28 2  1628  1624  1640  1638  1622  1624  1624  1606  1598  1624  1608  1620
TBILIS 1968 05 29 1  1608  1608  1624  1636  1644  1630  1624  1620  1610  1618  1614  1612
TBILIS 1968 05 29 2  1598  1606  1600  1614  1620  1622  1634  1618  1638  1620  1612  1634
TBILIS 1968 05 30 1  1626  1628  1632  1606  1608  1626  1634  1638  1632  1636  1618  1620
TBILIS 1968 05 30 2  1612  1594  1620  1604  1596  1594  1586  1564  1600  1590  1610  1586
TBILIS 1968 05 31 1  1582  1596  1614  1604  1596  1626  1608  1592  1580  1610  1620  1604
TBILIS 1968 05 31 2  1604  1600  1610  1604  1596  1602  1614  1592  1586  1578  1600  1598
Cosmic-Ray Neutron Monitor Data (Hourly, Pressure-Corrected and Scale-Adjusted Counts)
Collections: WDC for Cosmic Rays, Solar-Terrestrial Environment Laboratory, Nagoya Univ.
Data Access: http://center.stelab.nagoya-u.ac.jp/WDCCR/index.html
Project: ICSU WDC
Citation: WDC for Cosmic Rays, Solar-Terrestrial Environment Laboratory, Nagoya University
Station ID: TBILIS
Station:  TBILISI,GIORGIA,INSTITUT GEOPHYSIKY (IG), GIORGIAN ACADEMY OF SCIENCES,GIORGIA 
Instrument: IGY NEUTRON MONITOR, CORRECTED FOR PRESSURE TO 950.0 MB, COEF. =                
Latitude (deg.):   41.72  Longitude (deg.):   44.80  Altitude (m):  510.00
Cut-Off Rigidity (GV):    6.91
Year: 1968  Month:   6
Scaling Factor (SF):    10.0   Constant (CONST):     0.0  Real Counts = (DATA + CONST)*SF
Temporal Resolution: 1 hour
UTC Start Hour:     0.0
                                                                                
                                                        
Monthly Average:  1603.7
Updated (YYYY MM DD): 2000 00 00
*******************************************************************************************
ID     YYYY MM DD 1     0     1     2     3     4     5     6     7     8     9    10    11
ID     YYYY MM DD 2    12    13    14    15    16    17    18    19    20    21    22    23
*******************************************************************************************
TBILIS 1968 06 01 1  1596  1580  1584  1594  1616  1628  1622  1638  1598  1612  1616  1628
TBILIS 1968 06 01 2  1600  1614  1620  1602  1608  1634  1612  1612  1618  1618  1602  1614
TBILIS 1968 06 02 1  1572  1618  1596  1596  1630  1608  1590  1576  1592  1608  1596 99999
TBILIS 1968 06 02 2  1586  1628  1630  1622  1606  1612  1628  1598  1632  1664  1644  1652
TBILIS 1968 06 03 1  1668  1634  1674  1666  1684  1666  1620  1622  1602  1646  1584  1604
TBILIS 1968 06 03 2  1604  1614  1616  1618  1606  1606  1632  1592 99999 99999 99999 99999
TBILIS 1968 06 04 1 99999 99999 99999 99999 99999 99999 99999 99999  1598  1598  1604  1624
TBILIS 1968 06 04 2  1590  1600  1610  1606  1618  1590  1630  1608  1614  1604  1616  1620
TBILIS 1968 06 05 1  1620  1634  1598  1602  1620  1610  1614  1608  1626  1626  1620  1640
TBILIS 1968 06 05 2  1654  1654  1644  1640  1660  1676  1640  1634  1646  1630  1646  1638
TBILIS 1968 06 06 1  1606  1640  1618  1608  1608  1638  1660  1652  1622  1624  1628  1644
TBILIS 1968 06 06 2  1638  1650  1636  1644  1638  1648 99999 99999 99999 99999 99999 99999
TBILIS 1968 06 07 1 99999 99999  1668  1674  1620  1638  1658  1658  1666  1668  1634  1628
TBILIS 1968 06 07 2  1634  1634  1632  1638  1640  1646 99999 99999 99999 99999 99999 99999
TBILIS 1968 06 08 1 99999 99999  1632  1634  1634  1628  1646  1646  1670  1672  1646  1638
TBILIS 1968 06 08 2  1646  1636  1634  1652  1634  1644  1638  1644  1644  1618  1612  1634
TBILIS 1968 06 09 1  1596  1624  1618  1638  1622  1618  1638  1626  1626  1634  1608  1618
TBILIS 1968 06 09 2  1640  1618  1632  1638  1646  1644  1626  1638  1614  1646  1620  1616
TBILIS 1968 06 10 1  1646  1616  1616  1620  1616  1630  1646  1628  1598  1626  1630  1644
TBILIS 1968 06 10 2  1618  1634  1642  1632  1636  1638  1616  1608  1648  1616  1628  1634
TBILIS 1968 06 11 1  1640  1618  1634  1646  1622  1640  1648  1638  1622  1644  1624  1614
TBILIS 1968 06 11 2  1618  1584  1598  1578  1578  1572  1592  1578  1552  1574  1578  1638
TBILIS 1968 06 12 1  1600  1576  1572  1592  1604  1604  1588  1562  1574  1578  1578  1586
TBILIS 1968 06 12 2  1582  1568  1630  1624  1602  1618 99999 99999 99999 99999 99999 99999
TBILIS 1968 06 13 1 99999 99999  1622  1622  1616  1608  1612  1612  1618  1614  1632  1630
TBILIS 1968 06 13 2 99999 99999 99999 99999 99999 99999 99999 99999 99999 99999 99999 99999
TBILIS 1968 06 14 1 99999 99999 99999 99999 99999 99999 99999 99999 99999 99999 99999 99999
TBILIS 1968 06 14 2  1646  1648  1632  1636  1634  1638  1634  1632  1638  1634  1612  1630
TBILIS 1968 06 15 1  1622  1614  1620  1614  1620  1632  1658  1618  1638  1672  1662  1654
TBILIS 1968 06 15 2  1658  1658  1642  1646  1647  1644  1652  1640  1644  1632  1630  1618
TBILIS 1968 06 16 1  1624  1620  1616  1630  1618  1646  1618  1618  1632  1630  1620  1602
TBILIS 1968 06 16 2  1614  1590  1596  1612  1626 99999  1602  1612  1622  1622  1592  1612
TBILIS 1968 06 17 1  1614  1608  1600  1602  1600  1598  1622  1606  1618  1606  1624  1594
TBILIS 1968 06 17 2  1586  1584  1598  1586  1634  1628  1608  1582  1582  1598  1586  1562
TBILIS 1968 06 18 1  1572  1568  1560  1582  1564  1568  1574  1570  1564  1560  1548  1578
TBILIS 1968 06 18 2  1572  1540  1566  1576  1576  1574  1568  1570  1592  1580  1568  1568
TBILIS 1968 06 19 1  1568  1582  1600  1582  1580  1600  1584  1564  1584  1614  1576  1626
TBILIS 1968 06 19 2  1620  1604  1578  1582  1602  1588  1580  1594  1596  1568  1574  1580
TBILIS 1968 06 20 1  1586  1570  1588  1588  1550  1544  1596  1570  1608  1592  1586  1582
TBILIS 1968 06 20 2  1598  1622  1600  1578  1586  1598  1610  1612  1600  1586  1606  1608
TBILIS 1968 06 21 1  1584  1590  1570  1600  1602  1618 99999 99999 99999 99999 99999 99999
TBILIS 1968 06 21 2 99999 99999 99999 99999  1592  1598  1598  1592  1608  1606  1626  1600
TBILIS 1968 06 22 1  1604  1620  1606  1610  1618  1600  1608  1590  1602  1616  1616  1632
TBILIS 1968 06 22 2  1622  1612  1614  1606  1608  1582  1602  1592  1604  1612  1618  1592
TBILIS 1968 06 23 1  1614  1610  1606  1614  1614  1592  1584  1596  1566  1594  1590  1568
TBILIS 1968 06 23 2  1574  1582  1568  1564  1582  1568  1572  1564  1588  1584  1598  1572
TBILIS 1968 06 24 1  1570  1600  1602  1592  1582  1598  1586  1578  1600  1577  1566  1584
TBILIS 1968 06 24 2  1598  1598  1586  1592  1576  1560  1572  1578  1580  1602  1596  1584
TBILIS 1968 06 25 1  1600  1568  1578  1568  1574  1560  1592  1552  1574  1564  1578  1568
TBILIS 1968 06 25 2  1610  1578  1568  1572  1568  1586  1564  1578  1594  1558  1582  1584
TBILIS 1968 06 26 1  1578  1582  1586  1582  1604  1616  1586  1568  1566 99999 99999 99999
TBILIS 1968 06 26 2 99999 99999 99999 99999 99999 99999 99999 99999 99999 99999 99999 99999
TBILIS 1968 06 27 1 99999 99999 99999 99999  1558  1556  1550  1576  1588  1570  1582  1564
TBILIS 1968 06 27 2  1548  1532  1473  1604  1582  1588  1526  1548  1550  1564  1578  1564
TBILIS 1968 06 28 1  1544  1560  1558  1556  1610  1594  1540  1564  1562  1568  1614  1608
TBILIS 1968 06 28 2  1568  1556  1556  1544  1564  1548  1562  1560  1550  1574  1578  1582
TBILIS 1968 06 29 1  1550  1580  1598  1564  1586  1584  1594  1608  1582  1578  1584  1586
TBILIS 1968 06 29 2  1602  1564  1570  1586  1582  1570  1590  1556  1560  1584  1578  1550
TBILIS 1968 06 30 1  1550  1562  1554  1568 99999 99999 99999 99999  1574  1588  1580  1564
TBILIS 1968 06 30 2  1558  1572  1578  1560  1572  1566  1560  1566  1566  1572  1560  1560
TBILIS 1968 06 31 1 99999 99999 99999 99999 99999 99999 99999 99999 99999 99999 99999 99999
TBILIS 1968 06 31 2 99999 99999 99999 99999 99999 99999 99999 99999 99999 99999 99999 99999
Cosmic-Ray Neutron Monitor Data (Hourly, Pressure-Corrected and Scale-Adjusted Counts)
Collections: WDC for Cosmic Rays, Solar-Terrestrial Environment Laboratory, Nagoya Univ.
Data Access: http://center.stelab.nagoya-u.ac.jp/WDCCR/index.html
Project: ICSU WDC
Citation: WDC for Cosmic Rays, Solar-Terrestrial Environment Laboratory, Nagoya University
Station ID: TBILIS
Station:  TBILISI,GIORGIA,INSTITUT GEOPHYSIKY (IG), GIORGIAN ACADEMY OF SCIENCES,GIORGIA 
Instrument: IGY NEUTRON MONITOR, CORRECTED FOR PRESSURE TO 950.0 MB, COEF. =                
Latitude (deg.):   41.72  Longitude (deg.):   44.80  Altitude (m):  510.00
Cut-Off Rigidity (GV):    6.91
Year: 1968  Month:   7
Scaling Factor (SF):    10.0   Constant (CONST):     0.0  Real Counts = (DATA + CONST)*SF
Temporal Resolution: 1 hour
UTC Start Hour:     0.0
                                                                                
                                                        
Monthly Average:  1557.7
Updated (YYYY MM DD): 2000 00 00
*******************************************************************************************
ID     YYYY MM DD 1     0     1     2     3     4     5     6     7     8     9    10    11
ID     YYYY MM DD 2    12    13    14    15    16    17    18    19    20    21    22    23
*******************************************************************************************
TBILIS 1968 07 01 1  1586  1596  1582  1578  1586  1598  1564  1566  1544  1570  1556  1556
TBILIS 1968 07 01 2  1526  1573  1573  1573  1566  1572  1598  1562  1580  1602  1558  1592
TBILIS 1968 07 02 1  1544  1566  1546  1558  1560  1560  1556  1566  1580  1574  1592  1566
TBILIS 1968 07 02 2  1550  1556  1574  1564  1578  1554  1556  1550  1574  1564  1570  1552
TBILIS 1968 07 03 1  1578  1554  1574  1566  1598  1596  1564  1606  1582  1556  1558  1556
TBILIS 1968 07 03 2  1552  1540  1508  1520  1490  1500  1546  1566  1566  1578  1562  1568
TBILIS 1968 07 04 1  1566  1568  1548  1572  1554  1570  1536  1552  1564  1556  1554  1578
TBILIS 1968 07 04 2  1568  1568  1554  1560  1566  1572 99999 99999 99999 99999  1556  1560
TBILIS 1968 07 05 1  1568  1574  1570  1568  1586  1578  1566  1578  1568  1578  1568  1578
TBILIS 1968 07 05 2  1578  1572  1558  1574  1578  1586  1584  1586  1572  1588  1570  1570
TBILIS 1968 07 06 1  1582  1590  1590  1576  1576  1568  1558  1584  1576  1568  1586  1588
TBILIS 1968 07 06 2  1578  1572  1580  1594  1584  1564 99999 99999 99999 99999 99999 99999
TBILIS 1968 07 07 1 99999 99999 99999  1566  1582  1568  1582  1576  1588  1584  1568  1560
TBILIS 1968 07 07 2  1572  1584  1574  1576  1580  1548  1570  1554  1580  1556  1562  1590
TBILIS 1968 07 08 1  1570  1578  1582  1552  1568  1588  1578 99999  1598  1582  1578  1578
TBILIS 1968 07 08 2  1566  1594  1572  1578  1574  1598  1570  1578  1576  1592  1578  1552
TBILIS 1968 07 09 1  1552  1566  1550  1576  1546  1558  1562  1556  1584  1576  1558  1546
TBILIS 1968 07 09 2  1550  1556  1570  1542  1558  1552  1566  1550  1540  1546  1570  1548
TBILIS 1968 07 10 1  1554  1552  1554  1568  1562  1566  1548  1558  1568  1578  1560  1548
TBILIS 1968 07 10 2  1556  1568  1584  1560  1552  1552  1572  1562  1566  1544  1530  1524
TBILIS 1968 07 11 1  1530  1526  1528  1530  1534  1532  1554  1538  1528  1526  1546  1522
TBILIS 1968 07 11 2  1540  1548  1544  1542  1554  1546  1538  1510  1536  1528  1570  1542
TBILIS 1968 07 12 1  1538  1536  1522  1554  1530  1536  1538  1550  1532  1552  1520  1489
TBILIS 1968 07 12 2  1510  1500  1530  1532  1538  1512  1516  1546  1534  1512  1520  1512
TBILIS 1968 07 13 1  1562  1560  1510  1534  1554  1542  1538  1548  1526  1522  1542  1544
TBILIS 1968 07 13 2  1514  1546  1542  1528  1534  1526  1536  1536  1510  1512  1526  1526
TBILIS 1968 07 14 1  1542  1538  1528  1564  1552  1568  1524  1546  1558  1550  1544  1566
TBILIS 1968 07 14 2  1564  1556  1544  1542  1544  1512  1534  1538  1546  1516  1530  1530
TBILIS 1968 07 15 1  1538  1548  1544  1536  1522  1548  1562  1548  1516  1542 99999 99999
TBILIS 1968 07 15 2 99999 99999 99999 99999 99999 99999 99999 99999 99999 99999 99999 99999
TBILIS 1968 07 16 1 99999 99999  1516  1522  1542  1546  1522  1526  1544  1526  1538  1546
TBILIS 1968 07 16 2  1524  1550  1558  1556  1574  1564  1530  1562  1554  1552  1566  1568
TBILIS 1968 07 17 1  1568  1570  1552  1544  1568  1530  1558  1548  1546  1552  1558  1538
TBILIS 1968 07 17 2  1578  1536  1562  1550  1566  1526  1540  1564  1548  1554  1560  1562
TBILIS 1968 07 18 1  1568  1590  1580  1588  1556  1546  1574  1556  1588  1574  1569  1580
TBILIS 1968 07 18 2  1562  1588  1564  1562  1570  1530  1572  1538  1546  1566  1572  1552
TBILIS 1968 07 19 1  1534  1548  1534  1560  1538  1544  1570  1592  1566  1568  1560  1548
TBILIS 1968 07 19 2  1540  1562  1548  1560  1566  1550  1552  1564  1540  1578  1558  1566
TBILIS 1968 07 20 1  1552  1558  1552  1556  1564 99999 99999 99999  1542  1562  1538  1550
TBILIS 1968 07 20 2  1546  1556  1528  1548  1554  1548  1538  1530  1546  1538  1550  1552
TBILIS 1968 07 21 1  1546  1552  1552  1566  1564  1552  1588  1570  1554  1568  1566  1552
TBILIS 1968 07 21 2  1552  1552  1560  1542  1548  1550  1564  1566  1528  1542  1534  1556
TBILIS 1968 07 22 1  1552  1578  1558  1558  1574  1552  1536  1532  1552  1574  1552  1552
TBILIS 1968 07 22 2  1554  1542  1566  1562  1556  1550  1578  1538  1558  1572  1538  1552
TBILIS 1968 07 23 1  1536  1528  1528  1546  1532  1550  1558  1534  1554  1568  1546  1522
TBILIS 1968 07 23 2  1578  1530  1536  1574  1552  1548  1534  1562  1562  1554  1558  1528
TBILIS 1968 07 24 1  1538  1516  1556  1546  1560  1582  1560  1570  1562  1562  1542  1564
TBILIS 1968 07 24 2  1576 99999 99999 99999  1556  1578  1570  1568  1572  1584  1572  1562
TBILIS 1968 07 25 1  1546  1554  1564  1574  1550  1548  1552  1554  1564  1592  1564  1570
TBILIS 1968 07 25 2  1538  1576  1552  1568  1584  1570  1564  1546  1570  1582  1548  1560
TBILIS 1968 07 26 1  1582  1552  1570  1574  1538  1542  1562  1568  1590  1572  1584  1564
TBILIS 1968 07 26 2  1570  1570  1582  1588  1578  1570  1568  1592  1576  1592  1580  1572
TBILIS 1968 07 27 1  1542  1566  1530  1546  1538  1544  1550  1558  1556  1560  1548  1600
TBILIS 1968 07 27 2  1588  1598  1582  1590  1590  1510  1548  1542  1584  1566  1570  1564
TBILIS 1968 07 28 1  1562  1572  1548  1560  1558  1584  1600  1580  1586  1616  1546  1566
TBILIS 1968 07 28 2  1574  1538  1556  1566  1530  1550  1540  1570  1556  1540  1552  1570
TBILIS 1968 07 29 1  1548  1552  1546  1552  1546  1552  1542  1556  1584  1550  1552  1568
TBILIS 1968 07 29 2  1566  1528  1572  1578  1574  1572  1562  1560  1544  1562  1570  1570
TBILIS 1968 07 30 1  1546  1564  1544  1516 99999 99999  1592  1538  1578  1548  1522  1578
TBILIS 1968 07 30 2  1588  1582  1560  1552  1580  1568  1578  1550  1558  1538  1534  1548
TBILIS 1968 07 31 1  1594  1566  1598  1598  1570  1574  1560  1604  1588  1588 99999 99999
TBILIS 1968 07 31 2 99999 99999 99999 99999 99999 99999 99999 99999 99999 99999 99999 99999
Cosmic-Ray Neutron Monitor Data (Hourly, Pressure-Corrected and Scale-Adjusted Counts)
Collections: WDC for Cosmic Rays, Solar-Terrestrial Environment Laboratory, Nagoya Univ.
Data Access: http://center.stelab.nagoya-u.ac.jp/WDCCR/index.html
Project: ICSU WDC
Citation: WDC for Cosmic Rays, Solar-Terrestrial Environment Laboratory, Nagoya University
Station ID: TBILIS
Station:  TBILISI,GIORGIA,INSTITUT GEOPHYSIKY (IG), GIORGIAN ACADEMY OF SCIENCES,GIORGIA 
Instrument: IGY NEUTRON MONITOR, CORRECTED FOR PRESSURE TO 950.0 MB, COEF. =                
Latitude (deg.):   41.72  Longitude (deg.):   44.80  Altitude (m):  510.00
Cut-Off Rigidity (GV):    6.91
Year: 1968  Month:   8
Scaling Factor (SF):    10.0   Constant (CONST):     0.0  Real Counts = (DATA + CONST)*SF
Temporal Resolution: 1 hour
UTC Start Hour:     0.0
                                                                                
                                                        
Monthly Average:  1584.5
Updated (YYYY MM DD): 2000 00 00
*******************************************************************************************
ID     YYYY MM DD 1     0     1     2     3     4     5     6     7     8     9    10    11
ID     YYYY MM DD 2    12    13    14    15    16    17    18    19    20    21    22    23
*******************************************************************************************
TBILIS 1968 08 01 1 99999 99999 99999 99999 99999 99999 99999 99999  1620  1592  1596  1586
TBILIS 1968 08 01 2  1616  1626  1594  1624  1632  1618  1620  1622  1590  1618  1606  1574
TBILIS 1968 08 02 1  1588  1586  1608  1588  1572  1568  1578  1604  1596  1592 99999 99999
TBILIS 1968 08 02 2  1568  1596  1580  1584  1588  1592  1588  1600  1584  1600  1592  1610
TBILIS 1968 08 03 1  1616  1634  1636  1620  1622  1612  1604  1634  1606  1592  1604  1602
TBILIS 1968 08 03 2  1612  1602  1550  1552  1588  1606  1586  1606  1606  1602  1602  1624
TBILIS 1968 08 04 1  1584  1614  1636  1614  1582  1578  1572  1582  1606  1604  1604  1610
TBILIS 1968 08 04 2  1578  1570  1562  1590  1560  1556  1562  1580  1600  1578  1578  1550
TBILIS 1968 08 05 1  1582  1562  1570  1566  1512  1542  1540  1536  1532  1522  1544  1566
TBILIS 1968 08 05 2  1562  1556  1548  1552  1578  1552  1558  1572  1564  1540  1586  1566
TBILIS 1968 08 06 1  1566  1542  1532  1544  1570  1572  1578  1560  1566  1556  1570  1562
TBILIS 1968 08 06 2  1568  1568  1578  1578  1566  1578  1568 99999  1546  1580  1564  1570
TBILIS 1968 08 07 1  1552  1554  1566  1564  1546  1546  1560  1564  1536  1546  1542  1516
TBILIS 1968 08 07 2  1546  1556  1534  1530  1548  1560  1554  1532  1564  1542  1544  1530
TBILIS 1968 08 08 1  1558  1570  1540  1530  1558  1530  1516  1540  1540  1556  1560  1552
TBILIS 1968 08 08 2  1558  1566  1566  1548  1548  1548  1550  1614  1572  1544  1570  1540
TBILIS 1968 08 09 1  1538  1536  1532  1536  1540  1530  1532  1520  1548  1536  1532  1546
TBILIS 1968 08 09 2  1520  1526  1524  1550  1538  1548  1546  1544  1530  1540  1540  1540
TBILIS 1968 08 10 1  1546  1546  1526  1550  1544  1518  1552  1544  1530  1508  1530  1532
TBILIS 1968 08 10 2  1538  1542  1532  1538  1526  1550  1526  1520  1520  1496  1524  1550
TBILIS 1968 08 11 1  1552  1520  1528  1540  1540  1546  1548  1540  1556  1536  1568  1538
TBILIS 1968 08 11 2  1530  1528  1534  1528  1530  1554  1540  1526  1524  1518  1546  1534
TBILIS 1968 08 12 1  1536  1536  1506  1526  1508  1496  1522  1544  1522 99999 99999 99999
TBILIS 1968 08 12 2 99999 99999 99999 99999 99999 99999 99999 99999 99999 99999 99999 99999
TBILIS 1968 08 13 1 99999 99999 99999  1570  1566  1582  1540  1530  1570  1538  1566  1564
TBILIS 1968 08 13 2  1584  1582  1600  1588  1584  1584  1600  1596  1586  1584  1586  1566
TBILIS 1968 08 14 1  1588  1554  1578  1570  1564  1580  1550  1580  1588  1562  1594  1576
TBILIS 1968 08 14 2  1578  1566  1576  1564  1580  1574  1584  1570  1566  1570  1570  1560
TBILIS 1968 08 15 1  1552  1552  1560  1556  1580  1556  1558  1554  1540  1540  1556  1570
TBILIS 1968 08 15 2  1556  1562  1580  1572  1604 99999  1564  1580  1554  1572  1564  1556
TBILIS 1968 08 16 1  1578  1542  1572 99999  1570  1550  1562  1556  1570  1566  1562  1556
TBILIS 1968 08 16 2  1530  1542  1540  1556 99999 99999 99999 99999 99999 99999 99999 99999
TBILIS 1968 08 17 1 99999 99999 99999 99999 99999 99999 99999 99999 99999 99999 99999 99999
TBILIS 1968 08 17 2 99999 99999 99999 99999 99999 99999 99999 99999 99999 99999 99999 99999
TBILIS 1968 08 18 1 99999 99999 99999 99999 99999 99999 99999 99999 99999 99999 99999 99999
TBILIS 1968 08 18 2 99999 99999 99999 99999 99999 99999 99999 99999 99999 99999 99999 99999
TBILIS 1968 08 19 1 99999 99999 99999 99999 99999 99999 99999 99999 99999 99999 99999 99999
TBILIS 1968 08 19 2 99999 99999 99999 99999 99999 99999 99999 99999 99999 99999 99999 99999
TBILIS 1968 08 20 1 99999 99999 99999 99999 99999 99999 99999 99999 99999 99999 99999 99999
TBILIS 1968 08 20 2 99999 99999 99999 99999 99999 99999 99999 99999 99999 99999 99999 99999
TBILIS 1968 08 21 1 99999 99999 99999 99999 99999 99999 99999 99999 99999 99999 99999 99999
TBILIS 1968 08 21 2 99999 99999 99999 99999 99999 99999 99999 99999 99999 99999 99999 99999
TBILIS 1968 08 22 1  1514  1516  1546  1520  1526  1528  1580  1554  1530  1546  1552  1558
TBILIS 1968 08 22 2  1540  1542  1510  1556  1546  1524  1542  1532  1532  1530  1546  1528
TBILIS 1968 08 23 1  1552  1518  1522  1544  1504  1508  1526  1538  1524  1534  1538  1542
TBILIS 1968 08 23 2  1540  1544  1550  1552  1526  1508  1522  1514  1524  1538  1532  1518
TBILIS 1968 08 24 1  1522  1526  1538  1534  1526  1526  1530  1558  1562  1554  1552  1576
TBILIS 1968 08 24 2  1566  1642  1670  1672  1650  1690  1696  1698  1714  1718  1704  1712
TBILIS 1968 08 25 1  1722  1716  1730  1696  1704  1762  1718  1736  1740  1748  1740  1728
TBILIS 1968 08 25 2  1750  1742  1700  1684  1710  1694  1696  1712  1700  1738  1750  1738
TBILIS 1968 08 26 1  1702  1744  1734  1734  1762  1692  1732  1702  1754  1764  1778  1676
TBILIS 1968 08 26 2  1624  1640  1640  1666  1624  1658  1648  1652  1620  1610  1620  1640
TBILIS 1968 08 27 1  1638  1646  1640  1628  1626  1528  1554  1524  1582  1558  1538  1554
TBILIS 1968 08 27 2  1538  1554  1538  1518  1484  1512  1538  1550  1536  1526  1550  1550
TBILIS 1968 08 28 1  1552  1562  1552  1570  1540  1472  1486  1479  1514  1496 99999 99999
TBILIS 1968 08 28 2  1512  1496  1485  1522  1528  1546  1524  1540  1530  1554  1556  1580
TBILIS 1968 08 29 1  1534  1554  1536  1550  1640  1710  1644  1662  1688  1648  1670  1676
TBILIS 1968 08 29 2  1688  1654  1664  1660  1648  1666  1632  1656  1692  1634  1654  1636
TBILIS 1968 08 30 1  1642  1662  1650  1652  1676  1688  1682  1640  1682  1644  1640  1660
TBILIS 1968 08 30 2  1652  1588  1662  1672  1674  1668  1662  1686  1666  1660  1670  1664
TBILIS 1968 08 31 1  1660  1660  1660  1680  1656  1656  1678  1664  1682 99999  1672  1676
TBILIS 1968 08 31 2  1690  1698  1700  1694  1690  1696  1704  1694  1654  1684  1660  1674
Cosmic-Ray Neutron Monitor Data (Hourly, Pressure-Corrected and Scale-Adjusted Counts)
Collections: WDC for Cosmic Rays, Solar-Terrestrial Environment Laboratory, Nagoya Univ.
Data Access: http://center.stelab.nagoya-u.ac.jp/WDCCR/index.html
Project: ICSU WDC
Citation: WDC for Cosmic Rays, Solar-Terrestrial Environment Laboratory, Nagoya University
Station ID: TBILIS
Station:  TBILISI,GIORGIA,INSTITUT GEOPHYSIKY (IG), GIORGIAN ACADEMY OF SCIENCES,GIORGIA 
Instrument: IGY NEUTRON MONITOR, CORRECTED FOR PRESSURE TO 950.0 MB, COEF. =                
Latitude (deg.):   41.72  Longitude (deg.):   44.80  Altitude (m):  510.00
Cut-Off Rigidity (GV):    6.91
Year: 1968  Month:   9
Scaling Factor (SF):    10.0   Constant (CONST):     0.0  Real Counts = (DATA + CONST)*SF
Temporal Resolution: 1 hour
UTC Start Hour:     0.0
                                                                                
                                                        
Monthly Average:  1595.3
Updated (YYYY MM DD): 2000 00 00
*******************************************************************************************
ID     YYYY MM DD 1     0     1     2     3     4     5     6     7     8     9    10    11
ID     YYYY MM DD 2    12    13    14    15    16    17    18    19    20    21    22    23
*******************************************************************************************
TBILIS 1968 09 01 1 99999 99999  1650  1682  1650  1680  1666  1662  1640  1616  1630  1652
TBILIS 1968 09 01 2  1652  1620  1658  1660  1630  1604  1582  1588  1592  1570  1604  1604
TBILIS 1968 09 02 1  1602  1570  1556  1556  1582 99999  1580  1564  1584  1588  1572  1576
TBILIS 1968 09 02 2  1588  1584  1590  1572  1572  1564  1582  1572  1570  1574  1568  1580
TBILIS 1968 09 03 1  1588  1570  1576  1556  1546  1572  1566  1540  1572  1552  1542  1576
TBILIS 1968 09 03 2  1546  1570  1584  1576  1554  1544  1550  1570  1552  1544  1562  1554
TBILIS 1968 09 04 1  1548  1544  1552  1558  1560  1568  1572  1534  1514  1556  1566  1552
TBILIS 1968 09 04 2  1540  1582  1540  1580  1584  1550  1560  1562  1576  1568  1580  1544
TBILIS 1968 09 05 1  1560  1592  1574  1580  1580  1566  1574  1588  1580  1602  1576  1580
TBILIS 1968 09 05 2  1574  1566  1560  1578  1570  1578  1552  1592  1588  1562  1570  1568
TBILIS 1968 09 06 1  1570  1568  1570  1576  1580  1566  1564  1554  1570  1572  1574  1588
TBILIS 1968 09 06 2  1602  1590  1552  1606  1582  1584  1582 99999  1576  1578  1570  1576
TBILIS 1968 09 07 1  1554  1580  1570  1580  1546  1540  1588  1576  1556  1572  1550  1570
TBILIS 1968 09 07 2  1544  1558  1586  1572  1546  1536  1562  1556  1570  1574  1588  1588
TBILIS 1968 09 08 1  1588  1602  1598  1618  1620  1612  1602  1570  1588  1588  1568  1570
TBILIS 1968 09 08 2  1566  1558  1566  1546  1576  1580  1570  1588  1562  1582  1566  1580
TBILIS 1968 09 09 1  1600  1566  1568  1580 99999 99999  1552  1552  1550  1588  1550  1582
TBILIS 1968 09 09 2  1590  1574  1564  1564  1574  1566  1588  1588  1596  1608  1616  1604
TBILIS 1968 09 10 1  1600  1604  1600  1592  1592  1580  1580  1582  1580  1580  1570  1582
TBILIS 1968 09 10 2  1570  1580  1552  1552  1584  1574  1600  1610  1570 99999 99999 99999
TBILIS 1968 09 11 1 99999 99999  1568  1572  1562  1570  1576  1586  1592  1578  1580  1586
TBILIS 1968 09 11 2  1596  1570  1576  1560  1566  1596  1578  1586  1578  1580  1600  1584
TBILIS 1968 09 12 1  1588  1554  1576  1550  1550  1554  1580  1600  1596  1600  1584  1620
TBILIS 1968 09 12 2  1626  1610  1588  1580  1598  1600  1604  1612  1616  1576  1592  1608
TBILIS 1968 09 13 1  1588  1590  1610  1606  1630  1620  1618  1604  1608  1620  1632  1628
TBILIS 1968 09 13 2  1600  1610  1600  1600  1608  1600  1604  1600  1604  1608  1594  1610
TBILIS 1968 09 14 1 99999 99999  1640  1640  1622  1632  1614  1630  1644  1634  1622  1624
TBILIS 1968 09 14 2  1608  1614  1620  1604  1624  1636  1602  1620  1610  1566  1616  1576
TBILIS 1968 09 15 1  1596  1606  1602  1596  1600  1604  1580  1600  1588  1604  1580  1594
TBILIS 1968 09 15 2  1586  1606  1600  1628  1610  1594  1580  1596  1596  1596  1606  1604
TBILIS 1968 09 16 1  1602  1590  1634  1608  1642  1648  1602  1634  1610  1620  1616  1624
TBILIS 1968 09 16 2  1620  1622  1594  1592  1616  1620  1602  1584  1620  1582  1568  1626
TBILIS 1968 09 17 1  1618  1604  1614  1600  1596  1634  1614  1620  1640  1614  1626  1630
TBILIS 1968 09 17 2  1610  1620  1624  1652  1642  1632  1606  1606 99999 99999 99999 99999
TBILIS 1968 09 18 1  1610  1602  1620  1624  1650  1626  1622  1588  1600  1588  1578  1590
TBILIS 1968 09 18 2  1610  1606  1594  1598 99999 99999  1604  1602  1604  1604  1610  1600
TBILIS 1968 09 19 1  1622  1632  1600  1604  1590  1576  1592  1590  1588  1634 99999 99999
TBILIS 1968 09 19 2 99999 99999 99999 99999 99999 99999 99999 99999 99999 99999 99999 99999
TBILIS 1968 09 20 1 99999 99999  1660  1660  1632  1624  1616  1640  1626  1614  1590  1620
TBILIS 1968 09 20 2  1640  1612  1620  1596  1610  1640  1622  1604  1592  1610  1592  1602
TBILIS 1968 09 21 1  1608  1604  1606  1610  1604  1592  1608  1594  1602  1594  1598  1608
TBILIS 1968 09 21 2  1596  1580  1604  1592  1586  1586  1614  1596  1582  1594  1590  1596
TBILIS 1968 09 22 1  1590  1596  1604  1608  1600  1598  1600  1588  1598  1598  1598  1612
TBILIS 1968 09 22 2  1602  1606  1608  1604  1580  1600  1598  1600  1600  1580  1584  1566
TBILIS 1968 09 23 1  1564  1568  1566  1568  1570  1610  1586  1568  1578  1576  1572  1566
TBILIS 1968 09 23 2  1620  1620  1572  1564  1588  1554  1564  1570  1546  1586  1570  1596
TBILIS 1968 09 24 1  1588  1588  1596  1590  1600  1582  1580  1594  1576  1612  1590  1614
TBILIS 1968 09 24 2  1584  1596  1620  1608  1598  1620  1582  1620  1610  1624  1624  1610
TBILIS 1968 09 25 1  1622  1622  1646  1650  1620  1634  1616  1614  1652  1610  1596  1588
TBILIS 1968 09 25 2  1610  1596  1614  1612  1620  1614  1618  1604  1634  1614  1620  1622
TBILIS 1968 09 26 1  1600  1600  1612  1612  1600  1610  1576  1600  1594  1604  1564  1588
TBILIS 1968 09 26 2  1598  1632  1634  1640  1634  1596  1634  1626  1644  1640  1638  1634
TBILIS 1968 09 27 1  1650  1636  1624  1632  1604  1614  1664  1642  1636  1622  1626  1618
TBILIS 1968 09 27 2  1604  1580  1602  1618  1610  1600  1620  1610  1622  1586  1618  1588
TBILIS 1968 09 28 1  1628  1620  1656  1672  1620  1620  1624  1634  1620  1630  1642  1632
TBILIS 1968 09 28 2  1638  1608  1660  1614  1650  1632  1680  1636  1634  1612  1626  1620
TBILIS 1968 09 29 1  1604  1580  1590  1600  1560  1594  1596  1570  1582  1564  1544  1588
TBILIS 1968 09 29 2  1554  1590  1572  1600  1608  1596  1618  1596  1580  1600  1612  1606
TBILIS 1968 09 30 1  1600  1580  1598  1588  1630  1630  1586  1578  1600  1592  1580  1580
TBILIS 1968 09 30 2  1586  1610  1558  1530  1584  1580  1590  1592  1570  1618  1598  1568
TBILIS 1968 09 31 1 99999 99999 99999 99999 99999 99999 99999 99999 99999 99999 99999 99999
TBILIS 1968 09 31 2 99999 99999 99999 99999 99999 99999 99999 99999 99999 99999 99999 99999
Cosmic-Ray Neutron Monitor Data (Hourly, Pressure-Corrected and Scale-Adjusted Counts)
Collections: WDC for Cosmic Rays, Solar-Terrestrial Environment Laboratory, Nagoya Univ.
Data Access: http://center.stelab.nagoya-u.ac.jp/WDCCR/index.html
Project: ICSU WDC
Citation: WDC for Cosmic Rays, Solar-Terrestrial Environment Laboratory, Nagoya University
Station ID: TBILIS
Station:  TBILISI,GIORGIA,INSTITUT GEOPHYSIKY (IG), GIORGIAN ACADEMY OF SCIENCES,GIORGIA 
Instrument: IGY NEUTRON MONITOR, CORRECTED FOR PRESSURE TO 950.0 MB, COEF. =                
Latitude (deg.):   41.72  Longitude (deg.):   44.80  Altitude (m):  510.00
Cut-Off Rigidity (GV):    6.91
Year: 1968  Month:  10
Scaling Factor (SF):    10.0   Constant (CONST):     0.0  Real Counts = (DATA + CONST)*SF
Temporal Resolution: 1 hour
UTC Start Hour:     0.0
                                                                                
                                                        
Monthly Average:  1550.0
Updated (YYYY MM DD): 2000 00 00
*******************************************************************************************
ID     YYYY MM DD 1     0     1     2     3     4     5     6     7     8     9    10    11
ID     YYYY MM DD 2    12    13    14    15    16    17    18    19    20    21    22    23
*******************************************************************************************
TBILIS 1968 10 01 1  1600  1572  1600  1568 99999 99999  1604  1588  1578  1584  1584  1570
TBILIS 1968 10 01 2 99999 99999 99999 99999  1564  1570  1606  1580  1572  1598  1580  1552
TBILIS 1968 10 02 1  1554  1576  1580  1552 99999 99999  1534  1538  1566  1518  1546  1546
TBILIS 1968 10 02 2  1530  1564  1536  1566  1580  1522  1584  1610  1546  1534  1540  1536
TBILIS 1968 10 03 1  1544  1558  1546  1538  1556  1544  1514  1514  1496  1486  1502  1530
TBILIS 1968 10 03 2  1534  1518  1516  1528  1514  1526  1540  1564  1518  1526  1526  1550
TBILIS 1968 10 04 1  1530  1528  1516  1514  1510  1508  1530  1526  1546  1558  1530  1540
TBILIS 1968 10 04 2  1552  1540  1540  1528  1554  1546  1534  1530  1558  1534  1530  1540
TBILIS 1968 10 05 1  1542  1546  1552  1552  1530  1518  1530  1550  1534  1538  1554  1558
TBILIS 1968 10 05 2  1530  1546  1550  1550  1526  1554  1566  1534  1564  1526  1536  1528
TBILIS 1968 10 06 1  1532  1536  1540  1546  1522  1522  1544  1564  1578  1536  1552  1548
TBILIS 1968 10 06 2  1562  1556  1552  1570  1562  1546  1556  1566  1568  1556  1574  1578
TBILIS 1968 10 07 1  1568  1578  1570  1582  1570  1566  1580  1550  1566  1570  1574  1572
TBILIS 1968 10 07 2  1578  1546  1562  1552  1588  1540  1572  1568  1570  1566  1580  1540
TBILIS 1968 10 08 1  1578  1532  1540  1558  1548  1572  1550  1566  1552  1552 99999  1542
TBILIS 1968 10 08 2  1556  1546  1570  1546  1540  1499  1530  1524  1546  1546  1550  1548
TBILIS 1968 10 09 1  1550  1550  1544  1542  1544  1518  1550  1556  1534  1530  1538  1530
TBILIS 1968 10 09 2  1558  1524  1528  1554  1548  1570  1556  1554  1546  1538  1558  1564
TBILIS 1968 10 10 1  1576  1560  1564  1566  1556 99999  1570  1576  1580 99999 99999 99999
TBILIS 1968 10 10 2  1560  1550  1556 99999  1566  1550  1564  1558  1546  1546  1538  1558
TBILIS 1968 10 11 1  1540  1552  1558  1570  1552  1552  1550  1562  1550  1570  1550  1552
TBILIS 1968 10 11 2  1568  1568  1546  1550  1560  1558 99999 99999 99999 99999 99999 99999
TBILIS 1968 10 12 1 99999 99999  1568  1572  1558  1558  1574  1568  1548  1570  1576  1562
TBILIS 1968 10 12 2  1584  1574  1568  1570  1568  1572  1552  1552  1552  1556  1522  1566
TBILIS 1968 10 13 1  1542  1556  1550  1552  1556  1580  1546  1566  1558  1570  1544  1578
TBILIS 1968 10 13 2  1568  1576  1570  1562  1564  1582  1546  1570  1564  1576  1570  1576
TBILIS 1968 10 14 1  1562  1546  1574  1562  1568  1566  1572  1564  1580  1558  1582  1592
TBILIS 1968 10 14 2  1576  1554  1580  1576  1562  1566  1560  1540  1550  1550  1566  1530
TBILIS 1968 10 15 1  1564  1552  1566  1582  1599  1552  1566  1550  1568  1572  1552  1570
TBILIS 1968 10 15 2  1566  1566  1546  1578  1572  1548  1588  1566  1564  1570  1558  1566
TBILIS 1968 10 16 1  1538  1558  1552  1566  1570  1570  1566  1556  1570  1560  1578  1572
TBILIS 1968 10 16 2  1584  1560  1554  1574  1552  1546 99999 99999  1566  1544  1538  1552
TBILIS 1968 10 17 1  1550  1558  1536  1532  1552  1536  1520  1562  1526  1540  1584  1556
TBILIS 1968 10 17 2  1536  1530  1550  1528  1530  1542  1524  1520  1530  1530  1506  1524
TBILIS 1968 10 18 1  1526  1534  1540  1536  1518  1524  1526  1548  1554  1538  1544  1550
TBILIS 1968 10 18 2  1554  1514  1524  1530  1528  1550  1526  1532  1530  1538  1526  1548
TBILIS 1968 10 19 1  1546  1546  1552  1554  1546  1556  1544  1558  1552  1552  1546  1552
TBILIS 1968 10 19 2  1550  1530  1540  1526  1542  1540  1536  1546  1554  1534  1538  1552
TBILIS 1968 10 20 1  1536  1538  1546  1540  1556  1540  1528 99999  1534  1550  1574  1552
TBILIS 1968 10 20 2  1560  1580  1556  1542  1542  1544  1552  1546 99999  1572  1560  1536
TBILIS 1968 10 21 1  1540  1540  1544  1554  1540  1536  1510  1522  1568  1526  1530  1550
TBILIS 1968 10 21 2  1542  1540  1562  1544  1548  1534  1572  1540  1554  1548  1532  1544
TBILIS 1968 10 22 1  1552  1564  1568 99999  1566  1584 99999 99999 99999 99999  1580  1552
TBILIS 1968 10 22 2  1578  1564  1572  1560  1538  1574  1564  1560  1558  1562  1568  1552
TBILIS 1968 10 23 1  1560  1558  1554  1560  1570  1580  1592  1576  1572  1572  1572  1570
TBILIS 1968 10 23 2  1578  1566  1570  1558  1574  1568  1576  1552  1556  1566  1558  1566
TBILIS 1968 10 24 1  1550  1538  1550  1550  1540  1526  1500  1516  1504  1522  1522  1534
TBILIS 1968 10 24 2  1546  1546  1532 99999 99999  1530  1542  1552  1566  1550  1528  1556
TBILIS 1968 10 25 1  1548  1556  1546  1542  1556  1530  1570  1560  1562 99999 99999 99999
TBILIS 1968 10 25 2 99999  1560  1558  1570  1566  1554  1550  1534  1556  1562  1548  1554
TBILIS 1968 10 26 1  1552  1580  1560  1580 99999 99999 99999 99999  1614  1588  1568  1570
TBILIS 1968 10 26 2  1570  1546  1552  1562  1556  1556  1562  1554  1544  1540  1535  1566
TBILIS 1968 10 27 1  1562  1552  1602  1564  1580  1564  1552  1552  1540  1554  1556  1578
TBILIS 1968 10 27 2  1570  1586  1582  1566  1586  1580  1576  1576  1578  1586  1572  1560
TBILIS 1968 10 28 1  1584  1586  1566  1566  1599  1586  1566  1556  1588  1552  1566  1550
TBILIS 1968 10 28 2  1590  1604  1562  1554  1564  1566  1566  1562  1560  1584  1560  1600
TBILIS 1968 10 29 1  1586  1579  1568  1570  1552  1562  1544  1540  1552  1542  1524  1510
TBILIS 1968 10 29 2  1528  1534  1510  1496  1489  1520  1494  1508  1479  1482  1499  1510
TBILIS 1968 10 30 1  1486  1506  1486  1499  1504  1506  1478  1474  1488  1468  1474  1492
TBILIS 1968 10 30 2  1514  1518  1498  1480  1512  1508  1512  1522  1524  1540  1560  1514
TBILIS 1968 10 31 1  1536  1536  1514  1518  1478  1492  1504  1500  1500 99999  1496  1540
TBILIS 1968 10 31 2  1489  1510  1530  1548  1534  1526  1502  1512  1524  1512  1520  1510
Cosmic-Ray Neutron Monitor Data (Hourly, Pressure-Corrected and Scale-Adjusted Counts)
Collections: WDC for Cosmic Rays, Solar-Terrestrial Environment Laboratory, Nagoya Univ.
Data Access: http://center.stelab.nagoya-u.ac.jp/WDCCR/index.html
Project: ICSU WDC
Citation: WDC for Cosmic Rays, Solar-Terrestrial Environment Laboratory, Nagoya University
Station ID: TBILIS
Station:  TBILISI,GIORGIA,INSTITUT GEOPHYSIKY (IG), GIORGIAN ACADEMY OF SCIENCES,GIORGIA 
Instrument: IGY NEUTRON MONITOR, CORRECTED FOR PRESSURE TO 950.0 MB, COEF. =                
Latitude (deg.):   41.72  Longitude (deg.):   44.80  Altitude (m):  510.00
Cut-Off Rigidity (GV):    6.91
Year: 1968  Month:  11
Scaling Factor (SF):    10.0   Constant (CONST):     0.0  Real Counts = (DATA + CONST)*SF
Temporal Resolution: 1 hour
UTC Start Hour:     0.0
                                                                                
                                                        
Monthly Average:  1560.6
Updated (YYYY MM DD): 2000 00 00
*******************************************************************************************
ID     YYYY MM DD 1     0     1     2     3     4     5     6     7     8     9    10    11
ID     YYYY MM DD 2    12    13    14    15    16    17    18    19    20    21    22    23
*******************************************************************************************
TBILIS 1968 11 01 1  1490  1514  1496  1518  1496  1499  1504  1512  1504  1502  1499  1518
TBILIS 1968 11 01 2  1500  1506  1465  1458  1471  1491  1458  1467  1480  1479  1470  1491
TBILIS 1968 11 02 1  1471  1483  1508  1481  1497  1493  1462  1463  1466  1484  1466  1493
TBILIS 1968 11 02 2  1493  1489  1485  1472  1478  1510  1490  1520  1463  1458  1484  1526
TBILIS 1968 11 03 1  1520  1506  1512  1493  1506  1524  1493  1512  1496  1520  1479  1481
TBILIS 1968 11 03 2  1465  1468  1487  1477  1470 99999  1478  1486  1499  1489  1518  1493
TBILIS 1968 11 04 1  1489  1502 99999 99999 99999  1489  1483  1480  1514  1498  1492  1489
TBILIS 1968 11 04 2  1510  1506  1489  1488  1518  1496  1479  1506  1497  1464  1500  1512
TBILIS 1968 11 05 1  1488  1490  1506  1510  1520  1540  1552  1526  1526  1546  1528  1534
TBILIS 1968 11 05 2  1544  1520  1532  1520 99999 99999 99999  1546  1548  1510  1518  1486
TBILIS 1968 11 06 1  1510  1480  1530  1530  1556  1522  1544 99999  1542  1560  1518  1512
TBILIS 1968 11 06 2  1540  1540  1530  1544  1554  1550  1542  1564  1546  1550  1518  1542
TBILIS 1968 11 07 1  1552  1510  1510  1528  1534  1546  1532  1532  1554  1586  1578  1566
TBILIS 1968 11 07 2  1566  1586  1534  1550  1584  1566  1540  1570  1542  1558  1554  1550
TBILIS 1968 11 08 1  1506  1524  1540  1506  1560  1558  1566  1530  1582  1572  1550  1584
TBILIS 1968 11 08 2  1568  1566  1556  1568  1556  1556  1546  1564  1540  1534  1570  1552
TBILIS 1968 11 09 1  1560  1568  1560  1546  1570  1566  1580  1554  1610  1588  1598  1570
TBILIS 1968 11 09 2  1600  1598  1552  1552  1592  1564  1582  1582  1538  1534  1582  1564
TBILIS 1968 11 10 1  1592  1570  1570  1566  1566  1566  1604  1592  1592  1580  1588  1606
TBILIS 1968 11 10 2  1610  1620  1590  1586  1592  1620  1584  1614  1586  1570  1588  1590
TBILIS 1968 11 11 1  1598  1580  1588  1616  1580  1576  1604  1586  1600  1584  1574  1568
TBILIS 1968 11 11 2  1580  1584  1590  1600  1578  1560  1540  1570  1590  1566  1570  1590
TBILIS 1968 11 12 1  1566  1516  1566  1552  1562  1534  1574  1584  1598  1586  1546  1580
TBILIS 1968 11 12 2  1570  1564  1546  1566  1566  1554  1540  1546  1552  1552  1540  1532
TBILIS 1968 11 13 1  1546  1536  1568  1538  1572  1578  1554  1546  1576  1550  1578  1588
TBILIS 1968 11 13 2  1558  1560  1570  1546  1584  1580  1564  1556  1564  1550  1546  1548
TBILIS 1968 11 14 1  1540  1568  1562  1538  1584  1552  1574  1580  1550  1586  1560  1586
TBILIS 1968 11 14 2  1560  1552  1588  1578  1530  1566  1564 99999 99999 99999 99999 99999
TBILIS 1968 11 15 1 99999 99999 99999 99999  1594  1588  1592  1574  1568  1602  1562  1550
TBILIS 1968 11 15 2  1570  1568  1584  1570  1564  1558  1554  1544  1560  1566  1588  1568
TBILIS 1968 11 16 1  1574  1566 99999 99999  1536  1538  1548  1546  1560  1558  1528  1544
TBILIS 1968 11 16 2  1522  1534  1512  1518  1471  1475  1506  1491  1491  1504  1514  1516
TBILIS 1968 11 17 1  1508  1494  1489  1510  1526  1491  1546  1520  1518  1530  1538  1518
TBILIS 1968 11 17 2  1502  1490  1540  1530  1546  1522  1524  1546  1554  1526  1564  1536
TBILIS 1968 11 18 1  1562  1536  1550  1546  1546  1540  1539  1562  1558  1552  1584  1576
TBILIS 1968 11 18 2  1566  1566  1604  1608  1620 99999 99999 99999 99999 99999 99999 99999
TBILIS 1968 11 19 1 99999 99999 99999 99999 99999 99999  1588  1570  1564  1576  1564  1550
TBILIS 1968 11 19 2  1562  1562  1566  1614  1581  1580  1568  1554  1566  1588  1570  1562
TBILIS 1968 11 20 1  1566  1592  1588  1600  1580  1580  1618  1622  1584  1610  1606  1590
TBILIS 1968 11 20 2  1592  1574  1610  1616  1590  1606  1620  1586  1584  1628  1602  1610
TBILIS 1968 11 21 1  1612  1634  1624  1618  1576  1600  1608  1566  1580  1594  1588  1594
TBILIS 1968 11 21 2  1588  1588  1586  1586  1584  1604 99999 99999 99999 99999 99999 99999
TBILIS 1968 11 22 1 99999 99999 99999 99999 99999 99999  1588  1582  1586  1580  1604  1602
TBILIS 1968 11 22 2  1590  1590  1626  1620  1608  1610 99999 99999 99999 99999 99999 99999
TBILIS 1968 11 23 1 99999 99999  1610  1610  1620  1620  1614  1612  1604  1598  1600  1602
TBILIS 1968 11 23 2  1602  1602  1636  1638  1608  1610 99999 99999 99999 99999 99999 99999
TBILIS 1968 11 24 1 99999 99999  1600  1600  1620  1622  1606  1606  1622  1622  1614  1616
TBILIS 1968 11 24 2  1620  1622  1612  1614  1620  1622 99999 99999 99999 99999 99999 99999
TBILIS 1968 11 25 1 99999 99999  1586  1588  1572  1572  1592  1592  1586  1576  1570  1568
TBILIS 1968 11 25 2  1552  1554  1552  1552  1517  1517 99999 99999 99999 99999 99999 99999
TBILIS 1968 11 26 1 99999 99999  1556  1558  1568  1566  1570  1570  1568  1570  1584  1588
TBILIS 1968 11 26 2  1552  1546  1570  1588  1564  1568  1578  1582  1588  1586  1588  1584
TBILIS 1968 11 27 1  1614  1588  1576  1588  1602  1588  1590  1592  1588  1588  1598  1608
TBILIS 1968 11 27 2  1590  1588  1632  1604  1614  1612  1574  1614  1610  1590  1580  1608
TBILIS 1968 11 28 1  1600  1604  1604  1594  1586  1596  1598  1606  1598  1610  1588  1600
TBILIS 1968 11 28 2  1608  1608  1604  1604  1594  1598  1608  1608  1592  1600  1604  1608
TBILIS 1968 11 29 1  1618  1614  1634  1614  1604  1620  1592  1580  1590  1610  1604  1592
TBILIS 1968 11 29 2  1578  1620  1570  1584  1576  1612  1600  1594  1606  1586  1586  1588
TBILIS 1968 11 30 1  1618  1606  1620  1604  1626  1602  1636  1620  1612  1612  1608  1590
TBILIS 1968 11 30 2  1586  1636  1606  1604  1604  1582  1598  1614  1594  1590  1588  1608
TBILIS 1968 11 31 1 99999 99999 99999 99999 99999 99999 99999 99999 99999 99999 99999 99999
TBILIS 1968 11 31 2 99999 99999 99999 99999 99999 99999 99999 99999 99999 99999 99999 99999
Cosmic-Ray Neutron Monitor Data (Hourly, Pressure-Corrected and Scale-Adjusted Counts)
Collections: WDC for Cosmic Rays, Solar-Terrestrial Environment Laboratory, Nagoya Univ.
Data Access: http://center.stelab.nagoya-u.ac.jp/WDCCR/index.html
Project: ICSU WDC
Citation: WDC for Cosmic Rays, Solar-Terrestrial Environment Laboratory, Nagoya University
Station ID: TBILIS
Station:  TBILISI,GIORGIA,INSTITUT GEOPHYSIKY (IG), GIORGIAN ACADEMY OF SCIENCES,GIORGIA 
Instrument: IGY NEUTRON MONITOR, CORRECTED FOR PRESSURE TO 950.0 MB, COEF. =                
Latitude (deg.):   41.72  Longitude (deg.):   44.80  Altitude (m):  510.00
Cut-Off Rigidity (GV):    6.91
Year: 1968  Month:  12
Scaling Factor (SF):    10.0   Constant (CONST):     0.0  Real Counts = (DATA + CONST)*SF
Temporal Resolution: 1 hour
UTC Start Hour:     0.0
                                                                                
                                                        
Monthly Average:  1569.1
Updated (YYYY MM DD): 2000 00 00
*******************************************************************************************
ID     YYYY MM DD 1     0     1     2     3     4     5     6     7     8     9    10    11
ID     YYYY MM DD 2    12    13    14    15    16    17    18    19    20    21    22    23
*******************************************************************************************
TBILIS 1968 12 01 1  1558  1570  1578  1588  1568  1574  1578  1564  1572  1568  1582  1580
TBILIS 1968 12 01 2  1582  1584  1586  1590  1588  1588 99999 99999 99999 99999 99999 99999
TBILIS 1968 12 02 1 99999 99999  1562  1562  1584  1586  1584  1554  1546  1570  1568  1584
TBILIS 1968 12 02 2  1564  1582  1580  1570  1560  1576  1564  1566  1574  1570  1556  1544
TBILIS 1968 12 03 1  1578  1572  1540  1552  1546  1574 99999 99999 99999  1586  1578  1604
TBILIS 1968 12 03 2  1528  1630  1604  1610  1600  1620  1596  1614  1596  1594  1602  1602
TBILIS 1968 12 04 1  1586  1580  1600  1612  1582  1604  1626  1598  1588  1580  1604  1596
TBILIS 1968 12 04 2  1588  1586  1590  1584  1598  1610  1588  1588  1610  1570  1584  1568
TBILIS 1968 12 05 1  1588  1578  1564  1576  1594  1600  1578  1578  1600  1608  1616  1596
TBILIS 1968 12 05 2  1600  1580  1588  1586  1584  1590 99999 99999 99999 99999 99999 99999
TBILIS 1968 12 06 1 99999 99999  1566  1566  1550  1550  1574  1548  1570  1558  1568  1584
TBILIS 1968 12 06 2  1560  1572  1576  1570  1556  1556  1548  1574  1564  1564  1566  1556
TBILIS 1968 12 07 1  1566  1548  1548  1560  1546  1546  1552  1554  1586  1566  1564  1566
TBILIS 1968 12 07 2  1550  1552  1564  1566 99999 99999 99999 99999  1586  1600  1580  1556
TBILIS 1968 12 08 1  1580  1596  1570  1572  1600  1570  1588  1600  1562  1546  1550  1590
TBILIS 1968 12 08 2  1576  1552  1562  1568  1552  1590  1576  1558  1554  1570  1588  1592
TBILIS 1968 12 09 1  1562  1590  1578  1586  1590  1598  1606 99999  1570 99999  1570 99999
TBILIS 1968 12 09 2  1558  1578  1564  1562  1560  1568  1572  1564  1558  1584  1598  1590
TBILIS 1968 12 10 1  1576  1588  1580  1584  1592  1584  1578  1588  1586  1588  1588  1580
TBILIS 1968 12 10 2  1588  1580  1570  1604  1504  1594  1600  1596  1558  1572  1556  1556
TBILIS 1968 12 11 1 99999 99999  1564  1568  1606  1616  1582  1584  1584  1584  1584  1578
TBILIS 1968 12 11 2  1572  1576  1570  1566  1566  1590  1570  1574  1552  1592  1578  1580
TBILIS 1968 12 12 1  1580  1600  1584  1576  1610  1588  1586  1580  1550  1566  1578  1570
TBILIS 1968 12 12 2  1560  1544  1564  1554  1584  1580  1570  1556  1576  1564  1586  1566
TBILIS 1968 12 13 1  1586  1602  1598  1598  1586  1592  1566  1580  1602  1580  1598  1588
TBILIS 1968 12 13 2  1576  1558  1652  1570  1568  1564  1574  1570  1558  1576  1552  1572
TBILIS 1968 12 14 1  1556  1568  1534  1568  1574  1562  1580  1582  1580  1562  1578  1588
TBILIS 1968 12 14 2  1584  1558  1552  1572  1540  1536  1564  1554  1554  1566  1574  1544
TBILIS 1968 12 15 1  1548  1542  1554  1570  1564  1556  1558  1558  1552  1582  1558  1574
TBILIS 1968 12 15 2  1584  1572  1558  1552  1562  1570  1568  1586  1550  1540  1552  1570
TBILIS 1968 12 16 1  1558  1572  1586  1548  1570  1552  1574  1580  1586  1560  1582  1568
TBILIS 1968 12 16 2  1570  1566  1570  1582  1556  1566  1558  1566  1558  1580  1572  1562
TBILIS 1968 12 17 1  1554  1560  1556  1582  1570  1574  1550  1550  1564  1584  1578  1570
TBILIS 1968 12 17 2  1568  1570  1554  1574  1554  1570  1556  1572  1576  1564  1588  1572
TBILIS 1968 12 18 1  1568  1552  1550  1562  1568  1572  1584  1588  1574  1580  1570  1576
TBILIS 1968 12 18 2  1560  1582  1594  1576  1580  1562  1566  1570  1562  1550  1548  1554
TBILIS 1968 12 19 1  1558  1570  1556  1570  1564  1562  1574  1588  1578  1588  1576  1574
TBILIS 1968 12 19 2  1578  1602  1576  1588  1556  1564  1550  1592  1548  1554  1570  1570
TBILIS 1968 12 20 1  1564  1544  1570  1596  1546  1566  1600  1606  1596  1584  1610  1600
TBILIS 1968 12 20 2  1580  1588  1590  1570  1600  1572  1562  1578  1570  1580  1586  1588
TBILIS 1968 12 21 1  1568  1566  1560  1570  1580  1564  1582  1570  1560  1572  1558  1570
TBILIS 1968 12 21 2  1590  1596  1542  1566  1568  1572  1570  1600  1564  1566  1592  1570
TBILIS 1968 12 22 1  1588  1584  1580  1580  1548  1568  1568  1578  1550  1588  1560  1592
TBILIS 1968 12 22 2  1572  1574  1552  1556  1552  1570  1556  1550  1560  1556  1570  1560
TBILIS 1968 12 23 1  1568  1566  1566  1594  1566  1570  1574 99999  1584  1580  1588  1594
TBILIS 1968 12 23 2  1562  1572  1580  1578  1582  1566  1530  1594  1574  1598  1588  1578
TBILIS 1968 12 24 1  1554  1578  1568  1578  1556  1540  1568  1540  1560  1556  1552  1572
TBILIS 1968 12 24 2  1550  1558  1540 99999  1542  1540  1548  1536  1534  1548  1538  1540
TBILIS 1968 12 25 1  1544  1552  1556  1556  1552  1566  1530  1530  1552  1524  1506  1528
TBILIS 1968 12 25 2  1546  1540  1546  1538  1532  1552  1542  1532  1534  1526  1538  1532
TBILIS 1968 12 26 1  1536  1550  1538  1548  1570  1562  1568  1558  1566  1552  1562  1552
TBILIS 1968 12 26 2  1548  1548  1546  1550  1546  1520  1530  1532  1550  1522  1506  1548
TBILIS 1968 12 27 1  1532  1526  1530  1554  1550  1536  1540  1540 99999 99999  1528  1562
TBILIS 1968 12 27 2  1540  1534  1532  1550  1538  1546  1540  1540  1546  1542  1540  1534
TBILIS 1968 12 28 1  1580  1572  1550  1546  1574  1566  1548  1564  1570  1584  1552  1580
TBILIS 1968 12 28 2  1542  1548  1578  1546  1570  1566  1566  1550  1550  1538  1562  1548
TBILIS 1968 12 29 1  1566  1546  1566  1568  1558  1566  1552  1544  1568  1560  1562  1546
TBILIS 1968 12 29 2  1588  1560  1546  1550  1576  1572  1582  1572  1566  1570  1546  1568
TBILIS 1968 12 30 1  1580  1566  1568  1566  1590  1584  1560  1586  1570  1580  1564  1592
TBILIS 1968 12 30 2  1570  1584  1588  1574  1588  1566  1592  1582  1558  1568  1566  1556
TBILIS 1968 12 31 1  1572  1580  1554  1550  1570  1556  1588  1570  1568  1570  1604  1594
TBILIS 1968 12 31 2  1580  1574  1570  1552  1552  1580  1572  1572  1572  1570  1564  1566
