Cosmic-Ray Neutron Monitor Data (Hourly, Pressure-Corrected and Scale-Adjusted Counts)
Collections: WDC for Cosmic Rays, Solar-Terrestrial Environment Laboratory, Nagoya Univ.
Data Access: http://center.stelab.nagoya-u.ac.jp/WDCCR/index.html
Project: ICSU WDC
Citation: WDC for Cosmic Rays, Solar-Terrestrial Environment Laboratory, Nagoya University
Station ID: TBILIS
Station:  TBILISI,GIORGIA,INSTITUT GEOPHYSIKY (IG), GIORGIAN ACADEMY OF SCIENCES,GIORGIA 
Instrument: IGY NEUTRON MONITOR, CORRECTED FOR PRESSURE TO 950.0 MB, COEF. =                
Latitude (deg.):   41.72  Longitude (deg.):   44.80  Altitude (m):  510.00
Cut-Off Rigidity (GV):    6.91
Year: 1969  Month:   1
Scaling Factor (SF):    10.0   Constant (CONST):     0.0  Real Counts = (DATA + CONST)*SF
Temporal Resolution: 1 hour
UTC Start Hour:     0.0
                                                                                
                                                        
Monthly Average:  1599.3
Updated (YYYY MM DD): 2000 00 00
*******************************************************************************************
ID     YYYY MM DD 1     0     1     2     3     4     5     6     7     8     9    10    11
ID     YYYY MM DD 2    12    13    14    15    16    17    18    19    20    21    22    23
*******************************************************************************************
TBILIS 1969 01 01 1  1576  1570  1588  1584  1604  1582  1592  1592  1576  1584  1588  1582
TBILIS 1969 01 01 2  1606  1574  1570  1578  1568  1580  1552  1580  1578  1560  1566  1558
TBILIS 1969 01 02 1  1550  1540  1566  1580  1568  1582  1580  1588  1568  1570  1596  1598
TBILIS 1969 01 02 2  1594  1570  1570  1568  1560  1576  1544  1558  1560  1588  1552  1552
TBILIS 1969 01 03 1  1560  1552  1592  1594  1566  1584  1574  1572  1586  1608  1590 99999
TBILIS 1969 01 03 2  1588 99999  1594  1600  1602  1584  1588  1620  1586  1568  1598  1570
TBILIS 1969 01 04 1  1596  1612  1546  1592  1540  1566  1620  1630  1628  1606  1640  1644
TBILIS 1969 01 04 2  1644  1618  1640  1616  1614  1600  1624  1592  1650  1588  1586  1574
TBILIS 1969 01 05 1  1594  1604  1596  1612  1604  1582  1588  1612  1600  1632  1626  1622
TBILIS 1969 01 05 2  1618  1634  1638  1610  1602  1598  1604  1604  1612  1604  1604  1614
TBILIS 1969 01 06 1  1648  1604  1616  1596  1632  1614  1646  1614  1640  1642  1614  1652
TBILIS 1969 01 06 2  1640  1636  1620  1632  1622  1608  1620  1622  1620  1626  1604  1612
TBILIS 1969 01 07 1  1622  1606  1634  1610  1620  1634  1642  1634  1640  1634  1622  1634
TBILIS 1969 01 07 2  1634  1638  1632  1638  1626  1636  1646  1608  1620  1620  1626  1620
TBILIS 1969 01 08 1  1622  1604  1610  1604  1602  1608  1600  1638  1634  1640  1624  1610
TBILIS 1969 01 08 2  1616  1610  1638  1646  1620  1620  1624  1612  1610  1620  1610  1598
TBILIS 1969 01 09 1  1620  1622  1618  1588  1644  1624  1654  1620  1620  1600  1614  1610
TBILIS 1969 01 09 2  1600  1614  1634  1610  1612  1618  1610  1600  1580  1616  1610  1622
TBILIS 1969 01 10 1  1596  1612  1618  1598  1604  1572  1592  1580  1596  1622  1600  1600
TBILIS 1969 01 10 2  1606  1620  1604  1600  1594  1598  1588  1610  1600  1610  1598  1570
TBILIS 1969 01 11 1  1590  1558  1612  1622  1588  1592  1598  1592  1596  1586  1600  1580
TBILIS 1969 01 11 2  1610  1610  1598  1602  1602  1588  1580  1584  1566 99999 99999 99999
TBILIS 1969 01 12 1 99999 99999 99999  1594  1590  1580  1580  1594  1580  1608  1590  1606
TBILIS 1969 01 12 2  1620  1614  1598  1592  1600  1588 99999 99999 99999 99999 99999 99999
TBILIS 1969 01 13 1 99999 99999  1588  1588  1588  1592  1588  1576  1590  1588  1596  1600
TBILIS 1969 01 13 2  1588  1576  1596  1610  1610  1588  1616  1594  1596  1590  1600  1614
TBILIS 1969 01 14 1  1612  1614  1614  1598  1616  1634  1622  1624  1646  1640  1620  1604
TBILIS 1969 01 14 2  1618  1624  1610  1618 99999 99999 99999 99999 99999 99999 99999 99999
TBILIS 1969 01 15 1 99999 99999 99999 99999  1612  1620  1616  1636  1638  1634  1634  1634
TBILIS 1969 01 15 2  1638  1638  1620  1622  1594  1620  1612  1626  1612  1620  1604  1588
TBILIS 1969 01 16 1  1596  1600  1594  1600  1596  1602  1580  1582  1614 99999  1616  1600
TBILIS 1969 01 16 2  1606  1588  1612  1604  1620  1622  1634  1632  1602  1614  1620  1590
TBILIS 1969 01 17 1  1592  1612  1608  1606  1624  1580  1620  1600  1598  1604  1610  1600
TBILIS 1969 01 17 2  1600  1594  1580  1610  1598  1596  1622  1604  1616  1588  1612  1602
TBILIS 1969 01 18 1  1590  1592  1604  1604  1598  1592  1610  1598  1588  1580  1600  1588
TBILIS 1969 01 18 2  1600  1598  1598  1584  1600  1572  1570  1578  1552  1568  1572  1582
TBILIS 1969 01 19 1  1564  1602  1592  1590  1588  1606  1592  1570  1600  1602  1592  1590
TBILIS 1969 01 19 2  1584  1590  1568  1588  1600  1580  1588  1590  1618  1598  1606  1582
TBILIS 1969 01 20 1  1592  1584  1582  1604  1582  1610  1612  1610  1610  1598  1602  1608
TBILIS 1969 01 20 2  1618  1608  1610  1602  1600  1630  1630  1638  1594  1600  1588  1600
TBILIS 1969 01 21 1  1594  1594  1586  1612  1600  1574  1554  1562  1606  1610  1604  1618
TBILIS 1969 01 21 2  1610  1600  1610  1598  1620  1618  1614  1620  1586  1596  1614  1608
TBILIS 1969 01 22 1  1614  1638  1610  1622  1630  1622  1616  1602  1618  1614  1604  1640
TBILIS 1969 01 22 2  1618  1634  1640  1632  1658  1614  1630  1624  1622  1614  1614  1610
TBILIS 1969 01 23 1  1616  1612  1632  1620  1616  1634  1624  1610  1630  1622  1620  1614
TBILIS 1969 01 23 2  1640  1610  1606  1640  1616  1620  1608  1634  1614  1638  1600  1614
TBILIS 1969 01 24 1  1638  1610  1622  1628  1622  1628  1630  1636  1642  1624  1616  1620
TBILIS 1969 01 24 2  1610  1630  1640  1646  1634  1610  1614  1616  1640  1620  1604  1612
TBILIS 1969 01 25 1  1604  1584  1614  1610  1596  1624  1614  1600  1638  1614  1620  1634
TBILIS 1969 01 25 2  1610  1630  1602  1620  1580  1614  1580  1606  1590  1598  1584  1618
TBILIS 1969 01 26 1  1580  1588  1598  1606  1598  1584  1588  1588  1570  1600  1582  1576
TBILIS 1969 01 26 2  1588  1558  1592  1548  1548  1558  1544  1552  1530  1540  1530  1540
TBILIS 1969 01 27 1  1554  1544  1560  1564  1576  1578  1576  1568  1548  1564  1574  1580
TBILIS 1969 01 27 2  1566  1586 99999 99999  1580  1566  1576  1586  1574  1548  1562  1606
TBILIS 1969 01 28 1  1554  1568  1578  1566  1588  1584  1552  1562  1602 99999 99999 99999
TBILIS 1969 01 28 2 99999 99999 99999 99999 99999 99999 99999 99999 99999 99999 99999 99999
TBILIS 1969 01 29 1 99999 99999 99999 99999 99999 99999 99999 99999 99999 99999 99999 99999
TBILIS 1969 01 29 2  1586  1578  1580  1586  1616  1586  1576  1588  1582  1594  1604  1570
TBILIS 1969 01 30 1  1574  1580  1572  1604  1586  1588  1582  1558  1588  1568  1588  1560
TBILIS 1969 01 30 2  1530  1562  1570  1600  1566  1566  1576  1582  1588  1594  1582  1570
TBILIS 1969 01 31 1  1540  1558  1558  1578  1542 99999  1562 99999  1550 99999  1540  1540
TBILIS 1969 01 31 2  1550  1546  1552  1524  1552  1556  1544  1550  1550  1566  1552  1568
Cosmic-Ray Neutron Monitor Data (Hourly, Pressure-Corrected and Scale-Adjusted Counts)
Collections: WDC for Cosmic Rays, Solar-Terrestrial Environment Laboratory, Nagoya Univ.
Data Access: http://center.stelab.nagoya-u.ac.jp/WDCCR/index.html
Project: ICSU WDC
Citation: WDC for Cosmic Rays, Solar-Terrestrial Environment Laboratory, Nagoya University
Station ID: TBILIS
Station:  TBILISI,GIORGIA,INSTITUT GEOPHYSIKY (IG), GIORGIAN ACADEMY OF SCIENCES,GIORGIA 
Instrument: IGY NEUTRON MONITOR, CORRECTED FOR PRESSURE TO 950.0 MB, COEF. =                
Latitude (deg.):   41.72  Longitude (deg.):   44.80  Altitude (m):  510.00
Cut-Off Rigidity (GV):    6.91
Year: 1969  Month:   2
Scaling Factor (SF):    10.0   Constant (CONST):     0.0  Real Counts = (DATA + CONST)*SF
Temporal Resolution: 1 hour
UTC Start Hour:     0.0
                                                                                
                                                        
Monthly Average:  1577.3
Updated (YYYY MM DD): 2000 00 00
*******************************************************************************************
ID     YYYY MM DD 1     0     1     2     3     4     5     6     7     8     9    10    11
ID     YYYY MM DD 2    12    13    14    15    16    17    18    19    20    21    22    23
*******************************************************************************************
TBILIS 1969 02 01 1  1570  1550  1558  1558  1566  1580  1584  1582  1560 99999  1552  1552
TBILIS 1969 02 01 2  1552  1542  1568  1566  1572  1586  1566  1600  1590  1550  1550  1580
TBILIS 1969 02 02 1  1570  1566  1566  1578  1584  1572  1564  1562  1578 99999  1566  1552
TBILIS 1969 02 02 2  1544  1570  1576  1568  1560  1566  1568  1570  1600  1570  1602  1580
TBILIS 1969 02 03 1  1576  1562  1590  1570  1570  1572  1600  1570  1566  1570  1582  1580
TBILIS 1969 02 03 2  1610  1568  1614  1570  1580  1608  1580  1580  1564  1578  1576  1588
TBILIS 1969 02 04 1  1580  1588  1580  1604  1576  1576  1584  1582  1592  1550  1576  1600
TBILIS 1969 02 04 2  1580  1572  1574  1556  1548  1572  1550  1564  1556  1552  1552  1566
TBILIS 1969 02 05 1  1564  1592  1584  1580  1576  1580  1566  1564  1562  1538  1578  1572
TBILIS 1969 02 05 2  1584  1550  1562  1558  1586  1582  1586  1580 99999 99999 99999 99999
TBILIS 1969 02 06 1 99999 99999 99999 99999 99999 99999 99999 99999 99999 99999  1572  1570
TBILIS 1969 02 06 2  1584  1578  1594  1592  1572  1568  1566  1570  1566  1580  1562  1566
TBILIS 1969 02 07 1  1562  1592  1594  1566  1604  1574  1596  1596  1610  1604  1608  1580
TBILIS 1969 02 07 2  1572  1590  1606  1606  1588  1594  1588  1600  1596  1586  1594  1600
TBILIS 1969 02 08 1  1580  1598  1612  1578  1610  1608  1616  1580  1600  1620  1590  1626
TBILIS 1969 02 08 2  1594  1610  1614  1624  1626  1632  1620  1620  1610  1626  1604  1610
TBILIS 1969 02 09 1  1620  1604  1610  1608  1612  1618  1606  1600  1590  1594  1626  1608
TBILIS 1969 02 09 2  1634  1626  1632  1618  1610  1624  1604  1598  1586  1600  1600  1594
TBILIS 1969 02 10 1  1580  1622  1592  1620  1600  1636  1588  1598  1610  1596  1600  1568
TBILIS 1969 02 10 2  1610  1610  1588  1592  1580  1588  1568  1588  1576  1600  1598  1604
TBILIS 1969 02 11 1  1588  1578  1582  1608  1582  1576  1566  1566  1572  1568  1584  1600
TBILIS 1969 02 11 2  1580  1598  1580  1620  1620  1588  1584  1606  1596  1600  1596  1608
TBILIS 1969 02 12 1  1590  1600  1604  1620  1592  1582  1592  1588  1600  1580  1540  1574
TBILIS 1969 02 12 2 99999 99999  1552  1552  1566  1562  1552  1540  1550  1558  1564  1568
TBILIS 1969 02 13 1  1544  1560  1562  1578  1562  1580 99999 99999 99999 99999 99999 99999
TBILIS 1969 02 13 2 99999 99999 99999 99999 99999 99999 99999 99999 99999 99999 99999 99999
TBILIS 1969 02 14 1 99999 99999 99999 99999 99999 99999  1588  1590  1584  1594  1592  1590
TBILIS 1969 02 14 2  1600  1606  1584  1596  1598  1582 99999 99999 99999 99999 99999 99999
TBILIS 1969 02 15 1 99999 99999 99999  1604  1566  1588  1594  1596  1592 99999 99999 99999
TBILIS 1969 02 15 2 99999 99999 99999 99999 99999 99999 99999 99999 99999 99999 99999 99999
TBILIS 1969 02 16 1 99999 99999 99999 99999 99999 99999 99999 99999 99999 99999  1610  1602
TBILIS 1969 02 16 2  1600  1610  1582  1552  1580  1594  1630  1610  1600  1626  1614  1614
TBILIS 1969 02 17 1 99999 99999 99999 99999 99999 99999 99999 99999  1604  1590  1580  1578
TBILIS 1969 02 17 2  1584  1594  1582  1590  1564  1568  1566 99999  1600  1574  1584  1580
TBILIS 1969 02 18 1  1608  1570  1584  1592  1580  1580  1598  1588 99999 99999  1590  1580
TBILIS 1969 02 18 2  1574  1588  1596  1566  1604  1580  1594  1610  1670  1584  1602  1580
TBILIS 1969 02 19 1  1576  1588  1570  1582  1586  1590 99999 99999 99999 99999  1600  1600
TBILIS 1969 02 19 2  1598  1600  1606  1618  1602  1592  1566  1592  1580  1586  1608  1600
TBILIS 1969 02 20 1  1578  1600  1602  1582  1586  1590  1598  1594  1600 99999 99999 99999
TBILIS 1969 02 20 2 99999 99999 99999 99999 99999 99999 99999 99999 99999 99999 99999 99999
TBILIS 1969 02 21 1 99999 99999 99999 99999 99999 99999 99999 99999 99999 99999 99999 99999
TBILIS 1969 02 21 2 99999 99999 99999 99999 99999 99999 99999 99999 99999 99999 99999 99999
TBILIS 1969 02 22 1 99999 99999 99999 99999 99999 99999 99999 99999 99999 99999 99999 99999
TBILIS 1969 02 22 2 99999 99999 99999 99999 99999 99999 99999 99999 99999 99999 99999 99999
TBILIS 1969 02 23 1 99999 99999 99999 99999 99999 99999 99999 99999 99999 99999 99999 99999
TBILIS 1969 02 23 2 99999 99999 99999 99999 99999 99999 99999 99999 99999 99999 99999 99999
TBILIS 1969 02 24 1 99999 99999 99999 99999 99999 99999 99999 99999 99999 99999 99999 99999
TBILIS 1969 02 24 2 99999 99999 99999 99999 99999 99999 99999 99999 99999 99999 99999 99999
TBILIS 1969 02 25 1 99999 99999 99999 99999 99999 99999 99999 99999 99999 99999 99999 99999
TBILIS 1969 02 25 2 99999 99999 99999 99999 99999 99999 99999 99999 99999 99999 99999 99999
TBILIS 1969 02 26 1 99999 99999 99999 99999 99999 99999 99999 99999 99999 99999 99999 99999
TBILIS 1969 02 26 2 99999 99999 99999 99999 99999 99999 99999 99999 99999 99999 99999 99999
TBILIS 1969 02 27 1  1530  1526  1530  1532  1530  1556  1518  1498  1518  1546  1522  1520
TBILIS 1969 02 27 2  1518  1524  1482  1510  1491  1510  1494  1492  1481  1489  1502  1504
TBILIS 1969 02 28 1  1540  1546  1530  1530  1510  1544  1496  1512  1524  1500  1520  1493
TBILIS 1969 02 28 2  1468  1488  1495  1474  1488  1498  1477  1474  1493  1499  1499  1489
TBILIS 1969 02 29 1 99999 99999 99999 99999 99999 99999 99999 99999 99999 99999 99999 99999
TBILIS 1969 02 29 2 99999 99999 99999 99999 99999 99999 99999 99999 99999 99999 99999 99999
TBILIS 1969 02 30 1 99999 99999 99999 99999 99999 99999 99999 99999 99999 99999 99999 99999
TBILIS 1969 02 30 2 99999 99999 99999 99999 99999 99999 99999 99999 99999 99999 99999 99999
TBILIS 1969 02 31 1 99999 99999 99999 99999 99999 99999 99999 99999 99999 99999 99999 99999
TBILIS 1969 02 31 2 99999 99999 99999 99999 99999 99999 99999 99999 99999 99999 99999 99999
Cosmic-Ray Neutron Monitor Data (Hourly, Pressure-Corrected and Scale-Adjusted Counts)
Collections: WDC for Cosmic Rays, Solar-Terrestrial Environment Laboratory, Nagoya Univ.
Data Access: http://center.stelab.nagoya-u.ac.jp/WDCCR/index.html
Project: ICSU WDC
Citation: WDC for Cosmic Rays, Solar-Terrestrial Environment Laboratory, Nagoya University
Station ID: TBILIS
Station:  TBILISI,GIORGIA,INSTITUT GEOPHYSIKY (IG), GIORGIAN ACADEMY OF SCIENCES,GIORGIA 
Instrument: IGY NEUTRON MONITOR, CORRECTED FOR PRESSURE TO 950.0 MB, COEF. =                
Latitude (deg.):   41.72  Longitude (deg.):   44.80  Altitude (m):  510.00
Cut-Off Rigidity (GV):    6.91
Year: 1969  Month:   3
Scaling Factor (SF):    10.0   Constant (CONST):     0.0  Real Counts = (DATA + CONST)*SF
Temporal Resolution: 1 hour
UTC Start Hour:     0.0
                                                                                
                                                        
Monthly Average:  1548.4
Updated (YYYY MM DD): 2000 00 00
*******************************************************************************************
ID     YYYY MM DD 1     0     1     2     3     4     5     6     7     8     9    10    11
ID     YYYY MM DD 2    12    13    14    15    16    17    18    19    20    21    22    23
*******************************************************************************************
TBILIS 1969 03 01 1  1476  1496  1499  1502  1526  1489  1475  1510 99999 99999 99999 99999
TBILIS 1969 03 01 2 99999 99999 99999 99999  1470  1477  1489  1510  1480  1479  1506  1495
TBILIS 1969 03 02 1  1530  1526  1538  1510  1510  1499  1514  1546  1550  1499  1518  1532
TBILIS 1969 03 02 2  1506  1522  1528  1522  1512  1518  1530  1540  1528  1530  1544  1508
TBILIS 1969 03 03 1  1534  1546  1522  1528  1514  1526  1526  1536  1540  1550  1574 99999
TBILIS 1969 03 03 2 99999 99999  1566  1554  1566  1582  1596  1570  1588  1566  1582  1582
TBILIS 1969 03 04 1  1560  1554  1572  1564  1568  1568  1560  1548  1570  1588  1552  1556
TBILIS 1969 03 04 2  1576  1544  1568  1580  1572  1574  1590  1574  1592  1576  1596  1586
TBILIS 1969 03 05 1  1580  1576  1586  1580  1576  1564  1588  1586  1560  1566  1580  1546
TBILIS 1969 03 05 2  1562  1564  1550  1554  1542  1550  1564  1568  1564  1558  1554  1516
TBILIS 1969 03 06 1  1546  1568  1530  1566  1562  1554  1560  1552  1558  1540  1534  1544
TBILIS 1969 03 06 2  1516  1534  1558  1566  1586  1566  1556  1552  1556  1554  1544  1556
TBILIS 1969 03 07 1  1552  1556  1556  1552  1586  1584  1556  1584  1552  1606  1564  1552
TBILIS 1969 03 07 2  1558  1570  1550  1592  1570  1588  1552  1552  1556  1554  1548  1562
TBILIS 1969 03 08 1  1538  1534  1540  1574  1552  1546  1546  1552  1582  1546  1594  1574
TBILIS 1969 03 08 2  1556  1580  1572  1566  1542  1582  1550  1568  1570  1554  1552  1552
TBILIS 1969 03 09 1  1602  1580  1564  1570  1560  1548  1536  1520  1540  1556  1572  1570
TBILIS 1969 03 09 2  1560  1580  1560  1580  1552  1580  1556  1566  1582  1576  1544  1580
TBILIS 1969 03 10 1  1558  1560  1552  1572  1556  1558  1546 99999  1554  1548  1550  1560
TBILIS 1969 03 10 2  1544  1516  1550  1550  1560  1550  1544  1560  1538  1552  1566  1566
TBILIS 1969 03 11 1  1536  1556  1540  1548  1548  1552  1548  1538  1546  1528  1540  1546
TBILIS 1969 03 11 2  1560  1550  1540  1540  1550 99999  1526  1548  1570  1536  1562  1550
TBILIS 1969 03 12 1  1564  1562  1570  1558  1540  1540  1570  1600  1548  1552  1568  1566
TBILIS 1969 03 12 2  1574  1566  1540  1538  1518  1578  1584  1546  1534  1542  1556  1544
TBILIS 1969 03 13 1  1562  1556  1540  1542  1568  1558 99999 99999  1544  1558  1572  1546
TBILIS 1969 03 13 2  1554  1552  1548  1554  1550  1560  1600  1604  1610  1594  1580  1554
TBILIS 1969 03 14 1  1564  1530  1558  1530  1550  1566 99999  1538  1520 99999  1550  1550
TBILIS 1969 03 14 2  1564  1562  1572  1578  1556  1560  1542  1546  1578  1570  1532  1588
TBILIS 1969 03 15 1  1538  1546  1542  1562  1580  1540  1564  1564  1544  1546  1542  1548
TBILIS 1969 03 15 2  1552  1566  1580  1572  1552  1556  1578  1548  1560  1572  1546  1562
TBILIS 1969 03 16 1  1570  1570  1574  1590  1574  1568  1590  1584  1584  1562  1562  1562
TBILIS 1969 03 16 2  1574  1584  1574  1564  1566  1562  1568  1546  1556  1560  1598  1562
TBILIS 1969 03 17 1  1570  1554  1570  1548  1532  1566  1568  1550  1588  1568  1588  1598
TBILIS 1969 03 17 2  1592  1610  1584  1580  1606  1608  1590  1588  1580  1580  1598  1544
TBILIS 1969 03 18 1  1546  1564  1544  1544  1572  1584 99999  1580  1540  1566  1556  1552
TBILIS 1969 03 18 2  1540  1562  1550  1550  1556  1552  1550  1540  1518  1510  1514  1526
TBILIS 1969 03 19 1  1528  1526  1532  1552  1490  1538  1530  1510  1534  1550  1530  1485
TBILIS 1969 03 19 2  1476  1486  1486  1493  1482  1467  1471  1470  1468  1473  1498  1477
TBILIS 1969 03 20 1  1526  1528  1499  1476  1499  1528  1518  1504  1479  1524  1522  1493
TBILIS 1969 03 20 2  1520  1506  1483  1506  1524  1526  1504  1490  1508  1518  1510  1518
TBILIS 1969 03 21 1  1520  1520  1538  1514  1538  1566  1568  1552  1536  1580  1576  1546
TBILIS 1969 03 21 2  1570  1550  1518  1536  1558  1556  1532  1518  1544  1550  1540  1564
TBILIS 1969 03 22 1  1576  1564  1550  1548  1558  1564  1538  1584  1550  1582  1572  1578
TBILIS 1969 03 22 2  1570  1570  1540  1566  1568  1576  1562  1568  1598  1558  1550  1560
TBILIS 1969 03 23 1  1550  1588  1564  1570  1576  1552  1566  1584  1596  1560  1574  1560
TBILIS 1969 03 23 2  1566  1558  1570  1586  1566  1566  1546  1576  1592  1570  1588  1584
TBILIS 1969 03 24 1  1600  1582  1594  1598  1566  1600  1588  1588  1594  1598  1598  1604
TBILIS 1969 03 24 2  1582  1586  1572  1560  1530  1508  1502  1483  1490  1502  1508  1510
TBILIS 1969 03 25 1  1504  1493  1483  1495 99999  1499  1524  1518  1510  1554 99999 99999
TBILIS 1969 03 25 2  1482  1483  1495  1542  1530 99999 99999 99999 99999 99999 99999 99999
TBILIS 1969 03 26 1 99999 99999 99999 99999 99999 99999 99999 99999  1498  1524  1512  1490
TBILIS 1969 03 26 2  1510  1490  1524  1536  1542  1508  1542  1502 99999 99999  1590 99999
TBILIS 1969 03 27 1 99999 99999  1485  1485  1479  1518  1508  1502  1490  1488  1530  1488
TBILIS 1969 03 27 2  1493  1502  1495  1498  1506  1489  1514  1498  1490  1502  1506  1476
TBILIS 1969 03 28 1  1518  1502  1508  1508  1542  1540  1534  1502  1490  1544  1546  1522
TBILIS 1969 03 28 2  1524  1534  1544  1540  1534  1546  1550  1540  1518  1514  1540  1534
TBILIS 1969 03 29 1  1526  1522  1532  1534  1524  1514  1552  1540  1516  1544  1550  1550
TBILIS 1969 03 29 2  1530  1566  1572  1566  1566  1552  1550  1566  1546  1582  1590  1572
TBILIS 1969 03 30 1  1546  1556  1578  1556  1568  1554  1544  1576  1524  1580  1596  1568
TBILIS 1969 03 30 2  1592  1572  1546  1590  1540  1566  1556  1552  1560  1562  1546  1574
TBILIS 1969 03 31 1  1556  1584  1600  1568  1588  1622  1576  1600  1562  1546  1566  1560
TBILIS 1969 03 31 2  1550  1532  1538  1526  1550  1552  1554  1552  1548  1550  1566  1530
Cosmic-Ray Neutron Monitor Data (Hourly, Pressure-Corrected and Scale-Adjusted Counts)
Collections: WDC for Cosmic Rays, Solar-Terrestrial Environment Laboratory, Nagoya Univ.
Data Access: http://center.stelab.nagoya-u.ac.jp/WDCCR/index.html
Project: ICSU WDC
Citation: WDC for Cosmic Rays, Solar-Terrestrial Environment Laboratory, Nagoya University
Station ID: TBILIS
Station:  TBILISI,GIORGIA,INSTITUT GEOPHYSIKY (IG), GIORGIAN ACADEMY OF SCIENCES,GIORGIA 
Instrument: IGY NEUTRON MONITOR, CORRECTED FOR PRESSURE TO 950.0 MB, COEF. =                
Latitude (deg.):   41.72  Longitude (deg.):   44.80  Altitude (m):  510.00
Cut-Off Rigidity (GV):    6.91
Year: 1969  Month:   4
Scaling Factor (SF):    10.0   Constant (CONST):     0.0  Real Counts = (DATA + CONST)*SF
Temporal Resolution: 1 hour
UTC Start Hour:     0.0
                                                                                
                                                        
Monthly Average:  1588.4
Updated (YYYY MM DD): 2000 00 00
*******************************************************************************************
ID     YYYY MM DD 1     0     1     2     3     4     5     6     7     8     9    10    11
ID     YYYY MM DD 2    12    13    14    15    16    17    18    19    20    21    22    23
*******************************************************************************************
TBILIS 1969 04 01 1 99999 99999 99999 99999 99999 99999 99999 99999 99999 99999 99999 99999
TBILIS 1969 04 01 2 99999 99999 99999 99999 99999 99999 99999 99999 99999 99999 99999  1546
TBILIS 1969 04 02 1  1530  1570  1582  1586 99999 99999 99999 99999  1594  1552 99999  1578
TBILIS 1969 04 02 2  1588  1592 99999  1584  1576  1624  1578  1560  1648  1608  1600  1604
TBILIS 1969 04 03 1  1610  1618  1586  1600 99999  1574  1538  1568 99999  1546  1584  1568
TBILIS 1969 04 03 2  1568  1556  1584  1552 99999  1582  1636 99999  1560  1542  1550  1556
TBILIS 1969 04 04 1  1562  1552  1540  1534  1560  1580 99999  1578  1610  1558 99999  1626
TBILIS 1969 04 04 2  1564  1594 99999 99999 99999 99999 99999 99999 99999 99999 99999  1616
TBILIS 1969 04 05 1  1628  1638  1592  1600  1558  1586  1570  1590  1590  1586  1558  1556
TBILIS 1969 04 05 2 99999 99999 99999 99999 99999 99999 99999 99999 99999 99999 99999 99999
TBILIS 1969 04 06 1 99999 99999 99999  1566  1546  1586  1566  1552  1576  1656  1614  1598
TBILIS 1969 04 06 2  1584  1642  1648  1654  1580  1588  1550  1540 99999  1566  1580  1574
TBILIS 1969 04 07 1  1616  1644  1604  1604 99999 99999 99999 99999  1608  1624 99999 99999
TBILIS 1969 04 07 2  1666  1610  1604  1634  1612  1588  1600  1616  1600  1592  1594  1582
TBILIS 1969 04 08 1  1604  1598  1584  1602  1632  1648  1636  1594  1600  1640  1632  1598
TBILIS 1969 04 08 2  1620  1636  1618  1582  1600  1654  1588  1600  1608  1630  1612  1592
TBILIS 1969 04 09 1  1578  1580  1606  1576  1620  1584 99999 99999  1562  1624 99999 99999
TBILIS 1969 04 09 2  1588  1604  1598  1612  1614  1630  1628  1646  1602  1604  1586 99999
TBILIS 1969 04 10 1  1632  1632  1598  1652  1636  1626  1656  1638  1658  1608  1616  1630
TBILIS 1969 04 10 2  1634  1614  1632  1630  1644  1618  1606  1598  1614  1646  1618  1648
TBILIS 1969 04 11 1  1620  1644  1612  1600  1600 99999  1658  1654  1622  1620  1652  1654
TBILIS 1969 04 11 2  1650  1612  1630  1634  1612  1618  1618  1600  1604  1618  1622  1618
TBILIS 1969 04 12 1  1626  1648  1666  1616  1644  1622 99999 99999  1646  1624  1612 99999
TBILIS 1969 04 12 2  1628  1622  1630  1632  1624  1602  1602  1624  1622  1586  1562  1546
TBILIS 1969 04 13 1  1588  1588  1558 99999 99999 99999  1518  1524  1560  1550  1550  1566
TBILIS 1969 04 13 2  1604  1582  1604  1610  1586  1566  1632  1622  1552  1578  1566  1578
TBILIS 1969 04 14 1  1600  1572  1592  1556  1564  1556  1550  1584  1518  1538  1540  1540
TBILIS 1969 04 14 2  1566  1570  1542  1604  1554  1548  1546  1554  1570  1614  1566  1556
TBILIS 1969 04 15 1  1572  1556  1560  1582  1588  1560  1570  1566  1566  1570  1550  1540
TBILIS 1969 04 15 2  1568  1592  1552 99999 99999 99999 99999 99999 99999 99999 99999 99999
TBILIS 1969 04 16 1 99999 99999 99999 99999 99999 99999 99999 99999 99999  1588  1596  1570
TBILIS 1969 04 16 2  1584  1532 99999  1550  1570  1586  1586 99999 99999  1586  1602  1554
TBILIS 1969 04 17 1  1586  1610 99999  1574  1564  1564  1590  1562  1570  1618 99999  1582
TBILIS 1969 04 17 2  1624  1550  1568  1596 99999  1616  1592 99999 99999 99999 99999 99999
TBILIS 1969 04 18 1 99999 99999 99999 99999  1556  1596  1560  1550  1568  1594  1540  1544
TBILIS 1969 04 18 2  1586  1586 99999 99999 99999  1584  1616  1578  1582  1592  1566  1566
TBILIS 1969 04 19 1  1570 99999 99999  1570  1594  1532 99999  1600  1582  1564  1610  1570
TBILIS 1969 04 19 2  1552  1558 99999 99999  1550  1562  1602  1608  1568  1568 99999 99999
TBILIS 1969 04 20 1 99999 99999 99999  1630  1610  1620  1560  1566  1566 99999 99999 99999
TBILIS 1969 04 20 2  1568  1574  1588  1594 99999  1588  1580  1582  1586 99999 99999 99999
TBILIS 1969 04 21 1 99999 99999 99999 99999 99999  1586  1630  1620  1590  1610  1644  1578
TBILIS 1969 04 21 2  1580  1592  1570  1574  1570  1580  1586 99999  1566  1566  1590  1578
TBILIS 1969 04 22 1  1568  1566  1560  1536  1562  1572  1576  1572  1576  1546  1594  1576
TBILIS 1969 04 22 2  1560  1570  1546  1570  1554  1540  1534  1538  1550  1550  1548  1556
TBILIS 1969 04 23 1  1536  1560  1560  1556  1566  1548  1558  1576  1560  1576  1580  1564
TBILIS 1969 04 23 2  1576  1586  1604  1580  1612  1580  1560  1584  1610  1588  1580  1616
TBILIS 1969 04 24 1  1576  1580  1562  1600  1596  1612  1606  1604  1526  1530  1540  1540
TBILIS 1969 04 24 2  1546  1538  1552  1552  1546  1552  1544  1532  1554  1524  1546  1570
TBILIS 1969 04 25 1  1530  1566  1560  1546 99999  1554  1552  1552  1528  1560 99999  1588
TBILIS 1969 04 25 2  1554  1560  1580  1580  1582  1566  1552  1582  1574  1572  1580  1606
TBILIS 1969 04 26 1  1576  1522  1584  1592  1600  1588  1566  1584  1582  1540  1592  1570
TBILIS 1969 04 26 2  1574  1578  1586  1616  1602 99999  1602  1592  1592  1592  1596  1648
TBILIS 1969 04 27 1  1628  1620  1636  1620  1634  1612  1634  1622  1640  1620  1640  1656
TBILIS 1969 04 27 2  1656  1660  1636  1640  1634  1654  1636  1654  1632  1640  1602  1610
TBILIS 1969 04 28 1 99999 99999 99999 99999 99999 99999 99999 99999 99999 99999 99999 99999
TBILIS 1969 04 28 2 99999 99999 99999 99999 99999 99999 99999 99999 99999 99999 99999 99999
TBILIS 1969 04 29 1 99999 99999 99999 99999 99999 99999 99999 99999 99999 99999 99999 99999
TBILIS 1969 04 29 2 99999 99999 99999 99999 99999 99999 99999 99999 99999 99999 99999 99999
TBILIS 1969 04 30 1 99999 99999 99999 99999 99999 99999 99999 99999 99999 99999 99999 99999
TBILIS 1969 04 30 2 99999 99999 99999 99999 99999 99999 99999 99999 99999 99999 99999 99999
TBILIS 1969 04 31 1 99999 99999 99999 99999 99999 99999 99999 99999 99999 99999 99999 99999
TBILIS 1969 04 31 2 99999 99999 99999 99999 99999 99999 99999 99999 99999 99999 99999 99999
Cosmic-Ray Neutron Monitor Data (Hourly, Pressure-Corrected and Scale-Adjusted Counts)
Collections: WDC for Cosmic Rays, Solar-Terrestrial Environment Laboratory, Nagoya Univ.
Data Access: http://center.stelab.nagoya-u.ac.jp/WDCCR/index.html
Project: ICSU WDC
Citation: WDC for Cosmic Rays, Solar-Terrestrial Environment Laboratory, Nagoya University
Station ID: TBILIS
Station:  TBILISI,GIORGIA,INSTITUT GEOPHYSIKY (IG), GIORGIAN ACADEMY OF SCIENCES,GIORGIA 
Instrument: IGY NEUTRON MONITOR, CORRECTED FOR PRESSURE TO 950.0 MB, COEF. =                
Latitude (deg.):   41.72  Longitude (deg.):   44.80  Altitude (m):  510.00
Cut-Off Rigidity (GV):    6.91
Year: 1969  Month:   5
Scaling Factor (SF):    10.0   Constant (CONST):     0.0  Real Counts = (DATA + CONST)*SF
Temporal Resolution: 1 hour
UTC Start Hour:     0.0
                                                                                
                                                        
Monthly Average:  1637.2
Updated (YYYY MM DD): 2000 00 00
*******************************************************************************************
ID     YYYY MM DD 1     0     1     2     3     4     5     6     7     8     9    10    11
ID     YYYY MM DD 2    12    13    14    15    16    17    18    19    20    21    22    23
*******************************************************************************************
TBILIS 1969 05 01 1 99999  1672  1678  1654  1654  1672  1682  1706  1706  1726  1748  1746
TBILIS 1969 05 01 2  1768  1800  1766  1766  1784  1782  1800  1762  1782 99999 99999 99999
TBILIS 1969 05 02 1  1798  1820  1812  1818  1804 99999  1804  1784  1790  1820  1798  1812
TBILIS 1969 05 02 2  1832 99999 99999  1776  1770  1748  1744  1770  1740  1730  1766  1740
TBILIS 1969 05 03 1  1738  1738  1756  1772  1810  1808  1770  1816  1804 99999  1796  1802
TBILIS 1969 05 03 2 99999 99999 99999  1816  1798  1758  1740  1748  1756  1770  1748  1776
TBILIS 1969 05 04 1  1768  1780 99999  1780  1776  1800  1766 99999 99999  1796  1768  1764
TBILIS 1969 05 04 2  1782  1784  1766  1774  1780  1760  1772  1762  1758 99999 99999 99999
TBILIS 1969 05 05 1  1748  1748  1746  1770  1694  1648  1650  1612  1618  1618 99999 99999
TBILIS 1969 05 05 2  1596  1590 99999  1546  1574  1590  1552  1590  1564  1590  1588  1554
TBILIS 1969 05 06 1  1572  1582  1548  1588  1592  1604  1682  1664  1556  1546 99999  1570
TBILIS 1969 05 06 2  1598  1580  1588  1582  1582  1540  1562  1578  1570  1562  1552  1564
TBILIS 1969 05 07 1  1550  1558  1544  1596  1580  1576  1564  1548  1572  1562  1588  1580
TBILIS 1969 05 07 2 99999  1564  1592  1594  1570  1598  1580  1640  1662  1620  1660  1648
TBILIS 1969 05 08 1  1640  1644  1660  1630  1666 99999  1688  1682  1702  1708  1706  1688
TBILIS 1969 05 08 2  1680  1700  1654  1674 99999 99999 99999 99999  1668  1660  1640  1684
TBILIS 1969 05 09 1 99999 99999  1658  1658  1678  1648  1650  1640  1648  1622  1618  1614
TBILIS 1969 05 09 2 99999 99999 99999 99999 99999 99999 99999 99999 99999 99999 99999 99999
TBILIS 1969 05 10 1 99999 99999 99999 99999 99999 99999 99999 99999 99999 99999 99999 99999
TBILIS 1969 05 10 2 99999 99999 99999 99999 99999 99999 99999 99999 99999 99999 99999 99999
TBILIS 1969 05 11 1 99999 99999 99999 99999 99999 99999 99999 99999 99999 99999 99999 99999
TBILIS 1969 05 11 2 99999 99999 99999 99999 99999 99999 99999 99999 99999 99999 99999 99999
TBILIS 1969 05 12 1 99999 99999 99999 99999 99999  1608  1600  1588  1610  1646  1620  1650
TBILIS 1969 05 12 2  1608  1616  1624  1650  1604  1626  1614  1634  1604  1604 99999 99999
TBILIS 1969 05 13 1  1592  1604  1604  1616  1588  1620  1632 99999  1626  1598  1570  1586
TBILIS 1969 05 13 2  1594  1558 99999  1640  1622  1610 99999 99999 99999 99999 99999 99999
TBILIS 1969 05 14 1  1602  1606  1582  1586  1576  1590  1594  1588 99999 99999 99999 99999
TBILIS 1969 05 14 2 99999 99999 99999 99999 99999 99999 99999 99999 99999 99999 99999 99999
TBILIS 1969 05 15 1  1580  1552  1584 99999 99999  1604  1584 99999  1630  1590  1588  1610
TBILIS 1969 05 15 2  1580  1592  1602  1578  1628  1614  1598  1618  1590  1614  1650  1616
TBILIS 1969 05 16 1  1654  1668  1662  1634  1650  1638  1642  1664 99999 99999 99999 99999
TBILIS 1969 05 16 2 99999 99999 99999 99999  1674  1684  1714  1710  1702  1692  1704  1676
TBILIS 1969 05 17 1  1686 99999  1710  1686  1710  1720  1760  1744  1686  1670 99999  1680
TBILIS 1969 05 17 2  1690  1688  1630  1656  1636  1624  1662  1654  1666  1704  1710  1724
TBILIS 1969 05 18 1  1728  1700  1722  1720  1684  1722  1712  1664  1670  1712  1700  1692
TBILIS 1969 05 18 2  1636  1654  1666  1624  1610  1686  1640  1598  1578  1594  1592  1620
TBILIS 1969 05 19 1 99999  1628  1630  1640  1658  1680  1588  1624  1668  1660  1630  1632
TBILIS 1969 05 19 2  1640  1608  1628  1620  1614  1610  1608  1586  1602 99999 99999 99999
TBILIS 1969 05 20 1 99999 99999 99999 99999 99999 99999 99999 99999 99999 99999  1600  1604
TBILIS 1969 05 20 2  1530  1524  1530  1522  1538  1510  1510  1490  1530  1526  1518  1534
TBILIS 1969 05 21 1  1526  1518  1546  1546  1530  1546  1538  1514  1502  1518  1518  1530
TBILIS 1969 05 21 2 99999  1570  1544  1530  1532  1554  1552  1528  1546  1550  1530  1576
TBILIS 1969 05 22 1  1594  1592  1566  1580  1588  1614  1622  1620  1606  1630  1640  1632
TBILIS 1969 05 22 2  1624  1594  1586  1604  1600  1614  1618  1614  1634 99999  1602  1626
TBILIS 1969 05 23 1  1606  1626  1636 99999  1588  1580  1560  1564  1562  1544  1566  1510
TBILIS 1969 05 23 2  1550  1548  1588  1586  1586  1580 99999 99999 99999 99999 99999  1550
TBILIS 1969 05 24 1  1546  1570  1562 99999  1562  1596  1600  1576  1578  1550  1566  1576
TBILIS 1969 05 24 2  1584  1570  1576  1574  1580  1554  1542  1560  1570  1556  1550  1566
TBILIS 1969 05 25 1  1526  1546  1552  1548  1544 99999  1566  1540 99999 99999  1600  1610
TBILIS 1969 05 25 2  1606  1604  1596  1612  1616  1606  1608  1598  1570  1596  1586  1572
TBILIS 1969 05 26 1  1620  1604  1578  1612  1634 99999 99999 99999 99999 99999 99999 99999
TBILIS 1969 05 26 2 99999 99999 99999 99999 99999 99999 99999 99999 99999 99999 99999 99999
TBILIS 1969 05 27 1 99999 99999 99999 99999 99999 99999 99999 99999 99999 99999 99999 99999
TBILIS 1969 05 27 2 99999 99999 99999 99999 99999 99999 99999 99999 99999 99999 99999 99999
TBILIS 1969 05 28 1 99999 99999 99999 99999 99999 99999 99999 99999 99999 99999 99999 99999
TBILIS 1969 05 28 2 99999 99999 99999 99999 99999 99999 99999 99999 99999 99999 99999 99999
TBILIS 1969 05 29 1 99999 99999 99999 99999 99999 99999 99999 99999 99999 99999 99999 99999
TBILIS 1969 05 29 2 99999 99999 99999 99999 99999 99999 99999 99999 99999 99999 99999 99999
TBILIS 1969 05 30 1 99999 99999 99999 99999 99999 99999 99999 99999 99999 99999 99999 99999
TBILIS 1969 05 30 2 99999 99999 99999 99999 99999 99999 99999 99999 99999 99999 99999 99999
TBILIS 1969 05 31 1 99999 99999 99999 99999 99999 99999 99999 99999 99999 99999 99999 99999
TBILIS 1969 05 31 2 99999 99999 99999 99999 99999 99999 99999 99999 99999 99999 99999 99999
Cosmic-Ray Neutron Monitor Data (Hourly, Pressure-Corrected and Scale-Adjusted Counts)
Collections: WDC for Cosmic Rays, Solar-Terrestrial Environment Laboratory, Nagoya Univ.
Data Access: http://center.stelab.nagoya-u.ac.jp/WDCCR/index.html
Project: ICSU WDC
Citation: WDC for Cosmic Rays, Solar-Terrestrial Environment Laboratory, Nagoya University
Station ID: TBILIS
Station:  TBILISI,GIORGIA,INSTITUT GEOPHYSIKY (IG), GIORGIAN ACADEMY OF SCIENCES,GIORGIA 
Instrument: IGY NEUTRON MONITOR, CORRECTED FOR PRESSURE TO 950.0 MB, COEF. =                
Latitude (deg.):   41.72  Longitude (deg.):   44.80  Altitude (m):  510.00
Cut-Off Rigidity (GV):    6.91
Year: 1969  Month:   6
Scaling Factor (SF):    10.0   Constant (CONST):     0.0  Real Counts = (DATA + CONST)*SF
Temporal Resolution: 1 hour
UTC Start Hour:     0.0
                                                                                
                                                        
Monthly Average:  1535.5
Updated (YYYY MM DD): 2000 00 00
*******************************************************************************************
ID     YYYY MM DD 1     0     1     2     3     4     5     6     7     8     9    10    11
ID     YYYY MM DD 2    12    13    14    15    16    17    18    19    20    21    22    23
*******************************************************************************************
TBILIS 1969 06 01 1 99999 99999 99999 99999 99999 99999 99999 99999 99999 99999 99999 99999
TBILIS 1969 06 01 2 99999 99999 99999 99999 99999 99999 99999 99999 99999 99999 99999 99999
TBILIS 1969 06 02 1 99999 99999 99999 99999 99999 99999 99999 99999 99999 99999 99999 99999
TBILIS 1969 06 02 2 99999 99999 99999 99999 99999 99999 99999 99999 99999 99999 99999 99999
TBILIS 1969 06 03 1 99999 99999 99999 99999 99999 99999 99999 99999 99999 99999 99999 99999
TBILIS 1969 06 03 2 99999 99999 99999  1592  1576  1588  1576  1534  1570  1586  1588  1556
TBILIS 1969 06 04 1  1572  1550 99999 99999  1602  1574  1574  1580  1588  1594  1586  1566
TBILIS 1969 06 04 2  1582  1552  1580  1588  1592  1588  1592  1588  1596  1588  1586  1598
TBILIS 1969 06 05 1  1568  1594  1556  1606  1608  1592  1576  1604  1612  1606  1606  1602
TBILIS 1969 06 05 2 99999  1598  1588  1596  1584  1592  1604  1600  1594  1590  1588  1614
TBILIS 1969 06 06 1  1568  1566  1584  1600  1644  1622  1616  1612  1632  1582  1574  1630
TBILIS 1969 06 06 2  1600  1590  1604  1600  1580  1580  1586  1588  1604  1582  1594  1580
TBILIS 1969 06 07 1  1588  1606  1590  1590  1576  1596  1580  1580  1604  1578  1618  1602
TBILIS 1969 06 07 2  1610  1596  1612  1574  1600 99999 99999 99999 99999 99999 99999 99999
TBILIS 1969 06 08 1 99999 99999 99999 99999 99999 99999 99999 99999 99999 99999 99999 99999
TBILIS 1969 06 08 2 99999 99999 99999 99999 99999 99999 99999 99999 99999 99999 99999 99999
TBILIS 1969 06 09 1 99999 99999 99999 99999  1582  1580  1588  1560  1560  1578  1578  1548
TBILIS 1969 06 09 2  1542  1538  1552  1560  1568  1558  1568 99999  1556  1548  1554  1558
TBILIS 1969 06 10 1  1566 99999 99999 99999 99999 99999 99999 99999 99999  1540  1554  1562
TBILIS 1969 06 10 2  1574  1542  1566  1566  1576  1580  1552  1568  1588 99999 99999 99999
TBILIS 1969 06 11 1  1556  1554  1530  1556  1544  1550  1550  1558  1548 99999 99999 99999
TBILIS 1969 06 11 2 99999 99999 99999 99999 99999 99999 99999 99999 99999 99999 99999 99999
TBILIS 1969 06 12 1 99999 99999 99999 99999 99999 99999 99999 99999 99999 99999 99999 99999
TBILIS 1969 06 12 2 99999 99999 99999 99999 99999 99999 99999 99999 99999 99999 99999 99999
TBILIS 1969 06 13 1 99999 99999 99999 99999 99999 99999 99999 99999 99999 99999 99999 99999
TBILIS 1969 06 13 2 99999 99999 99999 99999 99999 99999 99999 99999 99999 99999 99999 99999
TBILIS 1969 06 14 1 99999 99999 99999 99999 99999 99999 99999 99999 99999  1506  1499  1510
TBILIS 1969 06 14 2  1518  1510  1493  1516  1493  1498  1478  1499  1488  1489  1488  1498
TBILIS 1969 06 15 1  1520  1504  1493  1486  1494  1493  1514  1464  1500  1455  1498  1504
TBILIS 1969 06 15 2  1492  1500  1522  1558  1500  1492  1526  1512  1506  1550  1520  1486
TBILIS 1969 06 16 1 99999 99999 99999 99999 99999 99999 99999 99999 99999 99999 99999 99999
TBILIS 1969 06 16 2 99999 99999 99999 99999 99999 99999 99999 99999 99999 99999 99999 99999
TBILIS 1969 06 17 1 99999 99999 99999 99999 99999 99999 99999 99999 99999 99999 99999 99999
TBILIS 1969 06 17 2 99999 99999 99999 99999 99999 99999 99999 99999 99999 99999 99999 99999
TBILIS 1969 06 18 1 99999 99999 99999 99999 99999 99999 99999 99999 99999 99999 99999 99999
TBILIS 1969 06 18 2 99999 99999 99999 99999 99999 99999 99999 99999 99999 99999 99999 99999
TBILIS 1969 06 19 1 99999 99999 99999 99999 99999 99999 99999 99999 99999 99999 99999 99999
TBILIS 1969 06 19 2 99999 99999 99999 99999 99999 99999 99999 99999 99999 99999 99999 99999
TBILIS 1969 06 20 1 99999 99999 99999 99999 99999 99999  1475  1452  1461  1477  1493  1483
TBILIS 1969 06 20 2  1492  1482  1464  1488  1482  1512  1477  1471  1461  1470  1456  1472
TBILIS 1969 06 21 1  1477  1499  1471  1461  1500  1526  1502  1471  1472  1483  1504  1510
TBILIS 1969 06 21 2  1496  1483  1492  1486  1508  1471  1464  1496  1465  1498  1470  1486
TBILIS 1969 06 22 1  1446  1455  1461  1502  1451  1470 99999 99999  1492  1474  1490  1492
TBILIS 1969 06 22 2 99999 99999  1493  1486 99999  1499  1518  1552  1518  1516  1520  1544
TBILIS 1969 06 23 1 99999 99999  1518  1504 99999  1486  1494  1526  1496 99999 99999 99999
TBILIS 1969 06 23 2 99999 99999 99999 99999 99999 99999 99999 99999 99999 99999 99999 99999
TBILIS 1969 06 24 1 99999 99999 99999 99999 99999 99999 99999 99999 99999 99999 99999 99999
TBILIS 1969 06 24 2 99999 99999 99999 99999 99999 99999 99999 99999 99999 99999 99999 99999
TBILIS 1969 06 25 1 99999 99999 99999 99999 99999 99999 99999 99999 99999  1516  1489 99999
TBILIS 1969 06 25 2  1486  1502  1486 99999  1464 99999  1489  1484  1488  1480  1476  1486
TBILIS 1969 06 26 1  1508  1496  1488  1498  1477  1512  1488  1500  1506  1488  1464  1482
TBILIS 1969 06 26 2 99999 99999  1493  1522  1484  1483  1473 99999 99999 99999  1493  1493
TBILIS 1969 06 27 1  1482  1492  1489  1483  1492  1498 99999 99999 99999 99999 99999 99999
TBILIS 1969 06 27 2 99999 99999 99999 99999 99999 99999 99999 99999 99999 99999 99999 99999
TBILIS 1969 06 28 1 99999 99999 99999 99999 99999 99999 99999 99999 99999 99999 99999 99999
TBILIS 1969 06 28 2 99999 99999 99999 99999 99999 99999 99999 99999 99999 99999 99999 99999
TBILIS 1969 06 29 1 99999 99999 99999 99999 99999 99999 99999 99999 99999 99999 99999 99999
TBILIS 1969 06 29 2 99999 99999 99999 99999 99999 99999 99999 99999 99999 99999 99999 99999
TBILIS 1969 06 30 1 99999 99999 99999 99999 99999 99999 99999 99999 99999 99999 99999 99999
TBILIS 1969 06 30 2 99999 99999 99999 99999 99999 99999 99999 99999 99999 99999 99999 99999
TBILIS 1969 06 31 1 99999 99999 99999 99999 99999 99999 99999 99999 99999 99999 99999 99999
TBILIS 1969 06 31 2 99999 99999 99999 99999 99999 99999 99999 99999 99999 99999 99999 99999
Cosmic-Ray Neutron Monitor Data (Hourly, Pressure-Corrected and Scale-Adjusted Counts)
Collections: WDC for Cosmic Rays, Solar-Terrestrial Environment Laboratory, Nagoya Univ.
Data Access: http://center.stelab.nagoya-u.ac.jp/WDCCR/index.html
Project: ICSU WDC
Citation: WDC for Cosmic Rays, Solar-Terrestrial Environment Laboratory, Nagoya University
Station ID: TBILIS
Station:  TBILISI,GIORGIA,INSTITUT GEOPHYSIKY (IG), GIORGIAN ACADEMY OF SCIENCES,GIORGIA 
Instrument: IGY NEUTRON MONITOR, CORRECTED FOR PRESSURE TO 950.0 MB, COEF. =                
Latitude (deg.):   41.72  Longitude (deg.):   44.80  Altitude (m):  510.00
Cut-Off Rigidity (GV):    6.91
Year: 1969  Month:   7
Scaling Factor (SF):    10.0   Constant (CONST):     0.0  Real Counts = (DATA + CONST)*SF
Temporal Resolution: 1 hour
UTC Start Hour:     0.0
                                                                                
                                                        
Monthly Average:  1534.3
Updated (YYYY MM DD): 2000 00 00
*******************************************************************************************
ID     YYYY MM DD 1     0     1     2     3     4     5     6     7     8     9    10    11
ID     YYYY MM DD 2    12    13    14    15    16    17    18    19    20    21    22    23
*******************************************************************************************
TBILIS 1969 07 01 1 99999 99999 99999 99999 99999 99999 99999 99999 99999 99999 99999 99999
TBILIS 1969 07 01 2  1546  1526  1492  1524  1546  1518 99999  1550  1518  1499  1506  1508
TBILIS 1969 07 02 1  1504  1510  1530  1506 99999  1512  1512  1546  1493  1500  1538  1528
TBILIS 1969 07 02 2  1518  1506  1518  1498  1516  1500  1510  1516  1530  1508  1508 99999
TBILIS 1969 07 03 1  1502  1502  1496  1506  1534 99999  1544  1568  1544  1530  1552  1518
TBILIS 1969 07 03 2  1518  1530  1514  1506  1542  1502  1530  1483  1514  1534  1510  1540
TBILIS 1969 07 04 1  1540  1544  1554  1514 99999 99999  1506  1566  1550  1550  1566  1548
TBILIS 1969 07 04 2  1530  1500  1518  1516  1532  1504  1514  1530  1500  1516  1540  1518
TBILIS 1969 07 05 1  1528  1504  1512  1526  1514  1530  1512  1482  1526  1518  1530  1548
TBILIS 1969 07 05 2  1534  1496  1516  1506  1510  1502  1538  1488  1489  1504  1489  1516
TBILIS 1969 07 06 1  1520  1484  1524  1518  1598  1502  1472  1540  1514  1524  1512  1510
TBILIS 1969 07 06 2  1499  1499  1506  1510  1528  1489  1534  1510  1478  1532  1518  1512
TBILIS 1969 07 07 1  1516  1493 99999  1496  1500  1486  1506  1522  1506  1498  1510  1508
TBILIS 1969 07 07 2  1508  1512  1514  1490  1526  1508  1540  1506  1510  1494  1506  1532
TBILIS 1969 07 08 1  1489  1510  1536  1522  1524  1516  1489  1518  1496  1499  1542  1506
TBILIS 1969 07 08 2  1520  1508  1514  1506  1508  1516  1510  1510  1524  1510  1506  1510
TBILIS 1969 07 09 1  1493  1516  1504  1504  1502  1530  1504  1494  1516  1522  1506  1496
TBILIS 1969 07 09 2  1462  1510  1522  1489  1514  1514  1502  1526  1508  1502  1512  1530
TBILIS 1969 07 10 1  1464  1500  1510  1490  1488  1489  1493  1471  1506  1518  1498  1493
TBILIS 1969 07 10 2  1502  1484  1500  1498  1483  1494  1494  1494  1506  1490  1508  1522
TBILIS 1969 07 11 1  1483  1500  1492  1522  1504  1516  1530  1486  1492  1520 99999 99999
TBILIS 1969 07 11 2  1483  1489  1490  1488  1500  1502 99999  1488  1508  1480  1526  1522
TBILIS 1969 07 12 1  1504  1506  1493  1494  1510  1484  1510  1528  1493  1510  1510  1506
TBILIS 1969 07 12 2  1482  1476  1526  1506  1500  1493  1504  1478  1504  1502  1488  1482
TBILIS 1969 07 13 1  1494  1478  1496  1483  1504 99999 99999  1502  1496  1524  1483  1498
TBILIS 1969 07 13 2  1478  1482  1470  1483  1478  1520  1502 99999 99999 99999 99999 99999
TBILIS 1969 07 14 1 99999 99999 99999 99999 99999 99999  1498  1493  1508  1496  1484  1489
TBILIS 1969 07 14 2  1477  1494  1492  1490  1498  1476  1456  1490  1482  1470  1478  1442
TBILIS 1969 07 15 1  1489  1504  1477  1500  1488  1486  1476  1498  1518  1493  1510 99999
TBILIS 1969 07 15 2 99999 99999  1530  1542 99999 99999 99999 99999 99999 99999 99999 99999
TBILIS 1969 07 16 1 99999 99999 99999 99999 99999 99999  1542  1542  1518  1546  1570  1560
TBILIS 1969 07 16 2  1566  1550  1564  1546  1552  1524 99999 99999 99999 99999 99999 99999
TBILIS 1969 07 17 1 99999 99999 99999 99999 99999 99999  1540  1570  1550  1588  1570  1586
TBILIS 1969 07 17 2  1588  1600  1572  1572  1538  1546  1540  1536  1576  1566  1564  1556
TBILIS 1969 07 18 1  1538  1532  1550  1550  1550  1554  1526  1570  1552  1558  1532  1568
TBILIS 1969 07 18 2  1562  1546  1564  1524  1544  1550  1550  1562  1546  1562  1548  1554
TBILIS 1969 07 19 1  1544  1558  1588  1554  1572  1546  1564  1558  1580  1564  1550  1556
TBILIS 1969 07 19 2  1564  1562  1550  1556  1588  1550  1568  1560  1588  1570 99999 99999
TBILIS 1969 07 20 1 99999 99999 99999 99999 99999 99999 99999 99999 99999 99999 99999 99999
TBILIS 1969 07 20 2 99999 99999 99999 99999 99999 99999 99999 99999 99999 99999 99999 99999
TBILIS 1969 07 21 1 99999 99999 99999 99999 99999 99999 99999 99999 99999 99999 99999 99999
TBILIS 1969 07 21 2 99999 99999 99999 99999 99999 99999 99999 99999 99999 99999 99999 99999
TBILIS 1969 07 22 1 99999 99999 99999 99999 99999 99999 99999 99999 99999 99999 99999 99999
TBILIS 1969 07 22 2 99999 99999 99999 99999 99999 99999 99999 99999 99999 99999 99999 99999
TBILIS 1969 07 23 1 99999 99999 99999 99999 99999 99999 99999 99999 99999 99999 99999 99999
TBILIS 1969 07 23 2 99999 99999 99999 99999 99999 99999 99999 99999 99999 99999 99999 99999
TBILIS 1969 07 24 1  1564  1546  1546  1554  1554 99999 99999 99999 99999 99999 99999 99999
TBILIS 1969 07 24 2 99999 99999  1580  1602  1568  1616  1594 99999  1600  1600 99999 99999
TBILIS 1969 07 25 1 99999  1600  1584  1588  1590  1620  1656  1680  1638  1636  1582  1610
TBILIS 1969 07 25 2  1562  1590  1584  1580  1610  1614  1566  1592  1556 99999 99999 99999
TBILIS 1969 07 26 1 99999 99999 99999 99999 99999 99999 99999 99999 99999 99999 99999 99999
TBILIS 1969 07 26 2 99999 99999 99999 99999 99999 99999 99999 99999 99999 99999 99999 99999
TBILIS 1969 07 27 1 99999  1588  1564  1604  1572  1596  1598 99999  1606  1628  1586  1610
TBILIS 1969 07 27 2 99999 99999 99999 99999  1590  1566  1572  1574  1550  1588  1552 99999
TBILIS 1969 07 28 1 99999  1598  1592  1570  1600 99999 99999 99999 99999  1590  1586  1598
TBILIS 1969 07 28 2  1554  1550  1568  1582  1542  1570  1574  1550 99999  1574  1572  1588
TBILIS 1969 07 29 1  1552  1596  1560  1588  1588 99999  1570  1584  1566 99999  1588  1622
TBILIS 1969 07 29 2  1594  1546  1574  1568  1554  1608  1582  1622  1560  1570  1570  1592
TBILIS 1969 07 30 1  1588  1588  1574  1588 99999  1568  1580  1596  1568  1574  1556  1590
TBILIS 1969 07 30 2  1556  1576 99999 99999  1568  1578  1590  1600  1580  1580  1582  1604
TBILIS 1969 07 31 1  1568  1590  1580  1588 99999 99999  1562  1598  1568  1592  1570  1576
TBILIS 1969 07 31 2  1592  1580 99999 99999  1572  1594  1608  1630  1602  1594  1600  1620
Cosmic-Ray Neutron Monitor Data (Hourly, Pressure-Corrected and Scale-Adjusted Counts)
Collections: WDC for Cosmic Rays, Solar-Terrestrial Environment Laboratory, Nagoya Univ.
Data Access: http://center.stelab.nagoya-u.ac.jp/WDCCR/index.html
Project: ICSU WDC
Citation: WDC for Cosmic Rays, Solar-Terrestrial Environment Laboratory, Nagoya University
Station ID: TBILIS
Station:  TBILISI,GIORGIA,INSTITUT GEOPHYSIKY (IG), GIORGIAN ACADEMY OF SCIENCES,GIORGIA 
Instrument: IGY NEUTRON MONITOR, CORRECTED FOR PRESSURE TO 950.0 MB, COEF. =                
Latitude (deg.):   41.72  Longitude (deg.):   44.80  Altitude (m):  510.00
Cut-Off Rigidity (GV):    6.91
Year: 1969  Month:   8
Scaling Factor (SF):    10.0   Constant (CONST):     0.0  Real Counts = (DATA + CONST)*SF
Temporal Resolution: 1 hour
UTC Start Hour:     0.0
                                                                                
                                                        
Monthly Average:  1579.8
Updated (YYYY MM DD): 2000 00 00
*******************************************************************************************
ID     YYYY MM DD 1     0     1     2     3     4     5     6     7     8     9    10    11
ID     YYYY MM DD 2    12    13    14    15    16    17    18    19    20    21    22    23
*******************************************************************************************
TBILIS 1969 08 01 1  1584  1592  1570  1574  1558  1562  1580  1570  1556  1566  1588  1582
TBILIS 1969 08 01 2  1574  1570  1578  1588  1578  1584  1570  1576  1546  1564  1560  1590
TBILIS 1969 08 02 1  1574  1546  1570  1578  1578  1562  1562  1576  1568 99999  1566  1578
TBILIS 1969 08 02 2  1560  1580  1558  1572  1550  1584  1562  1590  1566  1582  1584  1552
TBILIS 1969 08 03 1  1564  1562  1562  1580  1580  1574  1574  1560  1584  1592  1550  1558
TBILIS 1969 08 03 2  1542  1550  1536  1536  1546  1564  1600  1566  1566  1526  1562  1548
TBILIS 1969 08 04 1  1562  1562  1566  1562  1550  1566  1576  1570  1568  1570  1590  1556
TBILIS 1969 08 04 2  1598  1570  1574  1578  1564  1564  1518  1560  1558  1562  1566  1526
TBILIS 1969 08 05 1  1566  1580  1550  1536  1544  1570  1572  1602  1594  1570  1576  1566
TBILIS 1969 08 05 2  1578  1578  1564  1584  1580  1580  1566 99999 99999 99999  1550  1552
TBILIS 1969 08 06 1  1562  1546  1558  1570  1532 99999  1582  1604  1564  1562  1574  1590
TBILIS 1969 08 06 2  1564  1590  1570  1570  1568  1550  1550  1558  1554  1558  1554  1566
TBILIS 1969 08 07 1  1566  1548  1550  1580  1562  1552  1556  1556  1576 99999 99999 99999
TBILIS 1969 08 07 2 99999 99999 99999 99999 99999 99999 99999 99999 99999 99999 99999 99999
TBILIS 1969 08 08 1 99999 99999 99999 99999 99999 99999 99999 99999 99999 99999 99999 99999
TBILIS 1969 08 08 2 99999 99999 99999 99999 99999 99999 99999 99999 99999 99999 99999 99999
TBILIS 1969 08 09 1 99999 99999 99999 99999 99999 99999 99999 99999 99999  1572  1550  1570
TBILIS 1969 08 09 2  1570  1570  1550  1558  1550  1552  1566  1570  1542  1554  1556  1546
TBILIS 1969 08 10 1  1538  1552  1536  1546  1534  1546  1550  1552  1554  1552  1572 99999
TBILIS 1969 08 10 2 99999 99999 99999 99999  1550  1566  1556  1556  1572  1570  1560  1548
TBILIS 1969 08 11 1 99999 99999 99999 99999 99999 99999 99999 99999 99999 99999  1588  1610
TBILIS 1969 08 11 2  1620  1638  1608  1634  1618  1632  1630  1640  1626  1630  1630  1640
TBILIS 1969 08 12 1  1634  1620 99999 99999  1626  1626  1626  1622  1642  1646  1636  1620
TBILIS 1969 08 12 2  1644  1646  1646  1660 99999 99999 99999 99999 99999 99999 99999 99999
TBILIS 1969 08 13 1 99999 99999 99999 99999 99999 99999 99999 99999 99999 99999 99999 99999
TBILIS 1969 08 13 2  1564  1558  1566  1614  1590  1626  1604  1614  1604  1588  1570  1572
TBILIS 1969 08 14 1  1554  1580  1568  1588  1588  1566  1582  1590  1568  1580  1570  1580
TBILIS 1969 08 14 2  1576  1572  1588  1602  1562  1572  1540  1526  1552  1570  1538  1568
TBILIS 1969 08 15 1  1562  1580  1554  1580  1564  1578  1522  1572  1510  1538  1546  1518
TBILIS 1969 08 15 2  1572  1578  1530  1530  1518  1493  1550  1550  1536  1538  1540  1554
TBILIS 1969 08 16 1  1540  1576  1540  1538  1536  1582  1526  1518  1530  1530  1560  1566
TBILIS 1969 08 16 2  1512  1530  1524  1524  1568  1566  1546  1588  1548  1550  1548  1580
TBILIS 1969 08 17 1  1576  1588  1566  1570  1528  1582  1552  1570  1544  1534  1556 99999
TBILIS 1969 08 17 2  1536  1584  1540  1546  1542  1564  1566  1558  1566  1566 99999 99999
TBILIS 1969 08 18 1 99999 99999 99999 99999 99999 99999  1588  1626  1590  1600  1578  1586
TBILIS 1969 08 18 2  1634  1580  1584  1576  1586  1610  1580  1626  1598  1610  1572  1624
TBILIS 1969 08 19 1  1596 99999  1600  1600  1564  1592  1570  1604  1610  1584  1580  1596
TBILIS 1969 08 19 2  1550  1602  1556  1558  1566 99999 99999 99999 99999 99999 99999 99999
TBILIS 1969 08 20 1  1574  1584  1578  1588  1616  1580  1566  1574  1574  1624  1576  1606
TBILIS 1969 08 20 2 99999 99999  1564  1578  1574  1554  1540  1568  1532  1578  1534  1552
TBILIS 1969 08 21 1  1548  1522  1570  1532  1588  1556  1580  1600  1574 99999 99999 99999
TBILIS 1969 08 21 2 99999 99999 99999 99999 99999 99999 99999 99999 99999 99999 99999 99999
TBILIS 1969 08 22 1 99999 99999 99999 99999 99999 99999 99999 99999 99999 99999  1578  1576
TBILIS 1969 08 22 2  1542  1558  1556  1578  1526  1594  1540  1568  1534  1528  1540  1572
TBILIS 1969 08 23 1  1550  1586  1562  1580  1588  1578  1568  1572  1580  1644  1608  1590
TBILIS 1969 08 23 2  1590  1582  1548  1556  1554  1604  1600  1582 99999 99999  1580  1590
TBILIS 1969 08 24 1 99999 99999 99999 99999  1564  1598  1568  1606  1598  1616  1598  1570
TBILIS 1969 08 24 2  1600  1592  1548  1584  1570  1600  1574  1570  1566  1576 99999 99999
TBILIS 1969 08 25 1 99999 99999 99999 99999  1574  1648  1598  1642 99999 99999  1610  1614
TBILIS 1969 08 25 2  1574  1580  1548  1570  1556  1562  1554  1596  1542  1602  1570  1596
TBILIS 1969 08 26 1  1576  1580  1546  1574  1590  1586  1566  1592  1588 99999 99999 99999
TBILIS 1969 08 26 2 99999 99999 99999 99999 99999 99999 99999 99999 99999 99999 99999 99999
TBILIS 1969 08 27 1 99999 99999 99999 99999 99999 99999 99999 99999 99999 99999 99999 99999
TBILIS 1969 08 27 2  1582  1592  1562  1580  1556  1616  1606  1612  1596  1620  1612  1628
TBILIS 1969 08 28 1  1588  1622  1586  1614  1612  1628  1624  1628  1622  1620  1614  1588
TBILIS 1969 08 28 2  1598  1642  1596  1586  1604  1630  1652  1660  1672  1662  1630  1666
TBILIS 1969 08 29 1  1666  1664  1652  1604  1608  1638  1638  1650 99999 99999 99999 99999
TBILIS 1969 08 29 2 99999 99999 99999 99999 99999 99999 99999 99999 99999 99999 99999 99999
TBILIS 1969 08 30 1 99999 99999  1632  1632  1644  1632  1644  1662 99999 99999 99999 99999
TBILIS 1969 08 30 2 99999 99999  1630  1634  1618  1630  1642  1626  1586  1634  1620  1610
TBILIS 1969 08 31 1  1600  1646  1648  1622  1648  1658  1640  1622  1640  1664  1644  1632
TBILIS 1969 08 31 2  1592  1576  1620  1590  1618  1600  1620  1620  1622  1624  1642  1616
Cosmic-Ray Neutron Monitor Data (Hourly, Pressure-Corrected and Scale-Adjusted Counts)
Collections: WDC for Cosmic Rays, Solar-Terrestrial Environment Laboratory, Nagoya Univ.
Data Access: http://center.stelab.nagoya-u.ac.jp/WDCCR/index.html
Project: ICSU WDC
Citation: WDC for Cosmic Rays, Solar-Terrestrial Environment Laboratory, Nagoya University
Station ID: TBILIS
Station:  TBILISI,GIORGIA,INSTITUT GEOPHYSIKY (IG), GIORGIAN ACADEMY OF SCIENCES,GIORGIA 
Instrument: IGY NEUTRON MONITOR, CORRECTED FOR PRESSURE TO 950.0 MB, COEF. =                
Latitude (deg.):   41.72  Longitude (deg.):   44.80  Altitude (m):  510.00
Cut-Off Rigidity (GV):    6.91
Year: 1969  Month:   9
Scaling Factor (SF):    10.0   Constant (CONST):     0.0  Real Counts = (DATA + CONST)*SF
Temporal Resolution: 1 hour
UTC Start Hour:     0.0
                                                                                
                                                        
Monthly Average:  1618.0
Updated (YYYY MM DD): 2000 00 00
*******************************************************************************************
ID     YYYY MM DD 1     0     1     2     3     4     5     6     7     8     9    10    11
ID     YYYY MM DD 2    12    13    14    15    16    17    18    19    20    21    22    23
*******************************************************************************************
TBILIS 1969 09 01 1 99999 99999 99999 99999 99999 99999 99999 99999 99999 99999 99999 99999
TBILIS 1969 09 01 2 99999 99999 99999 99999 99999 99999 99999 99999 99999 99999 99999 99999
TBILIS 1969 09 02 1 99999 99999 99999 99999 99999 99999 99999 99999 99999 99999 99999 99999
TBILIS 1969 09 02 2 99999 99999 99999 99999 99999 99999 99999 99999 99999 99999 99999 99999
TBILIS 1969 09 03 1 99999 99999 99999 99999 99999 99999 99999 99999 99999 99999 99999 99999
TBILIS 1969 09 03 2 99999 99999 99999 99999 99999 99999 99999 99999 99999 99999 99999 99999
TBILIS 1969 09 04 1 99999 99999 99999 99999 99999 99999 99999 99999 99999 99999 99999 99999
TBILIS 1969 09 04 2 99999 99999 99999 99999 99999 99999 99999 99999 99999 99999 99999 99999
TBILIS 1969 09 05 1 99999 99999 99999 99999 99999 99999 99999 99999 99999 99999 99999 99999
TBILIS 1969 09 05 2 99999 99999 99999 99999 99999 99999 99999 99999 99999 99999 99999 99999
TBILIS 1969 09 06 1 99999 99999 99999 99999 99999 99999 99999 99999 99999 99999 99999 99999
TBILIS 1969 09 06 2 99999 99999 99999 99999 99999 99999 99999 99999 99999 99999 99999 99999
TBILIS 1969 09 07 1 99999 99999 99999 99999 99999 99999 99999 99999 99999 99999 99999 99999
TBILIS 1969 09 07 2 99999 99999 99999 99999 99999 99999 99999 99999 99999 99999 99999 99999
TBILIS 1969 09 08 1 99999 99999 99999 99999 99999 99999 99999 99999 99999 99999 99999 99999
TBILIS 1969 09 08 2 99999 99999 99999 99999 99999 99999 99999 99999 99999 99999 99999 99999
TBILIS 1969 09 09 1 99999 99999 99999 99999 99999 99999 99999 99999 99999 99999 99999 99999
TBILIS 1969 09 09 2 99999 99999 99999 99999 99999 99999 99999 99999 99999 99999 99999 99999
TBILIS 1969 09 10 1 99999 99999 99999 99999 99999 99999 99999 99999 99999  1610  1632  1652
TBILIS 1969 09 10 2  1620  1638  1662  1642  1648  1644 99999 99999  1658  1642  1640  1616
TBILIS 1969 09 11 1  1604  1640  1618  1614  1666  1644  1636  1660  1660  1660  1680  1658
TBILIS 1969 09 11 2  1664  1660  1618  1604  1630  1644  1636  1640  1664  1644  1666  1656
TBILIS 1969 09 12 1  1628  1632  1668  1674  1664 99999  1700  1680  1692  1698  1696  1660
TBILIS 1969 09 12 2  1660  1682  1622  1640  1672  1678  1700  1706  1696 99999 99999 99999
TBILIS 1969 09 13 1 99999 99999 99999 99999 99999 99999 99999 99999 99999 99999 99999 99999
TBILIS 1969 09 13 2  1632  1662  1638  1638  1634  1620  1622  1642  1648  1642  1661  1620
TBILIS 1969 09 14 1  1630  1664  1624  1620  1618  1642  1618  1616  1624  1648  1646  1658
TBILIS 1969 09 14 2  1640  1600  1600  1608  1604  1636  1640  1658  1644  1634  1674  1660
TBILIS 1969 09 15 1  1648  1642  1648  1642  1644  1644  1660  1658  1642 99999 99999 99999
TBILIS 1969 09 15 2 99999 99999 99999 99999 99999 99999 99999 99999 99999 99999 99999 99999
TBILIS 1969 09 16 1 99999 99999 99999 99999 99999 99999 99999 99999 99999 99999 99999 99999
TBILIS 1969 09 16 2 99999 99999 99999 99999 99999 99999 99999 99999 99999 99999 99999 99999
TBILIS 1969 09 17 1  1604  1608  1634  1610  1604  1640  1652  1644  1656  1642  1630  1630
TBILIS 1969 09 17 2  1616  1598  1616  1620  1634  1636  1644  1640  1624  1624  1642  1620
TBILIS 1969 09 18 1  1650  1608  1648 99999  1630  1626  1624  1618  1624 99999 99999 99999
TBILIS 1969 09 18 2 99999 99999 99999 99999 99999 99999 99999 99999 99999 99999 99999 99999
TBILIS 1969 09 19 1 99999 99999 99999 99999 99999 99999 99999 99999 99999 99999 99999 99999
TBILIS 1969 09 19 2 99999 99999 99999 99999 99999 99999 99999 99999 99999 99999 99999 99999
TBILIS 1969 09 20 1 99999 99999 99999 99999 99999 99999 99999 99999 99999 99999 99999 99999
TBILIS 1969 09 20 2 99999 99999 99999 99999 99999 99999 99999 99999 99999 99999 99999 99999
TBILIS 1969 09 21 1 99999 99999 99999 99999 99999 99999 99999 99999 99999  1640  1594  1604
TBILIS 1969 09 21 2  1654  1652  1634  1622 99999 99999 99999 99999 99999 99999 99999 99999
TBILIS 1969 09 22 1  1642  1612  1640  1610  1648  1632 99999  1634  1644  1644  1700  1680
TBILIS 1969 09 22 2  1642  1654  1616  1630  1650  1652  1644  1646  1620  1600  1618  1618
TBILIS 1969 09 23 1  1618  1600  1622  1624  1612  1594  1596  1600  1610  1582  1608  1614
TBILIS 1969 09 23 2  1626  1560  1596  1612  1566  1594  1558  1594  1636  1614  1612  1580
TBILIS 1969 09 24 1  1596  1580  1590  1592  1608  1616  1630  1602  1628  1620  1602  1606
TBILIS 1969 09 24 2  1634  1594  1620  1614  1610  1610  1593  1593  1616  1632  1622  1610
TBILIS 1969 09 25 1  1618  1604  1620  1612  1608  1642  1654  1620 99999 99999  1626  1604
TBILIS 1969 09 25 2  1622 99999 99999 99999 99999 99999 99999 99999 99999 99999 99999 99999
TBILIS 1969 09 26 1 99999 99999  1596  1622  1660  1660  1658  1662  1610  1612  1602  1610
TBILIS 1969 09 26 2  1594  1616 99999 99999 99999 99999 99999 99999 99999 99999 99999 99999
TBILIS 1969 09 27 1 99999 99999  1584  1584  1626  1622  1586  1626  1586  1618  1582  1604
TBILIS 1969 09 27 2  1572 99999 99999 99999 99999  1612  1628  1610  1568  1566  1568  1592
TBILIS 1969 09 28 1  1560  1570  1540  1580  1570  1570  1550  1588  1554  1584  1580  1580
TBILIS 1969 09 28 2  1566  1580  1582  1582  1570  1596  1568  1570  1616  1620  1587  1587
TBILIS 1969 09 29 1  1566  1548  1588 99999 99999 99999 99999 99999  1644  1644  1618  1618
TBILIS 1969 09 29 2  1598  1620  1618  1618  1578  1570  1530  1554  1558  1558  1570  1570
TBILIS 1969 09 30 1 99999 99999  1562  1562  1550  1572  1540  1542  1546  1548  1566  1566
TBILIS 1969 09 30 2  1566  1568  1568  1578  1569  1569  1572  1576  1532  1538  1568  1568
TBILIS 1969 09 31 1 99999 99999 99999 99999 99999 99999 99999 99999 99999 99999 99999 99999
TBILIS 1969 09 31 2 99999 99999 99999 99999 99999 99999 99999 99999 99999 99999 99999 99999
