Cosmic-Ray Neutron Monitor Data (Hourly, Pressure-Corrected and Scale-Adjusted Counts)
Collections: WDC for Cosmic Rays, Solar-Terrestrial Environment Laboratory, Nagoya Univ.
Data Access: http://center.stelab.nagoya-u.ac.jp/WDCCR/index.html
Project: ICSU WDC
Citation: WDC for Cosmic Rays, Solar-Terrestrial Environment Laboratory, Nagoya University
Station ID: TBILIS
Station:  TBILISI,GIORGIA,INSTITUT GEOPHYSIKY (IG), GIORGIAN ACADEMY OF SCIENCES,GIORGIA 
Instrument: IGY NEUTRON MONITOR, CORRECTED FOR PRESSURE TO 950.0 MB, COEF. =                
Latitude (deg.):   41.72  Longitude (deg.):   44.80  Altitude (m):  510.00
Cut-Off Rigidity (GV):    6.91
Year: 1966  Month:   1
Scaling Factor (SF):    10.0   Constant (CONST):     0.0  Real Counts = (DATA + CONST)*SF
Temporal Resolution: 1 hour
UTC Start Hour:     0.0
                                                                                
                                                        
Monthly Average:  1779.0
Updated (YYYY MM DD): 2000 00 00
*******************************************************************************************
ID     YYYY MM DD 1     0     1     2     3     4     5     6     7     8     9    10    11
ID     YYYY MM DD 2    12    13    14    15    16    17    18    19    20    21    22    23
*******************************************************************************************
TBILIS 1966 01 01 1 99999 99999 99999 99999 99999 99999 99999 99999 99999 99999 99999 99999
TBILIS 1966 01 01 2 99999 99999 99999 99999 99999 99999 99999 99999 99999 99999 99999 99999
TBILIS 1966 01 02 1 99999 99999 99999 99999 99999 99999 99999 99999 99999 99999 99999 99999
TBILIS 1966 01 02 2 99999 99999 99999 99999 99999 99999 99999 99999 99999 99999 99999 99999
TBILIS 1966 01 03 1 99999 99999 99999 99999 99999 99999 99999 99999 99999 99999 99999 99999
TBILIS 1966 01 03 2 99999 99999 99999 99999 99999 99999 99999 99999 99999 99999 99999 99999
TBILIS 1966 01 04 1 99999 99999 99999 99999 99999 99999 99999 99999 99999 99999 99999 99999
TBILIS 1966 01 04 2 99999 99999 99999 99999 99999 99999 99999 99999 99999 99999 99999 99999
TBILIS 1966 01 05 1 99999 99999 99999 99999 99999 99999 99999 99999 99999 99999 99999 99999
TBILIS 1966 01 05 2 99999 99999 99999 99999 99999 99999 99999 99999 99999 99999 99999 99999
TBILIS 1966 01 06 1 99999 99999 99999 99999 99999 99999 99999 99999 99999 99999 99999 99999
TBILIS 1966 01 06 2 99999 99999 99999 99999 99999 99999 99999 99999 99999 99999 99999 99999
TBILIS 1966 01 07 1 99999 99999 99999 99999 99999 99999 99999 99999 99999 99999 99999 99999
TBILIS 1966 01 07 2 99999 99999 99999 99999 99999 99999 99999 99999 99999 99999 99999 99999
TBILIS 1966 01 08 1 99999 99999 99999 99999 99999 99999 99999 99999 99999 99999 99999 99999
TBILIS 1966 01 08 2 99999 99999 99999 99999 99999 99999 99999 99999 99999 99999 99999 99999
TBILIS 1966 01 09 1 99999 99999 99999 99999 99999 99999 99999 99999 99999 99999 99999 99999
TBILIS 1966 01 09 2 99999 99999 99999 99999 99999 99999 99999 99999 99999 99999 99999 99999
TBILIS 1966 01 10 1 99999 99999 99999 99999 99999 99999 99999 99999 99999 99999 99999 99999
TBILIS 1966 01 10 2 99999 99999 99999 99999 99999 99999 99999 99999 99999 99999 99999 99999
TBILIS 1966 01 11 1 99999 99999 99999 99999 99999 99999 99999 99999 99999 99999 99999 99999
TBILIS 1966 01 11 2 99999 99999 99999 99999 99999 99999 99999 99999 99999 99999 99999 99999
TBILIS 1966 01 12 1 99999 99999 99999 99999 99999 99999 99999 99999 99999 99999 99999 99999
TBILIS 1966 01 12 2 99999 99999 99999 99999 99999 99999 99999 99999 99999 99999 99999 99999
TBILIS 1966 01 13 1 99999 99999 99999 99999 99999 99999 99999 99999 99999 99999 99999 99999
TBILIS 1966 01 13 2 99999 99999 99999 99999 99999 99999 99999 99999 99999 99999 99999 99999
TBILIS 1966 01 14 1 99999 99999 99999 99999 99999 99999 99999 99999 99999 99999 99999 99999
TBILIS 1966 01 14 2 99999 99999 99999 99999 99999 99999 99999 99999 99999 99999 99999 99999
TBILIS 1966 01 15 1 99999 99999 99999 99999 99999 99999 99999 99999  1828  1812  1824  1836
TBILIS 1966 01 15 2  1844  1824  1816  1798  1830  1818  1822  1796  1780  1830  1862  1828
TBILIS 1966 01 16 1  1808  1794  1772  1800  1778  1846  1818  1832  1800  1830  1838  1830
TBILIS 1966 01 16 2  1826  1812  1846  1856  1828  1840  1818  1806  1800  1826  1822  1780
TBILIS 1966 01 17 1  1832  1836  1776  1796  1778  1832  1832  1830  1804  1802  1840  1846
TBILIS 1966 01 17 2  1804  1810  1846  1820  1804  1798  1830  1830  1824  1826  1818  1848
TBILIS 1966 01 18 1  1798  1808  1822  1814  1790  1848  1834  1814  1808  1832  1808  1812
TBILIS 1966 01 18 2  1802  1808  1804  1790  1818  1826  1840  1826  1816  1828  1790  1800
TBILIS 1966 01 19 1  1804  1822  1810  1792  1798  1812  1800  1822  1832  1828  1856  1848
TBILIS 1966 01 19 2  1820  1804  1760  1802  1802  1792  1818  1790  1810  1818  1834  1804
TBILIS 1966 01 20 1  1804  1792  1818  1794  1784  1786  1806  1802  1796  1784  1784  1778
TBILIS 1966 01 20 2  1760  1794  1784  1784  1784  1788  1792  1794  1792  1788  1796  1790
TBILIS 1966 01 21 1  1778  1762  1790  1786  1758  1782  1782  1808  1808  1804  1778  1796
TBILIS 1966 01 21 2  1770  1784  1770  1792  1764  1788  1766  1786  1774  1776  1780  1784
TBILIS 1966 01 22 1  1812  1780  1796  1800  1786  1764  1792  1762  1770  1786  1780  1764
TBILIS 1966 01 22 2  1748  1776  1782  1774  1754  1774  1764  1752  1780  1780  1762  1762
TBILIS 1966 01 23 1  1760  1758  1778  1776  1768  1770  1768  1768  1760  1754  1744  1742
TBILIS 1966 01 23 2  1780  1780  1754  1756  1768  1792  1772  1782  1782  1772  1778  1760
TBILIS 1966 01 24 1  1738  1748  1734  1776  1798  1790  1792  1778  1764  1774  1798  1778
TBILIS 1966 01 24 2  1766  1742  1749  1742  1762  1746  1746  1740  1738  1738  1738  1756
TBILIS 1966 01 25 1  1758  1738  1732  1760  1760  1738  1772  1754  1764  1748  1760  1754
TBILIS 1966 01 25 2  1746  1748  1738  1748  1738  1730  1752  1762  1738  1726  1720  1722
TBILIS 1966 01 26 1  1754  1738  1746  1752  1724  1738  1746  1704  1742  1746  1740  1764
TBILIS 1966 01 26 2  1748  1706  1746  1760  1730  1736  1734  1720  1732  1710  1704  1720
TBILIS 1966 01 27 1  1714  1738  1742  1746  1720  1734  1758  1766  1734  1754  1754  1742
TBILIS 1966 01 27 2  1734  1750  1748  1742  1762  1788  1748  1736  1836  1750  1740  1756
TBILIS 1966 01 28 1  1720  1740  1746  1734  1752  1740  1760  1744  1726  1754  1764  1764
TBILIS 1966 01 28 2  1730  1750  1740  1748  1738  1750  1746  1742  1730  1720  1746  1744
TBILIS 1966 01 29 1  1748  1766  1748  1740  1778  1790  1798  1802  1766  1782  1752  1752
TBILIS 1966 01 29 2  1768  1746  1768  1768  1766  1746  1758  1780  1764  1778  1760  1762
TBILIS 1966 01 30 1  1778  1760  1782  1774  1768  1778  1772  1756  1760  1774  1760  1750
TBILIS 1966 01 30 2  1774  1766  1758  1774  1768  1788  1784  1772  1778  1778  1778  1778
TBILIS 1966 01 31 1  1792  1799  1794  1780  1788  1794  1799  1792  1798  1752  1782  1792
TBILIS 1966 01 31 2  1776  1798  1794  1780  1798  1778  1799  1786  1794  1778  1804  1776
Cosmic-Ray Neutron Monitor Data (Hourly, Pressure-Corrected and Scale-Adjusted Counts)
Collections: WDC for Cosmic Rays, Solar-Terrestrial Environment Laboratory, Nagoya Univ.
Data Access: http://center.stelab.nagoya-u.ac.jp/WDCCR/index.html
Project: ICSU WDC
Citation: WDC for Cosmic Rays, Solar-Terrestrial Environment Laboratory, Nagoya University
Station ID: TBILIS
Station:  TBILISI,GIORGIA,INSTITUT GEOPHYSIKY (IG), GIORGIAN ACADEMY OF SCIENCES,GIORGIA 
Instrument: IGY NEUTRON MONITOR, CORRECTED FOR PRESSURE TO 950.0 MB, COEF. =                
Latitude (deg.):   41.72  Longitude (deg.):   44.80  Altitude (m):  510.00
Cut-Off Rigidity (GV):    6.91
Year: 1966  Month:   2
Scaling Factor (SF):    10.0   Constant (CONST):     0.0  Real Counts = (DATA + CONST)*SF
Temporal Resolution: 1 hour
UTC Start Hour:     0.0
                                                                                
                                                        
Monthly Average:  1779.0
Updated (YYYY MM DD): 2000 00 00
*******************************************************************************************
ID     YYYY MM DD 1     0     1     2     3     4     5     6     7     8     9    10    11
ID     YYYY MM DD 2    12    13    14    15    16    17    18    19    20    21    22    23
*******************************************************************************************
TBILIS 1966 02 01 1  1790  1804  1798  1802  1820  1820  1806  1798  1798  1810  1778  1808
TBILIS 1966 02 01 2  1776  1782  1794  1810  1798  1774  1796  1764  1774  1780  1786  1778
TBILIS 1966 02 02 1  1760  1780  1768  1770  1774  1766  1768  1752  1774  1774  1752  1774
TBILIS 1966 02 02 2  1752  1780  1804  1804  1784  1798  1782  1782  1778  1776  1762  1772
TBILIS 1966 02 03 1  1762  1764  1774  1782  1764  1772  1796  1802  1768  1800  1780  1780
TBILIS 1966 02 03 2  1776  1810  1796  1780  1774  1774  1750  1780  1786  1786  1806  1792
TBILIS 1966 02 04 1  1804  1794  1776  1780  1774  1780  1804  1794  1820  1808  1784  1810
TBILIS 1966 02 04 2  1782  1814  1820  1802  1800  1810  1808  1766  1796  1812  1796  1786
TBILIS 1966 02 05 1  1806  1806  1804  1816  1794  1798  1794  1810  1808  1800  1820  1824
TBILIS 1966 02 05 2  1820  1820  1816  1824  1828  1826  1812  1820  1782  1820  1812  1834
TBILIS 1966 02 06 1  1826  1830  1800  1818  1820  1830  1808  1814  1808  1796  1822  1846
TBILIS 1966 02 06 2  1814  1806  1826  1810  1820  1818  1840  1802  1810  1818  1798  1810
TBILIS 1966 02 07 1  1824  1802  1826  1816  1822  1822  1796  1800  1806  1806 99999 99999
TBILIS 1966 02 07 2 99999  1752  1782  1784  1740  1790  1774  1774  1770  1776  1784  1758
TBILIS 1966 02 08 1  1762  1768  1748  1778  1786  1762  1778  1766  1782  1804  1782 99999
TBILIS 1966 02 08 2 99999  1800  1806  1806  1790  1800  1828  1824  1818  1802  1810  1822
TBILIS 1966 02 09 1  1794  1822  1794  1792  1786  1792  1826  1820  1790  1790  1808  1788
TBILIS 1966 02 09 2  1788  1818  1830  1794  1796  1780  1786  1790  1790  1792  1798  1818
TBILIS 1966 02 10 1  1826  1832  1836  1806  1780  1788  1796  1792  1784  1800  1808  1780
TBILIS 1966 02 10 2  1782  1800  1804  1796  1790  1786  1786  1818  1812  1784  1804  1822
TBILIS 1966 02 11 1  1816  1808  1802  1804  1810  1816  1778  1794  1802  1778  1796  1802
TBILIS 1966 02 11 2  1796  1820  1822  1800  1812  1780  1780  1820  1804  1806  1784  1816
TBILIS 1966 02 12 1  1802  1778  1816  1820  1806  1804  1806  1774  1828  1840  1820  1814
TBILIS 1966 02 12 2  1792  1770  1840  1834  1836  1800  1808  1806  1808  1804  1794  1818
TBILIS 1966 02 13 1  1830  1836  1834  1826  1852  1812  1814  1814  1808  1846  1838  1820
TBILIS 1966 02 13 2  1808  1782  1826 99999  1806  1812  1800  1792  1804  1782  1818  1806
TBILIS 1966 02 14 1  1804  1820  1818  1820  1784  1806  1812  1832  1802  1814  1834  1850
TBILIS 1966 02 14 2  1840  1840  1822  1828  1794  1796  1816  1816  1842  1844  1812  1820
TBILIS 1966 02 15 1  1800  1800  1822  1822  1842  1842  1838  1830  1830  1820  1740  1740
TBILIS 1966 02 15 2  1736  1738  1790  1752  1756  1730  1744  1748  1756  1768  1774  1778
TBILIS 1966 02 16 1  1784  1788  1804  1788  1776  1748  1776  1768  1774  1784  1766  1748
TBILIS 1966 02 16 2  1746  1760  1748  1732  1732  1774  1754  1752  1760  1742  1764  1738
TBILIS 1966 02 17 1  1728  1748  1750  1762  1724  1736  1780  1762  1744  1756  1762  1772
TBILIS 1966 02 17 2  1746  1748  1762  1772  1760  1762  1750  1758  1768  1756  1764  1762
TBILIS 1966 02 18 1  1756  1742  1776  1798  1770  1746  1754  1794  1780  1772  1768  1774
TBILIS 1966 02 18 2  1782  1774  1762  1764  1764  1800  1780  1780  1768  1772  1776  1776
TBILIS 1966 02 19 1  1800  1774  1776  1768  1786  1786  1786  1800  1800  1784  1784  1800
TBILIS 1966 02 19 2  1782  1786  1780  1786  1782  1786  1770  1740  1748  1776  1746  1752
TBILIS 1966 02 20 1  1744  1762  1754  1748  1770  1780  1762  1766  1754  1780  1762  1750
TBILIS 1966 02 20 2  1756  1772  1762  1780  1756  1760  1728  1744  1736  1744  1750  1748
TBILIS 1966 02 21 1  1766  1750  1760  1768  1774  1740  1768  1760  1770  1758  1748  1756
TBILIS 1966 02 21 2  1768  1778  1762  1760  1758  1740  1758  1756  1748  1744  1734  1740
TBILIS 1966 02 22 1  1760  1754  1748  1738  1764  1752  1764  1752  1754  1746  1736  1776
TBILIS 1966 02 22 2  1760  1740  1754  1780  1778  1744  1748  1746  1762  1740  1748  1738
TBILIS 1966 02 23 1  1722  1752  1748  1740  1758  1760  1756  1752  1762  1772  1746  1748
TBILIS 1966 02 23 2  1748  1764  1752  1760  1748  1748  1748  1754  1748  1738  1756  1732
TBILIS 1966 02 24 1  1740  1758  1740  1752  1740  1764  1748  1758  1766  1766  1762  1750
TBILIS 1966 02 24 2  1742  1726  1744  1766  1732  1738  1738  1724  1750  1742  1740  1730
TBILIS 1966 02 25 1  1776  1778  1784  1788  1762  1750  1748  1744  1762  1752  1746  1740
TBILIS 1966 02 25 2  1764  1764  1726  1734  1722  1726  1726  1732  1746  1750  1764  1764
TBILIS 1966 02 26 1  1744  1764  1754  1758  1748  1748  1748  1730  1758  1736  1744  1740
TBILIS 1966 02 26 2  1746  1738  1754  1728  1742  1748  1770  1736  1722  1758  1746  1750
TBILIS 1966 02 27 1  1728  1752  1756  1758  1752  1736  1748  1736  1764  1772  1746  1752
TBILIS 1966 02 27 2  1746  1764  1748  1760  1738  1754  1740  1764  1744  1760  1748  1754
TBILIS 1966 02 28 1  1740  1728  1752  1748  1748  1732  1730  1754  1730  1722  1762  1746
TBILIS 1966 02 28 2  1748  1752  1770  1764  1752  1750  1756  1762  1758  1760  1742  1732
TBILIS 1966 02 29 1 99999 99999 99999 99999 99999 99999 99999 99999 99999 99999 99999 99999
TBILIS 1966 02 29 2 99999 99999 99999 99999 99999 99999 99999 99999 99999 99999 99999 99999
TBILIS 1966 02 30 1 99999 99999 99999 99999 99999 99999 99999 99999 99999 99999 99999 99999
TBILIS 1966 02 30 2 99999 99999 99999 99999 99999 99999 99999 99999 99999 99999 99999 99999
TBILIS 1966 02 31 1 99999 99999 99999 99999 99999 99999 99999 99999 99999 99999 99999 99999
TBILIS 1966 02 31 2 99999 99999 99999 99999 99999 99999 99999 99999 99999 99999 99999 99999
Cosmic-Ray Neutron Monitor Data (Hourly, Pressure-Corrected and Scale-Adjusted Counts)
Collections: WDC for Cosmic Rays, Solar-Terrestrial Environment Laboratory, Nagoya Univ.
Data Access: http://center.stelab.nagoya-u.ac.jp/WDCCR/index.html
Project: ICSU WDC
Citation: WDC for Cosmic Rays, Solar-Terrestrial Environment Laboratory, Nagoya University
Station ID: TBILIS
Station:  TBILISI,GIORGIA,INSTITUT GEOPHYSIKY (IG), GIORGIAN ACADEMY OF SCIENCES,GIORGIA 
Instrument: IGY NEUTRON MONITOR, CORRECTED FOR PRESSURE TO 950.0 MB, COEF. =                
Latitude (deg.):   41.72  Longitude (deg.):   44.80  Altitude (m):  510.00
Cut-Off Rigidity (GV):    6.91
Year: 1966  Month:   3
Scaling Factor (SF):    10.0   Constant (CONST):     0.0  Real Counts = (DATA + CONST)*SF
Temporal Resolution: 1 hour
UTC Start Hour:     0.0
                                                                                
                                                        
Monthly Average:  1718.9
Updated (YYYY MM DD): 2000 00 00
*******************************************************************************************
ID     YYYY MM DD 1     0     1     2     3     4     5     6     7     8     9    10    11
ID     YYYY MM DD 2    12    13    14    15    16    17    18    19    20    21    22    23
*******************************************************************************************
TBILIS 1966 03 01 1  1758  1768  1748  1782  1764 99999 99999 99999  1756  1762  1760  1768
TBILIS 1966 03 01 2  1746  1764  1768  1780  1758  1762  1748  1756  1760  1750  1762  1772
TBILIS 1966 03 02 1  1762  1756  1762  1770  1752  1760  1750  1748  1744  1750  1742  1756
TBILIS 1966 03 02 2  1746  1756  1762  1750  1748  1762  1730  1740  1770  1758  1748  1746
TBILIS 1966 03 03 1  1742  1746  1722  1724  1748  1752  1720  1750  1740  1736  1740  1740
TBILIS 1966 03 03 2  1730  1724  1732  1748  1764  1771  1748  1734  1742  1728  1736  1732
TBILIS 1966 03 04 1  1732  1736  1736  1740  1730  1736  1752  1730  1722  1750  1740  1726
TBILIS 1966 03 04 2  1742  1782  1754  1752  1710  1736  1752  1746  1766  1760  1752  1756
TBILIS 1966 03 05 1  1728  1762  1724  1736  1740  1740  1726  1742  1738  1752  1740  1730
TBILIS 1966 03 05 2  1740  1754  1756  1744  1702  1714  1744  1732  1758  1742  1730  1738
TBILIS 1966 03 06 1  1734  1750  1732  1748  1728  1700  1734  1748  1718  1762  1722  1724
TBILIS 1966 03 06 2  1740  1738  1740  1744  1770  1738  1748  1742  1742  1748  1740  1740
TBILIS 1966 03 07 1  1720  1742  1720  1736  1754  1724  1748  1752  1740  1738  1740  1726
TBILIS 1966 03 07 2  1728  1714  1750  1720  1746  1724  1720  1740  1704  1724  1740  1744
TBILIS 1966 03 08 1  1732  1724  1732  1748  1754  1766  1748  1762  1744  1734  1744  1720
TBILIS 1966 03 08 2  1740  1684  1680  1732  1734  1742  1724  1732  1726  1740  1744  1724
TBILIS 1966 03 09 1  1732  1728  1722  1718  1738  1738  1740  1738  1742  1736  1710  1710
TBILIS 1966 03 09 2  1732  1734  1722  1726  1730  1720  1716  1748  1724  1722  1728  1722
TBILIS 1966 03 10 1  1742  1736  1734  1746  1740  1752  1738  1762  1740  1762  1724  1748
TBILIS 1966 03 10 2  1736  1740  1734  1712  1748  1734  1744  1720  1724  1712  1726  1728
TBILIS 1966 03 11 1  1734  1718  1714  1744  1716  1722  1706  1722  1712  1700  1736  1732
TBILIS 1966 03 11 2  1722  1724  1732  1734  1726  1712  1724  1720  1704  1718  1706  1716
TBILIS 1966 03 12 1  1732  1732  1710  1714  1728  1710  1706  1696  1724  1714  1716  1698
TBILIS 1966 03 12 2  1710  1706  1746  1722  1740  1718  1730  1722  1722  1748  1718  1724
TBILIS 1966 03 13 1  1740  1738  1728  1762  1752  1740  1750  1734  1734  1736  1722  1720
TBILIS 1966 03 13 2  1724  1740  1706  1704  1690  1704  1718  1714  1722  1696  1724  1714
TBILIS 1966 03 14 1  1740  1710  1734  1748  1746  1744  1722  1740  1730  1722  1724  1738
TBILIS 1966 03 14 2  1732  1740  1758  1772  1716  1738  1752  1758  1716  1740  1720  1736
TBILIS 1966 03 15 1  1724  1736  1706  1736  1764  1760  1732  1740  1736  1740  1762  1732
TBILIS 1966 03 15 2  1716  1730  1750  1748  1732  1716  1730  1736  1732  1730  1718  1740
TBILIS 1966 03 16 1  1740  1746  1740  1758 99999 99999 99999 99999 99999 99999 99999 99999
TBILIS 1966 03 16 2  1730  1752  1734  1736  1736  1720  1732  1758  1728  1714  1736  1748
TBILIS 1966 03 17 1  1744  1714  1738  1758  1736  1726  1696  1746  1740  1738  1722  1730
TBILIS 1966 03 17 2  1704  1738  1740  1742  1728  1710  1730  1706  1700  1704  1702  1692
TBILIS 1966 03 18 1 99999 99999 99999 99999 99999 99999 99999 99999 99999 99999 99999 99999
TBILIS 1966 03 18 2 99999 99999 99999 99999 99999 99999 99999 99999 99999 99999 99999 99999
TBILIS 1966 03 19 1 99999 99999 99999 99999 99999 99999 99999 99999 99999 99999 99999 99999
TBILIS 1966 03 19 2 99999 99999 99999 99999 99999 99999 99999 99999 99999 99999 99999 99999
TBILIS 1966 03 20 1 99999 99999 99999 99999 99999 99999 99999 99999 99999 99999 99999 99999
TBILIS 1966 03 20 2 99999 99999 99999 99999 99999 99999 99999 99999 99999 99999 99999 99999
TBILIS 1966 03 21 1  1740  1742  1746  1760  1748  1760  1762  1714 99999 99999  1738  1736
TBILIS 1966 03 21 2  1742  1728  1750  1732  1742  1738  1718  1726  1732  1746  1740  1730
TBILIS 1966 03 22 1  1740  1728  1732  1732  1748  1734  1740  1742  1736  1724  1758  1758
TBILIS 1966 03 22 2  1742  1722  1710  1702  1688  1740  1722  1718  1748  1744  1748  1746
TBILIS 1966 03 23 1  1740  1736  1722  1752  1724  1754  1752  1744  1728  1732  1716  1712
TBILIS 1966 03 23 2  1734  1754  1718  1700  1704  1700  1704  1700  1686  1700  1706  1716
TBILIS 1966 03 24 1  1672  1666  1690  1678  1712  1776  1660  1704  1668  1682  1696  1696
TBILIS 1966 03 24 2  1690  1700  1710  1728  1714  1702  1688  1704  1692  1702  1710  1698
TBILIS 1966 03 25 1  1700  1738  1700  1698  1682  1694  1666  1688  1688  1670 99999 99999
TBILIS 1966 03 25 2  1672  1672  1670  1700  1696  1682  1680  1666  1662  1670  1676  1696
TBILIS 1966 03 26 1  1666  1642  1652  1632  1636  1636  1654  1666  1668  1698  1660  1664
TBILIS 1966 03 26 2  1642  1650  1640  1656  1618  1644  1656  1658  1638  1642  1680  1658
TBILIS 1966 03 27 1  1686  1666  1680  1674  1664  1680  1676  1668  1682  1662  1684  1674
TBILIS 1966 03 27 2  1670  1652  1666  1652  1654  1678  1664  1666  1680  1672  1664  1652
TBILIS 1966 03 28 1  1646  1670  1660  1618  1642  1622  1634 99999 99999 99999 99999 99999
TBILIS 1966 03 28 2 99999 99999  1616  1648  1670  1670  1688  1682  1666  1644  1668  1678
TBILIS 1966 03 29 1  1658  1658  1666  1664  1680  1688  1692  1674  1698  1712  1678  1698
TBILIS 1966 03 29 2  1692  1686  1682  1686  1660  1680  1672  1666  1660  1666  1670  1690
TBILIS 1966 03 30 1  1660  1660  1686  1682  1664  1712  1726  1700  1718  1688  1704  1678
TBILIS 1966 03 30 2  1690  1690  1682  1686  1666  1660  1686  1702  1678  1682  1682  1698
TBILIS 1966 03 31 1  1668  1692  1694  1688  1666  1680  1702  1714 99999 99999 99999 99999
TBILIS 1966 03 31 2  1706  1692  1680  1692  1676  1702 99999 99999  1706  1680  1686  1698
Cosmic-Ray Neutron Monitor Data (Hourly, Pressure-Corrected and Scale-Adjusted Counts)
Collections: WDC for Cosmic Rays, Solar-Terrestrial Environment Laboratory, Nagoya Univ.
Data Access: http://center.stelab.nagoya-u.ac.jp/WDCCR/index.html
Project: ICSU WDC
Citation: WDC for Cosmic Rays, Solar-Terrestrial Environment Laboratory, Nagoya University
Station ID: TBILIS
Station:  TBILISI,GIORGIA,INSTITUT GEOPHYSIKY (IG), GIORGIAN ACADEMY OF SCIENCES,GIORGIA 
Instrument: IGY NEUTRON MONITOR, CORRECTED FOR PRESSURE TO 950.0 MB, COEF. =                
Latitude (deg.):   41.72  Longitude (deg.):   44.80  Altitude (m):  510.00
Cut-Off Rigidity (GV):    6.91
Year: 1966  Month:   4
Scaling Factor (SF):    10.0   Constant (CONST):     0.0  Real Counts = (DATA + CONST)*SF
Temporal Resolution: 1 hour
UTC Start Hour:     0.0
                                                                                
                                                        
Monthly Average:  1733.6
Updated (YYYY MM DD): 2000 00 00
*******************************************************************************************
ID     YYYY MM DD 1     0     1     2     3     4     5     6     7     8     9    10    11
ID     YYYY MM DD 2    12    13    14    15    16    17    18    19    20    21    22    23
*******************************************************************************************
TBILIS 1966 04 01 1  1706  1692  1710  1712  1710  1724  1722  1728  1722  1746  1706  1728
TBILIS 1966 04 01 2  1732  1708  1744  1740  1718  1734  1732  1710  1712  1730  1730  1716
TBILIS 1966 04 02 1  1714  1720  1704  1732  1706  1716  1726  1710  1716  1730  1720  1748
TBILIS 1966 04 02 2  1738  1736  1716  1692  1682  1710  1720  1726  1730  1688  1700  1704
TBILIS 1966 04 03 1  1714  1708  1722  1724  1702  1722  1740  1724 99999 99999 99999 99999
TBILIS 1966 04 03 2 99999 99999 99999 99999 99999 99999 99999 99999 99999 99999 99999 99999
TBILIS 1966 04 04 1 99999 99999 99999 99999  1736  1720  1718  1742  1758  1740  1728  1738
TBILIS 1966 04 04 2  1748  1736  1740  1720  1716  1726  1726  1722  1714  1736  1738  1720
TBILIS 1966 04 05 1  1736  1710  1720  1722  1722  1730  1718  1726  1738  1732  1700  1732
TBILIS 1966 04 05 2  1722  1722  1726  1710  1714  1720  1702  1708  1702  1712  1712  1694
TBILIS 1966 04 06 1  1692  1714  1700  1696  1690  1718  1710  1686  1726  1714 99999 99999
TBILIS 1966 04 06 2  1726  1744  1732  1710  1720  1722  1722  1722  1710  1718  1718  1740
TBILIS 1966 04 07 1  1690  1712  1681  1710  1712  1708  1710 99999 99999 99999  1714  1722
TBILIS 1966 04 07 2  1710  1694  1704  1710  1720  1708  1716  1710  1706  1700  1708  1718
TBILIS 1966 04 08 1  1704  1708  1698  1730  1710  1722  1710  1722  1728  1712  1722  1726
TBILIS 1966 04 08 2  1712  1712  1712  1708  1702  1724  1730  1740  1710  1722  1718  1692
TBILIS 1966 04 09 1  1710  1718  1700  1698  1710  1700  1702  1706  1694  1722  1706  1712
TBILIS 1966 04 09 2  1728  1722  1722  1704  1728  1722  1740  1704  1722  1710  1722  1708
TBILIS 1966 04 10 1  1738  1736  1714  1722  1722  1746  1730  1732  1764  1760  1738  1718
TBILIS 1966 04 10 2  1716  1738  1714  1710  1740  1752  1734  1732  1726  1732  1726  1724
TBILIS 1966 04 11 1 99999 99999 99999 99999 99999 99999 99999 99999 99999 99999 99999 99999
TBILIS 1966 04 11 2 99999 99999 99999 99999 99999 99999  1718  1696  1702  1712  1724  1710
TBILIS 1966 04 12 1  1714  1728  1700  1718  1718  1716  1718  1712  1724  1712  1698  1730
TBILIS 1966 04 12 2  1718  1736  1696  1704  1732  1712  1726  1728  1722  1710  1720  1726
TBILIS 1966 04 13 1  1710  1720  1734  1726  1734  1714  1734  1694  1718  1730  1726  1726
TBILIS 1966 04 13 2  1710  1732  1730  1736  1734  1754  1738  1724  1730  1712  1748  1736
TBILIS 1966 04 14 1  1708  1746  1732  1722  1738  1746  1716  1748  1718 99999  1704 99999
TBILIS 1966 04 14 2  1702  1716  1704  1702  1706  1742  1732  1722  1742  1710  1712  1740
TBILIS 1966 04 15 1  1710  1734  1718  1712  1712  1738  1732  1726  1748  1722  1740  1712
TBILIS 1966 04 15 2  1710  1712  1720  1740  1728  1728  1710  1726  1728  1708  1708  1710
TBILIS 1966 04 16 1  1720  1720  1710  1722  1722  1728  1730  1706  1698  1692  1718  1692
TBILIS 1966 04 16 2  1714  1698  1692  1700  1714  1712  1730  1712  1720  1728  1734  1698
TBILIS 1966 04 17 1  1704  1702  1704  1710  1712  1700  1706  1716  1716  1722  1714  1710
TBILIS 1966 04 17 2  1722  1698  1700  1708  1700  1734  1720  1738  1706  1728  1710  1700
TBILIS 1966 04 18 1  1690  1706  1716  1722  1714  1712  1738  1734  1726  1716  1748 99999
TBILIS 1966 04 18 2 99999 99999  1726  1740  1704  1722  1720  1710  1698  1710  1728  1748
TBILIS 1966 04 19 1  1742  1748  1754  1708  1728  1740  1756  1752  1760  1740  1748  1736
TBILIS 1966 04 19 2  1738  1720  1734  1738  1742  1740  1738  1758  1722  1722  1734  1724
TBILIS 1966 04 20 1  1712  1700  1710  1730  1732  1740  1738  1732  1756  1774  1796  1799
TBILIS 1966 04 20 2  1774  1766  1750  1756  1762  1752  1748  1738  1770  1750  1760  1762
TBILIS 1966 04 21 1  1764  1750  1722  1748  1770  1790  1774  1752  1776  1754  1776  1760
TBILIS 1966 04 21 2  1780  1780  1784  1748  1740  1748  1746  1754  1748  1742  1748  1746
TBILIS 1966 04 22 1  1732  1756  1752  1742  1728  1754 99999 99999 99999  1786  1762  1724
TBILIS 1966 04 22 2  1728  1752  1748  1750  1740  1754  1754  1750  1752  1756  1762  1752
TBILIS 1966 04 23 1  1754  1770  1760  1746  1758  1754  1762  1766  1794  1786  1774  1758
TBILIS 1966 04 23 2  1758  1748  1766  1766  1774  1736  1760  1758  1730  1748  1756  1732
TBILIS 1966 04 24 1  1748  1744  1750  1752  1744  1754  1734  1760  1734  1742  1766  1748
TBILIS 1966 04 24 2  1752  1748  1728  1746  1746  1750  1760  1770  1758  1766  1758  1760
TBILIS 1966 04 25 1  1740  1758  1756  1756  1748  1758  1746  1750  1756  1742  1760  1752
TBILIS 1966 04 25 2  1762  1768  1778  1762  1750  1768  1762  1780  1748  1772  1778  1788
TBILIS 1966 04 26 1  1740  1740  1732  1764  1752  1728  1750  1764  1754  1740  1748  1778
TBILIS 1966 04 26 2  1762  1750  1766  1764  1760  1748  1758  1742  1748  1748  1760  1748
TBILIS 1966 04 27 1  1752  1762  1742  1742  1752  1732  1744  1762  1734  1756  1758 99999
TBILIS 1966 04 27 2 99999 99999  1748  1752  1742  1726  1718  1736  1744  1750  1738  1744
TBILIS 1966 04 28 1  1772  1758  1746  1754  1746  1754  1764  1772  1764  1762  1742  1768
TBILIS 1966 04 28 2  1762  1752  1744  1750  1776  1746  1734  1748  1772  1748  1762  1762
TBILIS 1966 04 29 1  1748  1772  1764  1762  1774  1766  1752  1744  1742  1762  1734  1752
TBILIS 1966 04 29 2  1758  1764  1760  1766  1762  1752  1756  1754  1746  1762  1752  1760
TBILIS 1966 04 30 1  1762  1786  1778  1770  1758  1746  1748  1766  1776  1766  1756  1764
TBILIS 1966 04 30 2  1752  1772  1764  1780  1799  1780  1762  1766  1762  1764  1769  1786
TBILIS 1966 04 31 1 99999 99999 99999 99999 99999 99999 99999 99999 99999 99999 99999 99999
TBILIS 1966 04 31 2 99999 99999 99999 99999 99999 99999 99999 99999 99999 99999 99999 99999
Cosmic-Ray Neutron Monitor Data (Hourly, Pressure-Corrected and Scale-Adjusted Counts)
Collections: WDC for Cosmic Rays, Solar-Terrestrial Environment Laboratory, Nagoya Univ.
Data Access: http://center.stelab.nagoya-u.ac.jp/WDCCR/index.html
Project: ICSU WDC
Citation: WDC for Cosmic Rays, Solar-Terrestrial Environment Laboratory, Nagoya University
Station ID: TBILIS
Station:  TBILISI,GIORGIA,INSTITUT GEOPHYSIKY (IG), GIORGIAN ACADEMY OF SCIENCES,GIORGIA 
Instrument: IGY NEUTRON MONITOR, CORRECTED FOR PRESSURE TO 950.0 MB, COEF. =                
Latitude (deg.):   41.72  Longitude (deg.):   44.80  Altitude (m):  510.00
Cut-Off Rigidity (GV):    6.91
Year: 1966  Month:   5
Scaling Factor (SF):    10.0   Constant (CONST):     0.0  Real Counts = (DATA + CONST)*SF
Temporal Resolution: 1 hour
UTC Start Hour:     0.0
                                                                                
                                                        
Monthly Average:  1756.1
Updated (YYYY MM DD): 2000 00 00
*******************************************************************************************
ID     YYYY MM DD 1     0     1     2     3     4     5     6     7     8     9    10    11
ID     YYYY MM DD 2    12    13    14    15    16    17    18    19    20    21    22    23
*******************************************************************************************
TBILIS 1966 05 01 1  1724  1762  1746  1748  1742  1778  1770  1748  1762  1752  1770  1766
TBILIS 1966 05 01 2  1764  1766  1750  1764  1760  1752  1748  1728  1732  1742  1730  1722
TBILIS 1966 05 02 1  1748  1740  1740  1750  1740  1718  1734  1742  1722  1748  1740  1754
TBILIS 1966 05 02 2  1740  1732  1748  1748  1758  1748  1740  1732  1766  1726  1750  1712
TBILIS 1966 05 03 1  1728  1710  1714  1738  1710  1714  1734 99999 99999 99999  1758  1740
TBILIS 1966 05 03 2  1726  1736  1748  1740  1740  1738  1752  1750  1750  1736  1760  1736
TBILIS 1966 05 04 1  1726  1738  1742  1768  1736  1746  1762  1752  1774  1750  1772  1764
TBILIS 1966 05 04 2  1746  1738  1766  1750  1762  1758  1740  1770  1756  1738  1738  1720
TBILIS 1966 05 05 1  1748  1750  1740  1752  1766  1762  1774  1770  1768  1768  1736  1752
TBILIS 1966 05 05 2  1796  1768  1748  1752  1772  1768  1776  1768  1748  1752  1766  1748
TBILIS 1966 05 06 1  1740  1742  1764  1742  1746  1752  1766  1790  1764  1780  1774  1746
TBILIS 1966 05 06 2  1772  1780  1786  1762  1750  1768  1772  1774  1740  1748  1740  1738
TBILIS 1966 05 07 1  1738  1752  1754  1762 99999 99999  1748  1788  1806  1770  1762  1758
TBILIS 1966 05 07 2  1764  1740  1750  1736  1758  1754  1746  1760  1756  1766  1780  1756
TBILIS 1966 05 08 1  1746  1782  1782  1782  1784  1754  1800  1766  1756  1776  1774  1764
TBILIS 1966 05 08 2  1788  1772  1786  1774  1750  1766  1752  1756  1738  1746  1764  1766
TBILIS 1966 05 09 1  1740  1758  1780  1780  1766  1772  1776  1780  1786 99999 99999 99999
TBILIS 1966 05 09 2 99999 99999 99999 99999 99999 99999 99999 99999 99999 99999 99999 99999
TBILIS 1966 05 10 1 99999 99999 99999 99999 99999 99999 99999 99999 99999 99999 99999 99999
TBILIS 1966 05 10 2 99999 99999 99999 99999 99999 99999 99999 99999 99999 99999 99999 99999
TBILIS 1966 05 11 1 99999 99999 99999 99999 99999 99999 99999 99999 99999 99999 99999 99999
TBILIS 1966 05 11 2 99999 99999 99999 99999 99999 99999 99999 99999 99999 99999 99999 99999
TBILIS 1966 05 12 1 99999 99999 99999 99999 99999 99999 99999 99999 99999 99999 99999 99999
TBILIS 1966 05 12 2 99999 99999 99999 99999 99999 99999 99999 99999 99999 99999 99999 99999
TBILIS 1966 05 13 1 99999 99999 99999 99999 99999 99999 99999 99999 99999 99999 99999 99999
TBILIS 1966 05 13 2 99999 99999 99999 99999 99999 99999 99999 99999 99999 99999 99999 99999
TBILIS 1966 05 14 1 99999 99999 99999 99999 99999 99999 99999 99999 99999 99999 99999 99999
TBILIS 1966 05 14 2 99999 99999 99999 99999 99999 99999 99999 99999 99999 99999 99999 99999
TBILIS 1966 05 15 1 99999 99999 99999 99999 99999 99999 99999 99999 99999 99999 99999 99999
TBILIS 1966 05 15 2 99999 99999 99999 99999 99999 99999 99999 99999 99999 99999 99999 99999
TBILIS 1966 05 16 1 99999 99999 99999 99999 99999 99999 99999 99999 99999 99999 99999 99999
TBILIS 1966 05 16 2 99999 99999 99999 99999 99999 99999 99999  1760  1756  1774  1786  1768
TBILIS 1966 05 17 1  1758  1786  1786  1784  1782  1782  1802  1794  1786  1799 99999 99999
TBILIS 1966 05 17 2 99999 99999  1816  1806  1782  1782  1812  1784  1818  1796  1784  1780
TBILIS 1966 05 18 1  1790  1776  1778  1782  1788  1774  1778  1784  1776  1780  1782  1780
TBILIS 1966 05 18 2  1790  1806  1790  1780  1770  1784  1792  1762  1788  1774  1754  1788
TBILIS 1966 05 19 1  1780  1770  1786  1780  1796  1770  1780  1774  1784  1778  1772  1768
TBILIS 1966 05 19 2  1788  1790  1778  1778  1772  1786  1782  1762  1780  1754  1754  1770
TBILIS 1966 05 20 1  1760  1762  1738  1722  1776  1774  1768  1770 99999 99999 99999  1780
TBILIS 1966 05 20 2  1770  1776  1752  1748  1744  1740  1776  1768  1766  1746  1762  1754
TBILIS 1966 05 21 1  1766  1750  1770  1768  1764  1766  1794  1770  1780  1802  1776  1776
TBILIS 1966 05 21 2  1788  1774  1768  1748  1748  1754  1752  1760  1752  1764  1766  1772
TBILIS 1966 05 22 1  1780  1758  1762  1744  1762  1748  1770  1760  1764  1750  1772  1756
TBILIS 1966 05 22 2  1744  1760  1770  1762  1744  1762  1724  1748  1752  1758  1726  1718
TBILIS 1966 05 23 1  1734  1748  1756  1732  1758  1746  1752  1768  1750 99999 99999 99999
TBILIS 1966 05 23 2 99999 99999  1748  1762  1760  1764  1756  1744  1746  1736  1740  1746
TBILIS 1966 05 24 1  1756  1754  1740  1760  1762  1770  1724  1748  1750  1768  1758  1774
TBILIS 1966 05 24 2  1758  1762  1740  1746  1734  1750  1730  1742  1758  1734  1748  1740
TBILIS 1966 05 25 1  1740  1750  1746  1748  1760  1728  1730  1740  1744  1744  1754  1738
TBILIS 1966 05 25 2  1750  1784  1760  1790  1762  1756  1762  1762  1742  1748  1756  1744
TBILIS 1966 05 26 1  1724  1738  1740  1770  1758  1744  1772  1752  1750  1758  1782  1768
TBILIS 1966 05 26 2  1782  1778  1748  1776  1760  1744  1758  1782  1790  1794  1778  1778
TBILIS 1966 05 27 1  1768  1762  1788  1768  1788 99999 99999 99999 99999 99999 99999 99999
TBILIS 1966 05 27 2  1756  1744  1746  1734  1748  1744  1764  1752  1744  1742  1752  1750
TBILIS 1966 05 28 1  1744  1766  1752  1780  1756  1752  1748  1752  1756  1748  1746  1724
TBILIS 1966 05 28 2  1728  1722  1750  1728  1724  1768  1746  1732  1748  1750  1736  1746
TBILIS 1966 05 29 1  1760  1746  1740  1746  1736  1716  1734  1728  1708  1738  1728  1742
TBILIS 1966 05 29 2  1720  1732  1742  1720  1738  1744  1746  1752  1756  1752  1750  1740
TBILIS 1966 05 30 1  1762  1748  1738  1740  1746  1740  1772  1738  1740  1740  1748  1748
TBILIS 1966 05 30 2  1740  1754  1724  1762  1744  1756  1760  1762  1748  1740  1738  1724
TBILIS 1966 05 31 1  1730  1742  1734  1734  1744  1722  1740  1736  1740  1712  1732  1716
TBILIS 1966 05 31 2  1722  1720  1728  1734  1740  1752  1730  1726  1716  1706  1696  1706
Cosmic-Ray Neutron Monitor Data (Hourly, Pressure-Corrected and Scale-Adjusted Counts)
Collections: WDC for Cosmic Rays, Solar-Terrestrial Environment Laboratory, Nagoya Univ.
Data Access: http://center.stelab.nagoya-u.ac.jp/WDCCR/index.html
Project: ICSU WDC
Citation: WDC for Cosmic Rays, Solar-Terrestrial Environment Laboratory, Nagoya University
Station ID: TBILIS
Station:  TBILISI,GIORGIA,INSTITUT GEOPHYSIKY (IG), GIORGIAN ACADEMY OF SCIENCES,GIORGIA 
Instrument: IGY NEUTRON MONITOR, CORRECTED FOR PRESSURE TO 950.0 MB, COEF. =                
Latitude (deg.):   41.72  Longitude (deg.):   44.80  Altitude (m):  510.00
Cut-Off Rigidity (GV):    6.91
Year: 1966  Month:   6
Scaling Factor (SF):    10.0   Constant (CONST):     0.0  Real Counts = (DATA + CONST)*SF
Temporal Resolution: 1 hour
UTC Start Hour:     0.0
                                                                                
                                                        
Monthly Average:  1601.4
Updated (YYYY MM DD): 2000 00 00
*******************************************************************************************
ID     YYYY MM DD 1     0     1     2     3     4     5     6     7     8     9    10    11
ID     YYYY MM DD 2    12    13    14    15    16    17    18    19    20    21    22    23
*******************************************************************************************
TBILIS 1966 06 01 1  1584  1580  1560  1596  1592  1578  1606  1558  1586  1578  1566  1596
TBILIS 1966 06 01 2  1570  1564  1566  1586  1580  1572  1542  1568  1580  1564  1566  1594
TBILIS 1966 06 02 1  1578  1582  1582  1562  1562  1614  1604 99999  1616  1572  1594  1600
TBILIS 1966 06 02 2  1574  1608  1534  1588  1572  1572  1556  1566  1586  1552  1570  1572
TBILIS 1966 06 03 1  1586  1574  1566  1602  1580  1572  1568  1560  1568  1566  1584  1570
TBILIS 1966 06 03 2  1586  1536  1566  1580  1586  1544  1576  1556  1596  1598  1599  1598
TBILIS 1966 06 04 1  1604  1580  1599  1574  1596 99999 99999  1599  1570  1576  1604  1586
TBILIS 1966 06 04 2  1580  1578  1592  1594  1582  1590  1587  1580 99999 99999 99999 99999
TBILIS 1966 06 05 1 99999 99999 99999 99999 99999 99999 99999 99999 99999  1614  1608  1608
TBILIS 1966 06 05 2  1587  1614  1586  1620  1596  1618  1596  1600  1622  1620  1587  1586
TBILIS 1966 06 06 1  1622  1580  1594  1600  1604  1578  1587  1603  1590  1576  1576  1582
TBILIS 1966 06 06 2  1582  1590  1592  1546  1560  1604  1588  1606 99999  1566  1606  1602
TBILIS 1966 06 07 1  1558  1580  1592  1552 99999 99999  1618  1622  1628  1602  1606  1630
TBILIS 1966 06 07 2 99999  1608  1604  1610  1622  1592  1600  1602  1588  1594  1594  1600
TBILIS 1966 06 08 1  1598  1608  1590  1580  1588  1598  1600  1598  1596  1598  1628  1604
TBILIS 1966 06 08 2  1634  1622  1608  1608  1604  1598  1606  1587  1603  1592  1608  1592
TBILIS 1966 06 09 1  1600  1586  1592  1600  1588  1594  1576  1590  1603  1608  1592  1600
TBILIS 1966 06 09 2  1598  1588  1574  1594  1618  1602  1594  1592  1610  1602  1610  1606
TBILIS 1966 06 10 1  1610  1608  1612  1620  1612  1618  1602  1606  1598  1603  1590  1612
TBILIS 1966 06 10 2  1612  1614  1606  1638  1648  1612  1608  1600  1608  1608  1592  1604
TBILIS 1966 06 11 1  1616  1603  1604  1574  1602  1600  1599  1609  1626  1638  1600  1636
TBILIS 1966 06 11 2  1603  1619 99999  1626 99999 99999 99999 99999 99999 99999 99999 99999
TBILIS 1966 06 12 1 99999 99999 99999 99999 99999 99999 99999 99999 99999 99999 99999 99999
TBILIS 1966 06 12 2 99999 99999 99999 99999 99999 99999 99999 99999 99999 99999 99999 99999
TBILIS 1966 06 13 1 99999 99999 99999 99999 99999 99999 99999 99999 99999 99999 99999 99999
TBILIS 1966 06 13 2 99999 99999 99999 99999  1608  1618  1586  1609  1587  1587  1614  1600
TBILIS 1966 06 14 1  1604  1588  1580  1598  1600  1554  1590  1612  1619  1609  1632  1608
TBILIS 1966 06 14 2  1598  1632  1632  1610  1622  1598  1599  1626  1618  1600  1622  1628
TBILIS 1966 06 15 1  1604  1588  1580  1598  1600  1554  1590  1612  1619  1609  1632  1608
TBILIS 1966 06 15 2  1598  1632  1632  1610  1622  1598  1599  1626  1618  1600  1622  1628
TBILIS 1966 06 16 1  1609  1612  1598  1599  1598  1588  1602  1614  1626  1630  1604  1594
TBILIS 1966 06 16 2  1602  1618  1634  1618  1638  1632  1612  1634  1603  1636  1618  1587
TBILIS 1966 06 17 1  1609  1606  1608  1603  1596  1606  1622  1603  1630  1644  1602  1599
TBILIS 1966 06 17 2  1600  1618  1606  1606  1599  1628  1616  1606  1610  1608  1592  1616
TBILIS 1966 06 18 1  1604  1628  1594  1586  1587  1609  1594  1588  1598  1614  1604  1622
TBILIS 1966 06 18 2  1616  1618  1600  1582  1586  1604  1598  1596  1596  1604  1584  1588
TBILIS 1966 06 19 1  1603  1598  1582  1586  1584  1582  1598  1584  1578  1596  1586  1608
TBILIS 1966 06 19 2  1598  1604  1538  1594  1588  1568  1570  1612  1592  1590  1590  1572
TBILIS 1966 06 20 1  1620  1592  1594  1604  1586  1592  1604  1602  1592  1636  1604  1610
TBILIS 1966 06 20 2  1604  1610  1622  1608  1594  1600  1616  1598  1600  1608  1572  1598
TBILIS 1966 06 21 1  1594  1628  1588  1602  1606  1602  1602  1616  1598  1590  1604  1602
TBILIS 1966 06 21 2  1614  1614  1610  1612  1618  1604  1602  1616  1598  1608  1598  1588
TBILIS 1966 06 22 1  1600  1582  1596  1608  1576  1604 99999 99999 99999 99999 99999 99999
TBILIS 1966 06 22 2 99999 99999 99999 99999 99999 99999 99999 99999 99999 99999 99999 99999
TBILIS 1966 06 23 1 99999 99999 99999 99999  1608  1616  1618  1610  1602 99999  1592  1608
TBILIS 1966 06 23 2  1614  1598  1588  1624  1594  1644  1642  1640  1640  1604 99999 99999
TBILIS 1966 06 24 1 99999 99999  1622  1612  1604  1618  1620  1624  1608  1618  1598  1592
TBILIS 1966 06 24 2  1614  1616  1638  1620  1604  1618  1592  1606  1612  1604  1590  1602
TBILIS 1966 06 25 1  1614  1592  1606  1592  1598  1602  1608 99999  1610  1602  1578  1590
TBILIS 1966 06 25 2  1572  1564  1588  1588  1588  1592  1602  1598  1588  1578 99999 99999
TBILIS 1966 06 26 1  1588  1598  1592  1604  1580  1584  1584  1608  1570  1590  1588  1578
TBILIS 1966 06 26 2  1596 99999 99999 99999 99999  1606  1606  1582  1602  1596  1588  1566
TBILIS 1966 06 27 1  1604  1588  1570  1568  1556  1594  1544  1538  1544  1590  1562  1576
TBILIS 1966 06 27 2  1598  1599  1634  1614  1632  1616  1622  1606  1602  1636  1608  1610
TBILIS 1966 06 28 1  1604  1634  1604  1608  1618  1610 99999 99999  1638  1640  1620  1632
TBILIS 1966 06 28 2  1658  1670  1660  1688  1648  1660  1666  1642  1646  1652  1634  1638
TBILIS 1966 06 29 1  1666  1636  1636  1630  1678  1626  1640  1678  1654  1658  1618  1652
TBILIS 1966 06 29 2  1640  1608  1566  1608  1624  1624  1604  1602  1608  1642  1642  1618
TBILIS 1966 06 30 1  1638  1634  1606  1648  1646  1630  1604  1624 99999 99999 99999 99999
TBILIS 1966 06 30 2 99999 99999 99999 99999 99999 99999 99999 99999 99999 99999 99999 99999
TBILIS 1966 06 31 1 99999 99999 99999 99999 99999 99999 99999 99999 99999 99999 99999 99999
TBILIS 1966 06 31 2 99999 99999 99999 99999 99999 99999 99999 99999 99999 99999 99999 99999
Cosmic-Ray Neutron Monitor Data (Hourly, Pressure-Corrected and Scale-Adjusted Counts)
Collections: WDC for Cosmic Rays, Solar-Terrestrial Environment Laboratory, Nagoya Univ.
Data Access: http://center.stelab.nagoya-u.ac.jp/WDCCR/index.html
Project: ICSU WDC
Citation: WDC for Cosmic Rays, Solar-Terrestrial Environment Laboratory, Nagoya University
Station ID: TBILIS
Station:  TBILISI,GIORGIA,INSTITUT GEOPHYSIKY (IG), GIORGIAN ACADEMY OF SCIENCES,GIORGIA 
Instrument: IGY NEUTRON MONITOR, CORRECTED FOR PRESSURE TO 950.0 MB, COEF. =                
Latitude (deg.):   41.72  Longitude (deg.):   44.80  Altitude (m):  510.00
Cut-Off Rigidity (GV):    6.91
Year: 1966  Month:   7
Scaling Factor (SF):    10.0   Constant (CONST):     0.0  Real Counts = (DATA + CONST)*SF
Temporal Resolution: 1 hour
UTC Start Hour:     0.0
                                                                                
                                                        
Monthly Average:  1541.6
Updated (YYYY MM DD): 2000 00 00
*******************************************************************************************
ID     YYYY MM DD 1     0     1     2     3     4     5     6     7     8     9    10    11
ID     YYYY MM DD 2    12    13    14    15    16    17    18    19    20    21    22    23
*******************************************************************************************
TBILIS 1966 07 01 1 99999 99999 99999 99999 99999 99999 99999 99999 99999 99999  1612  1564
TBILIS 1966 07 01 2  1624  1606  1569  1600  1579  1608  1574  1558  1598  1574  1586  1582
TBILIS 1966 07 02 1  1594  1584  1564  1560  1584  1598  1612  1602  1586  1599  1582  1598
TBILIS 1966 07 02 2  1580  1596  1584  1568  1586  1596  1566  1562  1556  1552  1574  1579
TBILIS 1966 07 03 1  1570  1610  1570  1564  1566  1580  1588  1587  1603  1598  1576  1608
TBILIS 1966 07 03 2  1608  1592  1600  1574  1582  1586  1600  1604  1612  1576  1600  1592
TBILIS 1966 07 04 1  1602  1588  1590  1608  1610  1596  1578  1594  1614  1602 99999 99999
TBILIS 1966 07 04 2 99999 99999 99999 99999 99999  1602  1598  1596  1592  1596  1600  1598
TBILIS 1966 07 05 1  1598  1584  1582  1586  1588  1584  1596  1608  1588  1592  1568  1570
TBILIS 1966 07 05 2  1578  1592  1612  1598  1602  1606  1586  1586  1606  1604  1584  1602
TBILIS 1966 07 06 1  1592  1582  1568  1576 99999 99999 99999 99999 99999 99999 99999 99999
TBILIS 1966 07 06 2 99999 99999 99999 99999 99999 99999 99999 99999 99999 99999 99999 99999
TBILIS 1966 07 07 1 99999 99999 99999 99999 99999 99999 99999 99999 99999 99999 99999 99999
TBILIS 1966 07 07 2 99999 99999 99999 99999 99999 99999 99999 99999 99999 99999 99999 99999
TBILIS 1966 07 08 1 99999 99999 99999 99999 99999 99999 99999 99999 99999 99999 99999 99999
TBILIS 1966 07 08 2 99999 99999 99999 99999 99999 99999 99999 99999 99999 99999 99999 99999
TBILIS 1966 07 09 1 99999 99999 99999 99999 99999 99999 99999 99999  1566  1576  1566  1586
TBILIS 1966 07 09 2  1566  1580  1580  1586  1566  1564  1574  1564  1562  1550  1572  1542
TBILIS 1966 07 10 1  1536  1570  1562  1554  1590  1574  1588  1570  1594  1586  1580  1604
TBILIS 1966 07 10 2  1572  1588  1582  1582  1586  1584  1566  1562  1590  1568  1578  1564
TBILIS 1966 07 11 1  1568  1572  1582  1580  1574  1586  1614  1580  1604  1590  1594  1572
TBILIS 1966 07 11 2  1598  1594  1580  1580  1568  1592  1576  1584  1574  1582  1580  1596
TBILIS 1966 07 12 1  1564  1574  1564  1572  1550  1554  1574  1560  1556  1588  1602  1560
TBILIS 1966 07 12 2  1584  1588  1578  1566  1588  1598  1578  1564  1604  1578  1560  1566
TBILIS 1966 07 13 1  1549  1580  1578  1568  1552  1598  1562  1564  1568  1560  1562  1574
TBILIS 1966 07 13 2  1588  1584  1588  1578  1598  1588  1580  1588  1570  1570  1587  1552
TBILIS 1966 07 14 1  1540  1576  1564  1580  1562  1552  1578  1570  1600  1584  1588  1584
TBILIS 1966 07 14 2  1569  1580  1578  1569  1574  1582  1568  1576  1566  1552  1582  1574
TBILIS 1966 07 15 1  1568  1576  1568  1588  1572  1580  1584  1566  1578  1584  1582  1590
TBILIS 1966 07 15 2  1588  1580  1578  1588  1570  1568  1576  1572  1566  1574  1566  1566
TBILIS 1966 07 16 1  1586 99999 99999 99999  1592  1566  1566  1590  1582  1590  1596  1608
TBILIS 1966 07 16 2  1614  1584  1594  1562  1574  1572  1574  1550  1566  1566  1594  1588
TBILIS 1966 07 17 1  1504  1498 99999 99999 99999 99999 99999 99999  1502  1500  1516  1512
TBILIS 1966 07 17 2  1492  1512  1498  1536  1512  1518  1493  1510  1514  1490  1499  1492
TBILIS 1966 07 18 1  1499  1494  1502  1506  1500  1490  1490  1493  1506  1500  1504  1510
TBILIS 1966 07 18 2  1502  1496  1483  1498  1499  1494  1500  1517  1506  1496  1500  1486
TBILIS 1966 07 19 1  1522  1518  1534  1493  1502  1510  1510  1502  1518  1516  1514  1489
TBILIS 1966 07 19 2  1477  1510  1510  1508  1518  1508  1518  1502  1514  1494  1480  1512
TBILIS 1966 07 20 1  1502  1502  1490  1508  1508  1488  1522  1506  1542  1504  1522  1514
TBILIS 1966 07 20 2  1524  1500  1540  1532  1526  1528  1494  1518  1522  1520  1496  1506
TBILIS 1966 07 21 1  1522  1499  1530  1526  1536  1526  1526  1502  1526  1516  1528  1510
TBILIS 1966 07 21 2  1520  1526  1506  1510  1526  1510  1493  1522 99999 99999 99999 99999
TBILIS 1966 07 22 1 99999 99999 99999 99999 99999 99999 99999 99999 99999 99999 99999 99999
TBILIS 1966 07 22 2 99999 99999 99999 99999 99999 99999  1518  1520  1512  1508  1520  1506
TBILIS 1966 07 23 1  1510  1499  1500  1510  1532  1528  1538  1522  1514  1510  1520  1522
TBILIS 1966 07 23 2  1512 99999  1496  1504  1498  1499  1504  1498  1483  1480  1465  1477
TBILIS 1966 07 24 1  1484  1488  1499  1468  1502  1502  1508  1500  1493  1480  1484  1482
TBILIS 1966 07 24 2  1471  1461  1458  1468  1476  1450  1478  1471  1486  1496  1498  1476
TBILIS 1966 07 25 1  1476  1488  1472  1476  1490  1499  1484  1499  1482  1496  1477  1484
TBILIS 1966 07 25 2  1510  1482  1462  1468  1482  1464  1492  1480  1492  1468  1506  1484
TBILIS 1966 07 26 1  1480  1471  1486  1488  1489  1482  1488  1479  1483  1493  1480  1494
TBILIS 1966 07 26 2  1487  1496  1493  1490  1506  1489  1483  1510  1480  1499  1508  1510
TBILIS 1966 07 27 1  1510  1475  1495  1492  1495  1496  1490  1492  1468  1504  1504  1504
TBILIS 1966 07 27 2  1504  1492  1504  1512  1500  1502  1524  1518  1500  1500  1506  1485
TBILIS 1966 07 28 1  1495  1495  1504  1508  1518  1512  1510  1504  1506  1506  1502  1506
TBILIS 1966 07 28 2  1510  1510  1506  1500  1502  1520  1518  1534  1496  1492  1498  1492
TBILIS 1966 07 29 1  1484  1500  1506  1493  1512  1526  1528  1516  1530  1530 99999 99999
TBILIS 1966 07 29 2  1528  1422  1496  1506  1522  1522  1546  1542  1522  1548  1544  1546
TBILIS 1966 07 30 1  1538  1544  1530  1522  1526  1528  1538  1538  1524  1550  1556  1552
TBILIS 1966 07 30 2  1558  1556  1526  1536  1540  1558  1541  1532  1502  1489  1496  1504
TBILIS 1966 07 31 1 99999 99999 99999 99999 99999 99999 99999 99999 99999 99999 99999 99999
TBILIS 1966 07 31 2 99999 99999 99999 99999 99999 99999 99999 99999 99999 99999 99999 99999
Cosmic-Ray Neutron Monitor Data (Hourly, Pressure-Corrected and Scale-Adjusted Counts)
Collections: WDC for Cosmic Rays, Solar-Terrestrial Environment Laboratory, Nagoya Univ.
Data Access: http://center.stelab.nagoya-u.ac.jp/WDCCR/index.html
Project: ICSU WDC
Citation: WDC for Cosmic Rays, Solar-Terrestrial Environment Laboratory, Nagoya University
Station ID: TBILIS
Station:  TBILISI,GIORGIA,INSTITUT GEOPHYSIKY (IG), GIORGIAN ACADEMY OF SCIENCES,GIORGIA 
Instrument: IGY NEUTRON MONITOR, CORRECTED FOR PRESSURE TO 950.0 MB, COEF. =                
Latitude (deg.):   41.72  Longitude (deg.):   44.80  Altitude (m):  510.00
Cut-Off Rigidity (GV):    6.91
Year: 1966  Month:   8
Scaling Factor (SF):    10.0   Constant (CONST):     0.0  Real Counts = (DATA + CONST)*SF
Temporal Resolution: 1 hour
UTC Start Hour:     0.0
                                                                                
                                                        
Monthly Average:  1591.0
Updated (YYYY MM DD): 2000 00 00
*******************************************************************************************
ID     YYYY MM DD 1     0     1     2     3     4     5     6     7     8     9    10    11
ID     YYYY MM DD 2    12    13    14    15    16    17    18    19    20    21    22    23
*******************************************************************************************
TBILIS 1966 08 01 1  1588  1604  1576  1576  1586  1584  1612  1568  1574  1588  1576  1610
TBILIS 1966 08 01 2  1588 99999 99999  1640  1646  1618  1640  1634  1616  1608  1620  1610
TBILIS 1966 08 02 1  1620  1604  1608  1630  1610  1636  1610  1628  1634  1636  1640  1630
TBILIS 1966 08 02 2  1612  1632  1614  1600  1582 99999 99999 99999 99999 99999 99999 99999
TBILIS 1966 08 03 1 99999 99999 99999 99999 99999 99999 99999 99999 99999 99999 99999 99999
TBILIS 1966 08 03 2 99999 99999  1612  1602  1616  1596  1590  1588  1604  1584  1588  1592
TBILIS 1966 08 04 1  1588  1572  1600  1604  1578  1604  1588  1588  1576  1570 99999 99999
TBILIS 1966 08 04 2  1598  1578  1606  1586  1610  1594  1598  1602  1606  1586  1616  1610
TBILIS 1966 08 05 1  1580  1592  1600  1584  1570  1580  1598  1578  1580  1586  1588  1578
TBILIS 1966 08 05 2  1610  1580  1606  1600  1620  1606  1604  1588  1576  1574  1580  1606
TBILIS 1966 08 06 1  1606  1584  1578  1608  1592  1616  1588  1600  1600  1622  1618  1590
TBILIS 1966 08 06 2  1580  1600  1610  1624  1610  1598  1604  1602  1588  1590  1594  1608
TBILIS 1966 08 07 1  1576  1580  1590  1570  1600  1604  1598  1586  1598  1600  1600  1596
TBILIS 1966 08 07 2  1612  1590  1610  1620  1606  1604  1586  1594  1620  1614  1602  1588
TBILIS 1966 08 08 1  1614  1586  1582  1598  1578  1608 99999 99999  1594  1592  1618  1588
TBILIS 1966 08 08 2  1588  1588  1594  1586  1596  1582  1588  1600  1582  1604  1594  1602
TBILIS 1966 08 09 1  1596  1578  1596  1620  1660 99999 99999 99999 99999 99999 99999 99999
TBILIS 1966 08 09 2 99999 99999 99999 99999 99999 99999 99999 99999 99999  1566  1594  1594
TBILIS 1966 08 10 1  1600  1590  1584  1598  1608  1610  1602  1600  1586  1592  1590  1578
TBILIS 1966 08 10 2  1586  1580  1590  1592  1598  1586  1594  1604  1600  1612  1588  1596
TBILIS 1966 08 11 1  1576  1590  1598  1612  1576  1602  1588  1604  1594  1594  1588  1600
TBILIS 1966 08 11 2  1592  1600  1588  1588  1596  1604  1606  1614  1598  1600  1604  1588
TBILIS 1966 08 12 1  1604  1608  1588  1594  1586  1600  1590  1600  1610  1612  1602  1598
TBILIS 1966 08 12 2  1616  1570  1592  1580  1588  1594  1598  1608  1580  1602  1600  1594
TBILIS 1966 08 13 1  1580  1574  1580  1588  1586  1586  1606  1600  1588  1602  1604  1584
TBILIS 1966 08 13 2  1610  1596  1604  1598  1580  1602  1596  1582  1592  1590  1588  1580
TBILIS 1966 08 14 1  1600  1594  1602  1592  1552  1580  1606  1600  1592  1612  1582  1612
TBILIS 1966 08 14 2  1556  1610  1572  1618  1580  1600 99999 99999  1606  1584  1596  1582
TBILIS 1966 08 15 1  1588  1602  1570  1584  1568  1576  1554  1600  1594  1604  1618  1604
TBILIS 1966 08 15 2  1618  1580 99999 99999 99999 99999 99999 99999 99999 99999 99999 99999
TBILIS 1966 08 16 1 99999 99999 99999 99999 99999 99999 99999 99999 99999 99999 99999 99999
TBILIS 1966 08 16 2 99999  1584  1598  1606  1624  1606  1610  1570  1588  1582  1580  1582
TBILIS 1966 08 17 1  1594  1586  1564  1582  1580  1602  1562  1590  1566  1596  1566  1584
TBILIS 1966 08 17 2  1564  1602  1588  1576  1582  1586  1582  1576  1578  1566  1562  1586
TBILIS 1966 08 18 1  1578  1562  1566  1576  1608  1604  1600  1592  1582  1590  1596  1604
TBILIS 1966 08 18 2  1603  1610  1594  1582  1584  1598  1568  1588  1604  1590  1584  1586
TBILIS 1966 08 19 1  1560  1584  1564  1570  1544  1566 99999 99999 99999 99999 99999 99999
TBILIS 1966 08 19 2  1549  1587  1538  1576  1580  1594  1588  1572  1598  1588  1562  1568
TBILIS 1966 08 20 1  1582  1574  1570  1586  1602  1574  1576  1574  1582 99999 99999 99999
TBILIS 1966 08 20 2  1572  1594  1610  1592  1594  1584  1606  1580  1588  1600  1564  1566
TBILIS 1966 08 21 1  1574  1604  1579  1576  1598  1612  1618  1598  1606  1610  1606  1584
TBILIS 1966 08 21 2  1594  1608  1612  1582  1598  1594  1590  1598  1596  1590  1590  1582
TBILIS 1966 08 22 1  1582  1582  1600  1598  1600  1598  1616  1604  1587  1590  1588  1616
TBILIS 1966 08 22 2  1618  1608  1606  1598  1598  1598  1572  1576  1570  1574  1587  1582
TBILIS 1966 08 23 1  1576  1574  1584  1588  1588  1588  1588  1599  1580  1582  1592  1572
TBILIS 1966 08 23 2  1574  1568  1574  1580  1576  1594  1592  1562  1574  1584  1584  1594
TBILIS 1966 08 24 1  1586  1570  1586  1590  1599  1580  1579  1584  1580  1596  1586  1598
TBILIS 1966 08 24 2  1614  1602  1608  1590  1598  1598  1574  1602  1610  1554  1572  1580
TBILIS 1966 08 25 1  1590  1580  1564  1572  1566  1584  1587  1580  1588  1596  1587  1590
TBILIS 1966 08 25 2  1592  1588  1570  1590  1604  1580  1580  1588  1604  1598  1572  1586
TBILIS 1966 08 26 1  1596  1598  1598  1592  1592  1594  1587  1590  1596  1604  1580  1592
TBILIS 1966 08 26 2  1614  1578  1588  1606  1590  1588  1588  1580  1610  1600  1584  1582
TBILIS 1966 08 27 1  1570  1570  1578  1598  1576  1588  1600  1608  1594  1614  1596  1586
TBILIS 1966 08 27 2  1596  1568  1598  1588  1574  1568  1569  1566  1556  1582  1568  1596
TBILIS 1966 08 28 1  1590  1582  1584  1604  1550  1598  1554  1588  1602  1572  1550  1568
TBILIS 1966 08 28 2  1560  1588  1572  1568  1564  1548  1584  1578  1602  1598  1580  1588
TBILIS 1966 08 29 1  1596  1572  1578  1558  1566  1584  1566  1544  1556  1579  1550  1576
TBILIS 1966 08 29 2 99999 99999 99999 99999 99999 99999 99999 99999 99999 99999 99999 99999
TBILIS 1966 08 30 1 99999 99999 99999 99999 99999 99999  1618  1606  1606  1612  1616  1576
TBILIS 1966 08 30 2  1596  1579  1608  1576  1586  1564  1572  1570  1598  1574  1580  1579
TBILIS 1966 08 31 1  1586  1608  1587  1599  1592  1590  1572  1608  1594  1590  1569  1580
TBILIS 1966 08 31 2  1584  1587  1600  1608  1579  1590  1600  1599  1586  1600  1588  1588
Cosmic-Ray Neutron Monitor Data (Hourly, Pressure-Corrected and Scale-Adjusted Counts)
Collections: WDC for Cosmic Rays, Solar-Terrestrial Environment Laboratory, Nagoya Univ.
Data Access: http://center.stelab.nagoya-u.ac.jp/WDCCR/index.html
Project: ICSU WDC
Citation: WDC for Cosmic Rays, Solar-Terrestrial Environment Laboratory, Nagoya University
Station ID: TBILIS
Station:  TBILISI,GIORGIA,INSTITUT GEOPHYSIKY (IG), GIORGIAN ACADEMY OF SCIENCES,GIORGIA 
Instrument: IGY NEUTRON MONITOR, CORRECTED FOR PRESSURE TO 950.0 MB, COEF. =                
Latitude (deg.):   41.72  Longitude (deg.):   44.80  Altitude (m):  510.00
Cut-Off Rigidity (GV):    6.91
Year: 1966  Month:   9
Scaling Factor (SF):    10.0   Constant (CONST):     0.0  Real Counts = (DATA + CONST)*SF
Temporal Resolution: 1 hour
UTC Start Hour:     0.0
                                                                                
                                                        
Monthly Average:  1529.1
Updated (YYYY MM DD): 2000 00 00
*******************************************************************************************
ID     YYYY MM DD 1     0     1     2     3     4     5     6     7     8     9    10    11
ID     YYYY MM DD 2    12    13    14    15    16    17    18    19    20    21    22    23
*******************************************************************************************
TBILIS 1966 09 01 1  1472  1477  1471  1489  1490  1493  1497  1508  1497  1499  1502  1502
TBILIS 1966 09 01 2  1494  1483  1476  1489  1483  1500  1497  1484  1494  1512  1497  1514
TBILIS 1966 09 02 1  1492  1496  1506  1497  1510  1510  1482  1497  1508  1508  1499  1489
TBILIS 1966 09 02 2  1486  1493  1480  1471  1478  1480  1461  1480  1454  1448  1449  1434
TBILIS 1966 09 03 1  1448  1442  1412  1432  1461  1482  1471  1466  1508  1506 99999 99999
TBILIS 1966 09 03 2 99999  1512  1526  1518  1516  1530  1530  1528  1516  1526  1489  1489
TBILIS 1966 09 04 1  1482  1508  1515  1499  1480  1494  1488  1496  1504  1490  1516  1502
TBILIS 1966 09 04 2  1492  1494  1470  1482  1490 99999 99999 99999 99999 99999 99999 99999
TBILIS 1966 09 05 1 99999 99999 99999 99999 99999 99999 99999  1490  1482  1480  1476  1492
TBILIS 1966 09 05 2  1492  1489  1500  1496  1483  1488  1500  1480  1486  1486  1499  1498
TBILIS 1966 09 06 1  1493  1486  1506  1499  1524  1482  1483  1502  1484  1500  1514  1500
TBILIS 1966 09 06 2  1472  1510  1498  1504  1490  1498  1488  1499  1480  1479  1488  1506
TBILIS 1966 09 07 1  1512  1510  1504  1500  1512  1506  1502  1508  1472  1512  1472  1526
TBILIS 1966 09 07 2  1496  1484  1478  1489  1500  1518  1490  1500  1510  1516  1512  1490
TBILIS 1966 09 08 1  1489  1499  1496  1504  1489  1506  1530  1526  1524  1516  1520  1522
TBILIS 1966 09 08 2  1518  1526  1510  1506  1518  1522  1506  1499  1506  1510  1522  1508
TBILIS 1966 09 09 1  1538  1526  1520  1524  1540  1550  1532  1544  1542  1532  1560  1530
TBILIS 1966 09 09 2  1534  1526  1526  1530  1532  1544  1542  1514  1526  1520  1510  1530
TBILIS 1966 09 10 1  1522  1508  1489  1520  1536  1550  1548  1546  1528  1530  1532  1580
TBILIS 1966 09 10 2  1550  1546  1550  1542  1524  1528  1540  1536  1532  1532  1522  1542
TBILIS 1966 09 11 1  1516  1540 99999  1556  1535  1546  1520  1556  1554 99999 99999 99999
TBILIS 1966 09 11 2 99999  1552  1552  1556  1540  1554  1550  1566  1562  1550  1546  1532
TBILIS 1966 09 12 1  1554  1548  1552  1554  1536  1542  1538  1548  1542  1554  1562  1560
TBILIS 1966 09 12 2  1538  1546  1564  1568  1554  1552  1538  1524  1526  1530  1542  1542
TBILIS 1966 09 13 1  1530  1540  1540  1538  1538  1566  1546  1552  1538  1556  1548  1558
TBILIS 1966 09 13 2  1548  1566  1572  1556  1562  1562  1554  1530  1538  1546  1540  1526
TBILIS 1966 09 14 1  1528  1530  1526  1540  1544  1566  1528  1534  1538  1540  1550  1550
TBILIS 1966 09 14 2  1540  1532  1558  1558  1562  1562  1548  1556  1558  1548  1550  1526
TBILIS 1966 09 15 1  1542  1556  1550  1550  1524  1512  1542  1552  1526  1530  1546  1564
TBILIS 1966 09 15 2  1540  1530  1520  1510  1530  1512  1495  1512  1492  1506  1514  1530
TBILIS 1966 09 16 1  1504  1499  1510  1528  1496  1488  1496  1498  1492  1520  1499  1514
TBILIS 1966 09 16 2  1526  1508  1493  1490  1500  1510  1530  1500  1480  1488  1512  1480
TBILIS 1966 09 17 1  1558  1586  1580  1556 99999 99999 99999  1594  1610  1580  1588  1568
TBILIS 1966 09 17 2  1574  1592  1590  1566  1570  1578  1606  1580  1568  1600  1610  1588
TBILIS 1966 09 18 1  1570  1586  1570  1554  1548  1578  1586  1572  1578  1598  1578  1614
TBILIS 1966 09 18 2  1586  1604  1620 99999 99999 99999 99999 99999 99999 99999 99999 99999
TBILIS 1966 09 19 1 99999 99999 99999  1584  1578  1574  1596  1578  1608  1600  1592  1632
TBILIS 1966 09 19 2  1590  1604  1604  1630  1582  1580  1562  1608  1560  1610  1592  1602
TBILIS 1966 09 20 1  1588  1594  1604  1588  1588  1588  1580  1584  1550  1564  1558  1552
TBILIS 1966 09 20 2  1550  1550  1546  1568  1570  1598  1540  1536  1544  1532  1536  1536
TBILIS 1966 09 21 1  1512  1522  1512  1536  1520  1518  1528  1546  1520  1506  1526  1538
TBILIS 1966 09 21 2  1542  1564  1528  1550  1544  1530  1546  1550  1578  1544  1552  1524
TBILIS 1966 09 22 1  1536  1534  1546  1548  1536  1562  1548  1540  1540  1540  1520  1508
TBILIS 1966 09 22 2  1540  1536 99999 99999 99999 99999  1528  1518  1496  1540  1502  1546
TBILIS 1966 09 23 1  1534  1540  1526  1528  1518  1514  1490  1516  1516  1526  1500  1510
TBILIS 1966 09 23 2  1532  1546  1518  1518  1518  1522  1508  1538  1518  1514  1542  1540
TBILIS 1966 09 24 1  1530  1532  1526  1526  1522  1520  1506  1532  1536  1534  1536  1552
TBILIS 1966 09 24 2  1554  1526  1526  1580  1566  1540  1540  1542  1528  1526  1522  1532
TBILIS 1966 09 25 1  1510  1526  1532  1550  1562  1550  1550  1546  1552  1530  1544  1564
TBILIS 1966 09 25 2  1560  1550  1552  1550  1540  1544  1546  1542  1530  1528  1518  1526
TBILIS 1966 09 26 1  1526  1528  1522  1542  1546  1550  1532  1556  1530  1534  1532  1528
TBILIS 1966 09 26 2  1544  1536  1540  1550  1550  1548  1536  1542  1542  1530  1522  1528
TBILIS 1966 09 27 1  1540  1538  1512  1544  1542  1544  1550  1546  1520  1528  1524  1526
TBILIS 1966 09 27 2  1510  1538  1520  1554  1542  1530  1534  1538  1530  1552  1530  1548
TBILIS 1966 09 28 1  1546  1546  1522  1530  1510  1538  1522  1538  1540  1534  1544  1532
TBILIS 1966 09 28 2  1512  1536  1552  1548  1528  1506  1530  1544  1550  1546  1550  1546
TBILIS 1966 09 29 1  1526  1520  1546  1538 99999 99999 99999 99999 99999 99999 99999  1496
TBILIS 1966 09 29 2  1506  1508  1510  1528  1546  1546  1548  1550  1544  1524  1550  1550
TBILIS 1966 09 30 1  1536  1538  1530  1530  1504  1499  1518  1506  1526  1522  1506  1518
TBILIS 1966 09 30 2  1514  1512  1530  1518  1490  1526  1492  1500  1506  1504  1506  1518
TBILIS 1966 09 31 1 99999 99999 99999 99999 99999 99999 99999 99999 99999 99999 99999 99999
TBILIS 1966 09 31 2 99999 99999 99999 99999 99999 99999 99999 99999 99999 99999 99999 99999
Cosmic-Ray Neutron Monitor Data (Hourly, Pressure-Corrected and Scale-Adjusted Counts)
Collections: WDC for Cosmic Rays, Solar-Terrestrial Environment Laboratory, Nagoya Univ.
Data Access: http://center.stelab.nagoya-u.ac.jp/WDCCR/index.html
Project: ICSU WDC
Citation: WDC for Cosmic Rays, Solar-Terrestrial Environment Laboratory, Nagoya University
Station ID: TBILIS
Station:  TBILISI,GIORGIA,INSTITUT GEOPHYSIKY (IG), GIORGIAN ACADEMY OF SCIENCES,GIORGIA 
Instrument: IGY NEUTRON MONITOR, CORRECTED FOR PRESSURE TO 950.0 MB, COEF. =                
Latitude (deg.):   41.72  Longitude (deg.):   44.80  Altitude (m):  510.00
Cut-Off Rigidity (GV):    6.91
Year: 1966  Month:  10
Scaling Factor (SF):    10.0   Constant (CONST):     0.0  Real Counts = (DATA + CONST)*SF
Temporal Resolution: 1 hour
UTC Start Hour:     0.0
                                                                                
                                                        
Monthly Average:  1538.9
Updated (YYYY MM DD): 2000 00 00
*******************************************************************************************
ID     YYYY MM DD 1     0     1     2     3     4     5     6     7     8     9    10    11
ID     YYYY MM DD 2    12    13    14    15    16    17    18    19    20    21    22    23
*******************************************************************************************
TBILIS 1966 10 01 1  1497  1480  1502  1528  1504  1526  1546  1540  1530  1530  1518  1534
TBILIS 1966 10 01 2  1524  1512  1510  1516  1506  1502  1500  1536  1520  1516  1498  1474
TBILIS 1966 10 02 1  1504  1498  1493  1504  1493  1498  1510  1526  1508  1530  1532  1524
TBILIS 1966 10 02 2  1506  1528  1506  1524  1518  1518  1524  1514  1506  1506  1494  1504
TBILIS 1966 10 03 1  1496  1504  1502  1492  1526  1528  1530  1538  1540  1540  1522  1530
TBILIS 1966 10 03 2  1534  1526  1520  1518  1532  1542  1520  1530  1518  1518  1518  1528
TBILIS 1966 10 04 1  1530  1526  1506  1530  1530  1546  1526  1546  1550  1546  1540  1532
TBILIS 1966 10 04 2  1520  1536  1526  1532  1524  1514  1526  1528  1518  1540  1540  1532
TBILIS 1966 10 05 1  1532  1530  1534  1546  1540  1534  1538  1540  1562  1556  1540  1548
TBILIS 1966 10 05 2  1554  1544  1526  1540  1526  1530  1552  1554  1548  1540  1546  1530
TBILIS 1966 10 06 1  1542  1552  1562  1572  1540  1530  1556  1560  1558  1546  1544  1554
TBILIS 1966 10 06 2  1554  1570  1566  1562  1546  1524  1550  1542  1536  1534  1532  1524
TBILIS 1966 10 07 1  1526  1526  1534  1538  1538  1540 99999 99999 99999 99999  1554  1570
TBILIS 1966 10 07 2  1536  1550  1542  1540  1544  1552  1526  1542  1526  1548  1528  1530
TBILIS 1966 10 08 1  1544  1532  1528  1538  1546  1548  1550  1548  1550  1550  1558  1546
TBILIS 1966 10 08 2  1550  1562  1526  1550  1542  1550  1532  1530  1536  1534  1550  1552
TBILIS 1966 10 09 1  1558  1520  1550  1534  1548  1568  1500  1546  1524  1540  1562  1570
TBILIS 1966 10 09 2  1532  1564  1568  1586  1552  1556  1548  1550  1552  1560  1560  1540
TBILIS 1966 10 10 1  1583  1550  1528  1550  1536  1568  1568  1568  1546  1556  1566  1538
TBILIS 1966 10 10 2  1548  1560  1550  1554  1540  1538  1546  1544  1562  1546  1526  1540
TBILIS 1966 10 11 1  1546  1536  1542  1546  1544  1532  1540  1546  1530  1540  1554  1544
TBILIS 1966 10 11 2  1552  1546  1518  1546  1542  1542  1520  1532  1518  1518  1542  1512
TBILIS 1966 10 12 1  1540  1522  1538  1530  1552  1530  1548  1558  1552  1550  1560  1560
TBILIS 1966 10 12 2  1550  1550  1540  1538  1544  1550  1554  1544  1534  1532  1520  1546
TBILIS 1966 10 13 1  1540  1526  1540  1522  1540  1522  1548  1576  1584  1582  1572  1566
TBILIS 1966 10 13 2  1568  1566  1580  1552  1552  1562  1544  1550  1528  1530  1542  1526
TBILIS 1966 10 14 1 99999 99999 99999 99999 99999 99999 99999 99999 99999 99999 99999 99999
TBILIS 1966 10 14 2  1552  1558  1552  1558  1550  1556  1524  1540  1540  1530  1526  1528
TBILIS 1966 10 15 1  1524  1518  1512  1554  1540  1546  1558  1552  1580  1566  1572  1580
TBILIS 1966 10 15 2  1552  1544  1566  1550  1548  1540  1526  1540  1526  1528  1528  1546
TBILIS 1966 10 16 1  1550  1540  1530  1518  1528  1510  1526  1526  1526  1512  1518  1518
TBILIS 1966 10 16 2  1532  1536  1526  1514  1530  1530  1510  1512  1538  1512  1516  1546
TBILIS 1966 10 17 1  1536  1526  1526  1526  1526  1532  1534  1524  1528  1548  1538  1550
TBILIS 1966 10 17 2  1526  1506  1506  1516  1530  1516  1522  1532  1532  1536  1522  1524
TBILIS 1966 10 18 1  1532  1520  1540  1538  1540  1538  1534  1514  1548  1526  1536  1544
TBILIS 1966 10 18 2  1534  1540  1556  1538  1518  1518  1518  1502  1502  1489  1498  1512
TBILIS 1966 10 19 1  1534  1508  1506  1534  1526  1526  1518  1542  1544  1540  1528  1540
TBILIS 1966 10 19 2  1526  1536  1528  1548  1538  1550  1522  1540  1520  1528  1510  1550
TBILIS 1966 10 20 1  1530  1534  1550  1544  1518  1520 99999 99999 99999 99999 99999 99999
TBILIS 1966 10 20 2  1540  1542  1546  1540  1548  1556  1560  1546  1538  1544  1528  1554
TBILIS 1966 10 21 1  1548  1556  1550  1552  1546  1546  1548  1552  1560  1558  1566  1552
TBILIS 1966 10 21 2  1558  1538  1528  1556  1550  1538  1538  1546  1538  1540  1534  1550
TBILIS 1966 10 22 1  1522  1548  1536  1536  1540  1542  1562  1566  1580  1578  1580  1578
TBILIS 1966 10 22 2  1596  1580  1560  1580  1566  1560  1568  1546  1552  1568  1554  1550
TBILIS 1966 10 23 1  1552  1542  1540  1530  1548  1564  1552  1540  1562  1556  1548  1552
TBILIS 1966 10 23 2  1566  1552  1572  1546  1550  1552  1540  1530  1540  1532  1526  1530
TBILIS 1966 10 24 1  1538  1548  1512  1538  1534  1540  1544  1548  1550  1592  1562  1552
TBILIS 1966 10 24 2  1558  1546  1540  1546  1534  1552  1526  1510  1550  1516  1518  1512
TBILIS 1966 10 25 1  1526  1546  1550  1522  1522  1520  1554  1560  1562  1552  1550  1546
TBILIS 1966 10 25 2  1552  1542  1526  1526  1530  1530  1538  1530  1548  1542  1538  1528
TBILIS 1966 10 26 1  1526  1506  1512  1518  1540  1534  1542  1550  1528  1530 99999 99999
TBILIS 1966 10 26 2 99999 99999 99999 99999  1522  1530  1516  1518  1526  1528  1546  1542
TBILIS 1966 10 27 1  1534  1526  1516  1518  1522  1536  1530  1534  1532  1536  1532  1540
TBILIS 1966 10 27 2  1542  1550  1530  1546  1526  1532  1526  1516  1512  1526  1528  1540
TBILIS 1966 10 28 1  1530  1538  1530  1526  1522 99999 99999 99999 99999 99999 99999 99999
TBILIS 1966 10 28 2 99999  1522  1518  1526  1544  1524  1502  1548  1516  1534  1534  1548
TBILIS 1966 10 29 1  1530  1532  1548  1526  1538  1560  1546  1542 99999 99999  1544  1540
TBILIS 1966 10 29 2  1544  1530  1550  1542  1540  1560  1564  1552  1540  1550  1560  1546
TBILIS 1966 10 30 1  1542  1552  1532  1552  1548  1540  1550  1576  1556  1556  1546  1542
TBILIS 1966 10 30 2  1548  1552  1556  1562  1560  1562  1558  1550  1550  1572  1558  1544
TBILIS 1966 10 31 1  1558  1552  1550  1546  1572  1570  1576  1560  1558  1550  1546  1550
TBILIS 1966 10 31 2  1562  1550  1560  1552  1568  1566  1552  1576  1576  1570  1546  1550
Cosmic-Ray Neutron Monitor Data (Hourly, Pressure-Corrected and Scale-Adjusted Counts)
Collections: WDC for Cosmic Rays, Solar-Terrestrial Environment Laboratory, Nagoya Univ.
Data Access: http://center.stelab.nagoya-u.ac.jp/WDCCR/index.html
Project: ICSU WDC
Citation: WDC for Cosmic Rays, Solar-Terrestrial Environment Laboratory, Nagoya University
Station ID: TBILIS
Station:  TBILISI,GIORGIA,INSTITUT GEOPHYSIKY (IG), GIORGIAN ACADEMY OF SCIENCES,GIORGIA 
Instrument: IGY NEUTRON MONITOR, CORRECTED FOR PRESSURE TO 950.0 MB, COEF. =                
Latitude (deg.):   41.72  Longitude (deg.):   44.80  Altitude (m):  510.00
Cut-Off Rigidity (GV):    6.91
Year: 1966  Month:  11
Scaling Factor (SF):    10.0   Constant (CONST):     0.0  Real Counts = (DATA + CONST)*SF
Temporal Resolution: 1 hour
UTC Start Hour:     0.0
                                                                                
                                                        
Monthly Average:  1565.2
Updated (YYYY MM DD): 2000 00 00
*******************************************************************************************
ID     YYYY MM DD 1     0     1     2     3     4     5     6     7     8     9    10    11
ID     YYYY MM DD 2    12    13    14    15    16    17    18    19    20    21    22    23
*******************************************************************************************
TBILIS 1966 11 01 1  1554  1562  1566  1576  1564  1562  1552  1570  1550  1570  1568  1588
TBILIS 1966 11 01 2  1582  1572  1566  1568  1582  1552  1538  1562  1550  1558  1566  1554
TBILIS 1966 11 02 1  1570  1552  1570  1556  1564  1570  1572  1562  1570  1564  1572  1540
TBILIS 1966 11 02 2  1538  1548  1554  1546  1562  1552  1542  1536  1554  1536  1552  1546
TBILIS 1966 11 03 1  1546  1546  1518  1538  1552  1566  1546  1570  1548  1552  1550  1566
TBILIS 1966 11 03 2  1560  1570  1542  1566  1562  1576  1554  1550  1540  1540  1550  1552
TBILIS 1966 11 04 1  1539  1534  1546  1566  1570  1552  1570  1580  1572  1548  1548  1522
TBILIS 1966 11 04 2  1550  1542  1556  1552  1548  1554  1570  1548  1538  1552  1548  1540
TBILIS 1966 11 05 1 99999 99999 99999 99999 99999  1552  1566  1566  1564  1556  1552  1556
TBILIS 1966 11 05 2  1552  1554  1558  1580  1560  1574  1582  1566  1580  1546  1566  1556
TBILIS 1966 11 06 1  1554  1548  1552  1559  1580  1562  1552  1570  1566  1568  1592  1570
TBILIS 1966 11 06 2  1575  1564  1568  1566  1586  1584  1566  1598  1566  1574  1564  1500
TBILIS 1966 11 07 1  1580  1588  1574  1574  1576  1574  1596  1576  1591  1604  1574  1614
TBILIS 1966 11 07 2  1584  1578  1578  1588  1576  1580  1580  1586  1590  1570  1588  1578
TBILIS 1966 11 08 1  1572  1568  1566  1580  1582  1562  1558  1574  1578  1580  1572  1576
TBILIS 1966 11 08 2  1570  1566  1572  1568  1546  1560  1570  1568  1562  1574  1570  1578
TBILIS 1966 11 09 1  1548  1554  1522  1528  1540  1548  1544  1574  1586  1582  1590  1550
TBILIS 1966 11 09 2  1570  1568  1572  1566  1572  1554  1588  1590  1568  1572  1576  1568
TBILIS 1966 11 10 1  1552  1576  1566  1594  1556  1588  1572  1562  1576  1578  1562  1578
TBILIS 1966 11 10 2  1550  1554  1552  1556  1580  1572  1578  1546  1560  1566  1570  1564
TBILIS 1966 11 11 1  1552  1566  1566  1564  1540  1550  1556  1550  1564  1566  1584  1568
TBILIS 1966 11 11 2  1560  1580  1570  1554  1552  1576  1576  1576  1580  1572  1584  1552
TBILIS 1966 11 12 1  1566  1558  1542  1526  1540  1546  1566  1560 99999 99999  1554  1554
TBILIS 1966 11 12 2  1546  1566  1570  1554  1552  1576  1556  1570  1558  1558  1566  1558
TBILIS 1966 11 13 1  1552  1546  1566  1546  1554  1550  1552  1562  1572  1566  1552  1550
TBILIS 1966 11 13 2  1542  1552  1534  1546  1566  1558  1566  1564  1558  1568  1572  1560
TBILIS 1966 11 14 1  1566  1574  1562  1560  1556  1574  1588  1560  1598  1580  1570  1558
TBILIS 1966 11 14 2  1586  1580  1582  1560  1588  1572  1576  1560  1544  1594  1570  1558
TBILIS 1966 11 15 1  1558  1566  1552  1550  1546  1564  1578  1548  1584  1564  1554  1540
TBILIS 1966 11 15 2  1566  1558  1562  1534  1554  1544  1548  1530  1518  1566  1544  1530
TBILIS 1966 11 16 1  1530  1540  1546  1552  1550  1552  1550  1570  1560  1574  1570  1580
TBILIS 1966 11 16 2  1596  1570  1574  1568  1560  1556  1550  1550  1560  1568  1572  1572
TBILIS 1966 11 17 1  1558  1564  1586  1570  1573  1556  1578  1572 99999 99999 99999 99999
TBILIS 1966 11 17 2  1570  1570  1542  1546  1570  1566  1571  1558  1554  1554  1536  1536
TBILIS 1966 11 18 1  1546  1534  1512  1534  1526  1540  1548  1546  1532  1570  1578  1576
TBILIS 1966 11 18 2  1588  1570  1576  1562  1578 99999 99999 99999 99999 99999 99999 99999
TBILIS 1966 11 19 1 99999 99999 99999 99999 99999 99999 99999  1594  1560  1576  1584  1570
TBILIS 1966 11 19 2  1566  1566  1572  1562  1570  1566  1578  1586  1570  1588  1588  1590
TBILIS 1966 11 20 1  1580  1576  1586  1584  1580  1570  1578  1572  1566  1566  1550  1580
TBILIS 1966 11 20 2  1558  1566  1548  1554  1554  1564  1556  1554  1566  1566  1556  1552
TBILIS 1966 11 21 1  1566  1578  1570  1564  1560  1588  1572  1572  1566  1586  1578  1596
TBILIS 1966 11 21 2  1566  1576  1592  1594  1574  1580  1588  1576  1570  1558  1570  1568
TBILIS 1966 11 22 1  1566  1606  1592  1576  1604  1604  1594  1584  1570  1598  1580  1582
TBILIS 1966 11 22 2  1576  1572  1562  1582  1564  1566 99999 99999 99999  1586  1612  1588
TBILIS 1966 11 23 1  1588  1596  1580  1586  1580  1574  1594  1578  1574  1574  1584  1596
TBILIS 1966 11 23 2  1576  1590  1582  1581  1578  1570  1578  1566  1572  1580  1588  1566
TBILIS 1966 11 24 1  1566  1576  1572  1570  1564  1578  1596  1590  1560  1556  1576  1570
TBILIS 1966 11 24 2  1564  1566  1558  1588  1566  1568  1566  1554  1568  1552  1550  1550
TBILIS 1966 11 25 1  1574  1568  1550  1558 99999 99999 99999 99999 99999 99999  1570  1564
TBILIS 1966 11 25 2  1586  1584  1586  1552  1546  1558  1552  1554  1550  1550  1548  1544
TBILIS 1966 11 26 1  1530  1530  1570  1556  1556  1550  1552  1560  1566  1556  1532  1540
TBILIS 1966 11 26 2  1550  1568 99999 99999 99999 99999 99999 99999 99999 99999 99999 99999
TBILIS 1966 11 27 1 99999 99999  1550  1552  1556  1558  1566  1564  1554  1556  1564  1564
TBILIS 1966 11 27 2  1604  1612  1582  1584  1578  1580  1588  1590  1570  1570  1572  1574
TBILIS 1966 11 28 1 99999 99999 99999 99999 99999 99999 99999 99999  1596  1594  1580  1572
TBILIS 1966 11 28 2  1572  1572  1574  1590  1584  1580  1566  1564  1566  1560  1550  1546
TBILIS 1966 11 29 1  1554  1564  1560  1558  1578  1576  1588  1580  1596  1572  1568  1560
TBILIS 1966 11 29 2  1580  1550  1540 99999 99999 99999 99999 99999 99999 99999 99999 99999
TBILIS 1966 11 30 1 99999 99999 99999 99999 99999 99999 99999 99999 99999 99999 99999 99999
TBILIS 1966 11 30 2 99999 99999 99999 99999 99999 99999 99999 99999 99999 99999 99999 99999
TBILIS 1966 11 31 1 99999 99999 99999 99999 99999 99999 99999 99999 99999 99999 99999 99999
TBILIS 1966 11 31 2 99999 99999 99999 99999 99999 99999 99999 99999 99999 99999 99999 99999
