Cosmic-Ray Neutron Monitor Data (Hourly, Pressure-Corrected and Scale-Adjusted Counts)
Collections: WDC for Cosmic Rays, Solar-Terrestrial Environment Laboratory, Nagoya Univ.
Data Access: http://center.stelab.nagoya-u.ac.jp/WDCCR/index.html
Project: ICSU WDC
Citation: WDC for Cosmic Rays, Solar-Terrestrial Environment Laboratory, Nagoya University
Station ID: TBILIS
Station:  TBILISI,GIORGIA,INSTITUT GEOPHYSIKY (IG), GIORGIAN ACADEMY OF SCIENCES,GIORGIA 
Instrument: IGY NEUTRON MONITOR, CORRECTED FOR PRESSURE TO 950.0 MB, COEF. =                
Latitude (deg.):   41.72  Longitude (deg.):   44.80  Altitude (m):  510.00
Cut-Off Rigidity (GV):    6.91
Year: 1963  Month:   1
Scaling Factor (SF):    16.0   Constant (CONST):     0.0  Real Counts = (DATA + CONST)*SF
Temporal Resolution: 1 hour
UTC Start Hour:     0.0
                                                                                
                                                        
Monthly Average:  2633.4
Updated (YYYY MM DD): 1989 04 18
*******************************************************************************************
ID     YYYY MM DD 1     0     1     2     3     4     5     6     7     8     9    10    11
ID     YYYY MM DD 2    12    13    14    15    16    17    18    19    20    21    22    23
*******************************************************************************************
TBILIS 1963 01 01 1 99999 99999 99999 99999 99999 99999 99999 99999 99999 99999 99999 99999
TBILIS 1963 01 01 2 99999 99999 99999 99999 99999 99999 99999 99999 99999 99999 99999 99999
TBILIS 1963 01 02 1 99999 99999 99999 99999 99999 99999 99999 99999 99999 99999 99999 99999
TBILIS 1963 01 02 2 99999 99999 99999 99999 99999 99999 99999 99999 99999 99999 99999 99999
TBILIS 1963 01 03 1 99999 99999 99999 99999 99999 99999 99999 99999 99999 99999 99999 99999
TBILIS 1963 01 03 2 99999 99999 99999 99999 99999 99999 99999 99999 99999 99999 99999 99999
TBILIS 1963 01 04 1 99999 99999 99999 99999 99999 99999 99999 99999 99999 99999 99999 99999
TBILIS 1963 01 04 2 99999 99999 99999 99999 99999 99999 99999 99999 99999 99999 99999 99999
TBILIS 1963 01 05 1 99999 99999 99999 99999 99999 99999 99999 99999 99999 99999 99999 99999
TBILIS 1963 01 05 2 99999 99999 99999 99999 99999 99999 99999 99999 99999 99999 99999 99999
TBILIS 1963 01 06 1 99999 99999 99999 99999 99999 99999 99999 99999 99999 99999 99999 99999
TBILIS 1963 01 06 2 99999 99999 99999 99999 99999 99999 99999 99999 99999 99999 99999 99999
TBILIS 1963 01 07 1 99999 99999 99999 99999 99999 99999 99999 99999 99999 99999 99999 99999
TBILIS 1963 01 07 2 99999 99999 99999 99999 99999 99999 99999 99999 99999 99999 99999 99999
TBILIS 1963 01 08 1 99999 99999 99999 99999 99999 99999 99999 99999 99999 99999 99999 99999
TBILIS 1963 01 08 2 99999 99999  2625  2625  2601  2601  2668  2668  2607  2607  2578  2578
TBILIS 1963 01 09 1  2594  2594  2598  2598  2512  2512  2607  2607  2581  2581  2570  2570
TBILIS 1963 01 09 2  2588  2588  2573  2573  2612  2612  2581  2581  2598  2598  2586  2586
TBILIS 1963 01 10 1  2607  2607  2625  2625  2649  2649  2625  2625  2573  2573  2596  2596
TBILIS 1963 01 10 2  2586  2586  2607  2607  2596  2596  2633  2633  2646  2646  2638  2638
TBILIS 1963 01 11 1  2649  2649  2659  2659  2649  2649  2638  2638  2581  2581  2612  2612
TBILIS 1963 01 11 2  2652  2652  2581  2581  2584  2584  2625  2625  2588  2588  2630  2630
TBILIS 1963 01 12 1  2610  2610  2649  2649  2586  2586  2591  2591  2625  2625  2633  2633
TBILIS 1963 01 12 2  2596  2596  2578  2578  2594  2594  2625  2625  2607  2607  2607  2607
TBILIS 1963 01 13 1  2604  2604  2620  2620  2588  2588  2649  2649  2578  2578  2620  2620
TBILIS 1963 01 13 2  2586  2586  2612  2612  2614  2614  2604  2604  2588  2588  2630  2630
TBILIS 1963 01 14 1  2562  2562  2625  2625  2607  2607  2607  2607  2594  2594  2591  2591
TBILIS 1963 01 14 2  2570  2570  2614  2614  2607  2607  2630  2630  2601  2601  2620  2620
TBILIS 1963 01 15 1  2596  2596  2633  2633  2636  2636  2614  2614  2620  2620  2640  2640
TBILIS 1963 01 15 2  2649  2649  2601  2601  2568  2568  2584  2584  2594  2594  2586  2586
TBILIS 1963 01 16 1  2581  2581  2604  2604  2612  2612  2601  2601  2610  2610  2617  2617
TBILIS 1963 01 16 2  2665  2665  2601  2601  2586  2586  2596  2596  2614  2614  2649  2649
TBILIS 1963 01 17 1  2591  2591  2591  2591  2620  2620  2586  2586  2691  2691  2705  2705
TBILIS 1963 01 17 2  2656  2656  2638  2638  2604  2604  2620  2620  2612  2612  2601  2601
TBILIS 1963 01 18 1  2604  2604  2614  2614  2622  2622  2565  2565  2576  2576  2622  2622
TBILIS 1963 01 18 2  2591  2591  2640  2640  2614  2614  2612  2612  2649  2649  2640  2640
TBILIS 1963 01 19 1  2630  2630  2628  2628  2628  2628  2535  2535  2598  2598  2659  2659
TBILIS 1963 01 19 2  2652  2652  2596  2596  2656  2656  2662  2662  2638  2638  2635  2635
TBILIS 1963 01 20 1  2604  2604  2568  2568  2688  2688  2643  2643  2640  2640  2678  2678
TBILIS 1963 01 20 2  2649  2649  2607  2607  2565  2565  2586  2586  2545  2545  2607  2607
TBILIS 1963 01 21 1  2633  2633  2649  2649  2654  2654  2591  2591  2578  2578  2601  2601
TBILIS 1963 01 21 2  2638  2638  2610  2610  2620  2620  2628  2628  2588  2588  2636  2636
TBILIS 1963 01 22 1  2617  2617  2649  2649  2596  2596  2573  2573  2617  2617  2640  2640
TBILIS 1963 01 22 2  2643  2643  2612  2612  2591  2591  2638  2638  2638  2638  2565  2565
TBILIS 1963 01 23 1  2562  2562  2630  2630  2601  2601  2610  2610  2638  2638  2638  2638
TBILIS 1963 01 23 2  2601  2601  2620  2620  2614  2614  2633  2633  2604  2604  2620  2620
TBILIS 1963 01 24 1  2610  2610  2610  2610  2622  2622  2601  2601  2649  2649  2562  2562
TBILIS 1963 01 24 2  2610  2610  2646  2646  2643  2643  2591  2591  2570  2570  2565  2565
TBILIS 1963 01 25 1  2586  2586  2598  2598  2640  2640  2610  2610  2686  2686  2656  2656
TBILIS 1963 01 25 2  2649  2649  2652  2652  2638  2638  2643  2643  2612  2612  2610  2610
TBILIS 1963 01 26 1  2670  2670  2638  2638  2697  2697  2675  2675  2691  2691  2652  2652
TBILIS 1963 01 26 2  2638  2638  2672  2672  2652  2652  2694  2694  2646  2646  2622  2622
TBILIS 1963 01 27 1  2612  2612  2633  2633  2638  2638  2640  2640  2697  2697  2690  2690
TBILIS 1963 01 27 2  2633  2633  2718  2718  2757  2757  2754  2754  2776  2776  2656  2656
TBILIS 1963 01 28 1  2654  2654  2668  2668  2688  2688  2708  2708  2697  2697  2700  2700
TBILIS 1963 01 28 2  2716  2716  2690  2690  2630  2630  2670  2670  2649  2649  2640  2640
TBILIS 1963 01 29 1  2620  2620  2697  2697  2636  2636  2716  2716  2760  2760  2741  2741
TBILIS 1963 01 29 2  2760  2760  2681  2681  2738  2738  2718  2718  2705  2705  2744  2744
TBILIS 1963 01 30 1  2729  2729  2690  2690  2721  2721  2738  2738  2686  2686  2724  2724
TBILIS 1963 01 30 2  2744  2744  2724  2724  2702  2702  2688  2688  2675  2675  2686  2686
TBILIS 1963 01 31 1  2675  2675  2751  2751  2735  2735  2710  2710  2672  2672  2744  2744
TBILIS 1963 01 31 2  2741  2741  2691  2691  2702  2702  2716  2716  2688  2688  2690  2690
Cosmic-Ray Neutron Monitor Data (Hourly, Pressure-Corrected and Scale-Adjusted Counts)
Collections: WDC for Cosmic Rays, Solar-Terrestrial Environment Laboratory, Nagoya Univ.
Data Access: http://center.stelab.nagoya-u.ac.jp/WDCCR/index.html
Project: ICSU WDC
Citation: WDC for Cosmic Rays, Solar-Terrestrial Environment Laboratory, Nagoya University
Station ID: TBILIS
Station:  TBILISI,GIORGIA,INSTITUT GEOPHYSIKY (IG), GIORGIAN ACADEMY OF SCIENCES,GIORGIA 
Instrument: IGY NEUTRON MONITOR, CORRECTED FOR PRESSURE TO 950.0 MB, COEF. =                
Latitude (deg.):   41.72  Longitude (deg.):   44.80  Altitude (m):  510.00
Cut-Off Rigidity (GV):    6.91
Year: 1963  Month:   2
Scaling Factor (SF):    16.0   Constant (CONST):     0.0  Real Counts = (DATA + CONST)*SF
Temporal Resolution: 1 hour
UTC Start Hour:     0.0
                                                                                
                                                        
Monthly Average:  2613.4
Updated (YYYY MM DD): 1989 04 18
*******************************************************************************************
ID     YYYY MM DD 1     0     1     2     3     4     5     6     7     8     9    10    11
ID     YYYY MM DD 2    12    13    14    15    16    17    18    19    20    21    22    23
*******************************************************************************************
TBILIS 1963 02 01 1  2692  2692  2682  2682  2730  2730  2706  2706  2656  2656  2614  2614
TBILIS 1963 02 01 2  2660  2660  2672  2672  2662  2662  2692  2692  2688  2688  2682  2682
TBILIS 1963 02 02 1  2634  2634  2692  2692  2610  2610  2640  2640  2596  2596  2620  2620
TBILIS 1963 02 02 2  2628  2628  2654  2654  2652  2652  2654  2654  2660  2660  2708  2708
TBILIS 1963 02 03 1  2686  2686  2714  2714  2668  2668  2584  2584  2584  2584  2550  2550
TBILIS 1963 02 03 2  2560  2560  2610  2610  2578  2578  2614  2614  2612  2612  2608  2608
TBILIS 1963 02 04 1  2562  2562  2512  2512  2540  2540  2552  2552  2546  2546  2614  2614
TBILIS 1963 02 04 2  2560  2560  2584  2584  2586  2586  2588  2588  2560  2560  2570  2570
TBILIS 1963 02 05 1  2574  2574  2598  2598  2524  2524  2602  2602  2548  2548  2610  2610
TBILIS 1963 02 05 2  2576  2576  2568  2568  2588  2588  2574  2574  2578  2578  2574  2574
TBILIS 1963 02 06 1  2592  2592  2550  2550  2608  2608  2594  2594  2636  2636  2584  2584
TBILIS 1963 02 06 2  2626  2626  2598  2598  2620  2620  2626  2626  2594  2594  2592  2592
TBILIS 1963 02 07 1  2578  2578  2620  2620  2610  2610  2596  2596 99999 99999  2614  2614
TBILIS 1963 02 07 2  2586  2586  2592  2592  2654  2654  2584  2584  2602  2602  2610  2610
TBILIS 1963 02 08 1  2579  2579  2636  2636  2576  2576  2678  2678  2628  2628  2610  2610
TBILIS 1963 02 08 2  2588  2588  2608  2608  2586  2586  2576  2576  2562  2562  2566  2566
TBILIS 1963 02 09 1  2548  2548  2612  2612  2630  2630  2578  2578  2550  2550  2588  2588
TBILIS 1963 02 09 2  2560  2560  2586  2586  2576  2576  2612  2612  2594  2594  2586  2586
TBILIS 1963 02 10 1  2586  2586  2608  2608  2602  2602  2612  2612  2650  2650  2604  2604
TBILIS 1963 02 10 2  2638  2638  2614  2614  2618  2618  2582  2582  2588  2588  2584  2584
TBILIS 1963 02 11 1  2592  2592  2598  2598  2578  2578  2596  2596  2638  2638  2634  2634
TBILIS 1963 02 11 2  2622  2622  2604  2604  2582  2582  2594  2594  2556  2556  2502  2502
TBILIS 1963 02 12 1  2598  2598  2630  2630  2549  2549  2598  2598  2568  2568  2598  2598
TBILIS 1963 02 12 2  2582  2582  2578  2578  2552  2552  2582  2582  2654  2654  2588  2588
TBILIS 1963 02 13 1  2592  2592  2586  2586  2614  2614  2640  2640  2594  2594  2596  2596
TBILIS 1963 02 13 2  2638  2638  2576  2576  2612  2612  2588  2588  2614  2614  2598  2598
TBILIS 1963 02 14 1  2604  2604  2626  2626  2678  2678  2612  2612  2610  2610  2610  2610
TBILIS 1963 02 14 2  2620  2620  2670  2670  2646  2646  2668  2668  2672  2672  2678  2678
TBILIS 1963 02 15 1  2686  2686  2676  2676  2706  2706  2744  2744  2738  2738  2692  2692
TBILIS 1963 02 15 2  2718  2718  2718  2718  2710  2710  2702  2702  2710  2710  2724  2724
TBILIS 1963 02 16 1  2684  2684  2694  2694  2716  2716  2670  2670  2718  2718  2668  2668
TBILIS 1963 02 16 2  2678  2678  2630  2630  2618  2618  2612  2612  2644  2644  2636  2636
TBILIS 1963 02 17 1  2636  2636  2594  2594  2668  2668  2622  2622  2620  2620  2618  2618
TBILIS 1963 02 17 2  2586  2586  2594  2594  2628  2628 99999 99999 99999 99999 99999 99999
TBILIS 1963 02 18 1 99999 99999 99999 99999  2640  2640  2630  2630  2634  2634  2662  2662
TBILIS 1963 02 18 2  2654  2654  2626  2626  2602  2602  2614  2614  2634  2634  2614  2614
TBILIS 1963 02 19 1  2654  2654  2672  2672  2654  2654  2628  2628  2668  2668  2662  2662
TBILIS 1963 02 19 2  2706  2706  2724  2724  2708  2708  2654  2654  2628  2628  2602  2602
TBILIS 1963 02 20 1  2676  2676  2684  2684  2672  2672  2766  2766  2670  2670  2620  2620
TBILIS 1963 02 20 2  2708  2708 99999 99999 99999 99999 99999 99999 99999 99999 99999 99999
TBILIS 1963 02 21 1  2620  2620  2614  2614  2582  2582  2662  2662  2622  2622  2626  2626
TBILIS 1963 02 21 2  2598  2598  2588  2588  2582  2582  2612  2612  2630  2630  2578  2578
TBILIS 1963 02 22 1  2618  2618  2628  2628  2604  2604  2634  2634  2596  2596  2630  2630
TBILIS 1963 02 22 2  2578  2578  2558  2558  2604  2604  2620  2620  2560  2560  2654  2654
TBILIS 1963 02 23 1  2626  2626  2622  2622  2672  2672  2678  2678  2608  2608  2614  2614
TBILIS 1963 02 23 2  2570  2570  2614  2614  2644  2644  2668  2668  2620  2620  2652  2652
TBILIS 1963 02 24 1  2576  2576  2668  2668  2608  2608  2618  2618  2650  2650  2654  2654
TBILIS 1963 02 24 2  2670  2670  2694  2694  2678  2678  2636  2636  2596  2596  2662  2662
TBILIS 1963 02 25 1  2656  2656  2640  2640  2640  2640  2656  2656  2622  2622  2666  2666
TBILIS 1963 02 25 2  2644  2644  2676  2676  2604  2604  2630  2630  2656  2656  2646  2646
TBILIS 1963 02 26 1  2620  2620  2618  2618  2520  2520  2552  2552  2574  2574  2512  2512
TBILIS 1963 02 26 2  2514  2514  2512  2512  2520  2520  2502  2502  2570  2570  2528  2528
TBILIS 1963 02 27 1  2540  2540  2522  2522  2568  2568  2538  2538  2514  2514  2542  2542
TBILIS 1963 02 27 2  2508  2508  2540  2540  2518  2518  2492  2492  2502  2502  2532  2532
TBILIS 1963 02 28 1  2502  2502  2530  2530  2490  2490  2528  2528  2548  2548  2574  2574
TBILIS 1963 02 28 2  2550  2550  2558  2558  2482  2482  2512  2512  2502  2502  2530  2530
TBILIS 1963 02 29 1 99999 99999 99999 99999 99999 99999 99999 99999 99999 99999 99999 99999
TBILIS 1963 02 29 2 99999 99999 99999 99999 99999 99999 99999 99999 99999 99999 99999 99999
TBILIS 1963 02 30 1 99999 99999 99999 99999 99999 99999 99999 99999 99999 99999 99999 99999
TBILIS 1963 02 30 2 99999 99999 99999 99999 99999 99999 99999 99999 99999 99999 99999 99999
TBILIS 1963 02 31 1 99999 99999 99999 99999 99999 99999 99999 99999 99999 99999 99999 99999
TBILIS 1963 02 31 2 99999 99999 99999 99999 99999 99999 99999 99999 99999 99999 99999 99999
Cosmic-Ray Neutron Monitor Data (Hourly, Pressure-Corrected and Scale-Adjusted Counts)
Collections: WDC for Cosmic Rays, Solar-Terrestrial Environment Laboratory, Nagoya Univ.
Data Access: http://center.stelab.nagoya-u.ac.jp/WDCCR/index.html
Project: ICSU WDC
Citation: WDC for Cosmic Rays, Solar-Terrestrial Environment Laboratory, Nagoya University
Station ID: TBILIS
Station:  TBILISI,GIORGIA,INSTITUT GEOPHYSIKY (IG), GIORGIAN ACADEMY OF SCIENCES,GIORGIA 
Instrument: IGY NEUTRON MONITOR, CORRECTED FOR PRESSURE TO 950.0 MB, COEF. =                
Latitude (deg.):   41.72  Longitude (deg.):   44.80  Altitude (m):  510.00
Cut-Off Rigidity (GV):    6.91
Year: 1963  Month:   3
Scaling Factor (SF):    16.0   Constant (CONST):     0.0  Real Counts = (DATA + CONST)*SF
Temporal Resolution: 1 hour
UTC Start Hour:     0.0
                                                                                
                                                        
Monthly Average:  2539.4
Updated (YYYY MM DD): 1989 04 18
*******************************************************************************************
ID     YYYY MM DD 1     0     1     2     3     4     5     6     7     8     9    10    11
ID     YYYY MM DD 2    12    13    14    15    16    17    18    19    20    21    22    23
*******************************************************************************************
TBILIS 1963 03 01 1  2517  2517  2550  2550  2524  2524  2542  2542  2560  2560  2530  2530
TBILIS 1963 03 01 2  2574  2574  2522  2522  2532  2532  2492  2492  2482  2482  2484  2484
TBILIS 1963 03 02 1  2524  2524  2548  2548  2512  2512  2514  2514  2538  2538  2535  2535
TBILIS 1963 03 02 2  2476  2476  2489  2489  2468  2468  2494  2494  2542  2542  2542  2542
TBILIS 1963 03 03 1  2548  2548  2560  2560  2542  2542  2502  2502  2507  2507  2535  2535
TBILIS 1963 03 03 2  2530  2530  2522  2522  2550  2550  2499  2499  2496  2496  2507  2507
TBILIS 1963 03 04 1  2510  2510  2512  2512  2512  2512  2524  2524  2499  2499  2535  2535
TBILIS 1963 03 04 2  2560  2560  2499  2499  2550  2550  2524  2524  2584  2584  2486  2486
TBILIS 1963 03 05 1  2530  2530  2510  2510  2517  2517  2562  2562  2524  2524  2565  2565
TBILIS 1963 03 05 2  2540  2540  2550  2550  2520  2520  2620  2620  2591  2591 99999 99999
TBILIS 1963 03 06 1 99999 99999 99999 99999 99999 99999 99999 99999  2542  2542  2522  2522
TBILIS 1963 03 06 2  2538  2538  2535  2535  2548  2548  2425  2425  2591  2591  2612  2612
TBILIS 1963 03 07 1  2625  2625  2610  2610  2656  2656  2552  2552  2607  2607  2565  2565
TBILIS 1963 03 07 2  2538  2538  2573  2573  2576  2576  2510  2510  2588  2588  2588  2588
TBILIS 1963 03 08 1  2555  2555  2601  2601  2604  2604  2620  2620  2568  2568  2578  2578
TBILIS 1963 03 08 2  2604  2604  2638  2638  2675  2675  2576  2576  2542  2542  2550  2550
TBILIS 1963 03 09 1  2565  2565  2573  2573  2527  2527  2520  2520  2540  2540  2532  2532
TBILIS 1963 03 09 2  2540  2540  2548  2548  2517  2517  2535  2535  2548  2548  2520  2520
TBILIS 1963 03 10 1  2494  2494  2484  2484  2504  2504  2542  2542  2512  2512  2499  2499
TBILIS 1963 03 10 2  2517  2517  2532  2532  2530  2530  2496  2496  2507  2507  2486  2486
TBILIS 1963 03 11 1  2486  2486  2502  2502  2538  2538  2522  2522  2576  2576 99999 99999
TBILIS 1963 03 11 2 99999 99999 99999 99999 99999 99999 99999 99999 99999 99999 99999 99999
TBILIS 1963 03 12 1 99999 99999 99999 99999 99999 99999 99999 99999 99999 99999 99999 99999
TBILIS 1963 03 12 2 99999 99999  2489  2489  2447  2447  2468  2468  2476  2476  2542  2542
TBILIS 1963 03 13 1  2510  2510  2502  2502  2512  2512  2492  2492  2507  2507  2464  2464
TBILIS 1963 03 13 2  2462  2462  2462  2462  2430  2430  2466  2466  2450  2450  2439  2439
TBILIS 1963 03 14 1  2471  2471  2474  2474  2454  2454  2538  2538  2444  2444  2444  2444
TBILIS 1963 03 14 2  2459  2459  2471  2471  2430  2430  2466  2466  2482  2482  2482  2482
TBILIS 1963 03 15 1  2502  2502  2486  2486  2494  2494  2434  2434  2492  2492  2512  2512
TBILIS 1963 03 15 2  2522  2522  2454  2454  2496  2496  2479  2479  2492  2492  2514  2514
TBILIS 1963 03 16 1  2530  2530  2520  2520  2504  2504  2482  2482  2510  2510  2517  2517
TBILIS 1963 03 16 2  2573  2573  2522  2522  2617  2617  2552  2552  2538  2538  2535  2535
TBILIS 1963 03 17 1  2586  2586  2542  2542  2507  2507  2496  2496  2552  2552  2598  2598
TBILIS 1963 03 17 2  2522  2522  2514  2514  2573  2573  2510  2510  2538  2538  2562  2562
TBILIS 1963 03 18 1  2548  2548  2562  2562  2570  2570  2542  2542  2532  2532  2555  2555
TBILIS 1963 03 18 2  2555  2555  2558  2558  2565  2565  2560  2560  2507  2507  2540  2540
TBILIS 1963 03 19 1  2520  2520  2542  2542  2517  2517  2527  2527  2517  2517  2552  2552
TBILIS 1963 03 19 2  2540  2540  2558  2558  2507  2507  2565  2565  2586  2586  2596  2596
TBILIS 1963 03 20 1  2584  2584  2586  2586  2555  2555  2545  2545  2560  2560  2594  2594
TBILIS 1963 03 20 2  2558  2558  2584  2584  2591  2591  2570  2570  2612  2612  2601  2601
TBILIS 1963 03 21 1  2604  2604  2596  2596  2514  2514  2517  2517  2510  2510  2517  2517
TBILIS 1963 03 21 2  2545  2545  2538  2538  2550  2550  2558  2558  2522  2522  2520  2520
TBILIS 1963 03 22 1  2530  2530  2581  2581  2545  2545  2586  2586  2527  2527  2540  2540
TBILIS 1963 03 22 2  2596  2596  2532  2532  2562  2562  2540  2540  2494  2494  2591  2591
TBILIS 1963 03 23 1  2552  2552  2542  2542  2542  2542  2532  2532  2530  2530  2555  2555
TBILIS 1963 03 23 2  2565  2565  2535  2535  2527  2527  2517  2517  2562  2562  2510  2510
TBILIS 1963 03 24 1  2535  2535  2527  2527  2530  2530  2540  2540  2573  2573  2552  2552
TBILIS 1963 03 24 2  2542  2542  2489  2489  2530  2530  2542  2542  2530  2530  2570  2570
TBILIS 1963 03 25 1  2591  2591  2576  2576  2494  2494  2550  2550  2538  2538  2562  2562
TBILIS 1963 03 25 2  2499  2499  2507  2507  2492  2492  2530  2530  2517  2517  2532  2532
TBILIS 1963 03 26 1  2510  2510  2532  2532  2517  2517  2578  2578  2576  2576  2540  2540
TBILIS 1963 03 26 2  2548  2548  2540  2540  2538  2538  2649  2649  2649  2649  2607  2607
TBILIS 1963 03 27 1  2479  2479  2482  2482  2538  2538  2550  2550  2548  2548  2555  2555
TBILIS 1963 03 27 2  2573  2573  2548  2548  2555  2555  2570  2570  2562  2562  2545  2545
TBILIS 1963 03 28 1  2596  2596  2560  2560  2548  2548  2504  2504  2594  2594  2530  2530
TBILIS 1963 03 28 2  2576  2576  2612  2612  2552  2552  2558  2558  2588  2588  2550  2550
TBILIS 1963 03 29 1  2594  2594  2548  2548  2560  2560  2573  2573  2584  2584  2562  2562
TBILIS 1963 03 29 2  2578  2578  2568  2568  2612  2612  2560  2560  2584  2584  2548  2548
TBILIS 1963 03 30 1  2576  2576  2558  2558  2604  2604  2568  2568  2570  2570  2594  2594
TBILIS 1963 03 30 2  2560  2560  2625  2625  2614  2614  2607  2607  2596  2596  2562  2562
TBILIS 1963 03 31 1  2578  2578  2562  2562  2578  2578  2568  2568  2596  2596  2576  2576
TBILIS 1963 03 31 2  2545  2545  2545  2545  2548  2548  2548  2548  2542  2542  2530  2530
Cosmic-Ray Neutron Monitor Data (Hourly, Pressure-Corrected and Scale-Adjusted Counts)
Collections: WDC for Cosmic Rays, Solar-Terrestrial Environment Laboratory, Nagoya Univ.
Data Access: http://center.stelab.nagoya-u.ac.jp/WDCCR/index.html
Project: ICSU WDC
Citation: WDC for Cosmic Rays, Solar-Terrestrial Environment Laboratory, Nagoya University
Station ID: TBILIS
Station:  TBILISI,GIORGIA,INSTITUT GEOPHYSIKY (IG), GIORGIAN ACADEMY OF SCIENCES,GIORGIA 
Instrument: IGY NEUTRON MONITOR, CORRECTED FOR PRESSURE TO 950.0 MB, COEF. =                
Latitude (deg.):   41.72  Longitude (deg.):   44.80  Altitude (m):  510.00
Cut-Off Rigidity (GV):    6.91
Year: 1963  Month:   4
Scaling Factor (SF):    16.0   Constant (CONST):     0.0  Real Counts = (DATA + CONST)*SF
Temporal Resolution: 1 hour
UTC Start Hour:     0.0
                                                                                
                                                        
Monthly Average:  2775.4
Updated (YYYY MM DD): 1989 04 18
*******************************************************************************************
ID     YYYY MM DD 1     0     1     2     3     4     5     6     7     8     9    10    11
ID     YYYY MM DD 2    12    13    14    15    16    17    18    19    20    21    22    23
*******************************************************************************************
TBILIS 1963 04 01 1  2630  2630  2697  2697  2697  2697  2708  2708  2668  2668  2614  2614
TBILIS 1963 04 01 2  2640  2640  2654  2654  2665  2665  2628  2628  2625  2625  2588  2588
TBILIS 1963 04 02 1  2617  2617  2640  2640  2633  2633  2672  2672  2700  2700  2665  2665
TBILIS 1963 04 02 2  2654  2654  2738  2738  2790  2790  2665  2665  2694  2694  2659  2659
TBILIS 1963 04 03 1  2633  2633  2625  2625  2668  2668  2705  2705  2672  2672  2710  2710
TBILIS 1963 04 03 2  2702  2702  2688  2688  2662  2662  2656  2656  2643  2643  2652  2652
TBILIS 1963 04 04 1  2665  2665  2654  2654  2697  2697  2726  2726  2691  2691  2670  2670
TBILIS 1963 04 04 2  2694  2694  2768  2768  2770  2770  2760  2760  2776  2776  2738  2738
TBILIS 1963 04 05 1  2708  2708  2746  2746  2726  2726  2757  2757  2746  2746  2744  2744
TBILIS 1963 04 05 2  2748  2748  2754  2754  2770  2770  2741  2741  2751  2751  2748  2748
TBILIS 1963 04 06 1  2728  2728  2748  2748  2735  2735  2754  2754  2754  2754  2770  2770
TBILIS 1963 04 06 2  2776  2776  2724  2724  2748  2748  2705  2705  2741  2741  2770  2770
TBILIS 1963 04 07 1  2779  2779  2784  2784  2748  2748  2744  2744  2744  2744  2741  2741
TBILIS 1963 04 07 2  2702  2702  2705  2705  2724  2724  2735  2735  2744  2744  2748  2748
TBILIS 1963 04 08 1  2728  2728  2765  2765  2721  2721  2782  2782 99999 99999 99999 99999
TBILIS 1963 04 08 2  2729  2729  2773  2773  2751  2751  2721  2721  2697  2697  2691  2691
TBILIS 1963 04 09 1  2735  2735  2721  2721  2746  2746  2738  2738  2726  2726  2710  2710
TBILIS 1963 04 09 2  2768  2768  2678  2678  2744  2744  2708  2708  2694  2694  2716  2716
TBILIS 1963 04 10 1  2726  2726  2702  2702  2741  2741  2757  2757  2760  2760  2754  2754
TBILIS 1963 04 10 2  2705  2705  2741  2741  2748  2748  2757  2757  2765  2765  2784  2784
TBILIS 1963 04 11 1  2776  2776  2744  2744  2801  2801  2779  2779  2815  2815  2757  2757
TBILIS 1963 04 11 2  2760  2760  2765  2765  2757  2757  2754  2754  2762  2762  2773  2773
TBILIS 1963 04 12 1  2757  2757  2738  2738  2810  2810  2782  2782  2748  2748  2762  2762
TBILIS 1963 04 12 2  2760  2760  2787  2787  2768  2768  2760  2760  2735  2735  2744  2744
TBILIS 1963 04 13 1  2710  2710  2770  2770  2738  2738  2684  2684  2636  2636  2659  2659
TBILIS 1963 04 13 2  2672  2672  2770  2770  2691  2691  2684  2684  2686  2686  2760  2760
TBILIS 1963 04 14 1  2625  2625  2729  2729  2724  2724  2801  2801  2784  2784  2787  2787
TBILIS 1963 04 14 2  2798  2798  2708  2708  2812  2812  2844  2844  2713  2713  2773  2773
TBILIS 1963 04 15 1  2835  2835  2807  2807  2769  2769  2832  2832  2807  2807  2829  2829
TBILIS 1963 04 15 2  2863  2863  2901  2901  2887  2887  2875  2875  2887  2887  2895  2895
TBILIS 1963 04 16 1  2898  2898  2895  2895  2815  2815  2782  2782  2773  2773  2807  2807
TBILIS 1963 04 16 2  2751  2751  2768  2768  2744  2744  2746  2746 99999 99999 99999 99999
TBILIS 1963 04 17 1 99999 99999 99999 99999 99999 99999  2829  2829  2607  2607  2782  2782
TBILIS 1963 04 17 2  2760  2760  2855  2855  2898  2898  2801  2801  2776  2776 99999 99999
TBILIS 1963 04 18 1 99999 99999 99999 99999  2818  2818  2832  2832  2890  2890  2796  2796
TBILIS 1963 04 18 2  2804  2804  2872  2872  2835  2835  2844  2844  2835  2835  2818  2818
TBILIS 1963 04 19 1  2796  2796  2810  2810  2804  2804  2826  2826  2838  2838  2835  2835
TBILIS 1963 04 19 2  2829  2829  2826  2826  2768  2768  2741  2741  2765  2765  2846  2846
TBILIS 1963 04 20 1  2812  2812  2790  2790  2796  2796 99999 99999 99999 99999 99999 99999
TBILIS 1963 04 20 2  2832  2832  2826  2826  2804  2804  2812  2812  2844  2844  2815  2815
TBILIS 1963 04 21 1  2818  2818  2796  2796  2852  2852  2863  2863  2844  2844  2844  2844
TBILIS 1963 04 21 2  2821  2821  2863  2863  2790  2790  2875  2875  2872  2872  2869  2869
TBILIS 1963 04 22 1  2869  2869  2863  2863  2866  2866  2895  2895  2824  2824  2754  2754
TBILIS 1963 04 22 2  2838  2838  2838  2838  2804  2804  2812  2812  2841  2841  2846  2846
TBILIS 1963 04 23 1  2824  2824  2818  2818  2852  2852  2815  2815  2835  2835  2852  2852
TBILIS 1963 04 23 2  2801  2801  2878  2878  2855  2855  2878  2878  2860  2860  2855  2855
TBILIS 1963 04 24 1  2844  2844  2810  2810  2741  2741  2768  2768  2779  2779  2801  2801
TBILIS 1963 04 24 2  2776  2776  2818  2818  2860  2860  2815  2815  2821  2821  2818  2818
TBILIS 1963 04 25 1  2757  2757  2812  2812  2738  2738  2878  2878  2901  2901  2849  2849
TBILIS 1963 04 25 2  2812  2812  2860  2860  2821  2821  2869  2869  2804  2804  2810  2810
TBILIS 1963 04 26 1  2812  2812  2787  2787  2801  2801  2821  2821  2798  2798  2835  2835
TBILIS 1963 04 26 2  2838  2838  2838  2838  2846  2846  2826  2826  2807  2807  2798  2798
TBILIS 1963 04 27 1  2793  2793  2807  2807  2838  2838  2841  2841  2829  2829  2844  2844
TBILIS 1963 04 27 2  2796  2796  2858  2858  2810  2810  2832  2832  2824  2824  2818  2818
TBILIS 1963 04 28 1  2844  2844  2841  2841  2821  2821  2858  2858  2818  2818  2824  2824
TBILIS 1963 04 28 2  2860  2860 99999 99999 99999 99999  2784  2784  2717  2717  2702  2702
TBILIS 1963 04 29 1  2729  2729  2724  2724  2748  2748  2770  2770  2790  2790  2815  2815
TBILIS 1963 04 29 2  2832  2832  2866  2866  2846  2846  2901  2901  2872  2872  2829  2829
TBILIS 1963 04 30 1  2835  2835  2838  2838  2841  2841  2829  2829  2804  2804  2815  2815
TBILIS 1963 04 30 2  2855  2855  2835  2835  2835  2835  2841  2841  2858  2858  2863  2863
TBILIS 1963 04 31 1 99999 99999 99999 99999 99999 99999 99999 99999 99999 99999 99999 99999
TBILIS 1963 04 31 2 99999 99999 99999 99999 99999 99999 99999 99999 99999 99999 99999 99999
Cosmic-Ray Neutron Monitor Data (Hourly, Pressure-Corrected and Scale-Adjusted Counts)
Collections: WDC for Cosmic Rays, Solar-Terrestrial Environment Laboratory, Nagoya Univ.
Data Access: http://center.stelab.nagoya-u.ac.jp/WDCCR/index.html
Project: ICSU WDC
Citation: WDC for Cosmic Rays, Solar-Terrestrial Environment Laboratory, Nagoya University
Station ID: TBILIS
Station:  TBILISI,GIORGIA,INSTITUT GEOPHYSIKY (IG), GIORGIAN ACADEMY OF SCIENCES,GIORGIA 
Instrument: IGY NEUTRON MONITOR, CORRECTED FOR PRESSURE TO 950.0 MB, COEF. =                
Latitude (deg.):   41.72  Longitude (deg.):   44.80  Altitude (m):  510.00
Cut-Off Rigidity (GV):    6.91
Year: 1963  Month:   5
Scaling Factor (SF):    16.0   Constant (CONST):     0.0  Real Counts = (DATA + CONST)*SF
Temporal Resolution: 1 hour
UTC Start Hour:     0.0
                                                                                
                                                        
Monthly Average:  2868.0
Updated (YYYY MM DD): 1989 04 18
*******************************************************************************************
ID     YYYY MM DD 1     0     1     2     3     4     5     6     7     8     9    10    11
ID     YYYY MM DD 2    12    13    14    15    16    17    18    19    20    21    22    23
*******************************************************************************************
TBILIS 1963 05 01 1  2838  2838  2866  2866  2826  2826  2832  2832  2844  2844  2835  2835
TBILIS 1963 05 01 2  2849  2849  2852  2852  2841  2841  2829  2829  2829  2829  2835  2835
TBILIS 1963 05 02 1  2818  2818  2807  2807  2818  2818  2818  2818  2849  2849  2863  2863
TBILIS 1963 05 02 2  2835  2835  2872  2872  2907  2907  2904  2904  2872  2872  2852  2852
TBILIS 1963 05 03 1  2841  2841  2826  2826  2835  2835  2804  2804  2782  2782  2790  2790
TBILIS 1963 05 03 2  2812  2812  2810  2810  2776  2776  2818  2818  2804  2804  2735  2735
TBILIS 1963 05 04 1  2735  2735  2718  2718  2754  2754  2776  2776  2801  2801  2804  2804
TBILIS 1963 05 04 2  2810  2810  2776  2776  2863  2863  2846  2846  2796  2796  2812  2812
TBILIS 1963 05 05 1  2866  2866  2863  2863  2866  2866  2855  2855  2846  2846  2846  2846
TBILIS 1963 05 05 2  2798  2798  2782  2782  2829  2829  2801  2801  2835  2835  2841  2841
TBILIS 1963 05 06 1  2838  2838  2838  2838  2887  2887  2860  2860  2855  2855  2852  2852
TBILIS 1963 05 06 2  2841  2841  2852  2852  2875  2875  2844  2844  2875  2875  2881  2881
TBILIS 1963 05 07 1  2849  2849  2924  2924  2866  2866  2869  2869  2875  2875  2910  2910
TBILIS 1963 05 07 2  2921  2921  2915  2915  3001  3001  2969  2969  2942  2942  2975  2975
TBILIS 1963 05 08 1  2933  2933  2992  2992  2978  2978  2960  2960  3026  3026  3026  3026
TBILIS 1963 05 08 2  3004  3004  3023  3023  3026  3026  3001  3001  2960  2960  2960  2960
TBILIS 1963 05 09 1  3013  3013  3047  3047  3041  3041  3023  3023  3004  3004  3010  3010
TBILIS 1963 05 09 2  3013  3013  2986  2986  2983  2983  2972  2972  2927  2927  2948  2948
TBILIS 1963 05 10 1  2980  2980  2933  2933  3007  3007  3013  3013  3032  3032  3013  3013
TBILIS 1963 05 10 2  2992  2992  3016  3016  2948  2948  2951  2951  2924  2924  2995  2995
TBILIS 1963 05 11 1  2844  2844  2832  2832  2849  2849  2855  2855  2858  2858  2860  2860
TBILIS 1963 05 11 2  2849  2849  2875  2875  2933  2933  2881  2881  2866  2866  2884  2884
TBILIS 1963 05 12 1  2907  2907  2890  2890  2881  2881  2901  2901  2892  2892  2939  2939
TBILIS 1963 05 12 2  2915  2915  2915  2915  2930  2930  2957  2957  2942  2942  2951  2951
TBILIS 1963 05 13 1  2954  2954  2960  2960  2992  2992  2995  2995  2983  2983  2998  2998
TBILIS 1963 05 13 2  2989  2989  2980  2980  2969  2969  2957  2957  2983  2983  2957  2957
TBILIS 1963 05 14 1  2930  2930  2942  2942  2951  2951  2957  2957  2963  2963  2927  2927
TBILIS 1963 05 14 2  2942  2942  2945  2945  2927  2927  2951  2951  2907  2907  2901  2901
TBILIS 1963 05 15 1  2895  2895  2881  2881  2875  2875  2881  2881  2881  2881  2858  2858
TBILIS 1963 05 15 2  2866  2866  2846  2846  2918  2918  2875  2875  2860  2860  2860  2860
TBILIS 1963 05 16 1  2863  2863  2849  2849  2875  2875  2895  2895  2875  2875  2884  2884
TBILIS 1963 05 16 2  2863  2863  2838  2838  2860  2860  2863  2863  2875  2875  2863  2863
TBILIS 1963 05 17 1  2849  2849  2852  2852  2881  2881  2872  2872  2849  2849  2872  2872
TBILIS 1963 05 17 2  2872  2872  2878  2878  2872  2872  2895  2895  2912  2912  2898  2898
TBILIS 1963 05 18 1  2892  2892  2895  2895  2901  2901  2901  2901 99999 99999 99999 99999
TBILIS 1963 05 18 2  2869  2869  2869  2869  2890  2890  2904  2904  2890  2890  2878  2878
TBILIS 1963 05 19 1  2855  2855  2869  2869  2878  2878  2878  2878  2887  2887  2835  2835
TBILIS 1963 05 19 2 99999 99999 99999 99999  2872  2872  2866  2866  2869  2869  2849  2849
TBILIS 1963 05 20 1  2855  2855  2852  2852  2831  2831  2846  2846  2844  2844  2832  2832
TBILIS 1963 05 20 2  2838  2838  2829  2829  2846  2846  2852  2852  2860  2860  2860  2860
TBILIS 1963 05 21 1  2860  2860  2858  2858  2855  2855  2849  2849  2846  2846  2860  2860
TBILIS 1963 05 21 2  2829  2829  2855  2855  2852  2852  2852  2852  2872  2872  2866  2866
TBILIS 1963 05 22 1  2852  2852  2855  2855  2881  2881  2852  2852  2884  2884  2921  2921
TBILIS 1963 05 22 2  2890  2890 99999 99999 99999 99999 99999 99999 99999 99999 99999 99999
TBILIS 1963 05 23 1 99999 99999 99999 99999 99999 99999  2838  2838  2863  2863  2846  2846
TBILIS 1963 05 23 2  2852  2852  2855  2855  2849  2849  2887  2887  2849  2849  2890  2890
TBILIS 1963 05 24 1  2875  2875  2904  2904  2901  2901  2895  2895  2895  2895  2901  2901
TBILIS 1963 05 24 2  2860  2860  2878  2878  2875  2875  2887  2887  2875  2875  2878  2878
TBILIS 1963 05 25 1  2866  2866  2844  2844  2849  2849  2855  2855  2858  2858  2824  2824
TBILIS 1963 05 25 2  2815  2815  2844  2844  2826  2826  2863  2863  2838  2838  2841  2841
TBILIS 1963 05 26 1  2821  2821  2858  2858  2838  2838  2824  2824  2832  2832  2841  2841
TBILIS 1963 05 26 2  2821  2821  2829  2829  2804  2804  2807  2807  2824  2824  2796  2796
TBILIS 1963 05 27 1  2804  2804  2815  2815  2804  2804  2810  2810  2796  2796  2784  2784
TBILIS 1963 05 27 2  2765  2765  2776  2776  2768  2768  2782  2782  2796  2796  2773  2773
TBILIS 1963 05 28 1  2804  2804  2782  2782  2782  2782  2787  2787  2798  2798  2793  2793
TBILIS 1963 05 28 2  2793  2793  2796  2796  2768  2768  2784  2784  2770  2770  2793  2793
TBILIS 1963 05 29 1  2779  2779  2748  2748  2779  2779  2776  2776  2768  2768  2779  2779
TBILIS 1963 05 29 2  2779  2779  2782  2782  2793  2793  2824  2824  2812  2812  2807  2807
TBILIS 1963 05 30 1  2796  2796  2790  2790  2804  2804  2807  2807  2801  2801  2815  2815
TBILIS 1963 05 30 2  2790  2790  2818  2818  2835  2835  2838  2838  2818  2818  2801  2801
TBILIS 1963 05 31 1  2801  2801  2782  2782  2773  2773  2790  2790  2798  2798  2779  2779
TBILIS 1963 05 31 2  2793  2793 99999 99999 99999 99999 99999 99999 99999 99999  2796  2796
Cosmic-Ray Neutron Monitor Data (Hourly, Pressure-Corrected and Scale-Adjusted Counts)
Collections: WDC for Cosmic Rays, Solar-Terrestrial Environment Laboratory, Nagoya Univ.
Data Access: http://center.stelab.nagoya-u.ac.jp/WDCCR/index.html
Project: ICSU WDC
Citation: WDC for Cosmic Rays, Solar-Terrestrial Environment Laboratory, Nagoya University
Station ID: TBILIS
Station:  TBILISI,GIORGIA,INSTITUT GEOPHYSIKY (IG), GIORGIAN ACADEMY OF SCIENCES,GIORGIA 
Instrument: IGY NEUTRON MONITOR, CORRECTED FOR PRESSURE TO 950.0 MB, COEF. =                
Latitude (deg.):   41.72  Longitude (deg.):   44.80  Altitude (m):  510.00
Cut-Off Rigidity (GV):    6.91
Year: 1963  Month:   6
Scaling Factor (SF):    16.0   Constant (CONST):     0.0  Real Counts = (DATA + CONST)*SF
Temporal Resolution: 1 hour
UTC Start Hour:     0.0
                                                                                
                                                        
Monthly Average:  2721.0
Updated (YYYY MM DD): 1989 04 18
*******************************************************************************************
ID     YYYY MM DD 1     0     1     2     3     4     5     6     7     8     9    10    11
ID     YYYY MM DD 2    12    13    14    15    16    17    18    19    20    21    22    23
*******************************************************************************************
TBILIS 1963 06 01 1  2656  2656  2702  2702  2678  2678  2702  2702  2672  2672  2675  2675
TBILIS 1963 06 01 2  2684  2684  2694  2694  2721  2721  2729  2729  2705  2705  2710  2710
TBILIS 1963 06 02 1  2700  2700  2684  2684  2691  2691  2713  2713  2700  2700  2681  2681
TBILIS 1963 06 02 2  2710  2710  2716  2716  2716  2716  2708  2708  2705  2705  2691  2691
TBILIS 1963 06 03 1  2708  2708  2721  2721  2708  2708  2708  2708  2708  2708  2668  2668
TBILIS 1963 06 03 2  2705  2705  2718  2718  2713  2713  2718  2718  2713  2713  2708  2708
TBILIS 1963 06 04 1  2735  2735  2729  2729  2744  2744  2746  2746  2738  2738  2732  2732
TBILIS 1963 06 04 2  2735  2735  2726  2726  2757  2757  2741  2741  2726  2726  2735  2735
TBILIS 1963 06 05 1  2726  2726  2726  2726  2744  2744  2746  2746  2721  2721  2686  2686
TBILIS 1963 06 05 2  2724  2724  2735  2735  2713  2713  2721  2721  2735  2735  2726  2726
TBILIS 1963 06 06 1  2738  2738  2732  2732  2729  2729  2718  2718  2754  2754  2716  2716
TBILIS 1963 06 06 2  2746  2746  2738  2738  2746  2746  2748  2748  2735  2735  2744  2744
TBILIS 1963 06 07 1  2746  2746  2760  2760  2757  2757  2754  2754  2757  2757  2760  2760
TBILIS 1963 06 07 2  2741  2741  2729  2729  2735  2735  2744  2744  2729  2729  2724  2724
TBILIS 1963 06 08 1 99999 99999 99999 99999 99999 99999 99999 99999 99999 99999 99999 99999
TBILIS 1963 06 08 2 99999 99999 99999 99999 99999 99999 99999 99999 99999 99999 99999 99999
TBILIS 1963 06 09 1 99999 99999 99999 99999 99999 99999 99999 99999 99999 99999 99999 99999
TBILIS 1963 06 09 2 99999 99999 99999 99999 99999 99999 99999 99999 99999 99999 99999 99999
TBILIS 1963 06 10 1 99999 99999 99999 99999 99999 99999 99999 99999 99999 99999 99999 99999
TBILIS 1963 06 10 2 99999 99999 99999 99999 99999 99999 99999 99999 99999 99999 99999 99999
TBILIS 1963 06 11 1 99999 99999 99999 99999 99999 99999 99999 99999 99999 99999 99999 99999
TBILIS 1963 06 11 2 99999 99999 99999 99999 99999 99999 99999 99999 99999 99999 99999 99999
TBILIS 1963 06 12 1 99999 99999 99999 99999 99999 99999 99999 99999 99999 99999 99999 99999
TBILIS 1963 06 12 2 99999 99999 99999 99999 99999 99999 99999 99999 99999 99999 99999 99999
TBILIS 1963 06 13 1 99999 99999 99999 99999 99999 99999 99999 99999 99999 99999 99999 99999
TBILIS 1963 06 13 2 99999 99999 99999 99999 99999 99999 99999 99999 99999 99999 99999 99999
TBILIS 1963 06 14 1 99999 99999 99999 99999 99999 99999 99999 99999 99999 99999 99999 99999
TBILIS 1963 06 14 2 99999 99999 99999 99999 99999 99999 99999 99999 99999 99999 99999 99999
TBILIS 1963 06 15 1 99999 99999 99999 99999 99999 99999 99999 99999 99999 99999 99999 99999
TBILIS 1963 06 15 2 99999 99999 99999 99999 99999 99999 99999 99999 99999 99999 99999 99999
TBILIS 1963 06 16 1 99999 99999 99999 99999 99999 99999 99999 99999 99999 99999 99999 99999
TBILIS 1963 06 16 2 99999 99999 99999 99999 99999 99999 99999 99999 99999 99999 99999 99999
TBILIS 1963 06 17 1 99999 99999 99999 99999 99999 99999 99999 99999 99999 99999 99999 99999
TBILIS 1963 06 17 2 99999 99999 99999 99999 99999 99999 99999 99999 99999 99999 99999 99999
TBILIS 1963 06 18 1 99999 99999 99999 99999 99999 99999 99999 99999 99999 99999 99999 99999
TBILIS 1963 06 18 2 99999 99999 99999 99999 99999 99999 99999 99999 99999 99999 99999 99999
TBILIS 1963 06 19 1 99999 99999 99999 99999 99999 99999 99999 99999 99999 99999 99999 99999
TBILIS 1963 06 19 2 99999 99999 99999 99999 99999 99999 99999 99999 99999 99999 99999 99999
TBILIS 1963 06 20 1 99999 99999 99999 99999 99999 99999 99999 99999 99999 99999 99999 99999
TBILIS 1963 06 20 2 99999 99999 99999 99999 99999 99999 99999 99999 99999 99999 99999 99999
TBILIS 1963 06 21 1 99999 99999 99999 99999 99999 99999 99999 99999 99999 99999 99999 99999
TBILIS 1963 06 21 2 99999 99999 99999 99999 99999 99999 99999 99999 99999 99999 99999 99999
TBILIS 1963 06 22 1 99999 99999 99999 99999 99999 99999 99999 99999 99999 99999 99999 99999
TBILIS 1963 06 22 2 99999 99999 99999 99999 99999 99999 99999 99999 99999 99999 99999 99999
TBILIS 1963 06 23 1 99999 99999 99999 99999 99999 99999 99999 99999 99999 99999 99999 99999
TBILIS 1963 06 23 2 99999 99999 99999 99999 99999 99999 99999 99999 99999 99999 99999 99999
TBILIS 1963 06 24 1 99999 99999 99999 99999 99999 99999 99999 99999 99999 99999 99999 99999
TBILIS 1963 06 24 2 99999 99999 99999 99999 99999 99999 99999 99999 99999 99999 99999 99999
TBILIS 1963 06 25 1 99999 99999 99999 99999 99999 99999 99999 99999 99999 99999 99999 99999
TBILIS 1963 06 25 2 99999 99999 99999 99999 99999 99999 99999 99999 99999 99999 99999 99999
TBILIS 1963 06 26 1 99999 99999 99999 99999 99999 99999 99999 99999 99999 99999 99999 99999
TBILIS 1963 06 26 2 99999 99999 99999 99999 99999 99999 99999 99999 99999 99999 99999 99999
TBILIS 1963 06 27 1 99999 99999 99999 99999 99999 99999 99999 99999 99999 99999 99999 99999
TBILIS 1963 06 27 2 99999 99999 99999 99999 99999 99999 99999 99999 99999 99999 99999 99999
TBILIS 1963 06 28 1 99999 99999 99999 99999 99999 99999 99999 99999 99999 99999 99999 99999
TBILIS 1963 06 28 2 99999 99999 99999 99999 99999 99999 99999 99999 99999 99999 99999 99999
TBILIS 1963 06 29 1 99999 99999 99999 99999 99999 99999 99999 99999 99999 99999 99999 99999
TBILIS 1963 06 29 2 99999 99999 99999 99999 99999 99999 99999 99999 99999 99999 99999 99999
TBILIS 1963 06 30 1 99999 99999 99999 99999 99999 99999 99999 99999 99999 99999 99999 99999
TBILIS 1963 06 30 2 99999 99999 99999 99999 99999 99999 99999 99999 99999 99999 99999 99999
TBILIS 1963 06 31 1 99999 99999 99999 99999 99999 99999 99999 99999 99999 99999 99999 99999
TBILIS 1963 06 31 2 99999 99999 99999 99999 99999 99999 99999 99999 99999 99999 99999 99999
