Cosmic-Ray Neutron Monitor Data (Hourly, Pressure-Corrected and Scale-Adjusted Counts)
Collections: WDC for Cosmic Rays, Solar-Terrestrial Environment Laboratory, Nagoya Univ.
Data Access: http://center.stelab.nagoya-u.ac.jp/WDCCR/index.html
Project: ICSU WDC
Citation: WDC for Cosmic Rays, Solar-Terrestrial Environment Laboratory, Nagoya University
Station ID: TBILIS
Station:  TBILISI,GIORGIA,INSTITUT GEOPHYSIKY (IG), GIORGIAN ACADEMY OF SCIENCES,GIORGIA 
Instrument: IGY NEUTRON MONITOR, CORRECTED FOR PRESSURE TO 950.0 MB, COEF. =                
Latitude (deg.):   41.72  Longitude (deg.):   44.80  Altitude (m):  510.00
Cut-Off Rigidity (GV):    6.91
Year: 1964  Month:   1
Scaling Factor (SF):     8.0   Constant (CONST):     0.0  Real Counts = (DATA + CONST)*SF
Temporal Resolution: 1 hour
UTC Start Hour:     0.0
                                                                                
                                                        
Monthly Average:  2079.3
Updated (YYYY MM DD): 1984 12 27
*******************************************************************************************
ID     YYYY MM DD 1     0     1     2     3     4     5     6     7     8     9    10    11
ID     YYYY MM DD 2    12    13    14    15    16    17    18    19    20    21    22    23
*******************************************************************************************
TBILIS 1964 01 01 1 99999 99999 99999 99999 99999 99999 99999 99999 99999 99999 99999 99999
TBILIS 1964 01 01 2 99999 99999 99999 99999 99999 99999 99999 99999 99999 99999 99999 99999
TBILIS 1964 01 02 1 99999 99999 99999 99999 99999 99999 99999 99999 99999 99999 99999 99999
TBILIS 1964 01 02 2 99999 99999 99999 99999 99999 99999 99999 99999 99999 99999 99999 99999
TBILIS 1964 01 03 1 99999 99999 99999 99999 99999 99999 99999 99999 99999 99999 99999 99999
TBILIS 1964 01 03 2 99999 99999 99999 99999 99999 99999 99999 99999 99999 99999 99999 99999
TBILIS 1964 01 04 1 99999 99999 99999 99999 99999 99999 99999 99999 99999 99999 99999 99999
TBILIS 1964 01 04 2 99999 99999 99999 99999 99999 99999 99999 99999 99999 99999 99999 99999
TBILIS 1964 01 05 1 99999 99999 99999 99999 99999 99999 99999 99999 99999 99999 99999 99999
TBILIS 1964 01 05 2 99999 99999 99999 99999 99999 99999 99999 99999 99999 99999 99999 99999
TBILIS 1964 01 06 1 99999 99999 99999 99999 99999 99999 99999 99999 99999 99999 99999 99999
TBILIS 1964 01 06 2 99999 99999 99999 99999 99999 99999 99999 99999 99999 99999 99999 99999
TBILIS 1964 01 07 1 99999 99999 99999 99999 99999 99999 99999 99999 99999 99999 99999 99999
TBILIS 1964 01 07 2 99999 99999 99999 99999 99999 99999 99999 99999 99999 99999 99999 99999
TBILIS 1964 01 08 1 99999 99999 99999 99999 99999 99999 99999 99999 99999 99999 99999 99999
TBILIS 1964 01 08 2 99999 99999 99999 99999 99999 99999 99999 99999 99999 99999 99999 99999
TBILIS 1964 01 09 1 99999 99999 99999 99999 99999 99999 99999 99999 99999 99999 99999 99999
TBILIS 1964 01 09 2 99999 99999 99999 99999 99999 99999 99999 99999 99999 99999 99999 99999
TBILIS 1964 01 10 1 99999 99999 99999 99999 99999 99999 99999 99999 99999 99999 99999 99999
TBILIS 1964 01 10 2 99999 99999 99999 99999 99999 99999 99999 99999 99999 99999 99999 99999
TBILIS 1964 01 11 1 99999 99999 99999 99999 99999 99999 99999 99999 99999 99999 99999 99999
TBILIS 1964 01 11 2 99999 99999 99999 99999 99999 99999 99999 99999 99999 99999 99999 99999
TBILIS 1964 01 12 1 99999 99999 99999 99999 99999 99999 99999 99999 99999 99999 99999 99999
TBILIS 1964 01 12 2 99999 99999 99999 99999 99999 99999 99999 99999 99999 99999 99999 99999
TBILIS 1964 01 13 1 99999 99999 99999 99999 99999 99999 99999 99999 99999 99999 99999 99999
TBILIS 1964 01 13 2 99999 99999 99999 99999 99999 99999 99999 99999 99999 99999 99999 99999
TBILIS 1964 01 14 1 99999 99999 99999 99999 99999 99999 99999 99999 99999 99999 99999 99999
TBILIS 1964 01 14 2 99999 99999 99999 99999 99999 99999 99999 99999 99999 99999 99999 99999
TBILIS 1964 01 15 1 99999 99999 99999 99999 99999 99999 99999 99999 99999 99999 99999 99999
TBILIS 1964 01 15 2 99999 99999 99999 99999 99999 99999 99999 99999 99999 99999 99999 99999
TBILIS 1964 01 16 1 99999 99999 99999 99999 99999 99999 99999 99999 99999 99999 99999 99999
TBILIS 1964 01 16 2 99999 99999 99999 99999 99999 99999 99999 99999 99999 99999 99999 99999
TBILIS 1964 01 17 1 99999 99999 99999 99999 99999 99999 99999 99999 99999 99999 99999 99999
TBILIS 1964 01 17 2 99999 99999 99999 99999 99999 99999 99999 99999 99999 99999 99999 99999
TBILIS 1964 01 18 1 99999 99999 99999 99999 99999 99999 99999 99999 99999 99999 99999 99999
TBILIS 1964 01 18 2 99999 99999 99999 99999 99999 99999 99999 99999 99999 99999 99999 99999
TBILIS 1964 01 19 1 99999 99999 99999 99999 99999 99999 99999 99999 99999 99999 99999 99999
TBILIS 1964 01 19 2 99999 99999 99999 99999 99999 99999 99999 99999 99999 99999 99999 99999
TBILIS 1964 01 20 1 99999 99999 99999 99999 99999 99999 99999 99999 99999 99999 99999 99999
TBILIS 1964 01 20 2 99999 99999 99999 99999 99999 99999 99999 99999 99999 99999 99999 99999
TBILIS 1964 01 21 1 99999 99999 99999 99999 99999 99999 99999 99999 99999 99999 99999 99999
TBILIS 1964 01 21 2 99999 99999 99999 99999 99999 99999 99999 99999 99999 99999 99999 99999
TBILIS 1964 01 22 1 99999 99999 99999 99999 99999 99999 99999 99999 99999 99999  2092  2092
TBILIS 1964 01 22 2  2098  2098  2096  2096  2096  2096  2086  2086  2088  2088  2074  2074
TBILIS 1964 01 23 1  2094  2094  2110  2110  2106  2106  2086  2086  2094  2094  2084  2084
TBILIS 1964 01 23 2  2044  2044  2042  2042  2064  2064  2064  2064  2074  2074  2072  2072
TBILIS 1964 01 24 1  2092  2092  2084  2084  2120  2120  2066  2066  2090  2090  2064  2064
TBILIS 1964 01 24 2  2062  2062  2070  2070  2104  2104  2082  2082  2098  2098  2082  2082
TBILIS 1964 01 25 1  2123  2123  2096  2096  2070  2070  2074  2074  2110  2110  2096  2096
TBILIS 1964 01 25 2  2032  2032  2066  2066  2066  2066  2094  2094  2064  2064  2074  2074
TBILIS 1964 01 26 1  2082  2082  2070  2070  2076  2076  2088  2088  2092  2092  2094  2094
TBILIS 1964 01 26 2  2056  2056  2094  2094  2064  2064  2060  2060  2096  2096  2066  2066
TBILIS 1964 01 27 1  2082  2082  2074  2074  2060  2060  2040  2040  2072  2072  2090  2090
TBILIS 1964 01 27 2  2094  2094  2072  2072  2050  2050  2060  2060  2064  2064  2056  2056
TBILIS 1964 01 28 1  2064  2064  2058  2058  2074  2074  2092  2092  2086  2086  2126  2126
TBILIS 1964 01 28 2  2086  2086  2110  2110  2102  2102  2074  2074  2086  2086  2098  2098
TBILIS 1964 01 29 1  2072  2072  2082  2082  2064  2064  2084  2084  2050  2050  2066  2066
TBILIS 1964 01 29 2  2079  2079  2096  2096  2096  2096  2108  2108  2102  2102  2108  2108
TBILIS 1964 01 30 1  2108  2108  2076  2076  2098  2098  2098  2098  2106  2106  2100  2100
TBILIS 1964 01 30 2  2092  2092  2088  2088  2084  2084  2070  2070  2068  2068  2056  2056
TBILIS 1964 01 31 1  2074  2074  2064  2064  2054  2054  2052  2052  2050  2050  2028  2028
TBILIS 1964 01 31 2  2046  2046  2046  2046 99999 99999 99999 99999  2076  2076  2064  2064
Cosmic-Ray Neutron Monitor Data (Hourly, Pressure-Corrected and Scale-Adjusted Counts)
Collections: WDC for Cosmic Rays, Solar-Terrestrial Environment Laboratory, Nagoya Univ.
Data Access: http://center.stelab.nagoya-u.ac.jp/WDCCR/index.html
Project: ICSU WDC
Citation: WDC for Cosmic Rays, Solar-Terrestrial Environment Laboratory, Nagoya University
Station ID: TBILIS
Station:  TBILISI,GIORGIA,INSTITUT GEOPHYSIKY (IG), GIORGIAN ACADEMY OF SCIENCES,GIORGIA 
Instrument: IGY NEUTRON MONITOR, CORRECTED FOR PRESSURE TO 950.0 MB, COEF. =                
Latitude (deg.):   41.72  Longitude (deg.):   44.80  Altitude (m):  510.00
Cut-Off Rigidity (GV):    6.91
Year: 1964  Month:   2
Scaling Factor (SF):     8.0   Constant (CONST):     0.0  Real Counts = (DATA + CONST)*SF
Temporal Resolution: 1 hour
UTC Start Hour:     0.0
                                                                                
                                                        
Monthly Average:  2138.8
Updated (YYYY MM DD): 1980 01 22
*******************************************************************************************
ID     YYYY MM DD 1     0     1     2     3     4     5     6     7     8     9    10    11
ID     YYYY MM DD 2    12    13    14    15    16    17    18    19    20    21    22    23
*******************************************************************************************
TBILIS 1964 02 01 1  2086  2086  2074  2074  2128  2128  2132  2132  2138  2138  2152  2152
TBILIS 1964 02 01 2  2190  2190  2174  2174  2154  2154  2132  2132  2126  2126  2134  2134
TBILIS 1964 02 02 1  2108  2108  2112  2112  2100  2100  2090  2090  2074  2074  2079  2079
TBILIS 1964 02 02 2  2096  2096  2068  2068  2098  2098  2070  2070  2062  2062  2070  2070
TBILIS 1964 02 03 1  2086  2086  2070  2070  2092  2092  2100  2100  2079  2079  2086  2086
TBILIS 1964 02 03 2  2104  2104  2114  2114  2072  2072  2086  2086  2082  2082  2058  2058
TBILIS 1964 02 04 1  2070  2070  2092  2092  2096  2096  2090  2090  2086  2086  2112  2112
TBILIS 1964 02 04 2  2130  2130  2100  2100  2104  2104  2079  2079  2054  2054  2140  2140
TBILIS 1964 02 05 1  2156  2156  2164  2164  2138  2138  2079  2079  2090  2090  2092  2092
TBILIS 1964 02 05 2  2118  2118  2088  2088  2100  2100  2104  2104  2092  2092  2120  2120
TBILIS 1964 02 06 1  2148  2148  2164  2164  2150  2150  2116  2116  2130  2130  2102  2102
TBILIS 1964 02 06 2  2090  2090  2092  2092  2194  2194  2108  2108  2128  2128  2106  2106
TBILIS 1964 02 07 1  2136  2136  2106  2106  2096  2096  2102  2102  2134  2134  2112  2112
TBILIS 1964 02 07 2  2106  2106  2110  2110  2108  2108  2138  2138  2082  2082  2079  2079
TBILIS 1964 02 08 1  2114  2114  2123  2123  2128  2128  2120  2120  2126  2126  2123  2123
TBILIS 1964 02 08 2  2154  2154  2110  2110 99999 99999 99999 99999 99999 99999 99999 99999
TBILIS 1964 02 09 1 99999 99999 99999 99999 99999 99999 99999 99999 99999 99999 99999 99999
TBILIS 1964 02 09 2  2170  2170  2166  2166  2184  2184  2168  2168  2164  2164  2123  2123
TBILIS 1964 02 10 1  2144  2144  2203  2203  2174  2174  2194  2194  2148  2148  2114  2114
TBILIS 1964 02 10 2  2130  2130  2120  2120  2136  2136  2114  2114  2102  2102  2112  2112
TBILIS 1964 02 11 1  2126  2126  2106  2106  2116  2116  2186  2186  2159  2159  2138  2138
TBILIS 1964 02 11 2  2136  2136  2150  2150  2140  2140  2106  2106  2098  2098  2104  2104
TBILIS 1964 02 12 1  2144  2144  2140  2140  2116  2116  2146  2146  2146  2146  2120  2120
TBILIS 1964 02 12 2  2120  2120  2146  2146  2110  2110  2116  2116  2152  2152  2123  2123
TBILIS 1964 02 13 1  2126  2126  2126  2126  2154  2154  2152  2152  2134  2134  2114  2114
TBILIS 1964 02 13 2  2123  2123  2123  2123  2132  2132  2134  2134  2050  2050  2040  2040
TBILIS 1964 02 14 1  2084  2084  2138  2138  2106  2106  2086  2086  2112  2112  2116  2116
TBILIS 1964 02 14 2  2100  2100  2102  2102  2112  2112  2102  2102  2102  2102  2084  2084
TBILIS 1964 02 15 1  2094  2094  2086  2086  2098  2098  2110  2110  2116  2116 99999 99999
TBILIS 1964 02 15 2 99999 99999  2108  2108  2092  2092 99999 99999 99999 99999 99999 99999
TBILIS 1964 02 16 1 99999 99999 99999 99999 99999 99999 99999 99999 99999 99999 99999 99999
TBILIS 1964 02 16 2 99999 99999 99999 99999 99999 99999 99999 99999 99999 99999 99999 99999
TBILIS 1964 02 17 1 99999 99999 99999 99999 99999 99999 99999 99999 99999 99999 99999 99999
TBILIS 1964 02 17 2  2100  2100  2100  2100  2112  2112  2100  2100  2092  2092  2082  2082
TBILIS 1964 02 18 1  2052  2052  2104  2104  2112  2112  2092  2092  2102  2102  2076  2076
TBILIS 1964 02 18 2  2084  2084  2106  2106  2100  2100  2110  2110  2132  2132  2128  2128
TBILIS 1964 02 19 1  2086  2086  2090  2090  2128  2128  2102  2102  2108  2108  2116  2116
TBILIS 1964 02 19 2  2088  2088  2076  2076  2110  2110  2132  2132  2092  2092  2132  2132
TBILIS 1964 02 20 1  2104  2104  2110  2110  2110  2110  2110  2110  2116  2116  2136  2136
TBILIS 1964 02 20 2  2098  2098  2098  2098  2112  2112  2120  2120  2142  2142 99999 99999
TBILIS 1964 02 21 1 99999 99999 99999 99999 99999 99999 99999 99999 99999 99999 99999 99999
TBILIS 1964 02 21 2 99999 99999 99999 99999 99999 99999 99999 99999 99999 99999 99999 99999
TBILIS 1964 02 22 1 99999 99999 99999 99999 99999 99999 99999 99999 99999 99999 99999 99999
TBILIS 1964 02 22 2 99999 99999 99999 99999 99999 99999 99999 99999 99999 99999 99999 99999
TBILIS 1964 02 23 1 99999 99999 99999 99999 99999 99999 99999 99999 99999 99999 99999 99999
TBILIS 1964 02 23 2  2192  2192  2192  2192  2200  2200  2186  2186  2174  2174  2218  2218
TBILIS 1964 02 24 1  2208  2208  2190  2190  2186  2186  2206  2206  2184  2184  2208  2208
TBILIS 1964 02 24 2  2212  2212  2166  2166  2181  2181  2188  2188  2194  2194  2190  2190
TBILIS 1964 02 25 1  2200  2200  2200  2200  2184  2184  2223  2223  2228  2228  2181  2181
TBILIS 1964 02 25 2  2168  2168  2232  2232  2261  2261  2252  2252  2190  2190  2234  2234
TBILIS 1964 02 26 1  2234  2234  2189  2189  2220  2220  2248  2248  2261  2261  2266  2266
TBILIS 1964 02 26 2  2252  2252  2238  2238  2246  2246  2220  2220  2214  2214  2228  2228
TBILIS 1964 02 27 1  2220  2220  2243  2243  2226  2226  2223  2223  2226  2226  2252  2252
TBILIS 1964 02 27 2  2216  2216  2206  2206  2190  2190  2243  2243  2218  2218  2230  2230
TBILIS 1964 02 28 1  2236  2236  2230  2230  2208  2208  2218  2218  2192  2192  2210  2210
TBILIS 1964 02 28 2  2220  2220  2206  2206  2184  2184  2206  2206  2172  2172  2198  2198
TBILIS 1964 02 29 1  2200  2200  2188  2188  2184  2184  2184  2184  2168  2168  2152  2152
TBILIS 1964 02 29 2  2164  2164 99999 99999 99999 99999 99999 99999 99999 99999 99999 99999
TBILIS 1964 02 30 1 99999 99999 99999 99999 99999 99999 99999 99999 99999 99999 99999 99999
TBILIS 1964 02 30 2 99999 99999 99999 99999 99999 99999 99999 99999 99999 99999 99999 99999
TBILIS 1964 02 31 1 99999 99999 99999 99999 99999 99999 99999 99999 99999 99999 99999 99999
TBILIS 1964 02 31 2 99999 99999 99999 99999 99999 99999 99999 99999 99999 99999 99999 99999
Cosmic-Ray Neutron Monitor Data (Hourly, Pressure-Corrected and Scale-Adjusted Counts)
Collections: WDC for Cosmic Rays, Solar-Terrestrial Environment Laboratory, Nagoya Univ.
Data Access: http://center.stelab.nagoya-u.ac.jp/WDCCR/index.html
Project: ICSU WDC
Citation: WDC for Cosmic Rays, Solar-Terrestrial Environment Laboratory, Nagoya University
Station ID: TBILIS
Station:  TBILISI,GIORGIA,INSTITUT GEOPHYSIKY (IG), GIORGIAN ACADEMY OF SCIENCES,GIORGIA 
Instrument: IGY NEUTRON MONITOR, CORRECTED FOR PRESSURE TO 950.0 MB, COEF. =                
Latitude (deg.):   41.72  Longitude (deg.):   44.80  Altitude (m):  510.00
Cut-Off Rigidity (GV):    6.91
Year: 1964  Month:   3
Scaling Factor (SF):     8.0   Constant (CONST):     0.0  Real Counts = (DATA + CONST)*SF
Temporal Resolution: 1 hour
UTC Start Hour:     0.0
                                                                                
                                                        
Monthly Average:  2092.3
Updated (YYYY MM DD): 1980 01 22
*******************************************************************************************
ID     YYYY MM DD 1     0     1     2     3     4     5     6     7     8     9    10    11
ID     YYYY MM DD 2    12    13    14    15    16    17    18    19    20    21    22    23
*******************************************************************************************
TBILIS 1964 03 01 1  2116  2116  2112  2112  2126  2126  2136  2136  2122  2122  2134  2134
TBILIS 1964 03 01 2  2164  2164  2112  2112  2130  2130  2124  2124  2134  2134  2152  2152
TBILIS 1964 03 02 1  2170  2170  2194  2194  2172  2172  2174  2174  2200  2200  2190  2190
TBILIS 1964 03 02 2  2214  2214  2206  2206  2174  2174  2206  2206  2188  2188  2194  2194
TBILIS 1964 03 03 1  2206  2206  2218  2218  2208  2208  2208  2208  2192  2192  2160  2160
TBILIS 1964 03 03 2  2184  2184  2176  2176  2188  2188  2180  2180  2192  2192  2208  2208
TBILIS 1964 03 04 1  2176  2176  2192  2192  2192  2192  2214  2214  2203  2203  2152  2152
TBILIS 1964 03 04 2  2164  2164  2174  2174  2168  2168  2170  2170  2170  2170  2184  2184
TBILIS 1964 03 05 1  2168  2168  2178  2178  2168  2168 99999 99999  2168  2168  2162  2162
TBILIS 1964 03 05 2  2148  2148  2120  2120  2181  2181  2154  2154  2154  2154  2136  2136
TBILIS 1964 03 06 1  2146  2146  2166  2166  2144  2144  2148  2148  2123  2123  2164  2164
TBILIS 1964 03 06 2  2134  2134  2132  2132  2154  2154  2156  2156  2134  2134  2104  2104
TBILIS 1964 03 07 1  2168  2168  2134  2134  2138  2138  2154  2154  2150  2150  2148  2148
TBILIS 1964 03 07 2  2094  2094  2136  2136  2144  2144  2172  2172  2152  2152  2128  2128
TBILIS 1964 03 08 1  2134  2134  2168  2168  2156  2156  2184  2184  2240  2240  2184  2184
TBILIS 1964 03 08 2  2142  2142  2132  2132  2142  2142  2130  2130  2114  2114  2156  2156
TBILIS 1964 03 09 1  2134  2134  2118  2118  2120  2120  2168  2168  2128  2128  2156  2156
TBILIS 1964 03 09 2  2164  2164  2134  2134  2132  2132  2114  2114  2154  2154  2174  2174
TBILIS 1964 03 10 1  2174  2174  2178  2178  2123  2123  2132  2132  2158  2158  2152  2152
TBILIS 1964 03 10 2  2114  2114  2142  2142  2138  2138  2140  2140  2128  2128  2132  2132
TBILIS 1964 03 11 1  2142  2142  2126  2126  2152  2152  2152  2152  2142  2142  2164  2164
TBILIS 1964 03 11 2  2148  2148  2154  2154  2106  2106  2118  2118  2118  2118  2142  2142
TBILIS 1964 03 12 1  2120  2120  2128  2128  2186  2186  2156  2156  2154  2154  2118  2118
TBILIS 1964 03 12 2  2082  2082  2098  2098  2092  2092  2068  2068  2098  2098  2094  2094
TBILIS 1964 03 13 1  2100  2100  2090  2090  2082  2082  2112  2112  2094  2094  2104  2104
TBILIS 1964 03 13 2  2110  2110  2076  2076  2108  2108  2116  2116  2118  2118  2148  2148
TBILIS 1964 03 14 1  2166  2166  2130  2130  2094  2094  2116  2116  2138  2138  2082  2082
TBILIS 1964 03 14 2  2102  2102  2110  2110  2086  2086  2098  2098  2104  2104  2110  2110
TBILIS 1964 03 15 1  2108  2108  2106  2106  2108  2108  2104  2104  2118  2118  2076  2076
TBILIS 1964 03 15 2  2104  2104  2092  2092  2082  2082  2084  2084  2060  2060  2064  2064
TBILIS 1964 03 16 1  2112  2112  2096  2096  2096  2096  2102  2102  2094  2094  2068  2068
TBILIS 1964 03 16 2  2056  2056  2090  2090  2090  2090  2080  2080  2076  2076  2098  2098
TBILIS 1964 03 17 1  2068  2068  2072  2072  2088  2088  2058  2058  2078  2078  2114  2114
TBILIS 1964 03 17 2  2064  2064  2088  2088  2064  2064  2068  2068  2090  2090  2068  2068
TBILIS 1964 03 18 1  2072  2072  2082  2082  2082  2082  2064  2064  2092  2092  2130  2130
TBILIS 1964 03 18 2  2076  2076  2084  2084  2088  2088  2074  2074  2066  2066  2074  2074
TBILIS 1964 03 19 1  2086  2086  2076  2076  2052  2052  2040  2040  2082  2082  2072  2072
TBILIS 1964 03 19 2  2084  2084  2068  2068  2090  2090  2072  2072  2064  2064  2066  2066
TBILIS 1964 03 20 1  2060  2060  2058  2058  2066  2066  2068  2068  2088  2088  2060  2060
TBILIS 1964 03 20 2  2028  2028  2014  2014  2018  2018  2046  2046  2044  2044  2044  2044
TBILIS 1964 03 21 1  2038  2038  2058  2058  2048  2048  2012  2012 99999 99999 99999 99999
TBILIS 1964 03 21 2  2038  2038  2030  2030  1996  1996  2018  2018  2032  2032  2014  2014
TBILIS 1964 03 22 1  2028  2028  2026  2026  2016  2016  2036  2036  2050  2050  2042  2042
TBILIS 1964 03 22 2  2028  2028  2042  2042  2024  2024  2010  2010  2020  2020  2022  2022
TBILIS 1964 03 23 1  2030  2030  2034  2034  2032  2032  2040  2040  2052  2052  2034  2034
TBILIS 1964 03 23 2  2028  2028  2034  2034  2032  2032  2018  2018  2020  2020  2038  2038
TBILIS 1964 03 24 1  2028  2028  2036  2036  2040  2040  2042  2042  2050  2050  2036  2036
TBILIS 1964 03 24 2  2040  2040  2020  2020  2016  2016  2008  2008  2020  2020  2042  2042
TBILIS 1964 03 25 1  2032  2032  2026  2026  2036  2036  2040  2040  2024  2024  2012  2012
TBILIS 1964 03 25 2  2010  2010  2008  2008  1996  1996  1996  1996  2006  2006  2026  2026
TBILIS 1964 03 26 1  2018  2018  2008  2008  2008  2008  2034  2034  2010  2010  2018  2018
TBILIS 1964 03 26 2  2002  2002  2018  2018  2006  2006  2032  2032  2012  2012  2020  2020
TBILIS 1964 03 27 1  2026  2026  2036  2036  2038  2038  2036  2036  2058  2058  2064  2064
TBILIS 1964 03 27 2  2034  2034  2024  2024  2035  2035  2028  2028  2040  2040  2020  2020
TBILIS 1964 03 28 1  2030  2030  2038  2038  2050  2050  2052  2052  2046  2046  2042  2042
TBILIS 1964 03 28 2  2050  2050  2034  2034  2008  2008  2020  2020  2016  2016 99999 99999
TBILIS 1964 03 29 1  2038  2038  2022  2022  2042  2042  2042  2042  2038  2038  2016  2016
TBILIS 1964 03 29 2  2012  2012  2018  2018  2012  2012  2022  2022  2024  2024  2016  2016
TBILIS 1964 03 30 1  2020  2020  2034  2034  2028  2028  2048  2048  2050  2050  2052  2052
TBILIS 1964 03 30 2  2048  2048  2036  2036  2018  2018  2020  2020  2042  2042 99999 99999
TBILIS 1964 03 31 1 99999 99999 99999 99999 99999 99999 99999 99999  2042  2042  2006  2006
TBILIS 1964 03 31 2  2020  2020  2040  2040  2016  2016  2050  2050  2042  2042  2032  2032
Cosmic-Ray Neutron Monitor Data (Hourly, Pressure-Corrected and Scale-Adjusted Counts)
Collections: WDC for Cosmic Rays, Solar-Terrestrial Environment Laboratory, Nagoya Univ.
Data Access: http://center.stelab.nagoya-u.ac.jp/WDCCR/index.html
Project: ICSU WDC
Citation: WDC for Cosmic Rays, Solar-Terrestrial Environment Laboratory, Nagoya University
Station ID: TBILIS
Station:  TBILISI,GIORGIA,INSTITUT GEOPHYSIKY (IG), GIORGIAN ACADEMY OF SCIENCES,GIORGIA 
Instrument: IGY NEUTRON MONITOR, CORRECTED FOR PRESSURE TO 950.0 MB, COEF. =                
Latitude (deg.):   41.72  Longitude (deg.):   44.80  Altitude (m):  510.00
Cut-Off Rigidity (GV):    6.91
Year: 1964  Month:   4
Scaling Factor (SF):     8.0   Constant (CONST):     0.0  Real Counts = (DATA + CONST)*SF
Temporal Resolution: 1 hour
UTC Start Hour:     0.0
                                                                                
                                                        
Monthly Average:  2031.0
Updated (YYYY MM DD): 1980 01 22
*******************************************************************************************
ID     YYYY MM DD 1     0     1     2     3     4     5     6     7     8     9    10    11
ID     YYYY MM DD 2    12    13    14    15    16    17    18    19    20    21    22    23
*******************************************************************************************
TBILIS 1964 04 01 1  2030  2030  2038  2038  2046  2046  2058  2058  2044  2044  2030  2030
TBILIS 1964 04 01 2  2008  2008  2042  2042  2038  2038  2066  2066  2050  2050  2044  2044
TBILIS 1964 04 02 1  2066  2066  2046  2046  2064  2064  2060  2060  2036  2036  2050  2050
TBILIS 1964 04 02 2  2056  2056  2050  2050  2020  2020  2026  2026  2036  2036  2022  2022
TBILIS 1964 04 03 1  2046  2046  2052  2052  2054  2054  2026  2026  2032  2032  2060  2060
TBILIS 1964 04 03 2  2066  2066  2038  2038  2018  2018  2018  2018  2026  2026  2030  2030
TBILIS 1964 04 04 1  2034  2034  2034  2034  2046  2046  2038  2038  2032  2032  2026  2026
TBILIS 1964 04 04 2  2018  2018  2024  2024  2014  2014  2014  2014  2020  2020  2022  2022
TBILIS 1964 04 05 1  2052  2052  2036  2036  2032  2032  2018  2018  2024  2024  2024  2024
TBILIS 1964 04 05 2  2028  2028  2022  2022  2026  2026  2008  2008  2006  2006  2006  2006
TBILIS 1964 04 06 1  2000  2000  2014  2014  2008  2008  2020  2020  2020  2020  2012  2012
TBILIS 1964 04 06 2  2012  2012  2018  2018  2016  2016  2010  2010  2014  2014  2016  2016
TBILIS 1964 04 07 1  2036  2036  2010  2010  2022  2022  2022  2022  2022  2022  2014  2014
TBILIS 1964 04 07 2  2022  2022  2044  2044  2026  2026  2026  2026  2018  2018  2020  2020
TBILIS 1964 04 08 1  2024  2024  2032  2032  2048  2048  2044  2044  2046  2046  2052  2052
TBILIS 1964 04 08 2  2016  2016  2024  2024  2026  2026  2042  2042  2030  2030  2034  2034
TBILIS 1964 04 09 1  2048  2048  2050  2050  2044  2044  2052  2052  2048  2048  2060  2060
TBILIS 1964 04 09 2  2052  2052  2034  2034  2024  2024  2022  2022  2032  2032  2038  2038
TBILIS 1964 04 10 1  2008  2008  2018  2018  2036  2036  2026  2026  2054  2054  2040  2040
TBILIS 1964 04 10 2  2044  2044  2036  2036  2038  2038  2042  2042  2040  2040  2026  2026
TBILIS 1964 04 11 1  2016  2016  2032  2032  2036  2036  2022  2022  2028  2028  2026  2026
TBILIS 1964 04 11 2  2026  2026  2042  2042  2012  2012  2038  2038  2034  2034  2030  2030
TBILIS 1964 04 12 1  2026  2026  2022  2022  2030  2030  2014  2014  2026  2026  2006  2006
TBILIS 1964 04 12 2  2030  2030  2014  2014  2036  2036  2000  2000  2034  2034  2048  2048
TBILIS 1964 04 13 1  2032  2032  2032  2032  2024  2024  2024  2024  2024  2024  1998  1998
TBILIS 1964 04 13 2 99999 99999 99999 99999 99999 99999 99999 99999 99999 99999 99999 99999
TBILIS 1964 04 14 1 99999 99999 99999 99999 99999 99999 99999 99999 99999 99999 99999 99999
TBILIS 1964 04 14 2 99999 99999  2052  2052  2020  2020  2020  2020  2022  2022  2028  2028
TBILIS 1964 04 15 1  1996  1996  2010  2010  2040  2040  2036  2036  2044  2044  2022  2022
TBILIS 1964 04 15 2  2028  2028  2028  2028  2012  2012  1996  1996  2036  2036  1998  1998
TBILIS 1964 04 16 1  2014  2014  2014  2014  2014  2014  2054  2054  2050  2050  2050  2050
TBILIS 1964 04 16 2  2024  2024  2022  2022  2024  2024  2010  2010  2024  2024  2030  2030
TBILIS 1964 04 17 1  2014  2014  2034  2034  2030  2030  2054  2054  2046  2046  2058  2058
TBILIS 1964 04 17 2  2054  2054  2032  2032  2030  2030  2038  2038  2028  2028  2026  2026
TBILIS 1964 04 18 1  2028  2028  2048  2048  2036  2036  2070  2070  2036  2036  2038  2038
TBILIS 1964 04 18 2  2030  2030  2034  2034  2030  2030  2028  2028  2018  2018  2028  2028
TBILIS 1964 04 19 1  2026  2026  2044  2044  2042  2042  2032  2032  2050  2050  2032  2032
TBILIS 1964 04 19 2  2038  2038  2008  2008  2026  2026  2038  2038  2036  2036  2036  2036
TBILIS 1964 04 20 1  2020  2020  2028  2028  2054  2054  2050  2050  2040  2040  2022  2022
TBILIS 1964 04 20 2  2024  2024  2022  2022  2028  2028  2024  2024  2034  2034  2022  2022
TBILIS 1964 04 21 1  2072  2072  2040  2040  2024  2024  2038  2038  2052  2052  2054  2054
TBILIS 1964 04 21 2 99999 99999  2020  2020  2040  2040  2040  2040  2028  2028  2048  2048
TBILIS 1964 04 22 1  2034  2034  2044  2044  2066  2066  2044  2044  2030  2030  2006  2006
TBILIS 1964 04 22 2  2032  2032  2040  2040  2036  2036  2048  2048  2040  2040  2028  2028
TBILIS 1964 04 23 1  2038  2038  2022  2022  2042  2042  2052  2052  2038  2038  2028  2028
TBILIS 1964 04 23 2  2036  2036  2026  2026  2028  2028  2018  2018  2042  2042  2024  2024
TBILIS 1964 04 24 1  2038  2038  2042  2042  2018  2018  2038  2038  2026  2026  2042  2042
TBILIS 1964 04 24 2  2012  2012  2038  2038  2022  2022  2042  2042  2028  2028  2018  2018
TBILIS 1964 04 25 1  2048  2048  2038  2038  2030  2030  2018  2018  2038  2038  2026  2026
TBILIS 1964 04 25 2  2026  2026  2018  2018  2018  2018  2022  2022  2010  2010  2032  2032
TBILIS 1964 04 26 1  2030  2030  2026  2026  2036  2036  2048  2048  2026  2026  2028  2028
TBILIS 1964 04 26 2  2036  2036  2024  2024  2020  2020  2016  2016  2004  2004  2034  2034
TBILIS 1964 04 27 1  2044  2044  2024  2024  2010  2010  2018  2018  2018  2018  2012  2012
TBILIS 1964 04 27 2  2024  2024  2008  2008  2032  2032  2012  2012  2018  2018  2026  2026
TBILIS 1964 04 28 1  2024  2024  2012  2012  2014  2014  2028  2028  2022  2022  2042  2042
TBILIS 1964 04 28 2  2024  2024  2022  2022  2010  2010  1996  1996  2020  2020  2026  2026
TBILIS 1964 04 29 1  2044  2044  2042  2042  2034  2034  2036  2036  2036  2036  2042  2042
TBILIS 1964 04 29 2  2062  2062  2034  2034  2032  2032  2048  2048  2032  2032  2034  2034
TBILIS 1964 04 30 1  2036  2036  2044  2044  2042  2042  2030  2030  2014  2014  2032  2032
TBILIS 1964 04 30 2  2044  2044  2030  2030  2050  2050  2046  2046  2046  2046  2042  2042
TBILIS 1964 04 31 1 99999 99999 99999 99999 99999 99999 99999 99999 99999 99999 99999 99999
TBILIS 1964 04 31 2 99999 99999 99999 99999 99999 99999 99999 99999 99999 99999 99999 99999
Cosmic-Ray Neutron Monitor Data (Hourly, Pressure-Corrected and Scale-Adjusted Counts)
Collections: WDC for Cosmic Rays, Solar-Terrestrial Environment Laboratory, Nagoya Univ.
Data Access: http://center.stelab.nagoya-u.ac.jp/WDCCR/index.html
Project: ICSU WDC
Citation: WDC for Cosmic Rays, Solar-Terrestrial Environment Laboratory, Nagoya University
Station ID: TBILIS
Station:  TBILISI,GIORGIA,INSTITUT GEOPHYSIKY (IG), GIORGIAN ACADEMY OF SCIENCES,GIORGIA 
Instrument: IGY NEUTRON MONITOR, CORRECTED FOR PRESSURE TO 950.0 MB, COEF. =                
Latitude (deg.):   41.72  Longitude (deg.):   44.80  Altitude (m):  510.00
Cut-Off Rigidity (GV):    6.91
Year: 1964  Month:   5
Scaling Factor (SF):     8.0   Constant (CONST):     0.0  Real Counts = (DATA + CONST)*SF
Temporal Resolution: 1 hour
UTC Start Hour:     0.0
                                                                                
                                                        
Monthly Average:  2026.6
Updated (YYYY MM DD): 1980 01 22
*******************************************************************************************
ID     YYYY MM DD 1     0     1     2     3     4     5     6     7     8     9    10    11
ID     YYYY MM DD 2    12    13    14    15    16    17    18    19    20    21    22    23
*******************************************************************************************
TBILIS 1964 05 01 1  2054  2054  2060  2060  2050  2050  2044  2044  2078  2078  2050  2050
TBILIS 1964 05 01 2  2038  2038  2038  2038  2032  2032  2054  2054  2022  2022 99999 99999
TBILIS 1964 05 02 1  2024  2024  2016  2016  2018  2018  2018  2018  2024  2024  2042  2042
TBILIS 1964 05 02 2  2034  2034  2030  2030  2028  2028  2038  2038 99999 99999  2042  2042
TBILIS 1964 05 03 1  2018  2018  2030  2030  2028  2028  2022  2022  2034  2034  2040  2040
TBILIS 1964 05 03 2  2046  2046  2042  2042  2038  2038  2042  2042  2048  2048  2034  2034
TBILIS 1964 05 04 1  2040  2040  2010  2010  2018  2018  2064  2064  2052  2052  2006  2006
TBILIS 1964 05 04 2  2012  2012  2014  2014  2006  2006  2030  2030  2030  2030  2012  2012
TBILIS 1964 05 05 1  2022  2022  2010  2010  2006  2006  1998  1998  2020  2020  2026  2026
TBILIS 1964 05 05 2  2006  2006  2000  2000  2022  2022  2008  2008  2030  2030  2030  2030
TBILIS 1964 05 06 1  2022  2022  2018  2018  2028  2028  2032  2032  2020  2020  2008  2008
TBILIS 1964 05 06 2  2052  2052  2022  2022  2000  2000  2012  2012  2024  2024  2002  2002
TBILIS 1964 05 07 1  2008  2008  2008  2008  2008  2008  2008  2008  2014  2014  2006  2006
TBILIS 1964 05 07 2  2012  2012  1982  1982  2032  2032  1992  1992  1996  1996  2004  2004
TBILIS 1964 05 08 1  2032  2032  2016  2016  2022  2022  2012  2012  2018  2018  1986  1986
TBILIS 1964 05 08 2  1962  1962  1996  1996  1998  1998  2022  2022  1996  1996  2006  2006
TBILIS 1964 05 09 1  2008  2008  2000  2000  2020  2020  2018  2018  1992  1992  2022  2022
TBILIS 1964 05 09 2  2012  2012  1998  1998  2006  2006  2008  2008  2032  2032  2036  2036
TBILIS 1964 05 10 1  2036  2036  2024  2024  2016  2016  2034  2034  1996  1996  2046  2046
TBILIS 1964 05 10 2  2008  2008  2008  2008  2006  2006  2004  2004  2018  2018  2012  2012
TBILIS 1964 05 11 1  1996  1996  1996  1996  2000  2000  2030  2030  2034  2034  2026  2026
TBILIS 1964 05 11 2  2024  2024  2058  2058  2040  2040  2016  2016  2030  2030  2018  2018
TBILIS 1964 05 12 1  2018  2018  2028  2028  2028  2028  2046  2046  2034  2034  2058  2058
TBILIS 1964 05 12 2  2030  2030  2038  2038  2064  2064  2024  2024  2022  2022  2022  2022
TBILIS 1964 05 13 1  2040  2040  2024  2024  2034  2034  2028  2028  2038  2038  2028  2028
TBILIS 1964 05 13 2  2026  2026  2036  2036  2028  2028  2026  2026  2044  2044  2028  2028
TBILIS 1964 05 14 1  2014  2014  2040  2040  2034  2034  2020  2020  2040  2040  2042  2042
TBILIS 1964 05 14 2  2046  2046  2050  2050  2044  2044  2030  2030  2028  2028  2040  2040
TBILIS 1964 05 15 1  2008  2008  2030  2030  2058  2058  2026  2026  2028  2028  2022  2022
TBILIS 1964 05 15 2 99999 99999 99999 99999 99999 99999 99999 99999  2042  2042  2042  2042
TBILIS 1964 05 16 1  2030  2030  2038  2038  2026  2026  2020  2020  2042  2042  2018  2018
TBILIS 1964 05 16 2  2042  2042  2010  2010  2040  2040  2026  2026  2012  2012  2016  2016
TBILIS 1964 05 17 1  2014  2014  2022  2022  2020  2020  2020  2020  2024  2024  2020  2020
TBILIS 1964 05 17 2  2036  2036  2040  2040  2046  2046  2030  2030  2024  2024  2030  2030
TBILIS 1964 05 18 1  2036  2036  2044  2044  2052  2052  2066  2066  2056  2056  2048  2048
TBILIS 1964 05 18 2  2044  2044  2044  2044  2052  2052  2032  2032  2030  2030  2032  2032
TBILIS 1964 05 19 1  2030  2030  2012  2012  2022  2022  2050  2050  2044  2044  2014  2014
TBILIS 1964 05 19 2  2000  2000  2042  2042  1998  1998  2036  2036  2038  2038  2026  2026
TBILIS 1964 05 20 1  2018  2018  2028  2028  2026  2026  2032  2032  2024  2024  2040  2040
TBILIS 1964 05 20 2  2026  2026  2018  2018  2040  2040  2022  2022  2020  2020  2016  2016
TBILIS 1964 05 21 1  2000  2000  2030  2030  2038  2038  2024  2024  2042  2042  2032  2032
TBILIS 1964 05 21 2  2022  2022  2012  2012  2028  2028  2022  2022  2036  2036  2024  2024
TBILIS 1964 05 22 1  2030  2030  2016  2016  2036  2036  2050  2050  2044  2044  2038  2038
TBILIS 1964 05 22 2  2050  2050  2040  2040  2036  2036  2052  2052  2058  2058  2044  2044
TBILIS 1964 05 23 1  2040  2040  2048  2048  2042  2042  2038  2038  2056  2056  2044  2044
TBILIS 1964 05 23 2  2024  2024  2044  2044  2048  2048  2026  2026  2028  2028  2028  2028
TBILIS 1964 05 24 1  2032  2032 99999 99999  2028  2028 99999 99999 99999 99999  2034  2034
TBILIS 1964 05 24 2  2038  2038  2010  2010  2046  2046  2014  2014  2028  2028  2056  2056
TBILIS 1964 05 25 1  2044  2044  2040  2040  2024  2024  2034  2034  2046  2046  2046  2046
TBILIS 1964 05 25 2  2022  2022  2030  2030  2042  2042  2020  2020  2048  2048  2018  2018
TBILIS 1964 05 26 1  2028  2028  2046  2046  2050  2050  2030  2030  2034  2034  1996  1996
TBILIS 1964 05 26 2  2008  2008  2028  2028  2038  2038  2042  2042  2026  2026  2018  2018
TBILIS 1964 05 27 1  2010  2010  2044  2044  2040  2040  2048  2048  2044  2044  2034  2034
TBILIS 1964 05 27 2  2036  2036  2022  2022  2006  2006  2024  2024  2030  2030  2026  2026
TBILIS 1964 05 28 1  2004  2004  2022  2022  2034  2034  2036  2036  2038  2038  2004  2004
TBILIS 1964 05 28 2  2020  2020  2006  2006  2004  2004  2036  2036  2026  2026  2038  2038
TBILIS 1964 05 29 1  2022  2022  2012  2012  2036  2036  2048  2048  2046  2046  2020  2020
TBILIS 1964 05 29 2  2030  2030  2018  2018  2010  2010  2024  2024  1988  1988 99999 99999
TBILIS 1964 05 30 1  2008  2008  2030  2030  2032  2032  2024  2024  2042  2042  2028  2028
TBILIS 1964 05 30 2  1998  1998 99999 99999  2012  2012  2032  2032  2014  2014  2020  2020
TBILIS 1964 05 31 1  2032  2032  2024  2024  2018  2018  2012  2012  1990  1990  1994  1994
TBILIS 1964 05 31 2  2020  2020  2000  2000  2018  2018  2010  2010  2018  2018  2022  2022
Cosmic-Ray Neutron Monitor Data (Hourly, Pressure-Corrected and Scale-Adjusted Counts)
Collections: WDC for Cosmic Rays, Solar-Terrestrial Environment Laboratory, Nagoya Univ.
Data Access: http://center.stelab.nagoya-u.ac.jp/WDCCR/index.html
Project: ICSU WDC
Citation: WDC for Cosmic Rays, Solar-Terrestrial Environment Laboratory, Nagoya University
Station ID: TBILIS
Station:  TBILISI,GIORGIA,INSTITUT GEOPHYSIKY (IG), GIORGIAN ACADEMY OF SCIENCES,GIORGIA 
Instrument: IGY NEUTRON MONITOR, CORRECTED FOR PRESSURE TO 950.0 MB, COEF. =                
Latitude (deg.):   41.72  Longitude (deg.):   44.80  Altitude (m):  510.00
Cut-Off Rigidity (GV):    6.91
Year: 1964  Month:   6
Scaling Factor (SF):     8.0   Constant (CONST):     0.0  Real Counts = (DATA + CONST)*SF
Temporal Resolution: 1 hour
UTC Start Hour:     0.0
                                                                                
                                                        
Monthly Average:  2017.7
Updated (YYYY MM DD): 1980 01 22
*******************************************************************************************
ID     YYYY MM DD 1     0     1     2     3     4     5     6     7     8     9    10    11
ID     YYYY MM DD 2    12    13    14    15    16    17    18    19    20    21    22    23
*******************************************************************************************
TBILIS 1964 06 01 1  2018  2018  2020  2020  2024  2024  1998  1998  2006  2006  2004  2004
TBILIS 1964 06 01 2  2012  2012  2014  2014  2016  2016  2004  2004  2008  2008  2000  2000
TBILIS 1964 06 02 1  2028  2028  2028  2028  2020  2020  2018  2018  2014  2014  2008  2008
TBILIS 1964 06 02 2  2014  2014  2016  2016  2000  2000  2008  2008  2008  2008  1992  1992
TBILIS 1964 06 03 1  2000  2000  2006  2006  1974  1974  2008  2008  1980  1980  1998  1998
TBILIS 1964 06 03 2  1994  1994  1986  1986  1982  1982  2002  2002  1990  1990  1994  1994
TBILIS 1964 06 04 1  1986  1986  1996  1996  1990  1990  1982  1982  2006  2006  2002  2002
TBILIS 1964 06 04 2  2004  2004  2004  2004  1992  1992  2000  2000  1984  1984  2002  2002
TBILIS 1964 06 05 1  1982  1982  2010  2010  1998  1998  2008  2008  1996  1996  2004  2004
TBILIS 1964 06 05 2  2028  2028  2016  2016  2040  2040  2022  2022  2030  2030  2028  2028
TBILIS 1964 06 06 1  2028  2028  2022  2022  2034  2034  2016  2016  2000  2000  2052  2052
TBILIS 1964 06 06 2  2032  2032  2050  2050  2018  2018  2024  2024  2010  2010  2008  2008
TBILIS 1964 06 07 1  2042  2042  2058  2058 99999 99999 99999 99999 99999 99999 99999 99999
TBILIS 1964 06 07 2  2020  2020  2042  2042  2032  2032  2004  2004  2006  2006  2034  2034
TBILIS 1964 06 08 1  2026  2026  2004  2004  2034  2034  2040  2040  2028  2028  2032  2032
TBILIS 1964 06 08 2  2018  2018  2020  2020  2028  2028  2014  2014  2018  2018  2020  2020
TBILIS 1964 06 09 1  1998  1998  2000  2000  2018  2018  2028  2028  2038  2038  2032  2032
TBILIS 1964 06 09 2  2042  2042  2038  2038  2024  2024  2034  2034  2018  2018  2002  2002
TBILIS 1964 06 10 1  2034  2034  2014  2014  2016  2016  2048  2048 99999 99999  2000  2000
TBILIS 1964 06 10 2  2004  2004  2030  2030  2046  2046  2024  2024  2008  2008  2026  2026
TBILIS 1964 06 11 1  1998  1998  1996  1996  2016  2016  2008  2008  2048  2048  2060  2060
TBILIS 1964 06 11 2  2052  2052  2060  2060  2046  2046  2032  2032  2052  2052  2038  2038
TBILIS 1964 06 12 1  2012  2012  2034  2034  2068  2068  2038  2038  2066  2066  2046  2046
TBILIS 1964 06 12 2  2018  2018  2042  2042  2026  2026  2054  2054  2034  2034  2052  2052
TBILIS 1964 06 13 1  2050  2050  2048  2048  2058  2058  2050  2050  2036  2036  2062  2062
TBILIS 1964 06 13 2  2052  2052  2004  2004  1996  1996  1988  1988 99999 99999 99999 99999
TBILIS 1964 06 14 1 99999 99999 99999 99999 99999 99999 99999 99999  2032  2032  2004  2004
TBILIS 1964 06 14 2  2012  2012  2012  2012  2004  2004  2012  2012  2020  2020  2010  2010
TBILIS 1964 06 15 1  1984  1984  2002  2002  2008  2008  2010  2010  2026  2026  2004  2004
TBILIS 1964 06 15 2  2010  2010  1998  1998  2002  2002  2006  2006  2004  2004  1996  1996
TBILIS 1964 06 16 1  2006  2006  2012  2012  2004  2004  2016  2016  2020  2020  2034  2034
TBILIS 1964 06 16 2  1994  1994  2000  2000  2016  2016  2018  2018  1998  1998  1992  1992
TBILIS 1964 06 17 1  2000  2000  1990  1990  1996  1996  2016  2016  2020  2020  2028  2028
TBILIS 1964 06 17 2  2026  2026  1996  1996  2012  2012  2020  2020  2004  2004  2016  2016
TBILIS 1964 06 18 1  2004  2004  2010  2010  2032  2032  2046  2046  2008  2008  2044  2044
TBILIS 1964 06 18 2  2010  2010  2038  2038  2012  2012  2018  2018  2026  2026  2002  2002
TBILIS 1964 06 19 1  1988  1988  2004  2004  2018  2018  2036  2036  2004  2004  2018  2018
TBILIS 1964 06 19 2  2010  2010  2018  2018  2012  2012  2004  2004  2020  2020  2012  2012
TBILIS 1964 06 20 1  2032  2032  2024  2024  2038  2038  2030  2030 99999 99999 99999 99999
TBILIS 1964 06 20 2 99999 99999 99999 99999 99999 99999 99999 99999 99999 99999 99999 99999
TBILIS 1964 06 21 1 99999 99999 99999 99999 99999 99999 99999 99999 99999 99999 99999 99999
TBILIS 1964 06 21 2 99999 99999 99999 99999 99999 99999  2016  2016  1998  1998  2008  2008
TBILIS 1964 06 22 1  1996  1996  2006  2006  2018  2018  2012  2012  2008  2008  2012  2012
TBILIS 1964 06 22 2  2032  2032  2024  2024  2002  2002  2006  2006  2038  2038  2002  2002
TBILIS 1964 06 23 1  2008  2008  2002  2002  2010  2010  2028  2028  2024  2024  2002  2002
TBILIS 1964 06 23 2  2018  2018  2032  2032  2038  2038  2038  2038  2034  2034  2062  2062
TBILIS 1964 06 24 1  1998  1998  2010  2010  2018  2018  2030  2030  1992  1992  2020  2020
TBILIS 1964 06 24 2  2010  2010  2012  2012  2008  2008  1996  1996  2004  2004  1976  1976
TBILIS 1964 06 25 1  1998  1998  1986  1986  1994  1994  2020  2020  2032  2032  2010  2010
TBILIS 1964 06 25 2  2016  2016  2012  2012  1996  1996  2036  2036  1980  1980  2006  2006
TBILIS 1964 06 26 1  2030  2030  2018  2018  2006  2006  1994  1994  2018  2018  2022  2022
TBILIS 1964 06 26 2  2044  2044  2040  2040  2022  2022  2038  2038  2038  2038  2026  2026
TBILIS 1964 06 27 1  2020  2020  2036  2036  2050  2050  2026  2026  2034  2034  2022  2022
TBILIS 1964 06 27 2  1994  1994  2014  2014  2014  2014  2024  2024  2024  2024  2046  2046
TBILIS 1964 06 28 1  2028  2028  2024  2024  2042  2042  2050  2050  2012  2012  2026  2026
TBILIS 1964 06 28 2  2036  2036  2032  2032  2016  2016  2042  2042  2018  2018  2042  2042
TBILIS 1964 06 29 1  2024  2024  2030  2030  2024  2024  2058  2058  2038  2038  2020  2020
TBILIS 1964 06 29 2  2008  2008  2034  2034  2016  2016  2004  2004  2020  2020  2022  2022
TBILIS 1964 06 30 1  2008  2008  2018  2018 99999 99999 99999 99999 99999 99999 99999 99999
TBILIS 1964 06 30 2 99999 99999 99999 99999 99999 99999 99999 99999 99999 99999 99999 99999
TBILIS 1964 06 31 1 99999 99999 99999 99999 99999 99999 99999 99999 99999 99999 99999 99999
TBILIS 1964 06 31 2 99999 99999 99999 99999 99999 99999 99999 99999 99999 99999 99999 99999
Cosmic-Ray Neutron Monitor Data (Hourly, Pressure-Corrected and Scale-Adjusted Counts)
Collections: WDC for Cosmic Rays, Solar-Terrestrial Environment Laboratory, Nagoya Univ.
Data Access: http://center.stelab.nagoya-u.ac.jp/WDCCR/index.html
Project: ICSU WDC
Citation: WDC for Cosmic Rays, Solar-Terrestrial Environment Laboratory, Nagoya University
Station ID: TBILIS
Station:  TBILISI,GIORGIA,INSTITUT GEOPHYSIKY (IG), GIORGIAN ACADEMY OF SCIENCES,GIORGIA 
Instrument: IGY NEUTRON MONITOR, CORRECTED FOR PRESSURE TO 950.0 MB, COEF. =                
Latitude (deg.):   41.72  Longitude (deg.):   44.80  Altitude (m):  510.00
Cut-Off Rigidity (GV):    6.91
Year: 1964  Month:   7
Scaling Factor (SF):     8.0   Constant (CONST):     0.0  Real Counts = (DATA + CONST)*SF
Temporal Resolution: 1 hour
UTC Start Hour:     0.0
                                                                                
                                                        
Monthly Average:  2009.4
Updated (YYYY MM DD): 1980 01 22
*******************************************************************************************
ID     YYYY MM DD 1     0     1     2     3     4     5     6     7     8     9    10    11
ID     YYYY MM DD 2    12    13    14    15    16    17    18    19    20    21    22    23
*******************************************************************************************
TBILIS 1964 07 01 1 99999 99999 99999 99999 99999 99999 99999 99999 99999 99999 99999 99999
TBILIS 1964 07 01 2 99999 99999 99999 99999 99999 99999 99999 99999 99999 99999 99999 99999
TBILIS 1964 07 02 1 99999 99999 99999 99999 99999 99999 99999 99999 99999 99999 99999 99999
TBILIS 1964 07 02 2 99999 99999 99999 99999  1982  1982  2026  2026  2034  2034  2008  2008
TBILIS 1964 07 03 1  2020  2020  1994  1994  2006  2006  2022  2022  2022  2022  2042  2042
TBILIS 1964 07 03 2  2008  2008  2010  2010  2008  2008  2052  2052 99999 99999  2012  2012
TBILIS 1964 07 04 1  1992  1992  1996  1996  2040  2040  2012  2012  2010  2010  1988  1988
TBILIS 1964 07 04 2  1982  1982  1994  1994 99999 99999 99999 99999 99999 99999 99999 99999
TBILIS 1964 07 05 1 99999 99999 99999 99999 99999 99999 99999 99999 99999 99999  2014  2014
TBILIS 1964 07 05 2  2014  2014  2010  2010  2018  2018  2010  2010  2018  2018  2018  2018
TBILIS 1964 07 06 1 99999 99999  2008  2008  2022  2022  2034  2034  2008  2008  2006  2006
TBILIS 1964 07 06 2  2012  2012  2046  2046  2022  2022  2022  2022  2004  2004  2010  2010
TBILIS 1964 07 07 1  2026  2026  2006  2006  2008  2008  2016  2016 99999 99999  2012  2012
TBILIS 1964 07 07 2  2016  2016  2006  2006  2014  2014  2022  2022  2024  2024  2022  2022
TBILIS 1964 07 08 1  2008  2008  2028  2028  2052  2052  2052  2052  2030  2030  2014  2014
TBILIS 1964 07 08 2  2006  2006  2020  2020  2020  2020  2036  2036  2016  2016  2006  2006
TBILIS 1964 07 09 1  2006  2006  2010  2010  2008  2008  2010  2010  2008  2008  2004  2004
TBILIS 1964 07 09 2  1988  1988  2000  2000  2000  2000  2012  2012 99999 99999 99999 99999
TBILIS 1964 07 10 1 99999 99999 99999 99999 99999 99999 99999 99999 99999 99999 99999 99999
TBILIS 1964 07 10 2 99999 99999  2008  2008  2040  2040  2040  2040  2032  2032  2002  2002
TBILIS 1964 07 11 1  2010  2010  2002  2002  2008  2008  1996  1996  1998  1998  2022  2022
TBILIS 1964 07 11 2  2018  2018  2006  2006  1998  1998  2006  2006  2014  2014  2024  2024
TBILIS 1964 07 12 1  2014  2014  2018  2018  1996  1996  2016  2016  2016  2016  2006  2006
TBILIS 1964 07 12 2  2014  2014  2022  2022  2000  2000  1992  1992  2002  2002  2010  2010
TBILIS 1964 07 13 1  1994  1994  2002  2002  2024  2024  2016  2016  2028  2028  2018  2018
TBILIS 1964 07 13 2  2022  2022  2006  2006  1998  1998  1994  1994  1988  1988  2000  2000
TBILIS 1964 07 14 1  1996  1996  2002  2002  2038  2038  2018  2018  2006  2006  2024  2024
TBILIS 1964 07 14 2  2002  2002  1996  1996  1984  1984  2018  2018  2004  2004  2012  2012
TBILIS 1964 07 15 1  1980  1980  2038  2038  2000  2000  2028  2028  2016  2016  1990  1990
TBILIS 1964 07 15 2 99999 99999 99999 99999  2016  2016  2004  2004  1978  1978  2002  2002
TBILIS 1964 07 16 1  1990  1990  1998  1998  2008  2008  2018  2018  1998  1998  2012  2012
TBILIS 1964 07 16 2  1996  1996  1994  1994  1992  1992  2002  2002  1998  1998  1994  1994
TBILIS 1964 07 17 1  2002  2002  1982  1982  1980  1980  2008  2008  1996  1996  2002  2002
TBILIS 1964 07 17 2  2012  2012  2000  2000  2008  2008  2002  2002  1998  1998  1996  1996
TBILIS 1964 07 18 1  1988  1988  1994  1994  2002  2002  1996  1996  1994  1994  2002  2002
TBILIS 1964 07 18 2  2002  2002  2008  2008  2010  2010  1988  1988  2002  2002  1976  1976
TBILIS 1964 07 19 1  1980  1980  1982  1982  1988  1988  1980  1980  1990  1990  1986  1986
TBILIS 1964 07 19 2  1994  1994  2000  2000  1976  1976  1998  1998  1974  1974  1982  1982
TBILIS 1964 07 20 1  1976  1976  1990  1990  2002  2002  1990  1990  1998  1998  1994  1994
TBILIS 1964 07 20 2  1992  1992  1986  1986  2004  2004  1982  1982  2000  2000  1988  1988
TBILIS 1964 07 21 1  1998  1998  1976  1976  2012  2012  2014  2014  2002  2002  1992  1992
TBILIS 1964 07 21 2  1994  1994  1970  1970  2000  2000  2016  2016  2010  2010  1994  1994
TBILIS 1964 07 22 1  1976  1976  1974  1974  1992  1992 99999 99999  2024  2024  1960  1960
TBILIS 1964 07 22 2  1994  1994  2012  2012  1996  1996  2010  2010  1992  1992  2010  2010
TBILIS 1964 07 23 1  1986  1986  2022  2022  2024  2024  2038  2038  2004  2004  2006  2006
TBILIS 1964 07 23 2  1996  1996  1990  1990  2004  2004  1980  1980  2032  2032  2004  2004
TBILIS 1964 07 24 1  2014  2014 99999 99999  2002  2002  2002  2002  2026  2026  2006  2006
TBILIS 1964 07 24 2  2016  2016  1994  1994  1984  1984  1984  1984 99999 99999  2014  2014
TBILIS 1964 07 25 1  2016  2016  2022  2022  2010  2010 99999 99999  2016  2016  2006  2006
TBILIS 1964 07 25 2  2016  2016  1994  1994  2008  2008  2012  2012  2048  2048  2022  2022
TBILIS 1964 07 26 1  2030  2030  2022  2022  2020  2020  2036  2036  2016  2016  2020  2020
TBILIS 1964 07 26 2  2030  2030  2028  2028  2028  2028  2018  2018  2014  2014  2024  2024
TBILIS 1964 07 27 1  2022  2022  2034  2034  2032  2032  2040  2040  2022  2022  2022  2022
TBILIS 1964 07 27 2  2006  2006  2002  2002  2038  2038  2012  2012  2020  2020  2020  2020
TBILIS 1964 07 28 1  2030  2030  2028  2028  2036  2036  2048  2048  2032  2032  2028  2028
TBILIS 1964 07 28 2  2018  2018  2032  2032  2012  2012  2008  2008  2018  2018  2024  2024
TBILIS 1964 07 29 1  2020  2020  2022  2022  2034  2034  2040  2040  2012  2012  2030  2030
TBILIS 1964 07 29 2  2038  2038  2012  2012  2008  2008  2006  2006  2006  2006 99999 99999
TBILIS 1964 07 30 1 99999 99999 99999 99999 99999 99999 99999 99999  2030  2030  2036  2036
TBILIS 1964 07 30 2  2038  2038  2032  2032  2010  2010  2006  2006  2008  2008  1992  1992
TBILIS 1964 07 31 1  2008  2008  2012  2012  2028  2028  2024  2024  2028  2028  2010  2010
TBILIS 1964 07 31 2  2022  2022  2022  2022  2006  2006  2032  2032  2010  2010  2014  2014
Cosmic-Ray Neutron Monitor Data (Hourly, Pressure-Corrected and Scale-Adjusted Counts)
Collections: WDC for Cosmic Rays, Solar-Terrestrial Environment Laboratory, Nagoya Univ.
Data Access: http://center.stelab.nagoya-u.ac.jp/WDCCR/index.html
Project: ICSU WDC
Citation: WDC for Cosmic Rays, Solar-Terrestrial Environment Laboratory, Nagoya University
Station ID: TBILIS
Station:  TBILISI,GIORGIA,INSTITUT GEOPHYSIKY (IG), GIORGIAN ACADEMY OF SCIENCES,GIORGIA 
Instrument: IGY NEUTRON MONITOR, CORRECTED FOR PRESSURE TO 950.0 MB, COEF. =                
Latitude (deg.):   41.72  Longitude (deg.):   44.80  Altitude (m):  510.00
Cut-Off Rigidity (GV):    6.91
Year: 1964  Month:   8
Scaling Factor (SF):     8.0   Constant (CONST):     0.0  Real Counts = (DATA + CONST)*SF
Temporal Resolution: 1 hour
UTC Start Hour:     0.0
                                                                                
                                                        
Monthly Average:  2018.4
Updated (YYYY MM DD): 1980 01 22
*******************************************************************************************
ID     YYYY MM DD 1     0     1     2     3     4     5     6     7     8     9    10    11
ID     YYYY MM DD 2    12    13    14    15    16    17    18    19    20    21    22    23
*******************************************************************************************
TBILIS 1964 08 01 1  2000  2000  2004  2004  2004  2004  2014  2014  2016  2016  2010  2010
TBILIS 1964 08 01 2  1996  1996  2002  2002  2010  2010  1986  1986  2006  2006  2014  2014
TBILIS 1964 08 02 1  2020  2020  2018  2018  2008  2008  2016  2016  1994  1994  2004  2004
TBILIS 1964 08 02 2  2000  2000  2000  2000  2008  2008  2018  2018  2020  2020  2004  2004
TBILIS 1964 08 03 1  1988  1988  1990  1990  2008  2008  2028  2028  2030  2030 99999 99999
TBILIS 1964 08 03 2 99999 99999 99999 99999  2002  2002  1974  1974  2000  2000  2034  2034
TBILIS 1964 08 04 1  2022  2022  2032  2032  2050  2050  2044  2044  2042  2042  2048  2048
TBILIS 1964 08 04 2  2022  2022  2012  2012  2034  2034 99999 99999  2002  2002  1992  1992
TBILIS 1964 08 05 1  1996  1996  2006  2006  2036  2036  2036  2036  2054  2054  2034  2034
TBILIS 1964 08 05 2  2016  2016  2002  2002  1996  1996  2014  2014  2012  2012  2006  2006
TBILIS 1964 08 06 1  2032  2032  2016  2016  2030  2030  2018  2018  2026  2026  2030  2030
TBILIS 1964 08 06 2  2038  2038  2030  2030  2020  2020  2018  2018  2014  2014  2016  2016
TBILIS 1964 08 07 1  2034  2034  2008  2008  1994  1994  1996  1996  2012  2012  2026  2026
TBILIS 1964 08 07 2  2020  2020  2002  2002  2014  2014  1996  1996  1990  1990  2012  2012
TBILIS 1964 08 08 1  2026  2026  2014  2014  2022  2022  2030  2030  2006  2006  2024  2024
TBILIS 1964 08 08 2  2014  2014  1994  1994  1998  1998  2004  2004  2002  2002  2014  2014
TBILIS 1964 08 09 1  2008  2008  2010  2010  2006  2006  2002  2002  2032  2032  2012  2012
TBILIS 1964 08 09 2  2008  2008  2002  2002  1998  1998  2006  2006  2018  2018  2026  2026
TBILIS 1964 08 10 1  2014  2014  2014  2014  2034  2034  2014  2014  2006  2006  2014  2014
TBILIS 1964 08 10 2  2004  2004  2016  2016  2012  2012  2020  2020  2006  2006  2032  2032
TBILIS 1964 08 11 1  2016  2016  2006  2006  2016  2016  2004  2004  2012  2012  2024  2024
TBILIS 1964 08 11 2  1998  1998  2020  2020  2022  2022  2016  2016  2004  2004  2000  2000
TBILIS 1964 08 12 1  2002  2002  2000  2000  2024  2024  2012  2012  2018  2018  1998  1998
TBILIS 1964 08 12 2  2010  2010  2002  2002  1998  1998  1994  1994  1976  1976  1986  1986
TBILIS 1964 08 13 1  1990  1990  1982  1982  2002  2002  2022  2022  2002  2002  2018  2018
TBILIS 1964 08 13 2  2030  2030  1992  1992  2030  2030  1994  1994  1992  1992  1990  1990
TBILIS 1964 08 14 1  2018  2018  1998  1998  1994  1994  2006  2006  1990  1990  1992  1992
TBILIS 1964 08 14 2  2004  2004  1986  1986  2012  2012  1984  1984  1974  1974  2018  2018
TBILIS 1964 08 15 1  2016  2016  2000  2000  2012  2012  1994  1994  2006  2006  2010  2010
TBILIS 1964 08 15 2  1988  1988  2010  2010  2010  2010  2006  2006  2024  2024  2002  2002
TBILIS 1964 08 16 1  2014  2014  2016  2016  2032  2032  2018  2018  2010  2010  2020  2020
TBILIS 1964 08 16 2  2020  2020  2014  2014  2012  2012  2014  2014  2018  2018  2006  2006
TBILIS 1964 08 17 1  2014  2014  2020  2020  2016  2016  2006  2006  2012  2012  2024  2024
TBILIS 1964 08 17 2  2002  2002  2000  2000  2006  2006  2020  2020  1998  1998  1988  1988
TBILIS 1964 08 18 1  1994  1994  1998  1998  2004  2004  2006  2006  2022  2022  2018  2018
TBILIS 1964 08 18 2  2000  2000  2004  2004  2014  2014  2026  2026  2006  2006  2020  2020
TBILIS 1964 08 19 1  2030  2030  2024  2024  2024  2024  2020  2020  2006  2006  2028  2028
TBILIS 1964 08 19 2  2040  2040  2042  2042  2022  2022  2034  2034  2032  2032  2030  2030
TBILIS 1964 08 20 1  2054  2054  2048  2048  2034  2034  2070  2070  2060  2060  2060  2060
TBILIS 1964 08 20 2  2046  2046  2038  2038  2022  2022  2032  2032  2048  2048  2048  2048
TBILIS 1964 08 21 1  2040  2040  2058  2058  2044  2044  2046  2046  2034  2034  2028  2028
TBILIS 1964 08 21 2  2020  2020  2020  2020  2032  2032  2044  2044  2048  2048  2020  2020
TBILIS 1964 08 22 1  2018  2018  2042  2042  2022  2022  2022  2022  2030  2030  2046  2046
TBILIS 1964 08 22 2  2054  2054  2020  2020  2012  2012  2028  2028  2018  2018  2022  2022
TBILIS 1964 08 23 1  2012  2012  2030  2030  2034  2034  2028  2028  2038  2038  2018  2018
TBILIS 1964 08 23 2  2032  2032  2044  2044  2030  2030  2040  2040  2030  2030  2034  2034
TBILIS 1964 08 24 1  2024  2024  2034  2034  2050  2050  2022  2022  2038  2038  2048  2048
TBILIS 1964 08 24 2  2020  2020  2020  2020  2028  2028  2030  2030  2040  2040  2020  2020
TBILIS 1964 08 25 1  2024  2024  2016  2016  2040  2040  2042  2042  2030  2030  2050  2050
TBILIS 1964 08 25 2  2028  2028  2024  2024  2020  2020  2024  2024  2024  2024  2006  2006
TBILIS 1964 08 26 1  2024  2024  2004  2004  2010  2010  2020  2020  2024  2024  2024  2024
TBILIS 1964 08 26 2  2018  2018  2014  2014  2020  2020  2038  2038  2018  2018  2014  2014
TBILIS 1964 08 27 1  2034  2034  2032  2032  2016  2016  2022  2022  2042  2042  2026  2026
TBILIS 1964 08 27 2  2034  2034  2028  2028  2022  2022  2014  2014  2036  2036  2030  2030
TBILIS 1964 08 28 1  2020  2020 99999 99999  2024  2024  2024  2024  2028  2028  2020  2020
TBILIS 1964 08 28 2  2018  2018  2030  2030  2018  2018  2018  2018  2018  2018  2012  2012
TBILIS 1964 08 29 1  2022  2022  2044  2044  2040  2040  2046  2046  2042  2042  2018  2018
TBILIS 1964 08 29 2  2030  2030  2006  2006  2010  2010  1998  1998  2012  2012  2022  2022
TBILIS 1964 08 30 1  2022  2022  2034  2034  2028  2028  2014  2014  2026  2026  2048  2048
TBILIS 1964 08 30 2  2022  2022  2020  2020  2038  2038  2052  2052  2036  2036  2024  2024
TBILIS 1964 08 31 1  2020  2020  2016  2016  2024  2024  2022  2022  2048  2048  2032  2032
TBILIS 1964 08 31 2  2042  2042  1998  1998  2008  2008  2042  2042  2034  2034  2020  2020
Cosmic-Ray Neutron Monitor Data (Hourly, Pressure-Corrected and Scale-Adjusted Counts)
Collections: WDC for Cosmic Rays, Solar-Terrestrial Environment Laboratory, Nagoya Univ.
Data Access: http://center.stelab.nagoya-u.ac.jp/WDCCR/index.html
Project: ICSU WDC
Citation: WDC for Cosmic Rays, Solar-Terrestrial Environment Laboratory, Nagoya University
Station ID: TBILIS
Station:  TBILISI,GIORGIA,INSTITUT GEOPHYSIKY (IG), GIORGIAN ACADEMY OF SCIENCES,GIORGIA 
Instrument: IGY NEUTRON MONITOR, CORRECTED FOR PRESSURE TO 950.0 MB, COEF. =                
Latitude (deg.):   41.72  Longitude (deg.):   44.80  Altitude (m):  510.00
Cut-Off Rigidity (GV):    6.91
Year: 1964  Month:   9
Scaling Factor (SF):     8.0   Constant (CONST):     0.0  Real Counts = (DATA + CONST)*SF
Temporal Resolution: 1 hour
UTC Start Hour:     0.0
                                                                                
                                                        
Monthly Average:  2035.9
Updated (YYYY MM DD): 1980 01 22
*******************************************************************************************
ID     YYYY MM DD 1     0     1     2     3     4     5     6     7     8     9    10    11
ID     YYYY MM DD 2    12    13    14    15    16    17    18    19    20    21    22    23
*******************************************************************************************
TBILIS 1964 09 01 1  2032  2032  2022  2022  2024  2024  2022  2022  2044  2044  2030  2030
TBILIS 1964 09 01 2  2050  2050  2048  2048  2034  2034  2050  2050  2022  2022  2012  2012
TBILIS 1964 09 02 1  2024  2024  2014  2014  2060  2060  2054  2054  2048  2048  2004  2004
TBILIS 1964 09 02 2  2006  2006  2036  2036  2038  2038  2036  2036  2020  2020  2030  2030
TBILIS 1964 09 03 1  2024  2024  2028  2028  2038  2038  2014  2014  2024  2024  2032  2032
TBILIS 1964 09 03 2  2018  2018  2016  2016  2022  2022  2034  2034  2032  2032  2038  2038
TBILIS 1964 09 04 1  2020  2020  2022  2022  2046  2046  2028  2028  2028  2028  2042  2042
TBILIS 1964 09 04 2  2048  2048  2050  2050  2028  2028  2052  2052  2034  2034  2024  2024
TBILIS 1964 09 05 1  2026  2026  2014  2014  2022  2022  2032  2032  2064  2064  2040  2040
TBILIS 1964 09 05 2  2048  2048  2046  2046  2050  2050  2036  2036  2032  2032  2036  2036
TBILIS 1964 09 06 1  2014  2014  2034  2034  2028  2028  2026  2026  2040  2040  2040  2040
TBILIS 1964 09 06 2  2040  2040  2030  2030  2052  2052  2064  2064  2054  2054  2030  2030
TBILIS 1964 09 07 1  2022  2022  2054  2054  2018  2018  2144  2144  2046  2046  2070  2070
TBILIS 1964 09 07 2  2060  2060  2034  2034  2024  2024  2008  2008  2044  2044  2028  2028
TBILIS 1964 09 08 1  2026  2026  2040  2040  2040  2040  2042  2042  2048  2048  2034  2034
TBILIS 1964 09 08 2  2038  2038  2042  2042  2038  2038  2020  2020  2016  2016  2020  2020
TBILIS 1964 09 09 1  2014  2014  2024  2024  2042  2042  2036  2036  2026  2026  2026  2026
TBILIS 1964 09 09 2  2014  2014  2014  2014  2038  2038  2038  2038  2038  2038  2026  2026
TBILIS 1964 09 10 1  2036  2036  2032  2032  2034  2034  2038  2038  2024  2024  2014  2014
TBILIS 1964 09 10 2  2010  2010  2016  2016  2016  2016  2026  2026  2006  2006  2006  2006
TBILIS 1964 09 11 1  2030  2030  2012  2012  2022  2022  2030  2030  2032  2032  2036  2036
TBILIS 1964 09 11 2  2046  2046  2052  2052  2038  2038  2042  2042  2034  2034  2026  2026
TBILIS 1964 09 12 1  2054  2054  2050  2050  2064  2064  2044  2044  2038  2038  2038  2038
TBILIS 1964 09 12 2  2064  2064  2038  2038  2046  2046  2040  2040  2030  2030  2040  2040
TBILIS 1964 09 13 1  2024  2024  2038  2038  2044  2044  2030  2030  2046  2046  2050  2050
TBILIS 1964 09 13 2  2046  2046  2042  2042  2034  2034  2042  2042  2044  2044  2022  2022
TBILIS 1964 09 14 1  2006  2006  2030  2030  2038  2038  2038  2038  2034  2034  2032  2032
TBILIS 1964 09 14 2  2062  2062  2040  2040  2048  2048  2044  2044  2048  2048  2016  2016
TBILIS 1964 09 15 1  2066  2066  2034  2034  2022  2022  2030  2030  2056  2056  2066  2066
TBILIS 1964 09 15 2  2048  2048  2148  2148  2056  2056  2050  2050  2068  2068  2052  2052
TBILIS 1964 09 16 1  2032  2032  2036  2036  2042  2042  2040  2040  2024  2024  2046  2046
TBILIS 1964 09 16 2  2026  2026  2052  2052  2060  2060  2052  2052  2064  2064  2056  2056
TBILIS 1964 09 17 1  2048  2048  2048  2048  2072  2072  2080  2080  2032  2032  2050  2050
TBILIS 1964 09 17 2  2052  2052  2042  2042  2040  2040  2042  2042  2044  2044  2040  2040
TBILIS 1964 09 18 1  2062  2062  2034  2034  2040  2040  2042  2042  2060  2060  2054  2054
TBILIS 1964 09 18 2  2022  2022  2036  2036  2034  2034  2054  2054  2026  2026  2036  2036
TBILIS 1964 09 19 1  2028  2028  2032  2032  2010  2010  2058  2058  2040  2040  2020  2020
TBILIS 1964 09 19 2  2034  2034  2016  2016  2034  2034  2030  2030  2012  2012  2020  2020
TBILIS 1964 09 20 1  2034  2034  2018  2018  2044  2044  2034  2034  2030  2030  2016  2016
TBILIS 1964 09 20 2  2040  2040  2026  2026  2044  2044  2036  2036  2048  2048  2058  2058
TBILIS 1964 09 21 1  2030  2030  2024  2024  2032  2032  2046  2046 99999 99999 99999 99999
TBILIS 1964 09 21 2  2024  2024  2012  2012  2014  2014  2014  2014  2006  2006  1998  1998
TBILIS 1964 09 22 1  2012  2012  2022  2022  2026  2026  2050  2050  2030  2030  2046  2046
TBILIS 1964 09 22 2  2044  2044  2024  2024  2034  2034  2018  2018  2028  2028  2032  2032
TBILIS 1964 09 23 1  2028  2028  2054  2054  2036  2036  2036  2036  2050  2050  2058  2058
TBILIS 1964 09 23 2  2048  2048  2030  2030  2026  2026  2026  2026  2026  2026  2022  2022
TBILIS 1964 09 24 1  2048  2048  2026  2026  2038  2038  2034  2034  2028  2028  2046  2046
TBILIS 1964 09 24 2  2036  2036  2050  2050  2038  2038  2018  2018  2022  2022  2022  2022
TBILIS 1964 09 25 1  2030  2030  2036  2036  2034  2034  2020  2020  2042  2042  2030  2030
TBILIS 1964 09 25 2  2034  2034  2030  2030  2024  2024  2020  2020  2022  2022  2038  2038
TBILIS 1964 09 26 1  2032  2032  2030  2030  2050  2050  2044  2044  2034  2034  2022  2022
TBILIS 1964 09 26 2  2038  2038  2034  2034  2050  2050  2024  2024  2024  2024  2030  2030
TBILIS 1964 09 27 1  2030  2030  2034  2034  2042  2042  2034  2034  2020  2020  2014  2014
TBILIS 1964 09 27 2  2034  2034  2016  2016  2030  2030  2030  2030  2026  2026  2020  2020
TBILIS 1964 09 28 1  2024  2024  2020  2020  2036  2036  2046  2046  2062  2062  2042  2042
TBILIS 1964 09 28 2  2054  2054  2052  2052  2046  2046  2068  2068  2054  2054  2044  2044
TBILIS 1964 09 29 1  2060  2060  2038  2038  2044  2044  2034  2034  2048  2048  2040  2040
TBILIS 1964 09 29 2  2048  2048  2016  2016 99999 99999 99999 99999 99999 99999 99999 99999
TBILIS 1964 09 30 1 99999 99999 99999 99999 99999 99999 99999 99999 99999 99999 99999 99999
TBILIS 1964 09 30 2 99999 99999 99999 99999 99999 99999 99999 99999 99999 99999 99999 99999
TBILIS 1964 09 31 1 99999 99999 99999 99999 99999 99999 99999 99999 99999 99999 99999 99999
TBILIS 1964 09 31 2 99999 99999 99999 99999 99999 99999 99999 99999 99999 99999 99999 99999
Cosmic-Ray Neutron Monitor Data (Hourly, Pressure-Corrected and Scale-Adjusted Counts)
Collections: WDC for Cosmic Rays, Solar-Terrestrial Environment Laboratory, Nagoya Univ.
Data Access: http://center.stelab.nagoya-u.ac.jp/WDCCR/index.html
Project: ICSU WDC
Citation: WDC for Cosmic Rays, Solar-Terrestrial Environment Laboratory, Nagoya University
Station ID: TBILIS
Station:  TBILISI,GIORGIA,INSTITUT GEOPHYSIKY (IG), GIORGIAN ACADEMY OF SCIENCES,GIORGIA 
Instrument: IGY NEUTRON MONITOR, CORRECTED FOR PRESSURE TO 950.0 MB, COEF. =                
Latitude (deg.):   41.72  Longitude (deg.):   44.80  Altitude (m):  510.00
Cut-Off Rigidity (GV):    6.91
Year: 1964  Month:  10
Scaling Factor (SF):     8.0   Constant (CONST):     0.0  Real Counts = (DATA + CONST)*SF
Temporal Resolution: 1 hour
UTC Start Hour:     0.0
                                                                                
                                                        
Monthly Average:  2054.8
Updated (YYYY MM DD): 1980 01 22
*******************************************************************************************
ID     YYYY MM DD 1     0     1     2     3     4     5     6     7     8     9    10    11
ID     YYYY MM DD 2    12    13    14    15    16    17    18    19    20    21    22    23
*******************************************************************************************
TBILIS 1964 10 01 1 99999 99999 99999 99999 99999 99999 99999 99999 99999 99999 99999 99999
TBILIS 1964 10 01 2 99999 99999 99999 99999 99999 99999 99999 99999 99999 99999 99999 99999
TBILIS 1964 10 02 1 99999 99999 99999 99999 99999 99999 99999 99999 99999 99999 99999 99999
TBILIS 1964 10 02 2 99999 99999 99999 99999 99999 99999 99999 99999 99999 99999 99999 99999
TBILIS 1964 10 03 1 99999 99999 99999 99999 99999 99999 99999 99999 99999 99999 99999 99999
TBILIS 1964 10 03 2 99999 99999 99999 99999 99999 99999 99999 99999 99999 99999 99999 99999
TBILIS 1964 10 04 1 99999 99999 99999 99999 99999 99999 99999 99999 99999 99999 99999 99999
TBILIS 1964 10 04 2 99999 99999 99999 99999 99999 99999 99999 99999 99999 99999 99999 99999
TBILIS 1964 10 05 1 99999 99999 99999 99999 99999 99999 99999 99999 99999 99999 99999 99999
TBILIS 1964 10 05 2 99999 99999 99999 99999 99999 99999 99999 99999 99999 99999 99999 99999
TBILIS 1964 10 06 1 99999 99999 99999 99999 99999 99999 99999 99999 99999 99999 99999 99999
TBILIS 1964 10 06 2 99999 99999 99999 99999 99999 99999 99999 99999 99999 99999 99999 99999
TBILIS 1964 10 07 1 99999 99999 99999 99999 99999 99999 99999 99999 99999 99999 99999 99999
TBILIS 1964 10 07 2 99999 99999 99999 99999 99999 99999 99999 99999 99999 99999 99999 99999
TBILIS 1964 10 08 1 99999 99999 99999 99999 99999 99999 99999 99999 99999 99999 99999 99999
TBILIS 1964 10 08 2 99999 99999 99999 99999 99999 99999 99999 99999 99999 99999 99999 99999
TBILIS 1964 10 09 1 99999 99999 99999 99999 99999 99999  2060  2060  2064  2064  2052  2052
TBILIS 1964 10 09 2  2024  2024  2014  2014  2040  2040  2048  2048  2048  2048  2040  2040
TBILIS 1964 10 10 1  2056  2056  2040  2040  2040  2040  2062  2062  2040  2040  2054  2054
TBILIS 1964 10 10 2  2052  2052  2036  2036  2022  2022  2052  2052  2042  2042  2044  2044
TBILIS 1964 10 11 1  2038  2038  2036  2036  2042  2042  2064  2064  2058  2058  2048  2048
TBILIS 1964 10 11 2  2046  2046  2068  2068  2052  2052  2052  2052  2054  2054  2054  2054
TBILIS 1964 10 12 1  2044  2044  2046  2046  2062  2062  2060  2060  2070  2070  2064  2064
TBILIS 1964 10 12 2  2088  2088  2074  2074  2072  2072  2056  2056  2066  2066  2086  2086
TBILIS 1964 10 13 1  2062  2062  2072  2072  2084  2084  2064  2064  2070  2070  2064  2064
TBILIS 1964 10 13 2  2068  2068  2056  2056  2042  2042  2062  2062  2054  2054  2070  2070
TBILIS 1964 10 14 1  2072  2072  2052  2052  2072  2072  2094  2094  2050  2050  2050  2050
TBILIS 1964 10 14 2  2066  2066  2050  2050  2052  2052  2052  2052  2062  2062  2076  2076
TBILIS 1964 10 15 1  2078  2078  2058  2058  2048  2048  2050  2050  2062  2062  2056  2056
TBILIS 1964 10 15 2  2056  2056  2046  2046  2062  2062  2054  2054  2056  2056  2056  2056
TBILIS 1964 10 16 1  2076  2076  2066  2066  2050  2050  2052  2052  2050  2050  1982  1982
TBILIS 1964 10 16 2  1974  1974  2030  2030  2046  2046  2042  2042  2050  2050  2046  2046
TBILIS 1964 10 17 1  2046  2046  2062  2062  2062  2062  2064  2064  2050  2050  2062  2062
TBILIS 1964 10 17 2  2050  2050  2058  2058  2064  2064  2082  2082  2056  2056  2034  2034
TBILIS 1964 10 18 1  2036  2036  2066  2066  2038  2038  2066  2066  2040  2040  2058  2058
TBILIS 1964 10 18 2  2064  2064  2048  2048  2052  2052  2042  2042  2054  2054  2056  2056
TBILIS 1964 10 19 1  2048  2048  2058  2058  2060  2060  2062  2062  2072  2072  2048  2048
TBILIS 1964 10 19 2  2040  2040  2066  2066  2042  2042  2058  2058  2048  2048  2052  2052
TBILIS 1964 10 20 1  2044  2044  2046  2046  2068  2068  2060  2060  2070  2070  2084  2084
TBILIS 1964 10 20 2  2066  2066  2052  2052  2038  2038  2042  2042  2052  2052  2052  2052
TBILIS 1964 10 21 1  2082  2082  2048  2048  2052  2052  2074  2074  2114  2114  2108  2108
TBILIS 1964 10 21 2  2054  2054  2056  2056  2068  2068  2076  2076  2072  2072  2094  2094
TBILIS 1964 10 22 1  2104  2104  2074  2074  2076  2076  2052  2052  2066  2066  2072  2072
TBILIS 1964 10 22 2  2064  2064  2070  2070  2064  2064  2098  2098  2072  2072  2072  2072
TBILIS 1964 10 23 1  2082  2082  2076  2076  2090  2090  2060  2060  2068  2068  2060  2060
TBILIS 1964 10 23 2  2058  2058  2076  2076  2078  2078  2050  2050  2060  2060  2056  2056
TBILIS 1964 10 24 1  2064  2064  2072  2072  2086  2086 99999 99999  2026  2026  2012  2012
TBILIS 1964 10 24 2  2012  2012  2028  2028  2050  2050  2020  2020  2008  2008  2002  2002
TBILIS 1964 10 25 1  2000  2000  1980  1980  1996  1996  1970  1970  1960  1960  1946  1946
TBILIS 1964 10 25 2  1978  1978  1942  1942  1938  1938  1920  1920  1924  1924  1942  1942
TBILIS 1964 10 26 1 99999 99999 99999 99999 99999 99999 99999 99999  2080  2080  2042  2042
TBILIS 1964 10 26 2  2052  2052  2072  2072  2048  2048  2080  2080  2086  2086  2082  2082
TBILIS 1964 10 27 1  2084  2084  2050  2050  2080  2080  2082  2082  2066  2066  2074  2074
TBILIS 1964 10 27 2  2076  2076  2044  2044  2106  2106  2064  2064  2106  2106  2062  2062
TBILIS 1964 10 28 1  2058  2058  2042  2042  2048  2048  2046  2046  2094  2094  2074  2074
TBILIS 1964 10 28 2  2062  2062  2092  2092  2064  2064  2048  2048  2068  2068  2074  2074
TBILIS 1964 10 29 1  2072  2072  2082  2082  2062  2062  2094  2094  2072  2072  2042  2042
TBILIS 1964 10 29 2  2062  2062  2074  2074  2056  2056  2070  2070  2068  2068  2054  2054
TBILIS 1964 10 30 1  2066  2066  2066  2066  2082  2082  2076  2076  2072  2072  2098  2098
TBILIS 1964 10 30 2  2086  2086  2074  2074  2050  2050  2062  2062  2040  2040  2054  2054
TBILIS 1964 10 31 1  2062  2062  2066  2066  2062  2062  2072  2072  2056  2056  2068  2068
TBILIS 1964 10 31 2  2060  2060  2072  2072  2060  2060  2066  2066  2062  2062  2050  2050
Cosmic-Ray Neutron Monitor Data (Hourly, Pressure-Corrected and Scale-Adjusted Counts)
Collections: WDC for Cosmic Rays, Solar-Terrestrial Environment Laboratory, Nagoya Univ.
Data Access: http://center.stelab.nagoya-u.ac.jp/WDCCR/index.html
Project: ICSU WDC
Citation: WDC for Cosmic Rays, Solar-Terrestrial Environment Laboratory, Nagoya University
Station ID: TBILIS
Station:  TBILISI,GIORGIA,INSTITUT GEOPHYSIKY (IG), GIORGIAN ACADEMY OF SCIENCES,GIORGIA 
Instrument: IGY NEUTRON MONITOR, CORRECTED FOR PRESSURE TO 950.0 MB, COEF. =                
Latitude (deg.):   41.72  Longitude (deg.):   44.80  Altitude (m):  510.00
Cut-Off Rigidity (GV):    6.91
Year: 1964  Month:  11
Scaling Factor (SF):     8.0   Constant (CONST):     0.0  Real Counts = (DATA + CONST)*SF
Temporal Resolution: 1 hour
UTC Start Hour:     0.0
                                                                                
                                                        
Monthly Average:  2042.5
Updated (YYYY MM DD): 1980 01 22
*******************************************************************************************
ID     YYYY MM DD 1     0     1     2     3     4     5     6     7     8     9    10    11
ID     YYYY MM DD 2    12    13    14    15    16    17    18    19    20    21    22    23
*******************************************************************************************
TBILIS 1964 11 01 1  2048  2048  2052  2052  2042  2042  2064  2064  2068  2068  2070  2070
TBILIS 1964 11 01 2  2072  2072  2068  2068  2074  2074  2064  2064  2088  2088  2062  2062
TBILIS 1964 11 02 1  2042  2042  2058  2058  2066  2066  2062  2062  2062  2062  2032  2032
TBILIS 1964 11 02 2  2042  2042  2060  2060  2062  2062  2060  2060  2042  2042  2038  2038
TBILIS 1964 11 03 1  2044  2044  2042  2042  2074  2074  2062  2062  2038  2038  2084  2084
TBILIS 1964 11 03 2  2064  2064  2068  2068  2044  2044  2060  2060  2044  2044  2060  2060
TBILIS 1964 11 04 1  2050  2050  2062  2062  2050  2050  2054  2054  2036  2036  2038  2038
TBILIS 1964 11 04 2  2048  2048  2062  2062  2048  2048  2032  2032  2042  2042  2040  2040
TBILIS 1964 11 05 1  2052  2052  2032  2032  2052  2052  2032  2032  2042  2042  2044  2044
TBILIS 1964 11 05 2  2026  2026  2034  2034  2032  2032  2054  2054  2058  2058  2050  2050
TBILIS 1964 11 06 1  2058  2058  2044  2044  2040  2040  2036  2036  2038  2038  2032  2032
TBILIS 1964 11 06 2  2028  2028  2034  2034  2038  2038  2028  2028  2046  2046  2038  2038
TBILIS 1964 11 07 1  2044  2044  2060  2060  2058  2058  2048  2048  2050  2050  2038  2038
TBILIS 1964 11 07 2  2044  2044  2036  2036  2008  2008  2048  2048  2038  2038  2020  2020
TBILIS 1964 11 08 1  2028  2028  2040  2040  2026  2026  2030  2030  2056  2056  2060  2060
TBILIS 1964 11 08 2  2042  2042  2046  2046  2054  2054  2054  2054  2034  2034  2042  2042
TBILIS 1964 11 09 1  2028  2028  2034  2034  2036  2036  2068  2068  2050  2050  2046  2046
TBILIS 1964 11 09 2 99999 99999  2062  2062  2032  2032  2046  2046  2042  2042  2044  2044
TBILIS 1964 11 10 1  2028  2028  2040  2040  2054  2054  2014  2014  2032  2032  2038  2038
TBILIS 1964 11 10 2  2042  2042  2038  2038  2060  2060  2056  2056  2052  2052  2050  2050
TBILIS 1964 11 11 1  2054  2054  2054  2054  2070  2070  2064  2064  2050  2050  2046  2046
TBILIS 1964 11 11 2  2054  2054  2066  2066  2054  2054  2038  2038 99999 99999 99999 99999
TBILIS 1964 11 12 1 99999 99999 99999 99999 99999 99999  2070  2070  2062  2062  2064  2064
TBILIS 1964 11 12 2  2034  2034  2026  2026  2028  2028  2020  2020  2034  2034  2018  2018
TBILIS 1964 11 13 1  2028  2028  2044  2044  2038  2038  2062  2062  2030  2030  2048  2048
TBILIS 1964 11 13 2  2030  2030  2030  2030  2040  2040  2038  2038  2042  2042  2058  2058
TBILIS 1964 11 14 1  2038  2038  2040  2040  2036  2036  2050  2050  2036  2036  2028  2028
TBILIS 1964 11 14 2  2030  2030  2028  2028  2046  2046  2028  2028  2022  2022  2038  2038
TBILIS 1964 11 15 1  2034  2034  2048  2048  2048  2048  2058  2058  2066  2066  2056  2056
TBILIS 1964 11 15 2  2028  2028  2046  2046  2020  2020  2042  2042  2030  2030  2042  2042
TBILIS 1964 11 16 1  2042  2042  2026  2026  2044  2044  2062  2062  2040  2040  2050  2050
TBILIS 1964 11 16 2  2006  2006  2018  2018  2060  2060  2020  2020  2028  2028  2028  2028
TBILIS 1964 11 17 1  2020  2020  2044  2044  2044  2044  2046  2046  2032  2032  2016  2016
TBILIS 1964 11 17 2  2022  2022  2016  2016  2024  2024  2018  2018  2026  2026  2022  2022
TBILIS 1964 11 18 1  2026  2026  2036  2036  2040  2040  2030  2030  2024  2024  2048  2048
TBILIS 1964 11 18 2  2020  2020  2028  2028  2032  2032  2020  2020  2024  2024  2030  2030
TBILIS 1964 11 19 1  2024  2024  2042  2042  2044  2044  2028  2028  2046  2046  2034  2034
TBILIS 1964 11 19 2  2022  2022  2020  2020  2022  2022  2042  2042  2034  2034  2028  2028
TBILIS 1964 11 20 1  2034  2034  2038  2038  2028  2028  2048  2048  2028  2028  2028  2028
TBILIS 1964 11 20 2  2036  2036  2034  2034  2028  2028  2026  2026  2046  2046  2036  2036
TBILIS 1964 11 21 1  2046  2046  2038  2038  2050  2050  2042  2042  2046  2046  2032  2032
TBILIS 1964 11 21 2  2032  2032  2012  2012  2030  2030 99999 99999 99999 99999 99999 99999
TBILIS 1964 11 22 1 99999 99999 99999 99999 99999 99999  2056  2056  2050  2050  2054  2054
TBILIS 1964 11 22 2  2042  2042  2034  2034  2048  2048  2050  2050  2036  2036  2038  2038
TBILIS 1964 11 23 1  2040  2040  2030  2030  2044  2044  2084  2084  2068  2068  2052  2052
TBILIS 1964 11 23 2  2038  2038  2072  2072  2060  2060  2072  2072  2050  2050  2052  2052
TBILIS 1964 11 24 1  2048  2048  2024  2024  2034  2034  2054  2054  2054  2054  2022  2022
TBILIS 1964 11 24 2  2034  2034  2042  2042  2066  2066  2046  2046  2064  2064  2070  2070
TBILIS 1964 11 25 1  2086  2086  2050  2050  2032  2032  2054  2054  2060  2060  2068  2068
TBILIS 1964 11 25 2  2052  2052  2036  2036  2034  2034  2018  2018  1998  1998  1994  1994
TBILIS 1964 11 26 1  2026  2026  2016  2016  2036  2036  2028  2028  2024  2024  2024  2024
TBILIS 1964 11 26 2  2026  2026  2020  2020  2032  2032  2012  2012  1974  1974 99999 99999
TBILIS 1964 11 27 1 99999 99999 99999 99999 99999 99999  2024  2024  2038  2038  2060  2060
TBILIS 1964 11 27 2  2010  2010  2018  2018  2034  2034  2048  2048  2022  2022  2096  2096
TBILIS 1964 11 28 1  2102  2102  2118  2118  2074  2074  2090  2090  2060  2060  2044  2044
TBILIS 1964 11 28 2 99999 99999  2040  2040  2034  2034  2018  2018  2016  2016  2044  2044
TBILIS 1964 11 29 1  2042  2042  2038  2038  2058  2058  2030  2030  2066  2066  2040  2040
TBILIS 1964 11 29 2  2024  2024  2026  2026  2064  2064 99999 99999  2068  2068  2082  2082
TBILIS 1964 11 30 1  2048  2048  2056  2056 99999 99999  2056  2056  2064  2064  2054  2054
TBILIS 1964 11 30 2  2012  2012  2024  2024  2050  2050  2022  2022  2030  2030  2042  2042
TBILIS 1964 11 31 1 99999 99999 99999 99999 99999 99999 99999 99999 99999 99999 99999 99999
TBILIS 1964 11 31 2 99999 99999 99999 99999 99999 99999 99999 99999 99999 99999 99999 99999
Cosmic-Ray Neutron Monitor Data (Hourly, Pressure-Corrected and Scale-Adjusted Counts)
Collections: WDC for Cosmic Rays, Solar-Terrestrial Environment Laboratory, Nagoya Univ.
Data Access: http://center.stelab.nagoya-u.ac.jp/WDCCR/index.html
Project: ICSU WDC
Citation: WDC for Cosmic Rays, Solar-Terrestrial Environment Laboratory, Nagoya University
Station ID: TBILIS
Station:  TBILISI,GIORGIA,INSTITUT GEOPHYSIKY (IG), GIORGIAN ACADEMY OF SCIENCES,GIORGIA 
Instrument: IGY NEUTRON MONITOR, CORRECTED FOR PRESSURE TO 950.0 MB, COEF. =                
Latitude (deg.):   41.72  Longitude (deg.):   44.80  Altitude (m):  510.00
Cut-Off Rigidity (GV):    6.91
Year: 1964  Month:  12
Scaling Factor (SF):     8.0   Constant (CONST):     0.0  Real Counts = (DATA + CONST)*SF
Temporal Resolution: 1 hour
UTC Start Hour:     0.0
                                                                                
                                                        
Monthly Average:  2065.4
Updated (YYYY MM DD): 1980 01 22
*******************************************************************************************
ID     YYYY MM DD 1     0     1     2     3     4     5     6     7     8     9    10    11
ID     YYYY MM DD 2    12    13    14    15    16    17    18    19    20    21    22    23
*******************************************************************************************
TBILIS 1964 12 01 1  2030  2030  2036  2036  2036  2036  2040  2040  2020  2020  2030  2030
TBILIS 1964 12 01 2  2024  2024  2034  2034  2036  2036  2038  2038  2046  2046  2022  2022
TBILIS 1964 12 02 1  2044  2044  2040  2040  2022  2022  2046  2046  2032  2032  2042  2042
TBILIS 1964 12 02 2  2020  2020  2016  2016  2026  2026  2012  2012  2028  2028  2032  2032
TBILIS 1964 12 03 1  2038  2038  2036  2036  2038  2038  2056  2056  2050  2050  2056  2056
TBILIS 1964 12 03 2  2058  2058  2054  2054  2056  2056  2070  2070  2048  2048  2054  2054
TBILIS 1964 12 04 1  2038  2038  2056  2056  2074  2074  2062  2062  2038  2038  2062  2062
TBILIS 1964 12 04 2  2026  2026  2068  2068  2056  2056  2050  2050  2032  2032  2048  2048
TBILIS 1964 12 05 1  2054  2054  2050  2050  2054  2054  2052  2052  2052  2052  2058  2058
TBILIS 1964 12 05 2  2046  2046  2036  2036  2048  2048  2066  2066  2056  2056  2062  2062
TBILIS 1964 12 06 1  2060  2060  2056  2056  2070  2070  2070  2070  2044  2044  2038  2038
TBILIS 1964 12 06 2  2052  2052  2044  2044  2058  2058  2056  2056  2038  2038  2040  2040
TBILIS 1964 12 07 1  2056  2056  2054  2054  2054  2054  2050  2050  2060  2060  2050  2050
TBILIS 1964 12 07 2  2048  2048  2056  2056  2062  2062  2076  2076  2074  2074  2072  2072
TBILIS 1964 12 08 1  2056  2056  2092  2092  2076  2076  2090  2090  2098  2098  2084  2084
TBILIS 1964 12 08 2  2082  2082  2080  2080  2080  2080  2064  2064  2076  2076  2078  2078
TBILIS 1964 12 09 1  2066  2066  2068  2068  2096  2096  2084  2084  2074  2074  2078  2078
TBILIS 1964 12 09 2  2068  2068  2082  2082  2080  2080  2096  2096  2084  2084  2072  2072
TBILIS 1964 12 10 1  2084  2084  2084  2084  2092  2092  2100  2100  2092  2092  2080  2080
TBILIS 1964 12 10 2  2068  2068  2070  2070  2088  2088  2084  2084  2076  2076  2064  2064
TBILIS 1964 12 11 1  2092  2092  2092  2092  2092  2092  2100  2100  2076  2076  2070  2070
TBILIS 1964 12 11 2  2080  2080  2082  2082  2092  2092  2080  2080  2072  2072  2054  2054
TBILIS 1964 12 12 1  2068  2068  2078  2078  2084  2084  2072  2072  2072  2072  2090  2090
TBILIS 1964 12 12 2  2070  2070  2074  2074  2076  2076  2088  2088  2062  2062  2062  2062
TBILIS 1964 12 13 1  2078  2078  2076  2076  2078  2078  2060  2060  2056  2056  2082  2082
TBILIS 1964 12 13 2  2068  2068  2054  2054  2072  2072  2078  2078  2064  2064  2056  2056
TBILIS 1964 12 14 1  2074  2074  2062  2062  2062  2062  2092  2092  2068  2068  2086  2086
TBILIS 1964 12 14 2  2050  2050  2054  2054  2062  2062  2084  2084  2084  2084  2064  2064
TBILIS 1964 12 15 1  2070  2070  2062  2062  2080  2080  2092  2092  2088  2088  2084  2084
TBILIS 1964 12 15 2  2074  2074  2072  2072  2056  2056  2090  2090  2072  2072  2076  2076
TBILIS 1964 12 16 1  2068  2068  2074  2074  2090  2090  2090  2090  2090  2090  2064  2064
TBILIS 1964 12 16 2  2068  2068  2072  2072  2048  2048  2062  2062  2066  2066  2076  2076
TBILIS 1964 12 17 1  2082  2082  2088  2088  2070  2070  2064  2064  2076  2076  2078  2078
TBILIS 1964 12 17 2  2082  2082  2068  2068  2084  2084  2058  2058  2088  2088  2082  2082
TBILIS 1964 12 18 1  2090  2090  2080  2080  2076  2076  2098  2098  2086  2086  2064  2064
TBILIS 1964 12 18 2  2082  2082  2082  2082  2090  2090  2072  2072  2076  2076  2082  2082
TBILIS 1964 12 19 1  2076  2076  2066  2066  2066  2066  2084  2084  2080  2080  2062  2062
TBILIS 1964 12 19 2  2088  2088  2084  2084  2072  2072  2086  2086  2094  2094  2064  2064
TBILIS 1964 12 20 1  2082  2082  2088  2088  2070  2070  2058  2058  2070  2070  2062  2062
TBILIS 1964 12 20 2  2058  2058  2068  2068  2058  2058  2074  2074  2088  2088  2066  2066
TBILIS 1964 12 21 1  2084  2084  2086  2086  2058  2058  2042  2042  2026  2026  2042  2042
TBILIS 1964 12 21 2  2044  2044  2074  2074  2054  2054  2038  2038  2046  2046  2064  2064
TBILIS 1964 12 22 1  2066  2066  2094  2094  2068  2068  2056  2056  2080  2080  2056  2056
TBILIS 1964 12 22 2  2052  2052  2058  2058 99999 99999  2056  2056  2048  2048  2044  2044
TBILIS 1964 12 23 1  2050  2050  2042  2042  2044  2044  2048  2048  2038  2038  2060  2060
TBILIS 1964 12 23 2 99999 99999  2046  2046  2062  2062  2062  2062  2064  2064  2084  2084
TBILIS 1964 12 24 1  2070  2070  2068  2068  2066  2066  2068  2068  2076  2076  2050  2050
TBILIS 1964 12 24 2  2054  2054  2064  2064  2076  2076 99999 99999 99999 99999 99999 99999
TBILIS 1964 12 25 1  2034  2034  2060  2060  2084  2084  2086  2086  2082  2082  2050  2050
TBILIS 1964 12 25 2  2054  2054  2074  2074  2064  2064  2086  2086  2076  2076  2100  2100
TBILIS 1964 12 26 1  2104  2104  2090  2090  2088  2088  2084  2084  2080  2080  2102  2102
TBILIS 1964 12 26 2  2082  2082  2076  2076  2084  2084  2098  2098  2104  2104  2090  2090
TBILIS 1964 12 27 1  2092  2092  2098  2098  2088  2088  2080  2080  2066  2066  2046  2046
TBILIS 1964 12 27 2  2062  2062  2074  2074  2076  2076  2062  2062  2062  2062  2056  2056
TBILIS 1964 12 28 1  2062  2062  2066  2066  2056  2056  2078  2078  2054  2054  2064  2064
TBILIS 1964 12 28 2  2076  2076  2062  2062  2072  2072  2044  2044  2066  2066  2054  2054
TBILIS 1964 12 29 1  2058  2058  2062  2062  2074  2074  2076  2076  2066  2066  2052  2052
TBILIS 1964 12 29 2  2054  2054  2052  2052  2050  2050  2052  2052  2034  2034  2056  2056
TBILIS 1964 12 30 1  2064  2064  2052  2052  2068  2068  2052  2052  2052  2052  2058  2058
TBILIS 1964 12 30 2  2038  2038  2070  2070  2056  2056  2070  2070  2072  2072  2056  2056
TBILIS 1964 12 31 1  2046  2046  2062  2062  2056  2056  2076  2076  2056  2056  2074  2074
TBILIS 1964 12 31 2  2058  2058  2050  2050  2076  2076  2056  2056  2068  2068  2046  2046
