Cosmic-Ray Neutron Monitor Data (Hourly, Pressure-Corrected and Scale-Adjusted Counts)
Collections: WDC for Cosmic Rays, Solar-Terrestrial Environment Laboratory, Nagoya Univ.
Data Access: http://center.stelab.nagoya-u.ac.jp/WDCCR/index.html
Project: ICSU WDC
Citation: WDC for Cosmic Rays, Solar-Terrestrial Environment Laboratory, Nagoya University
Station ID: TBILIS
Station:  TBILISI,GIORGIA,INSTITUT GEOPHYSIKY (IG), GIORGIAN ACADEMY OF SCIENCES,GIORGIA 
Instrument: 18-NM-64 NEUTRON MONITOR, CORRECTED FOR PRESSURE TO 950.0 MB, COEF. =           
Latitude (deg.):   41.72  Longitude (deg.):   44.80  Altitude (m):  510.00
Cut-Off Rigidity (GV):    6.66
Year: 1977  Month:   1
Scaling Factor (SF):    64.0   Constant (CONST):     0.0  Real Counts = (DATA + CONST)*SF
Temporal Resolution: 1 hour
UTC Start Hour:     0.0
                                                                                
                                                        
Monthly Average:  8518.1
Updated (YYYY MM DD): 1984 02 22
*******************************************************************************************
ID     YYYY MM DD 1     0     1     2     3     4     5     6     7     8     9    10    11
ID     YYYY MM DD 2    12    13    14    15    16    17    18    19    20    21    22    23
*******************************************************************************************
TBILIS 1977 01 01 1  8577  8635  8602  8629  8578  8608  8594  8591  8597  8645  8639  8596
TBILIS 1977 01 01 2  8619  8594  8618  8567  8587  8586  8564  8565  8564  8586  8595  8596
TBILIS 1977 01 02 1  8593  8591  8528  8608  8614  8591  8593  8554  8553  8662  8638  8644
TBILIS 1977 01 02 2  8626  8660  8571  8587  8570  8577  8583  8606  8582  8582  8603  8584
TBILIS 1977 01 03 1  8585  8509  8550  8486  8502  8540  8531  8499  8525  8534  8545  8542
TBILIS 1977 01 03 2  8549  8544  8550  8531  8504  8534  8526  8520  8501  8548  8509  8506
TBILIS 1977 01 04 1  8511  8503  8491  8466  8476  8489  8458  8481  8505  8513  8523  8566
TBILIS 1977 01 04 2  8554  8582  8603  8586  8566  8577  8555  8611  8611  8608  8633  8586
TBILIS 1977 01 05 1  8627  8632  8614  8609  8572  8541  8547  8499  8521  8590  8507  8540
TBILIS 1977 01 05 2  8558  8493  8516  8524  8562  8542  8546  8547  8545  8491  8504  8526
TBILIS 1977 01 06 1  8505  8546  8532  8560  8538  8574  8540  8502  8517  8533  8531  8532
TBILIS 1977 01 06 2  8482  8532  8456  8453  8401  8431  8454  8406  8388  8378  8407  8435
TBILIS 1977 01 07 1  8448  8494  8428  8481  8503  8522  8521  8454  8467  8475  8494  8486
TBILIS 1977 01 07 2  8485  8481  8469  8457  8449  8439  8429  8427  8432  8448  8426  8435
TBILIS 1977 01 08 1  8426  8449  8455  8454  8470  8455  8432  8468  8442  8475  8487  8472
TBILIS 1977 01 08 2  8498  8532  8545  8508  8517  8439  8459  8420  8448  8461  8450  8497
TBILIS 1977 01 09 1  8486  8472  8489  8449  8469  8483  8437  8418  8495  8499  8510  8549
TBILIS 1977 01 09 2  8518  8481  8500  8463  8458  8450  8463  8516  8496  8482  8437  8474
TBILIS 1977 01 10 1  8443  8454  8452  8477  8495  8473  8470  8484  8484  8519  8493  8519
TBILIS 1977 01 10 2  8468  8503  8459  8415  8465  8443  8440  8477  8485  8433  8467  8475
TBILIS 1977 01 11 1  8415  8472  8477  8487  8528  8469  8531  8544  8539  8529  8517  8464
TBILIS 1977 01 11 2  8480  8563  8528  8533  8543  8588  8586  8576  8545  8586  8551  8537
TBILIS 1977 01 12 1  8574  8575  8576  8570  8569  8559  8548  8575  8552  8544  8509  8490
TBILIS 1977 01 12 2  8529  8492  8499  8499  8512  8517  8508  8456  8494  8500  8466  8498
TBILIS 1977 01 13 1  8493  8445  8469  8470  8483  8466  8506  8502  8487  8458  8514  8514
TBILIS 1977 01 13 2  8525  8499  8542  8589  8572  8570  8600  8541  8589  8562  8570  8614
TBILIS 1977 01 14 1  8582  8590  8577  8534  8524  8551  8491  8477  8494  8565  8619  8556
TBILIS 1977 01 14 2  8526  8516  8498  8538  8553  8574  8550  8559  8552  8519  8578  8574
TBILIS 1977 01 15 1  8540  8539  8537  8539  8505  8539  8571  8504  8528  8539  8553  8544
TBILIS 1977 01 15 2  8535  8542  8578  8543  8600  8577  8575  8570  8538  8571  8585  8554
TBILIS 1977 01 16 1  8544  8553  8533  8508  8541  8494  8517  8502  8463  8537  8586  8549
TBILIS 1977 01 16 2  8531  8571  8548  8581  8615  8630  8585  8585  8542  8558  8554  8587
TBILIS 1977 01 17 1  8584  8593  8551  8554  8572  8558  8558  8540  8506  8518  8547  8518
TBILIS 1977 01 17 2  8531  8495  8576  8574  8553  8561  8581  8568  8522  8568  8528  8580
TBILIS 1977 01 18 1  8521  8518  8541  8553  8562  8559  8505  8553  8502  8522  8560  8520
TBILIS 1977 01 18 2  8541  8562  8591  8576  8659  8642  8593  8617  8624  8606  8624  8618
TBILIS 1977 01 19 1  8578  8588  8546  8572  8517  8514  8507  8514  8496  8463  8514  8499
TBILIS 1977 01 19 2  8477  8466  8514  8475  8478  8508  8500  8526  8451  8482  8467  8531
TBILIS 1977 01 20 1  8485  8461  8483  8485  8497  8459  8478  8517  8504  8448  8466  8436
TBILIS 1977 01 20 2  8508  8502  8493  8493  8507  8486  8456  8455  8472  8425  8497  8415
TBILIS 1977 01 21 1  8519  8480  8511  8465  8479  8460  8454  8500  8464  8440  8432  8418
TBILIS 1977 01 21 2  8519  8480  8511  8465  8479  8460  8454  8500  8464  8440  8432  8418
TBILIS 1977 01 22 1  8434  8446  8456  8495  8429  8484  8417  8382  8425  8492  8560  8520
TBILIS 1977 01 22 2  8540  8589  8577  8554  8542  8536  8534  8585  8502  8465  8487  8485
TBILIS 1977 01 23 1  8522  8519  8513  8505  8546  8519  8500  8496  8528  8500  8482  8563
TBILIS 1977 01 23 2  8431  8444  8361  8437  8399  8482  8431  8429  8447  8419  8480  8491
TBILIS 1977 01 24 1  8468  8496  8517  8565  8585  8561  8501  8586  8503  8540  8565  8495
TBILIS 1977 01 24 2  8532  8525  8502  8544  8494  8525  8515  8499  8508  8531  8507  8499
TBILIS 1977 01 25 1  8517  8545  8514  8544  8512  8508  8520  8517  8477  8482  8517  8487
TBILIS 1977 01 25 2  8508  8510  8491  8501  8492  8531  8493  8526  8523  8534  8539  8507
TBILIS 1977 01 26 1  8489  8497  8485  8468  8472  8509  8449  8467  8453  8484  8506  8500
TBILIS 1977 01 26 2  8517  8550  8514  8509  8550  8567  8525  8489  8493  8539  8515  8487
TBILIS 1977 01 27 1  8559  8568  8606  8562  8567  8586  8567  8594  8575  8552  8553  8553
TBILIS 1977 01 27 2  8559  8568  8606  8562  8567  8586  8567  8594  8575  8552  8553  8553
TBILIS 1977 01 28 1  8520  8542  8543  8555  8548  8542  8568  8548  8555  8561  8585  8623
TBILIS 1977 01 28 2  8593  8568  8541  8559  8530  8550  8538  8562  8593  8622  8606  8576
TBILIS 1977 01 29 1  8583  8499  8523  8479  8505  8510  8525  8572  8564  8534  8509  8493
TBILIS 1977 01 29 2  8432  8421  8443  8430  8451  8469  8467  8407  8395  8453  8452  8443
TBILIS 1977 01 30 1  8417  8427  8442  8423  8505  8456  8447  8394  8405  8440  8433  8438
TBILIS 1977 01 30 2  8426  8448  8458  8440  8459  8475  8484  8450  8511  8499  8520  8543
TBILIS 1977 01 31 1  8486  8506  8470  8548  8511  8522  8508  8525  8556  8514  8548  8566
TBILIS 1977 01 31 2  8540  8520  8481  8473  8436  8456  8470  8477  8503  8475  8481  8507
Cosmic-Ray Neutron Monitor Data (Hourly, Pressure-Corrected and Scale-Adjusted Counts)
Collections: WDC for Cosmic Rays, Solar-Terrestrial Environment Laboratory, Nagoya Univ.
Data Access: http://center.stelab.nagoya-u.ac.jp/WDCCR/index.html
Project: ICSU WDC
Citation: WDC for Cosmic Rays, Solar-Terrestrial Environment Laboratory, Nagoya University
Station ID: TBILIS
Station:  TBILISI,GIORGIA,INSTITUT GEOPHYSIKY (IG), GIORGIAN ACADEMY OF SCIENCES,GIORGIA 
Instrument: 18-NM-64 NEUTRON MONITOR, CORRECTED FOR PRESSURE TO 950.0 MB, COEF. =           
Latitude (deg.):   41.72  Longitude (deg.):   44.80  Altitude (m):  510.00
Cut-Off Rigidity (GV):    6.66
Year: 1977  Month:   2
Scaling Factor (SF):    64.0   Constant (CONST):     0.0  Real Counts = (DATA + CONST)*SF
Temporal Resolution: 1 hour
UTC Start Hour:     0.0
                                                                                
                                                        
Monthly Average:  8606.1
Updated (YYYY MM DD): 1984 02 22
*******************************************************************************************
ID     YYYY MM DD 1     0     1     2     3     4     5     6     7     8     9    10    11
ID     YYYY MM DD 2    12    13    14    15    16    17    18    19    20    21    22    23
*******************************************************************************************
TBILIS 1977 02 01 1  8485  8481  8481  8527  8508  8461  8450  8460  8481  8518  8520  8507
TBILIS 1977 02 01 2  8523  8528  8536  8537  8498  8514  8536  8568  8619  8634  8600  8557
TBILIS 1977 02 02 1  8571  8555  8597  8518  8502  8532  8458  8451  8510  8544  8576  8494
TBILIS 1977 02 02 2  8508  8523  8530  8512  8561  8522  8557  8573  8523  8547  8497  8506
TBILIS 1977 02 03 1  8494  8453  8448  8466  8452  8461  8471  8422  8463  8515  8499  8497
TBILIS 1977 02 03 2  8527  8523  8542  8500  8504  8491  8541  8498  8537  8497  8463  8429
TBILIS 1977 02 04 1  8427  8442  8423  8435  8466  8473  8498  8478  8449  8501  8510  8444
TBILIS 1977 02 04 2  8485  8501  8472  8481 99999  8558  8571  8541  8514  8509  8525  8500
TBILIS 1977 02 05 1  8480  8485  8487  8501  8485  8464  8466  8502  8515  8514  8466  8524
TBILIS 1977 02 05 2  8507  8538  8554  8559  8642  8628  8632  8578  8617  8552  8555  8498
TBILIS 1977 02 06 1  8491  8491  8489  8508  8529  8527  8556  8548  8570  8595  8575  8574
TBILIS 1977 02 06 2  8558  8585  8567  8536  8556  8602  8682  8663  8644  8652  8638  8579
TBILIS 1977 02 07 1  8576  8559  8628  8598  8601  8552  8528  8551  8539  8588  8610  8576
TBILIS 1977 02 07 2  8557  8588  8509  8586  8557  8524  8563  8553  8551  8508  8508  8508
TBILIS 1977 02 08 1  8535  8527  8489  8543  8498  8511  8558  8479  8501  8533  8506  8488
TBILIS 1977 02 08 2  8487  8503  8520  8516  8499  8497  8538  8522  8468  8464  8448  8431
TBILIS 1977 02 09 1  8440  8451  8429  8425  8468  8458  8500  8456  8463  8561  8551  8574
TBILIS 1977 02 09 2  8557  8566  8578  8574  8534  8520  8517  8472  8453  8453  8429  8453
TBILIS 1977 02 10 1  8451  8448  8437  8439  8471  8484  8517  8494  8463  8521  8567  8596
TBILIS 1977 02 10 2  8575  8583  8617  8610  8572  8551  8542  8545  8516  8493  8471  8520
TBILIS 1977 02 11 1  8514  8503  8547  8549  8592  8576  8575  8597  8582  8593  8634  8618
TBILIS 1977 02 11 2  8604  8638  8648  8640  8644  8612  8618  8604  8587  8582  8568  8557
TBILIS 1977 02 12 1  8584  8563  8608  8579  8551  8546  8553  8560  8558  8567  8579  8632
TBILIS 1977 02 12 2  8664  8633  8602  8556  8553  8548  8516  8532  8582  8552  8575  8553
TBILIS 1977 02 13 1  8529  8562  8497  8548  8552  8623  8554  8550  8571  8637  8629  8681
TBILIS 1977 02 13 2  8635  8637  8623  8611  8678  8672  8697  8694  8668  8630  8616  8632
TBILIS 1977 02 14 1  8627  8596  8609  8603  8584  8585  8596  8592  8672  8635  8681  8667
TBILIS 1977 02 14 2  8674  8694  8753  8718  8714  8692  8732  8702  8691  8698  8644  8632
TBILIS 1977 02 15 1  8653  8621  8623  8633  8630  8657  8637  8646  8660  8656  8686  8757
TBILIS 1977 02 15 2  8729  8734  8734  8724  8721  8714  8728  8767  8750  8698  8661  8659
TBILIS 1977 02 16 1  8703  8704  8655  8675  8653  8649  8668  8634  8641  8728  8760  8822
TBILIS 1977 02 16 2  8785  8768  8799  8758  8771  8780  8728  8727  8662  8671  8708  8716
TBILIS 1977 02 17 1  8685  8704  8666  8664  8629  8668  8699  8702  8721  8730  8762  8780
TBILIS 1977 02 17 2  8722  8796  8727  8752  8742  8744  8721  8727  8708  8746  8723  8742
TBILIS 1977 02 18 1  8736  8701  8671  8668  8689  8696  8670  8683  8707  8745  8777  8764
TBILIS 1977 02 18 2  8782  8784  8747  8725  8715  8709  8693  8713  8686  8675  8631  8657
TBILIS 1977 02 19 1  8674  8640  8618  8638  8599  8630  8670  8630  8631  8676  8681  8632
TBILIS 1977 02 19 2  8598  8544  8574  8550  8586  8597  8628  8608  8596  8639  8602  8594
TBILIS 1977 02 20 1  8582  8582  8563  8565  8532  8588  8570  8586  8575  8650  8640  8612
TBILIS 1977 02 20 2  8593  8617  8615  8590  8608  8563  8600  8615  8600  8590  8593  8582
TBILIS 1977 02 21 1  8590  8585  8564  8525  8508  8556  8581  8572  8615  8604  8624  8607
TBILIS 1977 02 21 2  8622  8653  8670  8658  8657  8647  8658  8658  8667  8669  8598  8628
TBILIS 1977 02 22 1  8636  8573  8612  8549  8575  8576  8587  8643  8623  8684  8745  8692
TBILIS 1977 02 22 2  8687  8668  8685  8643  8631  8663  8681  8644  8659  8681  8660  8707
TBILIS 1977 02 23 1  8679  8668  8722  8682  8644  8696  8707  8674  8718  8705  8727  8700
TBILIS 1977 02 23 2  8718  8690  8677  8707  8679  8690  8694  8746  8740  8707  8741  8747
TBILIS 1977 02 24 1  8744  8733  8723  8748  8714  8705  8749  8741  8762  8717  8737  8680
TBILIS 1977 02 24 2  8723  8681  8719  8660  8762  8739  8807  8746  8759  8662  8628  8666
TBILIS 1977 02 25 1  8691  8700  8636  8645  8664  8599  8615  8601  8570  8583  8584  8594
TBILIS 1977 02 25 2  8571  8526  8596  8599  8691  8672  8640  8668  8663  8634  8629  8669
TBILIS 1977 02 26 1  8666  8679  8677  8674  8687  8665  8683  8675  8641 99999 99999 99999
TBILIS 1977 02 26 2 99999 99999 99999 99999 99999 99999 99999 99999 99999 99999 99999 99999
TBILIS 1977 02 27 1 99999 99999 99999 99999 99999 99999 99999 99999 99999 99999 99999 99999
TBILIS 1977 02 27 2 99999 99999 99999  8588  8608  8625  8622  8613  8612  8666  8654  8664
TBILIS 1977 02 28 1  8703  8699  8666  8622 99999 99999  8660  8673  8704  8710  8702  8690
TBILIS 1977 02 28 2  8724  8770  8773  8828  8807  8828  8847  8852  8797  8785  8793  8726
TBILIS 1977 02 29 1 99999 99999 99999 99999 99999 99999 99999 99999 99999 99999 99999 99999
TBILIS 1977 02 29 2 99999 99999 99999 99999 99999 99999 99999 99999 99999 99999 99999 99999
TBILIS 1977 02 30 1 99999 99999 99999 99999 99999 99999 99999 99999 99999 99999 99999 99999
TBILIS 1977 02 30 2 99999 99999 99999 99999 99999 99999 99999 99999 99999 99999 99999 99999
TBILIS 1977 02 31 1 99999 99999 99999 99999 99999 99999 99999 99999 99999 99999 99999 99999
TBILIS 1977 02 31 2 99999 99999 99999 99999 99999 99999 99999 99999 99999 99999 99999 99999
Cosmic-Ray Neutron Monitor Data (Hourly, Pressure-Corrected and Scale-Adjusted Counts)
Collections: WDC for Cosmic Rays, Solar-Terrestrial Environment Laboratory, Nagoya Univ.
Data Access: http://center.stelab.nagoya-u.ac.jp/WDCCR/index.html
Project: ICSU WDC
Citation: WDC for Cosmic Rays, Solar-Terrestrial Environment Laboratory, Nagoya University
Station ID: TBILIS
Station:  TBILISI,GIORGIA,INSTITUT GEOPHYSIKY (IG), GIORGIAN ACADEMY OF SCIENCES,GIORGIA 
Instrument: 18-NM-64 NEUTRON MONITOR, CORRECTED FOR PRESSURE TO 950.0 MB, COEF. =           
Latitude (deg.):   41.72  Longitude (deg.):   44.80  Altitude (m):  510.00
Cut-Off Rigidity (GV):    6.66
Year: 1977  Month:   3
Scaling Factor (SF):    64.0   Constant (CONST):     0.0  Real Counts = (DATA + CONST)*SF
Temporal Resolution: 1 hour
UTC Start Hour:     0.0
                                                                                
                                                        
Monthly Average:  8741.1
Updated (YYYY MM DD): 1984 02 22
*******************************************************************************************
ID     YYYY MM DD 1     0     1     2     3     4     5     6     7     8     9    10    11
ID     YYYY MM DD 2    12    13    14    15    16    17    18    19    20    21    22    23
*******************************************************************************************
TBILIS 1977 03 01 1  8729  8740  8693  8741  8695  8722  8698  8759  8743  8761  8753  8787
TBILIS 1977 03 01 2  8757  8725  8739  8780  8781  8716  8746  8754  8754  8721  8733  8695
TBILIS 1977 03 02 1  8716  8746  8663  8697  8650  8625  8686  8659  8643  8699  8757  8775
TBILIS 1977 03 02 2  8778  8750  8814  8806  8704  8652  8659  8647  8700  8662  8659  8680
TBILIS 1977 03 03 1  8649  8652  8646  8639  8625  8569  8586  8598  8643  8641  8672  8673
TBILIS 1977 03 03 2  8653  8689  8685  8713  8682  8738  8719  8735  8695  8674  8665  8665
TBILIS 1977 03 04 1  8627  8664  8653  8679  8640  8597  8631  8609  8581  8651  8693  8650
TBILIS 1977 03 04 2  8629  8677  8720  8717  8756  8737  8736  8690  8678  8650  8677  8661
TBILIS 1977 03 05 1 99999 99999 99999 99999 99999 99999 99999 99999  8567  8593  8596  8643
TBILIS 1977 03 05 2  8658  8699  8700  8753  8718  8744  8777  8796  8767  8718  8695  8704
TBILIS 1977 03 06 1  8691  8708  8691  8656  8661  8628  8610  8644  8622  8580  8597  8606
TBILIS 1977 03 06 2  8626  8643  8673  8653  8700  8652  8687  8705  8723  8707  8696  8669
TBILIS 1977 03 07 1  8619  8645  8618  8663  8641  8634  8565  8595  8584  8673  8675  8673
TBILIS 1977 03 07 2  8695  8722  8724  8787  8783  8768  8779  8741  8711  8643  8703  8724
TBILIS 1977 03 08 1  8716  8688  8696  8693  8627  8690  8650  8645  8670  8639  8619  8748
TBILIS 1977 03 08 2  8707  8704  8701  8738  8784  8773  8777  8661  8671  8698  8743  8681
TBILIS 1977 03 09 1  8698  8675  8676  8655  8683  8716  8655  8646  8621  8633  8651  8625
TBILIS 1977 03 09 2  8684  8687  8721  8730  8721  8734  8729  8748  8730  8754  8734  8730
TBILIS 1977 03 10 1  8750  8770  8723  8689  8694  8716  8675  8651  8662  8687  8693  8670
TBILIS 1977 03 10 2  8688  8603  8737  8652  8674  8667  8668  8638  8645  8608  8647  8623
TBILIS 1977 03 11 1  8642  8631  8674  8648  8641  8702  8701  8728  8729  8695  8678  8619
TBILIS 1977 03 11 2  8664  8715  8693  8694  8683  8694  8728  8734  8704  8702  8710  8702
TBILIS 1977 03 12 1  8727  8669  8715  8748  8710  8728  8697  8758  8760  8767  8762  8758
TBILIS 1977 03 12 2  8778  8807  8840  8869  8841  8806  8838  8874  8835  8848  8867  8877
TBILIS 1977 03 13 1  8852  8811  8825  8862  8817  8809  8810  8805  8831  8940  8845  8810
TBILIS 1977 03 13 2  8844  8851  8807  8886  8906  8843  8919  8858  8754  8845  8862  8780
TBILIS 1977 03 14 1  8780  8796  8826  8767  8791  8841  8779  8809  8763  8802  8833  8794
TBILIS 1977 03 14 2  8840  8838  8869  8860  8922  8832  8836  8890  8869  8839  8842  8788
TBILIS 1977 03 15 1  8788  8807  8772  8798  8790  8786  8732  8791  8811  8796  8834  8825
TBILIS 1977 03 15 2  8804  8844  8852  8857  8850  8848  8834  8826  8818  8791  8798  8808
TBILIS 1977 03 16 1  8809  8800  8770  8744  8790  8788  8833  8793  8831  8781  8832  8815
TBILIS 1977 03 16 2  8836  8874  8804  8840  8843  8834  8787  8785  8770  8763  8750  8809
TBILIS 1977 03 17 1  8771  8732  8712  8780  8796  8789  8781  8757  8795  8793  8789  8855
TBILIS 1977 03 17 2  8869  8881  8864  8891  8883  8908  8858  8864  8798  8773  8823  8793
TBILIS 1977 03 18 1  8801  8812  8851  8853  8784  8776  8727  8761  8755  8776  8813  8812
TBILIS 1977 03 18 2  8770  8807  8794  8842  8765  8785  8806  8788  8848  8761  8798  8810
TBILIS 1977 03 19 1  8769  8740  8741  8725  8764  8751  8722  8744  8743  8766  8753  8715
TBILIS 1977 03 19 2  8726  8736  8777  8770  8787  8749  8733  8758  8731  8766  8771  8760
TBILIS 1977 03 20 1  8729  8785  8786  8780  8760  8817  8800  8811  8769  8828  8869  8912
TBILIS 1977 03 20 2  8900  8898  8863  8866  8862  8781  8774  8756  8800  8747  8748  8707
TBILIS 1977 03 21 1  8699  8762  8711  8698  8701  8676  8721  8710  8734  8740  8738  8739
TBILIS 1977 03 21 2  8783  8767  8761  8763  8796  8792  8856  8822  8838  8788  8801  8845
TBILIS 1977 03 22 1  8792  8772  8741  8779  8765  8748  8740  8760  8745  8759  8791  8785
TBILIS 1977 03 22 2  8827  8836  8829  8858  8882  8889  8859  8905  8855  8838  8819  8761
TBILIS 1977 03 23 1  8823  8804  8790  8793  8754  8769  8747  8765  8810  8761  8758  8740
TBILIS 1977 03 23 2  8781  8785  8779  8754  8769  8794  8826  8858  8777  8800  8810  8753
TBILIS 1977 03 24 1  8754  8719  8698  8764  8758  8759  8747  8739  8726  8714  8740  8746
TBILIS 1977 03 24 2  8767  8767  8729  8752  8761  8743  8721  8745  8750  8765  8722  8739
TBILIS 1977 03 25 1  8693  8669  8720  8682 99999  8715  8704  8729  8698  8659  8740  8699
TBILIS 1977 03 25 2  8695  8734  8712  8685  8691  8712  8743  8779  8730  8710  8760  8730
TBILIS 1977 03 26 1  8715  8771  8728  8762  8708  8708  8728  8676  8683  8723  8720  8770
TBILIS 1977 03 26 2  8733  8725  8748  8740  8820  8789  8812  8779  8827  8843  8810  8826
TBILIS 1977 03 27 1  8815  8783  8788  8767  8781  8779  8751  8711  8742  8692  8716  8742
TBILIS 1977 03 27 2  8718  8763  8712  8680  8662  8654  8636  8621  8638  8632  8672  8691
TBILIS 1977 03 28 1  8721  8710  8715  8686  8709  8676  8745  8718  8707  8727  8738  8697
TBILIS 1977 03 28 2  8682  8687  8713  8726  8744  8778  8766  8780  8751  8711  8675  8680
TBILIS 1977 03 29 1  8699  8724  8743  8753  8693  8681  8691  8640  8616  8720  8723  8747
TBILIS 1977 03 29 2  8711  8716  8713  8744  8728  8739  8788  8774  8770  8762  8778  8757
TBILIS 1977 03 30 1  8755  8736  8758  8745  8760  8702  8665  8765  8708  8761  8792  8715
TBILIS 1977 03 30 2  8723  8731  8720  8735  8743  8764  8704  8680  8711  8739  8716  8737
TBILIS 1977 03 31 1  8730  8727  8693  8704  8692  8694  8690  8693  8685  8716  8709  8759
TBILIS 1977 03 31 2  8743  8738  8694  8724  8680  8743  8702  8701  8716  8728  8736  8725
Cosmic-Ray Neutron Monitor Data (Hourly, Pressure-Corrected and Scale-Adjusted Counts)
Collections: WDC for Cosmic Rays, Solar-Terrestrial Environment Laboratory, Nagoya Univ.
Data Access: http://center.stelab.nagoya-u.ac.jp/WDCCR/index.html
Project: ICSU WDC
Citation: WDC for Cosmic Rays, Solar-Terrestrial Environment Laboratory, Nagoya University
Station ID: TBILIS
Station:  TBILISI,GIORGIA,INSTITUT GEOPHYSIKY (IG), GIORGIAN ACADEMY OF SCIENCES,GIORGIA 
Instrument: 18-NM-64 NEUTRON MONITOR, CORRECTED FOR PRESSURE TO 950.0 MB, COEF. =           
Latitude (deg.):   41.72  Longitude (deg.):   44.80  Altitude (m):  510.00
Cut-Off Rigidity (GV):    6.66
Year: 1977  Month:   4
Scaling Factor (SF):    64.0   Constant (CONST):     0.0  Real Counts = (DATA + CONST)*SF
Temporal Resolution: 1 hour
UTC Start Hour:     0.0
                                                                                
                                                        
Monthly Average:  8742.7
Updated (YYYY MM DD): 1984 02 22
*******************************************************************************************
ID     YYYY MM DD 1     0     1     2     3     4     5     6     7     8     9    10    11
ID     YYYY MM DD 2    12    13    14    15    16    17    18    19    20    21    22    23
*******************************************************************************************
TBILIS 1977 04 01 1  8709 99999 99999  8680  8714  8688  8729  8653  8603  8708  8746  8766
TBILIS 1977 04 01 2  8740  8748  8749  8776  8776  8800  8801  8828  8760  8727  8785  8732
TBILIS 1977 04 02 1  8735  8753  8732  8749  8745  8692  8682  8661  8654  8696  8702  8707
TBILIS 1977 04 02 2  8697  8707  8690  8719  8700  8664  8696  8735  8713  8703  8700  8678
TBILIS 1977 04 03 1  8694  8692  8676  8695  8722  8707  8701  8671  8711  8687  8707  8726
TBILIS 1977 04 03 2  8713  8746  8743  8740  8709  8715  8761  8796  8754  8782  8732  8720
TBILIS 1977 04 04 1  8734  8736  8714  8688  8704  8725  8745  8709  8708  8777  8720  8715
TBILIS 1977 04 04 2  8748  8747  8728  8753  8738  8735  8752  8755  8744  8713  8714  8742
TBILIS 1977 04 05 1  8743  8768  8753  8738  8746  8746  8696  8700  8696  8757  8748  8721
TBILIS 1977 04 05 2  8696  8741  8764  8776  8777  8803  8816  8783  8782  8774  8764  8776
TBILIS 1977 04 06 1  8760  8726  8758  8721  8751  8685  8726  8743  8724  8737  8773  8776
TBILIS 1977 04 06 2  8755  8653  8681  8736  8780  8796  8784  8772  8766  8787  8804  8824
TBILIS 1977 04 07 1  8828  8792  8820  8861  8796  8788  8782  8825  8772  8769  8771  8775
TBILIS 1977 04 07 2  8778  8802  8756  8723  8686  8730  8715  8710  8643  8666  8656  8644
TBILIS 1977 04 08 1  8666  8685  8704  8716  8741  8710  8710  8645  8627  8717  8731  8715
TBILIS 1977 04 08 2  8756  8761  8757  8743  8751  8805  8752  8741  8753  8725  8716  8691
TBILIS 1977 04 09 1  8674  8710  8694  8670  8667  8674  8699  8736  8727  8818  8764  8784
TBILIS 1977 04 09 2  8751  8726  8795  8769  8766  8834  8851  8812  8814  8808  8842  8816
TBILIS 1977 04 10 1  8807  8756  8802  8807  8766  8782  8740  8709  8719  8757  8733  8750
TBILIS 1977 04 10 2  8748  8818  8766  8799  8785  8782  8771  8762  8780  8776  8815  8797
TBILIS 1977 04 11 1  8768  8787  8778  8762  8719  8705  8719  8764  8751  8854  8829  8816
TBILIS 1977 04 11 2  8841  8877  8834  8803  8856  8880  8880  8879  8891  8878  8872  8813
TBILIS 1977 04 12 1  8807  8806  8808  8771  8745  8762  8783  8766  8750  8811  8821  8834
TBILIS 1977 04 12 2  8833  8864  8847  8846  8842  8864  8871  8859  8812  8841  8848  8752
TBILIS 1977 04 13 1  8795  8773  8763  8762  8796  8797  8803  8804  8797  8852  8814  8805
TBILIS 1977 04 13 2  8800  8843  8832  8838  8798  8838  8795  8817  8777  8768  8721  8722
TBILIS 1977 04 14 1  8730  8703  8701  8710  8691  8751  8823  8749  8822  8814  8789  8787
TBILIS 1977 04 14 2  8746  8817  8798  8806  8741  8751  8793  8761  8756  8770  8769  8780
TBILIS 1977 04 15 1  8760  8730  8732  8814  8816  8782  8820  8768  8752  8751  8737  8778
TBILIS 1977 04 15 2  8753  8740  8713  8715  8704  8687  8667  8686  8715  8709  8709  8734
TBILIS 1977 04 16 1  8723  8694  8683  8683  8705  8703  8711  8680  8693  8693  8679  8716
TBILIS 1977 04 16 2  8710  8694  8716  8742  8742  8742  8798  8797  8758  8763  8728  8770
TBILIS 1977 04 17 1  8742  8746  8736  8777  8733  8722  8691  8736  8701  8739  8803  8770
TBILIS 1977 04 17 2  8793  8831  8792  8788  8819  8818  8825  8834  8852  8855  8833  8816
TBILIS 1977 04 18 1  8808  8847  8777  8804  8801  8782  8783  8812  8798  8828  8849  8867
TBILIS 1977 04 18 2  8800  8841  8766  8784  8791  8735  8755  8787  8766  8761  8751  8736
TBILIS 1977 04 19 1  8711  8742  8712  8745  8768  8741  8768  8785  8843  8825  8832  8917
TBILIS 1977 04 19 2  8882  8799  8782  8748  8740  8736  8767  8784  8728  8757  8744  8767
TBILIS 1977 04 20 1  8748  8741  8761  8765  8782  8759  8725  8726  8734  8759  8773  8758
TBILIS 1977 04 20 2  8750  8764  8760  8765  8759  8729  8742  8737  8791  8732  8680  8755
TBILIS 1977 04 21 1  8723  8686  8683  8642  8661  8655  8675  8684  8700  8752  8725  8713
TBILIS 1977 04 21 2  8750  8726  8786  8768  8794  8760  8757  8814  8814  8761  8793  8804
TBILIS 1977 04 22 1  8801  8776  8820  8855  8768  8772  8756  8775  8753  8754  8759  8765
TBILIS 1977 04 22 2  8775  8753  8755  8809  8796  8828  8775  8807  8795  8787  8771  8768
TBILIS 1977 04 23 1  8758  8761  8778  8770  8771  8785  8751  8734  8751  8781  8792  8779
TBILIS 1977 04 23 2  8785  8773  8779  8791  8783  8765  8788  8753  8786  8779  8800  8826
TBILIS 1977 04 24 1  8858  8853  8868  8813  8786  8777  8788  8769  8763  8767  8777  8719
TBILIS 1977 04 24 2  8742  8735  8730  8690  8674  8722  8715  8721  8705  8706  8703  8702
TBILIS 1977 04 25 1  8718  8708  8681  8670  8626  8697  8707  8679  8683  8750  8714  8675
TBILIS 1977 04 25 2  8656  8693  8651  8668  8670  8655  8688  8707  8710  8673  8711  8737
TBILIS 1977 04 26 1  8706  8735  8738  8686  8726  8714  8660  8673  8681  8679  8688  8613
TBILIS 1977 04 26 2  8692  8653  8652  8631  8630  8624  8566  8585  8618  8581  8635  8653
TBILIS 1977 04 27 1  8644  8648  8645  8724  8674  8649  8635  8587  8628  8624  8670  8644
TBILIS 1977 04 27 2  8660  8651  8633  8626  8643  8619  8620  8675  8645  8653  8643  8638
TBILIS 1977 04 28 1  8669  8680  8705  8744  8712  8724  8697  8668  8684  8711  8701  8717
TBILIS 1977 04 28 2  8716  8711  8696  8717  8717  8722  8694  8697  8699  8654  8700  8692
TBILIS 1977 04 29 1  8632  8681  8633  8649  8677  8686  8727  8701  8636  8712  8715  8745
TBILIS 1977 04 29 2  8741  8743  8769  8734  8738  8706  8744  8769  8709  8688  8727  8718
TBILIS 1977 04 30 1  8691  8689  8621  8629  8635  8688  8700  8656  8679  8701  8733  8703
TBILIS 1977 04 30 2  8740  8672  8660  8646  8644  8650  8654  8685  8639  8735  8699  8700
TBILIS 1977 04 31 1 99999 99999 99999 99999 99999 99999 99999 99999 99999 99999 99999 99999
TBILIS 1977 04 31 2 99999 99999 99999 99999 99999 99999 99999 99999 99999 99999 99999 99999
Cosmic-Ray Neutron Monitor Data (Hourly, Pressure-Corrected and Scale-Adjusted Counts)
Collections: WDC for Cosmic Rays, Solar-Terrestrial Environment Laboratory, Nagoya Univ.
Data Access: http://center.stelab.nagoya-u.ac.jp/WDCCR/index.html
Project: ICSU WDC
Citation: WDC for Cosmic Rays, Solar-Terrestrial Environment Laboratory, Nagoya University
Station ID: TBILIS
Station:  TBILISI,GIORGIA,INSTITUT GEOPHYSIKY (IG), GIORGIAN ACADEMY OF SCIENCES,GIORGIA 
Instrument: 18-NM-64 NEUTRON MONITOR, CORRECTED FOR PRESSURE TO 950.0 MB, COEF. =           
Latitude (deg.):   41.72  Longitude (deg.):   44.80  Altitude (m):  510.00
Cut-Off Rigidity (GV):    6.66
Year: 1977  Month:   5
Scaling Factor (SF):    64.0   Constant (CONST):     0.0  Real Counts = (DATA + CONST)*SF
Temporal Resolution: 1 hour
UTC Start Hour:     0.0
                                                                                
                                                        
Monthly Average:  8788.7
Updated (YYYY MM DD): 1984 02 22
*******************************************************************************************
ID     YYYY MM DD 1     0     1     2     3     4     5     6     7     8     9    10    11
ID     YYYY MM DD 2    12    13    14    15    16    17    18    19    20    21    22    23
*******************************************************************************************
TBILIS 1977 05 01 1  8664  8699  8647  8678  8705  8706  8725  8734  8715  8708  8765  8753
TBILIS 1977 05 01 2  8761  8685  8717  8686  8650  8661  8698  8669  8676  8659  8683  8644
TBILIS 1977 05 02 1  8662  8646  8645  8629  8677  8666  8671  8685  8661  8640  8740  8688
TBILIS 1977 05 02 2  8658  8690  8759  8747  8730  8752  8768  8783  8772  8844  8793  8774
TBILIS 1977 05 03 1  8754  8757  8777  8725  8765  8802  8818  8792  8795  8794  8788  8789
TBILIS 1977 05 03 2  8791  8794  8788  8802  8723  8695  8710  8770  8757  8788  8736  8736
TBILIS 1977 05 04 1  8718  8717  8707  8729  8710  8754  8773  8765  8752  8814  8809  8814
TBILIS 1977 05 04 2  8789  8804  8781  8802  8734  8728  8755  8718  8731  8700  8759  8734
TBILIS 1977 05 05 1  8723  8707  8741  8736  8751  8732  8747  8720  8763  8778  8777  8789
TBILIS 1977 05 05 2  8778  8806  8766  8779  8758  8770  8812  8785  8753  8798  8804  8769
TBILIS 1977 05 06 1  8766  8764  8784  8794  8806  8779 99999 99999  8767  8786  8730  8803
TBILIS 1977 05 06 2  8764  8791  8782  8827  8763  8770  8742  8767  8754  8766  8778  8778
TBILIS 1977 05 07 1  8710  8696  8755  8713  8696  8708  8736  8752  8768  8786  8773  8806
TBILIS 1977 05 07 2  8763  8826  8815  8827  8817  8779  8793  8797  8800  8775  8767  8770
TBILIS 1977 05 08 1  8775  8790  8760  8757  8820  8767  8774  8788  8800  8776  8827  8794
TBILIS 1977 05 08 2  8802  8819  8787  8791  8789  8807  8759  8782  8782  8755  8783  8748
TBILIS 1977 05 09 1  8766  8715  8790  8780  8759  8786  8760  8759  8836  8796  8766  8758
TBILIS 1977 05 09 2  8762  8728  8727  8773  8788  8810  8800  8782  8810  8759  8783  8787
TBILIS 1977 05 10 1  8793  8808  8778  8795  8752  8736  8750  8770  8824  8862  8826  8826
TBILIS 1977 05 10 2  8802  8780  8735  8741  8777  8741  8803  8810  8786  8753  8743  8747
TBILIS 1977 05 11 1  8739  8769  8718  8749  8714 99999 99999  8774  8728  8752  8731  8724
TBILIS 1977 05 11 2  8736  8741  8783  8776  8779  8807  8776  8769  8781  8793  8783  8788
TBILIS 1977 05 12 1  8769  8744  8788  8725  8812  8784  8783  8836  8834  8835  8816  8836
TBILIS 1977 05 12 2  8837  8810  8835  8767  8808  8819  8805  8801  8772  8799  8823  8775
TBILIS 1977 05 13 1  8774  8771  8825  8813  8825  8821  8781  8789  8763  8784  8813  8817
TBILIS 1977 05 13 2  8792  8814  8847  8787  8809  8797  8795  8801  8781  8810  8817  8801
TBILIS 1977 05 14 1  8784  8760  8744  8766  8748  8762  8787  8741  8762  8819  8810  8832
TBILIS 1977 05 14 2  8759  8829  8817  8830  8806  8801  8797  8822  8834  8798  8844  8804
TBILIS 1977 05 15 1  8774  8802  8813  8818  8850  8817  8842  8823  8851  8888  8898  8883
TBILIS 1977 05 15 2  8868  8880  8864  8842  8821  8871  8883  8850  8868  8849  8883  8854
TBILIS 1977 05 16 1  8827  8820  8810  8795  8809  8799  8825  8776  8802  8844  8831  8827
TBILIS 1977 05 16 2  8848  8833  8818  8863  8856  8876  8856  8888  8828  8802  8858  8841
TBILIS 1977 05 17 1  8866  8833  8816  8828  8801  8796  8775  8785  8807  8801  8835  8843
TBILIS 1977 05 17 2  8816  8797  8792  8781  8833  8831  8832  8842  8835  8830  8827  8831
TBILIS 1977 05 18 1  8827  8812  8813  8851  8841  8851  8852  8841  8799  8805  8835  8829
TBILIS 1977 05 18 2  8833  8800  8823  8798  8808  8808  8761  8821  8823  8799  8784  8812
TBILIS 1977 05 19 1  8812  8812  8775  8777  8850  8829  8820  8851  8817  8810  8849  8863
TBILIS 1977 05 19 2  8826  8809  8804  8777  8812  8809  8826  8829  8808  8813  8820  8846
TBILIS 1977 05 20 1  8845  8834  8827  8819  8836  8852  8876  8878  8816  8859  8842  8844
TBILIS 1977 05 20 2  8856  8891  8889  8852  8888  8883  8909  8913  8862  8855  8848  8841
TBILIS 1977 05 21 1  8831  8828  8804  8867  8843  8869  8886  8843  8877  8855  8894  8833
TBILIS 1977 05 21 2  8858  8896  8859  8870  8864  8870  8860  8829  8845  8793  8793  8839
TBILIS 1977 05 22 1  8814  8865  8798  8832  8791  8855  8823  8874  8882  8822  8846  8870
TBILIS 1977 05 22 2  8851  8843  8856  8802  8777  8783  8772  8761  8764  8807  8787  8759
TBILIS 1977 05 23 1  8778  8803  8778  8803  8835  8802  8825  8815  8782  8843  8787  8783
TBILIS 1977 05 23 2  8795  8769  8746  8807  8767  8740  8779  8772  8762  8736  8729  8742
TBILIS 1977 05 24 1  8766  8783  8797  8769  8785  8785  8779  8774  8781  8796  8834  8796
TBILIS 1977 05 24 2  8780  8796  8784  8785  8803  8780  8806  8808  8797  8782  8797  8782
TBILIS 1977 05 25 1  8773  8793  8822  8757  8798  8792  8812  8811  8833  8811  8821  8775
TBILIS 1977 05 25 2  8785  8796  8855  8805  8777  8815  8818  8811  8791  8794  8847  8829
TBILIS 1977 05 26 1  8774  8809  8790  8765  8823  8824  8850  8816  8787  8812  8752  8814
TBILIS 1977 05 26 2  8775  8806  8789  8767  8796  8781  8803  8810  8859  8817  8849  8839
TBILIS 1977 05 27 1  8822  8818  8821  8818  8800  8791  8769  8756  8789  8796  8839  8813
TBILIS 1977 05 27 2  8812  8823  8806  8834  8825  8765  8815  8810  8765  8801  8784  8818
TBILIS 1977 05 28 1  8780  8759  8753  8798  8750  8706  8743  8711  8721  8721  8779  8765
TBILIS 1977 05 28 2  8760  8763  8788  8815  8760  8832  8802  8825  8833  8851  8830  8849
TBILIS 1977 05 29 1  8820  8800  8799  8804  8817  8811  8800  8784  8804  8775  8770  8763
TBILIS 1977 05 29 2  8777  8781  8769  8769  8787  8780  8809  8788  8766  8751  8784  8718
TBILIS 1977 05 30 1  8757  8756  8762  8724  8738  8743  8719  8742  8748  8705  8731  8734
TBILIS 1977 05 30 2  8760  8780  8773  8781  8796  8750  8790  8771  8831  8761  8766  8744
TBILIS 1977 05 31 1  8773  8753  8777  8756  8769  8756  8726  8732  8729  8758  8743  8774
TBILIS 1977 05 31 2  8737  8735  8768  8717  8776  8795  8728  8738  8758  8744  8715  8717
Cosmic-Ray Neutron Monitor Data (Hourly, Pressure-Corrected and Scale-Adjusted Counts)
Collections: WDC for Cosmic Rays, Solar-Terrestrial Environment Laboratory, Nagoya Univ.
Data Access: http://center.stelab.nagoya-u.ac.jp/WDCCR/index.html
Project: ICSU WDC
Citation: WDC for Cosmic Rays, Solar-Terrestrial Environment Laboratory, Nagoya University
Station ID: TBILIS
Station:  TBILISI,GIORGIA,INSTITUT GEOPHYSIKY (IG), GIORGIAN ACADEMY OF SCIENCES,GIORGIA 
Instrument: 18-NM-64 NEUTRON MONITOR, CORRECTED FOR PRESSURE TO 950.0 MB, COEF. =           
Latitude (deg.):   41.72  Longitude (deg.):   44.80  Altitude (m):  510.00
Cut-Off Rigidity (GV):    6.66
Year: 1977  Month:   6
Scaling Factor (SF):    64.0   Constant (CONST):     0.0  Real Counts = (DATA + CONST)*SF
Temporal Resolution: 1 hour
UTC Start Hour:     0.0
                                                                                
                                                        
Monthly Average:  8761.1
Updated (YYYY MM DD): 1984 02 22
*******************************************************************************************
ID     YYYY MM DD 1     0     1     2     3     4     5     6     7     8     9    10    11
ID     YYYY MM DD 2    12    13    14    15    16    17    18    19    20    21    22    23
*******************************************************************************************
TBILIS 1977 06 01 1  8735  8735  8696  8676  8760  8747  8740  8709  8737  8784  8750  8780
TBILIS 1977 06 01 2  8740  8776  8823  8854  8804  8801  8812  8785  8775  8770  8739  8755
TBILIS 1977 06 02 1  8785  8738  8748  8704  8763  8760  8758  8747  8749  8808  8792  8771
TBILIS 1977 06 02 2  8762  8766  8801  8802  8784  8801  8792  8747  8769  8729  8729  8727
TBILIS 1977 06 03 1  8719  8760  8772  8810  8730  8749  8764  8733  8735  8774  8747  8738
TBILIS 1977 06 03 2  8723  8737  8728  8731  8720  8734  8729  8748  8718  8702  8761  8744
TBILIS 1977 06 04 1  8703  8716  8743  8733  8739  8725  8703  8701  8699  8738  8730  8687
TBILIS 1977 06 04 2  8720  8696  8703  8682  8711  8674  8702  8695  8732  8687  8683  8705
TBILIS 1977 06 05 1  8717  8711  8703  8728  8741  8733  8723  8695  8732  8709  8768  8788
TBILIS 1977 06 05 2  8761  8769  8757  8763  8773  8741  8769  8789  8795  8757  8764  8758
TBILIS 1977 06 06 1  8754  8795  8801  8843  8804  8815  8748  8773  8762  8772  8757  8744
TBILIS 1977 06 06 2  8742  8753  8715  8722  8749  8770  8709  8744  8710  8701  8749  8744
TBILIS 1977 06 07 1  8717  8736  8732  8754  8742  8798  8776  8764  8770  8806  8813  8828
TBILIS 1977 06 07 2  8826  8841  8856  8790  8799  8788  8781  8776  8828  8831  8828  8827
TBILIS 1977 06 08 1  8826  8807  8819  8796  8815  8827  8794  8815  8780  8796  8785  8765
TBILIS 1977 06 08 2  8727  8743  8757  8761  8751  8795  8816  8783  8772  8776  8817  8827
TBILIS 1977 06 09 1  8763  8772  8781  8829  8783  8786  8776  8788  8792  8770  8791  8778
TBILIS 1977 06 09 2  8795  8791  8863  8845  8851  8877  8876  8883  8834  8833  8861  8807
TBILIS 1977 06 10 1  8802  8792  8782  8828  8844  8872  8840  8838  8799  8817  8849  8837
TBILIS 1977 06 10 2  8819  8778  8755  8770  8806  8773  8768  8781  8801  8785  8768  8813
TBILIS 1977 06 11 1  8754  8815  8778  8747  8787  8793  8800  8817  8856  8831  8861  8813
TBILIS 1977 06 11 2  8795  8803  8797  8809  8769  8799  8838  8810  8801  8792  8818  8804
TBILIS 1977 06 12 1  8818  8811  8847  8890  8878  8848  8842  8843  8842  8835  8838  8788
TBILIS 1977 06 12 2  8801  8825  8803  8811  8794  8803  8762  8766  8775  8767  8777  8832
TBILIS 1977 06 13 1  8770  8756  8750  8754  8762  8723  8766  8774  8810  8796  8826  8796
TBILIS 1977 06 13 2  8778  8785  8827  8745  8826  8772  8790  8835  8830  8860  8845  8828
TBILIS 1977 06 14 1  8822  8801  8790  8821  8796  8789  8821  8809  8776  8824  8789  8848
TBILIS 1977 06 14 2  8794  8800  8796  8796  8793  8812  8786  8773  8812  8773  8765  8795
TBILIS 1977 06 15 1  8797  8826  8796  8780  8793  8802  8790  8789  8808  8849  8752  8826
TBILIS 1977 06 15 2  8820  8858  8806  8792  8830  8865  8813  8830  8830  8836  8814  8810
TBILIS 1977 06 16 1  8815  8819  8862  8767  8815  8829  8835  8802  8832  8826  8825  8864
TBILIS 1977 06 16 2  8846  8822  8812  8807  8811  8758  8734  8825  8786  8799  8813  8844
TBILIS 1977 06 17 1  8820  8827  8794  8773  8753  8773  8794  8781  8804  8825  8836  8886
TBILIS 1977 06 17 2  8901  8876  8856  8850  8788  8795  8802  8819  8770  8790  8762  8789
TBILIS 1977 06 18 1  8760  8759  8811  8773  8786  8811  8809  8833  8818  8818  8862  8844
TBILIS 1977 06 18 2  8831  8820  8826  8799  8822  8826  8807  8798  8805  8727  8756  8800
TBILIS 1977 06 19 1  8792  8788  8822  8797  8822  8843  8890  8831  8795  8848  8833  8800
TBILIS 1977 06 19 2  8799  8832  8823  8826  8825  8777  8735  8697  8708  8714  8667  8699
TBILIS 1977 06 20 1  8742  8689  8714  8738  8705  8727  8738  8764  8759  8792  8826  8795
TBILIS 1977 06 20 2  8804  8780  8763  8755  8748  8744  8725  8753  8785  8775  8786  8786
TBILIS 1977 06 21 1  8780  8781  8769  8771  8751  8780  8766  8768  8764  8805  8800  8865
TBILIS 1977 06 21 2  8762  8780  8781  8806  8803  8810  8790  8813  8771  8779  8785  8723
TBILIS 1977 06 22 1  8772  8737  8708  8724  8746  8738  8744  8722  8705  8730  8729  8714
TBILIS 1977 06 22 2  8704  8637  8667  8671  8701  8717  8689  8690  8651  8654  8676  8648
TBILIS 1977 06 23 1  8686  8661  8690  8707  8696  8739  8711  8730  8754  8741  8765  8727
TBILIS 1977 06 23 2  8715  8726  8754  8734  8751  8797  8751  8793  8815  8764  8777  8766
TBILIS 1977 06 24 1  8745  8743  8754  8705  8748  8807  8770  8766  8758  8750  8802  8749
TBILIS 1977 06 24 2  8725  8732  8715  8715  8717  8729  8721  8748  8759  8699  8679  8690
TBILIS 1977 06 25 1  8725  8719  8752  8758  8784  8809  8751  8737  8727  8760  8753  8748
TBILIS 1977 06 25 2  8773  8773  8783  8795  8774  8758  8778  8690  8749  8768  8730  8748
TBILIS 1977 06 26 1  8703  8743  8725  8716  8745  8749  8729  8718  8741  8724  8720  8709
TBILIS 1977 06 26 2  8716  8721  8735  8763  8757  8798  8752  8777  8735  8748  8721  8765
TBILIS 1977 06 27 1  8748  8747  8734  8765  8710  8691  8663  8654  8669  8710  8712  8749
TBILIS 1977 06 27 2  8741  8745  8800  8787  8810  8817  8793  8794  8750  8728  8665  8677
TBILIS 1977 06 28 1  8649  8628  8670  8670  8687  8694  8651  8633  8590  8571  8604  8572
TBILIS 1977 06 28 2  8611  8640  8657  8711  8690  8687  8663  8694  8706  8666  8657  8667
TBILIS 1977 06 29 1  8626  8618  8601  8626  8593  8634  8628  8668  8653  8685  8722  8693
TBILIS 1977 06 29 2  8675  8663  8684  8687  8699  8667  8683  8676  8715  8663  8624  8642
TBILIS 1977 06 30 1  8669  8631  8632  8603  8628  8636  8653  8607  8651  8656  8602  8635
TBILIS 1977 06 30 2  8628  8611  8631  8639  8614  8640  8662  8655  8675  8703  8687  8671
TBILIS 1977 06 31 1 99999 99999 99999 99999 99999 99999 99999 99999 99999 99999 99999 99999
TBILIS 1977 06 31 2 99999 99999 99999 99999 99999 99999 99999 99999 99999 99999 99999 99999
Cosmic-Ray Neutron Monitor Data (Hourly, Pressure-Corrected and Scale-Adjusted Counts)
Collections: WDC for Cosmic Rays, Solar-Terrestrial Environment Laboratory, Nagoya Univ.
Data Access: http://center.stelab.nagoya-u.ac.jp/WDCCR/index.html
Project: ICSU WDC
Citation: WDC for Cosmic Rays, Solar-Terrestrial Environment Laboratory, Nagoya University
Station ID: TBILIS
Station:  TBILISI,GIORGIA,INSTITUT GEOPHYSIKY (IG), GIORGIAN ACADEMY OF SCIENCES,GIORGIA 
Instrument: 18-NM-64 NEUTRON MONITOR, CORRECTED FOR PRESSURE TO 950.0 MB, COEF. =           
Latitude (deg.):   41.72  Longitude (deg.):   44.80  Altitude (m):  510.00
Cut-Off Rigidity (GV):    6.66
Year: 1977  Month:   7
Scaling Factor (SF):    64.0   Constant (CONST):     0.0  Real Counts = (DATA + CONST)*SF
Temporal Resolution: 1 hour
UTC Start Hour:     0.0
                                                                                
                                                        
Monthly Average:  8711.7
Updated (YYYY MM DD): 1984 02 22
*******************************************************************************************
ID     YYYY MM DD 1     0     1     2     3     4     5     6     7     8     9    10    11
ID     YYYY MM DD 2    12    13    14    15    16    17    18    19    20    21    22    23
*******************************************************************************************
TBILIS 1977 07 01 1  8694  8720  8682  8639  8632  8659  8654  8690  8644  8628  8607  8574
TBILIS 1977 07 01 2  8624  8583  8603  8616  8647  8638  8679  8757  8674  8638  8624  8614
TBILIS 1977 07 02 1  8644  8617  8598  8590  8592  8582  8584  8664  8624  8655  8687  8660
TBILIS 1977 07 02 2  8641  8621  8668  8656  8668  8654  8640  8640  8669  8672  8637  8625
TBILIS 1977 07 03 1  8639  8619  8644  8639  8631  8623  8655  8691  8672  8681  8633  8651
TBILIS 1977 07 03 2  8663  8659  8662  8659  8600  8608  8631  8617  8588  8608  8641  8601
TBILIS 1977 07 04 1  8615  8573  8632  8629  8607  8632  8642  8631  8644  8663  8678  8649
TBILIS 1977 07 04 2  8646  8681  8638  8655  8639  8638  8611  8685  8594  8672  8636  8656
TBILIS 1977 07 05 1  8631  8613  8656  8669  8693  8650  8686  8734  8702  8743  8725  8745
TBILIS 1977 07 05 2  8722  8760  8762  8728  8703  8707  8663  8688  8711  8707  8734  8744
TBILIS 1977 07 06 1  8676  8698  8678  8688  8691  8687  8734  8728  8723  8717  8718  8681
TBILIS 1977 07 06 2  8700  8686  8731  8741  8730  8742  8776  8777  8811  8760  8751  8770
TBILIS 1977 07 07 1  8718  8705  8753  8721  8754  8755  8765  8764  8755  8769  8799  8791
TBILIS 1977 07 07 2  8768  8751  8781  8743  8733  8721  8756  8700  8758  8755  8724  8692
TBILIS 1977 07 08 1  8718  8705  8695  8718  8709  8738  8773  8775  8787  8793  8757  8771
TBILIS 1977 07 08 2  8749  8738  8735  8738  8780  8782  8762  8755  8781  8724  8698  8723
TBILIS 1977 07 09 1  8729  8737  8724  8757  8738  8706  8755  8758  8792  8771  8801  8729
TBILIS 1977 07 09 2  8725  8755  8767  8764  8796  8775  8739  8766  8716  8738  8703  8727
TBILIS 1977 07 10 1  8740  8667  8668  8664  8641  8688  8691  8665  8675  8681  8741  8699
TBILIS 1977 07 10 2  8751  8759  8736  8744  8712  8772  8736  8721  8737  8746  8709  8741
TBILIS 1977 07 11 1  8703  8709  8749  8683  8701  8702  8715  8673  8694  8695  8716  8728
TBILIS 1977 07 11 2  8683  8725  8670  8743  8708  8704  8715  8709  8707  8733  8754  8735
TBILIS 1977 07 12 1  8756  8717  8721  8706  8718  8699  8714  8721  8661  8746  8714  8671
TBILIS 1977 07 12 2  8760  8756  8755  8749  8750  8764  8753  8723  8702  8702  8723  8689
TBILIS 1977 07 13 1  8730  8695  8699  8697  8688  8704  8678  8633  8665  8706  8680  8649
TBILIS 1977 07 13 2  8718  8743  8769  8786  8764  8783  8759  8792  8756  8821  8786  8796
TBILIS 1977 07 14 1  8772  8771  8776  8761  8745  8718  8693  8729  8800  8807  8828  8826
TBILIS 1977 07 14 2  8792  8774  8789  8777  8751  8750  8780  8737  8722  8722  8734  8740
TBILIS 1977 07 15 1  8724  8701  8736  8747  8692  8721  8737  8722  8803  8808  8804  8761
TBILIS 1977 07 15 2  8674  8637  8665  8639  8623  8634  8633  8682  8674  8666  8648  8626
TBILIS 1977 07 16 1  8639  8606  8585  8621  8637  8645  8658  8641  8691  8685  8675  8717
TBILIS 1977 07 16 2  8674  8677  8705  8705  8680  8672  8705  8737  8677  8711  8715  8647
TBILIS 1977 07 17 1  8663  8683  8654  8690  8639  8662  8689  8703  8711  8697  8656  8694
TBILIS 1977 07 17 2  8647  8621  8664  8654  8664  8667  8683  8715  8633  8579  8612  8576
TBILIS 1977 07 18 1  8611  8579  8614  8622  8634  8647  8678  8716  8704  8716  8734  8730
TBILIS 1977 07 18 2  8699  8712  8679  8700  8713  8707  8702  8668  8657  8674  8683  8685
TBILIS 1977 07 19 1  8661  8628  8674  8624  8621  8668  8609  8622  8616  8688  8654  8679
TBILIS 1977 07 19 2  8661  8655  8660  8635  8658  8677  8626  8630  8597  8592  8598  8619
TBILIS 1977 07 20 1  8598  8595  8582  8581  8584  8628  8658  8675  8663  8700  8649  8642
TBILIS 1977 07 20 2  8704  8688  8646  8673  8699  8691  8647  8622  8691  8653  8635  8622
TBILIS 1977 07 21 1  8633  8653  8647  8686  8681  8659  8682  8643  8681  8686  8686  8640
TBILIS 1977 07 21 2  8650  8642  8646  8643  8630  8626  8655  8653  8674  8622  8628  8649
TBILIS 1977 07 22 1  8633  8616  8645  8616  8688  8639  8679  8615  8693  8679  8674  8702
TBILIS 1977 07 22 2  8661  8690  8683  8712  8692  8695  8679  8673  8651  8657  8647  8688
TBILIS 1977 07 23 1  8679  8706  8664  8678  8684  8691  8663  8679  8656  8707  8704  8713
TBILIS 1977 07 23 2  8685  8709  8681  8691  8668  8713  8752  8724  8759  8710  8703  8711
TBILIS 1977 07 24 1  8726  8734  8745  8693  8705  8689  8722  8697  8704  8720  8747  8776
TBILIS 1977 07 24 2  8730  8745  8734  8775  8743  8740  8764  8770  8773  8707  8698  8718
TBILIS 1977 07 25 1  8703  8685  8717  8731  8700  8743  8739  8760  8739  8750  8741  8760
TBILIS 1977 07 25 2  8747  8752  8749  8774  8715  8732  8767  8822  8751  8754  8718  8776
TBILIS 1977 07 26 1  8768  8741  8761  8723  8759  8766  8762  8759  8753  8808  8784  8811
TBILIS 1977 07 26 2  8804  8792  8789  8825  8842  8863  8878  8869  8848  8801  8812  8801
TBILIS 1977 07 27 1  8807  8795  8797  8813  8816  8828  8844  8835  8807  8806  8855  8831
TBILIS 1977 07 27 2  8815  8842  8855  8841  8828  8835  8842  8801  8797  8798  8805  8771
TBILIS 1977 07 28 1  8780  8793  8772  8769  8800  8821  8808  8800  8815  8854  8826  8816
TBILIS 1977 07 28 2  8815  8809  8782  8822  8842  8792  8820  8775  8775  8734  8756  8706
TBILIS 1977 07 29 1  8673  8607  8657  8714  8782  8826  8827  8778  8774  8809  8831  8870
TBILIS 1977 07 29 2  8885  8796  8732  8810  8786  8763  8797  8863  8832  8852  8795  8759
TBILIS 1977 07 30 1  8745  8767  8807  8805  8821  8802  8820  8800  8790  8805  8775  8796
TBILIS 1977 07 30 2  8720  8733  8803  8688  8738  8716  8745  8717  8742  8728  8714  8709
TBILIS 1977 07 31 1  8707  8731  8730  8754  8747  8734  8787  8755  8771  8805  8782  8760
TBILIS 1977 07 31 2  8774  8792  8822  8758  8756  8767  8750  8712  8722  8690  8713  8696
Cosmic-Ray Neutron Monitor Data (Hourly, Pressure-Corrected and Scale-Adjusted Counts)
Collections: WDC for Cosmic Rays, Solar-Terrestrial Environment Laboratory, Nagoya Univ.
Data Access: http://center.stelab.nagoya-u.ac.jp/WDCCR/index.html
Project: ICSU WDC
Citation: WDC for Cosmic Rays, Solar-Terrestrial Environment Laboratory, Nagoya University
Station ID: TBILIS
Station:  TBILISI,GIORGIA,INSTITUT GEOPHYSIKY (IG), GIORGIAN ACADEMY OF SCIENCES,GIORGIA 
Instrument: 18-NM-64 NEUTRON MONITOR, CORRECTED FOR PRESSURE TO 950.0 MB, COEF. =           
Latitude (deg.):   41.72  Longitude (deg.):   44.80  Altitude (m):  510.00
Cut-Off Rigidity (GV):    6.66
Year: 1977  Month:   8
Scaling Factor (SF):    64.0   Constant (CONST):     0.0  Real Counts = (DATA + CONST)*SF
Temporal Resolution: 1 hour
UTC Start Hour:     0.0
                                                                                
                                                        
Monthly Average:  8740.9
Updated (YYYY MM DD): 1984 02 22
*******************************************************************************************
ID     YYYY MM DD 1     0     1     2     3     4     5     6     7     8     9    10    11
ID     YYYY MM DD 2    12    13    14    15    16    17    18    19    20    21    22    23
*******************************************************************************************
TBILIS 1977 08 01 1  8707  8680  8688  8677  8712  8728  8762  8737  8727  8737  8760  8736
TBILIS 1977 08 01 2  8712  8776  8711  8736  8728  8755  8745  8732  8723  8719  8713  8653
TBILIS 1977 08 02 1  8677  8654  8652  8687  8657  8598  8667  8650  8683  8728  8710  8701
TBILIS 1977 08 02 2  8689  8704  8748  8736  8748  8726  8705  8659  8690  8664  8679  8672
TBILIS 1977 08 03 1  8662  8641  8674  8650  8641  8635  8664  8666  8704  8646  8735  8687
TBILIS 1977 08 03 2  8686  8693  8686  8689  8694  8758  8770  8748  8737  8719  8746  8691
TBILIS 1977 08 04 1  8695  8698  8721  8721  8686  8710  8668  8704  8680  8717  8755  8705
TBILIS 1977 08 04 2  8726  8705  8700  8699  8654  8682  8754  8709  8742  8736  8749  8730
TBILIS 1977 08 05 1  8754  8746  8722  8719  8685  8681  8681  8771  8770  8787  8793  8773
TBILIS 1977 08 05 2  8770  8750  8747  8775  8746  8754  8744  8720  8700  8716  8687  8697
TBILIS 1977 08 06 1  8653  8648  8688  8698  8742  8749  8718  8724  8689  8713  8753  8734
TBILIS 1977 08 06 2  8746  8746  8731  8747  8750  8761  8742  8725  8708  8725  8698  8717
TBILIS 1977 08 07 1  8712  8718  8690  8673  8681  8704  8725  8747  8765  8778  8732  8720
TBILIS 1977 08 07 2  8730  8709  8704  8695  8713  8718  8705  8695  8640  8653  8672  8688
TBILIS 1977 08 08 1  8657  8674  8696  8672  8635  8672  8695  8722  8744  8726  8711  8701
TBILIS 1977 08 08 2  8686  8739  8733  8754  8666  8675  8680  8659  8652  8597  8593  8577
TBILIS 1977 08 09 1  8633  8598  8656  8663  8637  8689  8705  8711  8701  8718  8717  8669
TBILIS 1977 08 09 2  8645  8681  8646  8678  8732  8713  8665  8657  8677  8662  8653  8664
TBILIS 1977 08 10 1  8633  8676  8670  8695  8725  8673  8674  8680  8691  8730  8733  8706
TBILIS 1977 08 10 2  8727  8736  8765  8774  8734  8702  8664  8637  8672  8669  8702  8617
TBILIS 1977 08 11 1  8661  8686  8684  8674  8690  8683  8703  8697  8723  8688  8699  8657
TBILIS 1977 08 11 2  8708  8713  8715  8666  8665  8672  8667  8660  8684  8676  8670  8715
TBILIS 1977 08 12 1  8720  8699  8727  8718  8744  8737  8705  8719  8687  8745  8762  8753
TBILIS 1977 08 12 2  8730  8720  8724  8715  8744  8768  8787  8830  8791  8774  8784  8747
TBILIS 1977 08 13 1  8767  8760  8760  8754  8779  8761  8755  8794  8756  8762  8804  8726
TBILIS 1977 08 13 2  8762  8774  8789  8818  8752  8805  8840  8731  8724  8754  8726  8770
TBILIS 1977 08 14 1  8752  8734  8715  8713  8704  8739  8704  8702  8701  8710  8744 99999
TBILIS 1977 08 14 2 99999 99999 99999 99999 99999 99999 99999 99999 99999 99999 99999 99999
TBILIS 1977 08 15 1 99999 99999 99999 99999 99999 99999 99999 99999 99999 99999 99999 99999
TBILIS 1977 08 15 2 99999 99999 99999 99999 99999 99999 99999 99999 99999 99999 99999 99999
TBILIS 1977 08 16 1 99999 99999 99999 99999 99999 99999 99999 99999 99999 99999 99999 99999
TBILIS 1977 08 16 2 99999 99999 99999 99999 99999 99999 99999 99999 99999 99999 99999 99999
TBILIS 1977 08 17 1 99999 99999 99999 99999 99999 99999 99999  8717  8738  8743  8770  8763
TBILIS 1977 08 17 2  8741  8713  8664  8703  8696  8694  8641  8676  8695  8657  8660  8628
TBILIS 1977 08 18 1  8652  8661  8667  8659  8693  8709  8751  8710  8696  8706  8693  8669
TBILIS 1977 08 18 2  8719  8697  8714  8637  8691  8697  8753  8734  8722  8725  8668  8689
TBILIS 1977 08 19 1  8714  8702  8669  8654  8695  8730  8719  8713  8744  8762  8777  8723
TBILIS 1977 08 19 2  8716  8687  8652  8665  8683  8714  8722  8741  8744  8733  8691  8685
TBILIS 1977 08 20 1  8664  8712  8675  8695  8692  8686  8643  8699  8680  8678  8653  8715
TBILIS 1977 08 20 2  8640  8651  8670  8702  8701  8693  8716  8696  8698  8644  8685  8719
TBILIS 1977 08 21 1  8699  8694  8700  8708  8667  8657  8756  8747  8719  8744  8772  8727
TBILIS 1977 08 21 2  8704  8691  8697  8684  8721  8685  8705  8774  8731  8731  8772  8734
TBILIS 1977 08 22 1  8793  8761  8733  8747  8762  8735  8751  8733  8758  8728  8721  8743
TBILIS 1977 08 22 2  8746  8763  8759  8708  8732  8676  8697  8701  8739  8691  8733  8720
TBILIS 1977 08 23 1  8739  8736  8738  8747  8801  8753  8729  8749  8753  8780  8742  8723
TBILIS 1977 08 23 2  8716  8756  8810  8732  8769  8761  8806  8787  8790  8809  8810  8809
TBILIS 1977 08 24 1  8778  8821  8770  8746  8748  8755  8716  8731  8737  8809  8841  8824
TBILIS 1977 08 24 2  8873  8825  8826  8814  8819  8839  8845  8868  8854  8809  8843  8834
TBILIS 1977 08 25 1  8846  8819  8780  8825  8760  8797  8792  8754  8794  8837  8810  8803
TBILIS 1977 08 25 2  8821  8791  8833  8854  8840  8857  8843  8834  8834  8801  8812  8822
TBILIS 1977 08 26 1  8845  8812  8846  8804  8823  8812  8800  8841  8790  8811  8859  8842
TBILIS 1977 08 26 2  8830  8888  8833  8867  8890  8890  8872  8906  8881  8902  8888  8877
TBILIS 1977 08 27 1  8825  8855  8848  8835  8810  8872  8852  8858  8831  8851  8868  8875
TBILIS 1977 08 27 2  8872  8867  8873  8879  8864  8882  8901  8855  8874  8877  8816  8845
TBILIS 1977 08 28 1  8829  8815  8821  8797  8774  8795  8800  8804  8815  8802  8792  8837
TBILIS 1977 08 28 2  8840  8813  8817  8835  8788  8813  8792  8766  8797  8795  8811  8780
TBILIS 1977 08 29 1  8789  8786  8759  8756  8743  8767  8753  8768  8787  8793  8839  8791
TBILIS 1977 08 29 2  8840  8831  8820  8865  8860  8886  8826  8850  8837  8839  8819  8833
TBILIS 1977 08 30 1  8840  8807  8822  8819  8794  8791  8786  8795  8803  8755  8805  8795
TBILIS 1977 08 30 2  8784  8830  8858  8851  8866  8848  8844  8829  8866  8848  8830  8824
TBILIS 1977 08 31 1  8780  8786  8789  8759  8796  8758  8744  8786  8718  8711  8739  8723
TBILIS 1977 08 31 2  8712  8707  8717  8721  8718  8742  8778  8764  8764  8774  8746  8774
Cosmic-Ray Neutron Monitor Data (Hourly, Pressure-Corrected and Scale-Adjusted Counts)
Collections: WDC for Cosmic Rays, Solar-Terrestrial Environment Laboratory, Nagoya Univ.
Data Access: http://center.stelab.nagoya-u.ac.jp/WDCCR/index.html
Project: ICSU WDC
Citation: WDC for Cosmic Rays, Solar-Terrestrial Environment Laboratory, Nagoya University
Station ID: TBILIS
Station:  TBILISI,GIORGIA,INSTITUT GEOPHYSIKY (IG), GIORGIAN ACADEMY OF SCIENCES,GIORGIA 
Instrument: 18-NM-64 NEUTRON MONITOR, CORRECTED FOR PRESSURE TO 950.0 MB, COEF. =           
Latitude (deg.):   41.72  Longitude (deg.):   44.80  Altitude (m):  510.00
Cut-Off Rigidity (GV):    6.66
Year: 1977  Month:   9
Scaling Factor (SF):    64.0   Constant (CONST):     0.0  Real Counts = (DATA + CONST)*SF
Temporal Resolution: 1 hour
UTC Start Hour:     0.0
                                                                                
                                                        
Monthly Average:  8717.5
Updated (YYYY MM DD): 1984 02 22
*******************************************************************************************
ID     YYYY MM DD 1     0     1     2     3     4     5     6     7     8     9    10    11
ID     YYYY MM DD 2    12    13    14    15    16    17    18    19    20    21    22    23
*******************************************************************************************
TBILIS 1977 09 01 1  8717  8749  8732  8732  8708  8716  8700  8694  8715  8654  8678  8723
TBILIS 1977 09 01 2  8761  8736  8751  8716  8769  8757  8706  8786  8801  8835  8795  8814
TBILIS 1977 09 02 1  8798  8778  8780  8735  8723  8749  8742  8759  8712  8770  8722  8708
TBILIS 1977 09 02 2  8663  8707  8684  8721  8713  8728  8762  8749  8672  8720  8691  8746
TBILIS 1977 09 03 1  8703  8758  8746  8773  8777  8756  8747  8785  8742  8762  8775  8746
TBILIS 1977 09 03 2  8732  8712  8756  8697  8705  8711  8709  8666  8650  8702  8717  8682
TBILIS 1977 09 04 1  8705  8690  8754  8737  8779  8811  8751  8761  8779  8778  8788  8822
TBILIS 1977 09 04 2  8770  8743  8741  8763  8750  8704  8719  8751  8717  8713  8751  8681
TBILIS 1977 09 05 1  8725  8752  8728  8743  8729  8747  8761  8757  8740  8759  8733  8749
TBILIS 1977 09 05 2  8719  8716  8724  8730  8725  8725  8755  8764  8737  8753  8778  8746
TBILIS 1977 09 06 1  8778  8775  8789  8768  8786  8803  8749  8761  8779  8757  8757  8767
TBILIS 1977 09 06 2  8728  8725  8737  8710  8706  8696  8771  8757  8769  8732  8751  8748
TBILIS 1977 09 07 1  8738  8762  8760  8796  8826  8812  8772  8788  8808  8751  8771  8748
TBILIS 1977 09 07 2  8738  8777  8738  8725  8741  8753  8748  8732  8740  8701  8704  8734
TBILIS 1977 09 08 1  8709  8726  8744  8762  8752  8745  8788  8724  8749  8717  8776  8758
TBILIS 1977 09 08 2  8769  8737  8726  8716  8739  8746  8795  8769  8778  8769  8753  8726
TBILIS 1977 09 09 1  8772  8771  8737  8768  8781  8811  8800  8808  8772  8816  8811  8810
TBILIS 1977 09 09 2  8822  8795  8822  8801  8811  8800  8819  8798  8790  8780  8772  8811
TBILIS 1977 09 10 1  8792  8820  8830  8824  8847  8831  8788  8798  8823  8825  8843  8866
TBILIS 1977 09 10 2  8837  8822  8857  8819  8813  8805  8820  8793  8828  8845  8870  8855
TBILIS 1977 09 11 1  8862  8892  8895  8897  8865  8844  8787  8753  8755  8778  8812  8822
TBILIS 1977 09 11 2  8833  8814  8845  8836  8793  8807  8805  8743  8749  8765  8740  8786
TBILIS 1977 09 12 1  8777  8764  8752  8678  8685  8717  8730  8769  8775  8759  8721  8764
TBILIS 1977 09 12 2  8737  8686  8706  8693  8674  8671  8769  8698  8697  8608  8594  8601
TBILIS 1977 09 13 1  8630  8660  8616  8634  8607  8585  8629  8671  8694  8664  8711  8685
TBILIS 1977 09 13 2  8671  8670  8715  8731  8704  8691  8729  8680  8672  8699  8695  8683
TBILIS 1977 09 14 1  8657  8663  8694  8623  8639  8647  8667  8651  8664  8666  8634 99999
TBILIS 1977 09 14 2  8613  8671  8581  8571  8590  8591  8593  8563  8578  8544  8581  8579
TBILIS 1977 09 15 1  8578  8579  8556  8570  8585  8609  8632  8580  8627  8638  8622  8615
TBILIS 1977 09 15 2  8641  8647  8689  8654  8654  8611  8655  8628  8660  8650  8656  8628
TBILIS 1977 09 16 1  8638  8616  8637  8594  8610  8603  8614  8623  8635  8669  8667  8644
TBILIS 1977 09 16 2  8699  8666  8676  8682  8679  8677  8665  8677  8681  8635  8667  8645
TBILIS 1977 09 17 1  8668  8653  8645  8660  8665  8683  8684  8642  8685  8715  8763  8725
TBILIS 1977 09 17 2  8709  8722  8753  8742  8731  8731  8731  8710  8694  8683  8673  8627
TBILIS 1977 09 18 1  8670  8668  8680 99999 99999 99999 99999  8672  8725  8703  8688  8685
TBILIS 1977 09 18 2  8701  8723  8726  8701  8765  8723  8743  8726  8723  8724  8725  8714
TBILIS 1977 09 19 1  8712  8754  8737  8698  8687  8697  8678  8639  8685  8758  8782  8756
TBILIS 1977 09 19 2  8714  8758  8799  8853  8934  8847  8831  8794  8833  8785  8795  8778
TBILIS 1977 09 20 1  8812  8769  8759  8755  8723  8721  8739  8770  8740  8843  8832  8811
TBILIS 1977 09 20 2  8811  8833  8816  8839  8815  8813  8792  8804  8786  8800  8759  8711
TBILIS 1977 09 21 1  8722  8749  8713  8731  8743  8720  8715  8733  8735  8809  8838  8821
TBILIS 1977 09 21 2  8809  8797  8726  8712  8661  8621  8647  8666  8664  8618  8615  8616
TBILIS 1977 09 22 1  8614  8583  8602  8693  8666  8646  8674  8710  8660  8691  8627  8557
TBILIS 1977 09 22 2  8581  8576  8672  8684  8647  8664  8652  8599  8494  8439  8361  8433
TBILIS 1977 09 23 1  8436  8457  8500  8462  8430  8428  8452  8451  8482  8493  8501  8557
TBILIS 1977 09 23 2  8537  8545  8500  8531  8523  8564  8553  8576  8604  8539  8565  8537
TBILIS 1977 09 24 1  8538  8544  8568  8587  8651  8650  8661  8646  8655  8710  8725  8726
TBILIS 1977 09 24 2  8712  8699  8691  8666  8664  8584  8626  8584  8550  8564  8549  8594
TBILIS 1977 09 25 1  8603  8596  8629  8615  8645  8660  8703  8753  8755  8817  8812  8755
TBILIS 1977 09 25 2  8761  8772  8776  8823  8773  8777  8750  8822  8774  8766  8727  8744
TBILIS 1977 09 26 1  8720  8779  8825  8784  8807  8818  8838  8805  8806  8826  8889  8879
TBILIS 1977 09 26 2  8795  8829  8821  8830  8846  8767  8747  8779  8778  8750  8762  8759
TBILIS 1977 09 27 1  8784  8827  8788  8790  8808  8793  8804  8796  8763  8787  8762  8760
TBILIS 1977 09 27 2  8687  8730  8759  8710  8741  8696  8717  8711  8716  8762  8763  8769
TBILIS 1977 09 28 1  8793  8841  8746  8822  8760  8804  8735  8698  8741  8762  8755  8748
TBILIS 1977 09 28 2  8742  8724  8768  8763  8791  8738  8782  8738  8759  8721  8767  8741
TBILIS 1977 09 29 1  8749  8769  8725  8682  8734  8743  8713  8705  8747  8724  8755  8743
TBILIS 1977 09 29 2  8757  8762  8753  8705  8679  8722  8740  8696  8705  8675  8722  8716
TBILIS 1977 09 30 1  8726  8658  8699  8696  8699  8687  8691  8621  8663  8638  8723  8701
TBILIS 1977 09 30 2  8689  8678  8666  8639  8629  8663  8679  8681  8609  8656  8606  8643
TBILIS 1977 09 31 1 99999 99999 99999 99999 99999 99999 99999 99999 99999 99999 99999 99999
TBILIS 1977 09 31 2 99999 99999 99999 99999 99999 99999 99999 99999 99999 99999 99999 99999
Cosmic-Ray Neutron Monitor Data (Hourly, Pressure-Corrected and Scale-Adjusted Counts)
Collections: WDC for Cosmic Rays, Solar-Terrestrial Environment Laboratory, Nagoya Univ.
Data Access: http://center.stelab.nagoya-u.ac.jp/WDCCR/index.html
Project: ICSU WDC
Citation: WDC for Cosmic Rays, Solar-Terrestrial Environment Laboratory, Nagoya University
Station ID: TBILIS
Station:  TBILISI,GIORGIA,INSTITUT GEOPHYSIKY (IG), GIORGIAN ACADEMY OF SCIENCES,GIORGIA 
Instrument: 18-NM-64 NEUTRON MONITOR, CORRECTED FOR PRESSURE TO 950.0 MB, COEF. =           
Latitude (deg.):   41.72  Longitude (deg.):   44.80  Altitude (m):  510.00
Cut-Off Rigidity (GV):    6.66
Year: 1977  Month:  10
Scaling Factor (SF):    64.0   Constant (CONST):     0.0  Real Counts = (DATA + CONST)*SF
Temporal Resolution: 1 hour
UTC Start Hour:     0.0
                                                                                
                                                        
Monthly Average:  8708.7
Updated (YYYY MM DD): 1984 02 22
*******************************************************************************************
ID     YYYY MM DD 1     0     1     2     3     4     5     6     7     8     9    10    11
ID     YYYY MM DD 2    12    13    14    15    16    17    18    19    20    21    22    23
*******************************************************************************************
TBILIS 1977 10 01 1  8622  8606  8609  8629  8617  8628  8647  8587  8561  8621  8661  8645
TBILIS 1977 10 01 2  8641  8661  8659  8628  8615  8631  8656  8633  8645  8606  8594  8559
TBILIS 1977 10 02 1  8584  8622  8652  8626  8600  8647  8598  8605  8582  8671  8714  8635
TBILIS 1977 10 02 2  8659  8626  8680  8637  8619  8608  8640  8592  8577  8549  8564  8520
TBILIS 1977 10 03 1  8608  8575  8647  8654  8647  8654  8655  8644  8687  8702  8720  8740
TBILIS 1977 10 03 2  8720  8713  8656  8710  8698  8700  8721  8732  8730  8739  8698  8715
TBILIS 1977 10 04 1  8718  8736  8731  8761  8738  8750  8731  8696  8730  8726  8725  8733
TBILIS 1977 10 04 2  8700  8705  8708  8677  8760  8743  8753  8780  8734  8764  8773  8814
TBILIS 1977 10 05 1  8803  8793  8783  8839  8801  8792  8795  8731  8721  8696  8723  8726
TBILIS 1977 10 05 2  8700  8705  8719  8660  8650  8588  8660  8665  8621  8657  8651  8677
TBILIS 1977 10 06 1  8659  8676  8690  8664  8674  8713  8732  8652  8686  8666  8670  8677
TBILIS 1977 10 06 2  8689  8702  8666  8699  8682  8703  8662  8650  8703  8707  8717  8743
TBILIS 1977 10 07 1  8699  8699  8725  8709  8735  8749  8756  8735  8686  8698  8742  8709
TBILIS 1977 10 07 2  8716  8691  8743  8770  8798  8759  8769  8787  8752  8732  8725  8723
TBILIS 1977 10 08 1  8747  8736  8728  8744  8713  8708  8666  8695  8733  8735  8756  8724
TBILIS 1977 10 08 2  8760  8751  8791  8798  8789  8787  8824  8805  8815  8822  8787  8791
TBILIS 1977 10 09 1  8810  8818  8822  8800  8788  8799  8762  8743  8761  8808  8872  8879
TBILIS 1977 10 09 2  8922  8952  8990  8981  8957  8974  8922  8896  8916  8933  8950  8940
TBILIS 1977 10 10 1  8913  8941  8872  8879  8844  8800  8806  8787  8783  8786  8763  8743
TBILIS 1977 10 10 2  8749  8783  8692  8718  8695  8725  8732  8781  8716  8801  8747  8813
TBILIS 1977 10 11 1  8761  8804  8795  8745  8764  8789  8803  8773  8781  8747  8816  8815
TBILIS 1977 10 11 2  8767  8813  8797  8811  8800  8801  8829  8852  8836  8764  8804  8808
TBILIS 1977 10 12 1  8824  8755  8775  8788  8722  8719  8730  8721  8717  8730  8689  8695
TBILIS 1977 10 12 2  8706  8763  8720  8737  8752  8769  8776  8777  8779  8752  8753  8751
TBILIS 1977 10 13 1  8728  8740  8651  8677  8639  8697  8694  8708  8707  8710  8681  8690
TBILIS 1977 10 13 2  8712  8695  8670  8722  8738  8698  8731  8720  8744  8706  8689  8714
TBILIS 1977 10 14 1  8704  8700  8713  8743  8647  8737  8701  8752  8754  8730  8758  8704
TBILIS 1977 10 14 2  8684  8706  8702  8679  8644  8683  8691  8731  8732  8753  8681  8747
TBILIS 1977 10 15 1  8752  8733  8718  8739  8630  8647  8647  8722  8672  8670  8633  8633
TBILIS 1977 10 15 2  8648  8698  8667  8668  8630  8761  8730  8764  8739  8780  8794  8808
TBILIS 1977 10 16 1  8793  8754  8761  8762  8747  8732  8717  8703  8699  8684  8707  8689
TBILIS 1977 10 16 2  8727  8716  8695  8664  8656  8690  8718  8747  8761  8780  8771  8799
TBILIS 1977 10 17 1  8757  8750  8726  8685  8681  8721  8724  8712  8718  8725  8711  8737
TBILIS 1977 10 17 2  8737  8758  8738  8752  8720  8767  8758  8757  8758  8691  8678  8705
TBILIS 1977 10 18 1  8642  8669  8657  8648  8708  8761  8716  8736  8699  8691  8709  8713
TBILIS 1977 10 18 2  8742  8712  8703  8697  8665  8692  8667  8708  8735  8659  8678  8694
TBILIS 1977 10 19 1  8695  8656  8709  8696  8671  8662  8642  8680  8647  8662  8674  8681
TBILIS 1977 10 19 2  8653  8678  8675  8669  8684  8681  8675  8657  8671  8611  8659  8640
TBILIS 1977 10 20 1  8639  8631  8628  8651  8641  8606  8648  8619  8630  8639  8635  8661
TBILIS 1977 10 20 2  8684  8639  8633  8628  8650  8622  8630  8603  8638  8627  8595  8567
TBILIS 1977 10 21 1  8599  8584  8596  8582  8649  8629  8625  8624  8651  8599  8699  8736
TBILIS 1977 10 21 2  8742  8773  8714  8751  8739 99999 99999 99999 99999 99999 99999 99999
TBILIS 1977 10 22 1 99999 99999 99999 99999 99999 99999  8679  8719  8698  8682  8733  8752
TBILIS 1977 10 22 2  8807  8757  8742  8703  8638  8653  8644  8685  8695  8695  8622  8618
TBILIS 1977 10 23 1  8598  8609  8597  8595  8596  8678  8641  8671  8641  8668  8641  8623
TBILIS 1977 10 23 2  8619  8615  8653  8608  8663  8630  8602  8616  8648  8597  8646  8637
TBILIS 1977 10 24 1  8584  8580  8603  8574  8601  8612  8622  8619  8617  8628  8618  8693
TBILIS 1977 10 24 2  8618  8626  8676  8635  8662  8666  8713  8733  8741  8712  8700  8686
TBILIS 1977 10 25 1  8690  8717  8674  8703 99999  8714  8632  8633  8607  8665  8708  8689
TBILIS 1977 10 25 2  8661  8677  8728 99999  8755  8743  8784  8773  8783  8743  8753  8756
TBILIS 1977 10 26 1  8740  8690  8755  8726  8768  8737  8782  8756  8713  8728  8754  8708
TBILIS 1977 10 26 2  8733  8723  8778  8739  8736  8723  8689  8756  8742  8735  8767  8752
TBILIS 1977 10 27 1  8747  8735  8738  8733  8768 99999  8777  8702  8693  8753  8833  8809
TBILIS 1977 10 27 2  8765  8812  8820  8834  8795  8803  8832  8781  8779  8798  8789  8806
TBILIS 1977 10 28 1  8789  8838  8766  8815  8810  8770  8777  8741  8693  8684  8712  8739
TBILIS 1977 10 28 2  8696  8705  8657  8637  8672  8781  8805  8777  8718  8700  8737  8744
TBILIS 1977 10 29 1  8721  8706  8699  8734  8685 99999 99999 99999  8632  8708  8715  8666
TBILIS 1977 10 29 2  8690  8731  8734  8716  8675  8637  8655  8667  8679  8648  8650  8658
TBILIS 1977 10 30 1  8664  8654  8673  8630  8691  8680  8716  8687  8697  8662  8709  8665
TBILIS 1977 10 30 2  8664  8665  8705  8698  8711  8663  8649  8680  8640  8677  8640  8628
TBILIS 1977 10 31 1  8620  8619  8629  8600  8606  8629  8675  8692  8687  8691  8733  8709
TBILIS 1977 10 31 2  8655  8699  8711  8662  8656  8660  8711  8680  8672  8665  8671  8676
Cosmic-Ray Neutron Monitor Data (Hourly, Pressure-Corrected and Scale-Adjusted Counts)
Collections: WDC for Cosmic Rays, Solar-Terrestrial Environment Laboratory, Nagoya Univ.
Data Access: http://center.stelab.nagoya-u.ac.jp/WDCCR/index.html
Project: ICSU WDC
Citation: WDC for Cosmic Rays, Solar-Terrestrial Environment Laboratory, Nagoya University
Station ID: TBILIS
Station:  TBILISI,GIORGIA,INSTITUT GEOPHYSIKY (IG), GIORGIAN ACADEMY OF SCIENCES,GIORGIA 
Instrument: 18-NM-64 NEUTRON MONITOR, CORRECTED FOR PRESSURE TO 950.0 MB, COEF. =           
Latitude (deg.):   41.72  Longitude (deg.):   44.80  Altitude (m):  510.00
Cut-Off Rigidity (GV):    6.66
Year: 1977  Month:  11
Scaling Factor (SF):    64.0   Constant (CONST):     0.0  Real Counts = (DATA + CONST)*SF
Temporal Resolution: 1 hour
UTC Start Hour:     0.0
                                                                                
                                                        
Monthly Average:  8781.6
Updated (YYYY MM DD): 1984 02 22
*******************************************************************************************
ID     YYYY MM DD 1     0     1     2     3     4     5     6     7     8     9    10    11
ID     YYYY MM DD 2    12    13    14    15    16    17    18    19    20    21    22    23
*******************************************************************************************
TBILIS 1977 11 01 1  8696  8713  8741  8736  8768  8816  8755  8754  8747  8680  8684  8686
TBILIS 1977 11 01 2  8704  8681  8685  8660  8709  8692  8722  8668  8713  8707  8678  8720
TBILIS 1977 11 02 1  8656  8707  8700  8731  8783  8773  8775  8777  8769  8806  8761  8766
TBILIS 1977 11 02 2  8756  8740  8734  8726  8700  8748  8739  8753  8727  8731  8764  8729
TBILIS 1977 11 03 1  8790  8757  8784  8781  8767  8781  8787  8788  8746  8786  8836  8751
TBILIS 1977 11 03 2  8738  8769  8714  8737  8761  8768  8756  8756  8726  8755  8765  8734
TBILIS 1977 11 04 1  8762  8750  8777  8819  8815  8850  8829  8813  8790  8789  8784  8801
TBILIS 1977 11 04 2  8751  8755  8707  8742  8771  8727  8786  8796  8770  8811  8786  8794
TBILIS 1977 11 05 1  8819  8812  8793  8824  8829  8817  8867  8851  8818  8842  8920  8903
TBILIS 1977 11 05 2  8855  8844  8843  8835  8828  8789  8796  8757  8768  8836  8806  8831
TBILIS 1977 11 06 1  8800  8814  8821  8817  8851  8864  8845  8797  8773  8789  8775  8800
TBILIS 1977 11 06 2  8811  8787  8841  8796  8764  8764  8782  8774  8757  8776  8776  8782
TBILIS 1977 11 07 1  8751  8796  8786  8823  8820  8817  8830  8849  8785  8791  8862  8860
TBILIS 1977 11 07 2  8868  8838  8838  8857  8812  8824  8848  8856  8843  8838  8846  8885
TBILIS 1977 11 08 1  8847  8846  8794  8846  8888  8871  8830  8829  8815  8795  8879  8803
TBILIS 1977 11 08 2  8822  8876  8837  8826  8831  8858  8877  8853  8877  8882  8867  8890
TBILIS 1977 11 09 1  8891  8824  8896  8868  8862  8897  8909  8872  8894  8899  8906  8856
TBILIS 1977 11 09 2  8855  8872  8878  8848  8881  8871  8917  8959  8888  8865  8899  8887
TBILIS 1977 11 10 1  8894  8880  8854  8850  8871  8868  8843  8866  8833  8880  8842  8903
TBILIS 1977 11 10 2  8876  8871  8868  8837  8796  8791  8752  8849  8789  8822  8819  8783
TBILIS 1977 11 11 1  8762  8740  8783  8778  8765  8791  8783  8856  8849  8924  8859  8822
TBILIS 1977 11 11 2  8840  8829  8861  8822  8832  8819  8811  8841  8848  8816  8857  8851
TBILIS 1977 11 12 1  8825  8867  8911  8883  8919  8903  8865  8830  8907  8874  8873  8847
TBILIS 1977 11 12 2  8854  8875  8849  8879  8870  8836  8881  8869  8841  8825  8861  8857
TBILIS 1977 11 13 1  8842  8841  8834  8806  8829  8830  8849  8831  8833  8877  8924  8885
TBILIS 1977 11 13 2  8901  8849  8887  8836  8870  8823  8808  8820  8821  8791  8796  8751
TBILIS 1977 11 14 1  8744  8774  8733  8768  8723  8728  8767  8740  8815  8827  8837  8881
TBILIS 1977 11 14 2  8832  8813  8839  8820  8781  8791  8804  8808  8803  8768  8752  8732
TBILIS 1977 11 15 1  8691  8741  8723  8734  8742  8762  8719  8756  8727  8782  8831  8827
TBILIS 1977 11 15 2  8822  8798  8771  8830  8821  8757  8743  8755  8697  8740  8752  8760
TBILIS 1977 11 16 1  8702  8728  8696  8719  8699  8755  8758  8774  8779  8821  8823  8803
TBILIS 1977 11 16 2  8821  8784  8797  8796  8793  8836  8832  8823  8827  8789  8809  8822
TBILIS 1977 11 17 1  8824  8832  8853  8836  8809  8803  8808  8757  8787  8778  8822  8807
TBILIS 1977 11 17 2  8801  8779  8792  8831  8783  8777  8789  8788  8803  8783  8780  8804
TBILIS 1977 11 18 1  8774  8794  8822  8817  8770  8810  8793  8797  8797  8800  8819  8853
TBILIS 1977 11 18 2  8840  8808  8812  8775  8820  8771  8752  8747  8754  8769  8771  8765
TBILIS 1977 11 19 1  8739  8774  8750  8775  8787  8765  8769  8769  8792  8859  8823  8814
TBILIS 1977 11 19 2  8785  8815  8824  8846  8830  8764  8775  8787  8810  8795  8803  8788
TBILIS 1977 11 20 1  8751  8787  8734  8741  8754  8713  8782  8729  8753  8745  8755  8797
TBILIS 1977 11 20 2  8751  8810  8810  8801  8767  8805  8805  8834  8796  8820  8793  8791
TBILIS 1977 11 21 1  8799  8778  8813  8777  8772  8805  8752  8722  8740  8725  8772  8725
TBILIS 1977 11 21 2  8755  8756  8762  8767  8795  8789  8767  8749  8765  8765  8767  8764
TBILIS 1977 11 22 1  8763  8734  8725  8760  8728  8729  8760  8758  8756  8767  8797  8784
TBILIS 1977 11 22 2  8746  8764  8777  8757  8736  8720  8786  8745  8765  8758  8727  8772
TBILIS 1977 11 23 1  8715  8734  8725  8740  8714  8785  8756  8730  8748  8750  8734  8773
TBILIS 1977 11 23 2  8746  8768  8724  8735  8710  8751  8753  8735  8771  8722  8723  8743
TBILIS 1977 11 24 1  8761  8732  8716  8729  8762  8735  8747  8694  8722  8747  8773  8768
TBILIS 1977 11 24 2  8774  8802  8786  8817  8781  8841  8860  8828  8847  8839  8821  8820
TBILIS 1977 11 25 1  8803  8830  8831  8752  8776  8774  8769  8760  8761  8725  8794  8830
TBILIS 1977 11 25 2  8805  8794  8730  8731  8732  8809  8878  8868  8877  8901  8908  8883
TBILIS 1977 11 26 1  8830  8824  8875  8863  8868  8858  8845  8837  8866  8821  8792  8834
TBILIS 1977 11 26 2  8792  8774  8798  8765  8779  8798  8793  8759  8768  8772  8782  8801
TBILIS 1977 11 27 1  8773  8732  8710  8696  8743  8725  8737  8699  8675  8710  8692  8692
TBILIS 1977 11 27 2  8684  8685  8674  8669  8643  8612  8613  8634  8607  8590  8597  8608
TBILIS 1977 11 28 1  8579  8610  8584  8601  8608  8649  8682  8651  8691  8729  8749  8721
TBILIS 1977 11 28 2  8758  8676  8629  8652  8635  8637  8660  8618  8602  8578  8627  8634
TBILIS 1977 11 29 1  8601  8611  8664  8661  8677  8715  8676  8652  8720  8795  8698  8720
TBILIS 1977 11 29 2  8726  8698  8708  8736  8722  8714  8711  8713  8645  8680  8731  8691
TBILIS 1977 11 30 1  8706  8670  8653  8654  8651  8671  8690  8687  8691  8705  8786  8763
TBILIS 1977 11 30 2  8751  8708  8725  8720  8731  8745  8758  8762  8744  8734  8741  8712
TBILIS 1977 11 31 1 99999 99999 99999 99999 99999 99999 99999 99999 99999 99999 99999 99999
TBILIS 1977 11 31 2 99999 99999 99999 99999 99999 99999 99999 99999 99999 99999 99999 99999
Cosmic-Ray Neutron Monitor Data (Hourly, Pressure-Corrected and Scale-Adjusted Counts)
Collections: WDC for Cosmic Rays, Solar-Terrestrial Environment Laboratory, Nagoya Univ.
Data Access: http://center.stelab.nagoya-u.ac.jp/WDCCR/index.html
Project: ICSU WDC
Citation: WDC for Cosmic Rays, Solar-Terrestrial Environment Laboratory, Nagoya University
Station ID: TBILIS
Station:  TBILISI,GIORGIA,INSTITUT GEOPHYSIKY (IG), GIORGIAN ACADEMY OF SCIENCES,GIORGIA 
Instrument: 18-NM-64 NEUTRON MONITOR, CORRECTED FOR PRESSURE TO 950.0 MB, COEF. =           
Latitude (deg.):   41.72  Longitude (deg.):   44.80  Altitude (m):  510.00
Cut-Off Rigidity (GV):    6.66
Year: 1977  Month:  12
Scaling Factor (SF):    64.0   Constant (CONST):     0.0  Real Counts = (DATA + CONST)*SF
Temporal Resolution: 1 hour
UTC Start Hour:     0.0
                                                                                
                                                        
Monthly Average:  8700.2
Updated (YYYY MM DD): 1984 02 22
*******************************************************************************************
ID     YYYY MM DD 1     0     1     2     3     4     5     6     7     8     9    10    11
ID     YYYY MM DD 2    12    13    14    15    16    17    18    19    20    21    22    23
*******************************************************************************************
TBILIS 1977 12 01 1  8702  8664  8669  8677  8693  8697  8716  8709  8716  8732  8733  8735
TBILIS 1977 12 01 2  8724  8763  8749  8729  8717  8716  8727  8721  8710  8709  8699  8735
TBILIS 1977 12 02 1  8718  8726  8705  8770  8766  8821  8818  8765  8738  8749  8750  8800
TBILIS 1977 12 02 2  8805  8771  8763  8739  8762  8858  8879  8894  8869  8830  8825  8869
TBILIS 1977 12 03 1  8774  8767  8761  8723  8715  8721  8721  8684  8706  8748  8727  8713
TBILIS 1977 12 03 2  8706  8762  8736  8736  8705  8716  8706  8718  8736  8693  8683  8700
TBILIS 1977 12 04 1  8728  8728  8688  8713  8754  8792  8793  8753  8757  8778  8830  8815
TBILIS 1977 12 04 2  8816  8807  8793  8771  8792  8769  8787  8798  8833  8823  8811  8818
TBILIS 1977 12 05 1  8794  8741  8785  8853  8853  8840  8810  8790  8798  8857  8850  8840
TBILIS 1977 12 05 2  8800  8832  8807  8808  8823  8849  8786  8853  8851  8816  8848  8834
TBILIS 1977 12 06 1  8843  8802  8852  8789  8767  8822  8802  8744  8744  8785  8788  8745
TBILIS 1977 12 06 2  8750  8748  8712  8715  8748  8680  8764  8756  8762  8752  8764  8782
TBILIS 1977 12 07 1  8761  8780  8769  8735  8777  8758  8807  8750  8764  8797  8751  8747
TBILIS 1977 12 07 2  8758  8756  8727  8692  8739  8749  8765  8804  8796  8796  8862  8775
TBILIS 1977 12 08 1  8804  8776  8768  8724  8762  8775  8759  8775  8766  8779  8786  8789
TBILIS 1977 12 08 2  8807  8778  8786  8752  8739  8706  8779  8799  8746  8749  8735  8713
TBILIS 1977 12 09 1  8693  8680  8680  8723  8695  8706  8739  8746  8721  8736  8795  8777
TBILIS 1977 12 09 2  8769  8789  8781  8828  8775  8812  8906  8836  8828  8797  8862  8831
TBILIS 1977 12 10 1  8747  8731  8795  8784  8753  8815  8839  8791  8786  8818  8745  8767
TBILIS 1977 12 10 2  8745  8709  8751  8763  8768  8763  8736  8720  8752  8712  8718  8696
TBILIS 1977 12 11 1  8712  8727  8706  8647  8678  8743  8827  8830  8867  8939  8981  8940
TBILIS 1977 12 11 2  8887  8908  8839  8853  8868  8907  8831  8870  8767  8745  8798  8787
TBILIS 1977 12 12 1  8758  8767  8761  8783  8809  8820  8764  8784  8765  8778  8795  8778
TBILIS 1977 12 12 2  8745  8778  8770  8752  8742  8707  8726  8715  8670  8694  8636  8641
TBILIS 1977 12 13 1  8642  8670  8623  8624  8660  8634  8665  8682  8708  8672  8645  8661
TBILIS 1977 12 13 2  8658  8623  8607  8613  8543  8553  8581  8563  8572  8568  8563  8595
TBILIS 1977 12 14 1  8577  8585  8574  8561  8585  8596  8593  8629  8613  8581  8577  8588
TBILIS 1977 12 14 2  8585  8520  8554  8525  8562  8589  8530  8522  8557  8541  8547  8549
TBILIS 1977 12 15 1  8535  8567  8603  8606  8602  8609  8604  8606  8588  8592  8602  8604
TBILIS 1977 12 15 2  8605  8638  8626  8579  8599  8655  8592  8577  8557  8603  8588  8595
TBILIS 1977 12 16 1  8595  8643  8618  8619  8664  8663  8646  8616  8596  8621  8618  8591
TBILIS 1977 12 16 2  8606  8602  8626  8650  8663  8709  8711  8760  8750  8738  8715  8715
TBILIS 1977 12 17 1  8747  8756  8750  8761  8773  8783  8804  8817  8814  8791  8770  8752
TBILIS 1977 12 17 2  8770  8712  8694  8659  8675  8694  8693  8739  8727  8708  8721  8672
TBILIS 1977 12 18 1  8683  8703  8701  8695  8693  8721  8712  8717  8717  8748  8774  8750
TBILIS 1977 12 18 2  8724  8731  8706  8745  8710  8681  8699  8737  8706  8694  8716  8659
TBILIS 1977 12 19 1  8669  8650  8673  8673  8670  8657  8668  8645  8645  8694  8675  8711
TBILIS 1977 12 19 2  8719  8701  8644  8669  8694  8679  8687  8681  8565  8652  8679  8658
TBILIS 1977 12 20 1  8675  8663  8632  8662  8642  8651  8640  8644  8643  8634  8688  8655
TBILIS 1977 12 20 2  8651  8639  8589  8633  8621  8611  8611  8636  8618  8582  8624  8585
TBILIS 1977 12 21 1  8628  8613  8574  8593  8600  8586  8598  8603  8678  8749  8713  8692
TBILIS 1977 12 21 2  8694  8657  8716  8680  8634  8671  8625  8666  8653  8651  8655  8661
TBILIS 1977 12 22 1  8671  8670  8719  8675  8637  8724  8703  8709  8752  8746  8744  8769
TBILIS 1977 12 22 2  8751  8749  8761  8718  8756  8763  8753  8745  8715  8711  8677  8749
TBILIS 1977 12 23 1  8734  8743  8662  8730  8750  8717  8756  8719  8743  8745  8732  8689
TBILIS 1977 12 23 2  8677  8666  8698  8646  8683  8623  8677  8696  8787  8732  8655  8748
TBILIS 1977 12 24 1  8734  8711  8701  8723  8754  8645  8595  8563  8550  8619  8690  8744
TBILIS 1977 12 24 2  8594  8589  8625  8681  8660  8641  8677  8692  8733  8588  8611  8541
TBILIS 1977 12 25 1  8618  8614  8603  8610  8600  8624  8632  8615  8668  8681  8659  8662
TBILIS 1977 12 25 2  8622  8654  8698  8653  8714  8667  8702  8734  8758  8763  8778  8772
TBILIS 1977 12 26 1  8777  8724  8729  8699  8665  8670  8633  8652  8670  8644  8671  8623
TBILIS 1977 12 26 2  8615  8647  8656  8661  8674  8701  8740  8746  8734  8673  8719  8709
TBILIS 1977 12 27 1  8728  8722  8744  8728  8697  8685  8668  8602  8605  8636  8682  8656
TBILIS 1977 12 27 2  8678  8636  8626  8666  8609  8623  8651  8634  8657  8661  8665  8692
TBILIS 1977 12 28 1  8656  8637  8591  8601  8569  8621  8609  8636  8634  8610  8633  8624
TBILIS 1977 12 28 2  8636  8615  8593  8586  8614  8652  8693  8687  8652  8671  8682  8673
TBILIS 1977 12 29 1  8654  8657  8651  8678  8665  8659  8659  8652  8624  8598  8588  8644
TBILIS 1977 12 29 2  8649  8617  8672  8609  8618  8620  8627  8595  8628  8631  8633  8609
TBILIS 1977 12 30 1  8598  8596  8576  8573  8613  8636  8619  8623  8642  8651  8657  8664
TBILIS 1977 12 30 2  8601  8655  8675  8629  8613  8616  8660  8658  8612  8638  8651  8610
TBILIS 1977 12 31 1  8566  8590  8580  8595  8594  8588  8564  8660  8607  8681  8715  8700
TBILIS 1977 12 31 2  8694  8683  8654  8658  8634  8622  8626  8616  8589  8636  8607  8631
