Cosmic-Ray Neutron Monitor Data (Hourly, Pressure-Corrected and Scale-Adjusted Counts)
Collections: WDC for Cosmic Rays, Solar-Terrestrial Environment Laboratory, Nagoya Univ.
Data Access: http://center.stelab.nagoya-u.ac.jp/WDCCR/index.html
Project: ICSU WDC
Citation: WDC for Cosmic Rays, Solar-Terrestrial Environment Laboratory, Nagoya University
Station ID: TBILIS
Station:  TBILISI,GIORGIA,INSTITUT GEOPHYSIKY (IG), GIORGIAN ACADEMY OF SCIENCES,GIORGIA 
Instrument: 18-NM-64 NEUTRON MONITOR, CORRECTED FOR PRESSURE TO 950.0 MB, COEF. =           
Latitude (deg.):   41.72  Longitude (deg.):   44.80  Altitude (m):  510.00
Cut-Off Rigidity (GV):    6.66
Year: 1976  Month:   1
Scaling Factor (SF):    64.0   Constant (CONST):     0.0  Real Counts = (DATA + CONST)*SF
Temporal Resolution: 1 hour
UTC Start Hour:     0.0
                                                                                
                                                        
Monthly Average:  8636.7
Updated (YYYY MM DD): 1984 02 08
*******************************************************************************************
ID     YYYY MM DD 1     0     1     2     3     4     5     6     7     8     9    10    11
ID     YYYY MM DD 2    12    13    14    15    16    17    18    19    20    21    22    23
*******************************************************************************************
TBILIS 1976 01 01 1  8625  8607  8613  8598  8586  8617  8555  8593  8602  8621  8633  8637
TBILIS 1976 01 01 2  8612  8629  8668  8628  8637  8627  8605  8608  8603  8571  8550  8525
TBILIS 1976 01 02 1  8529  8538  8526  8534  8512  8517  8536  8538  8585  8588  8519  8644
TBILIS 1976 01 02 2  8627  8605  8657  8643  8676  8690  8664  8654  8662  8633  8609  8592
TBILIS 1976 01 03 1  8628  8629  8629  8615  8650  8597  8618  8613  8679 99999  8687  8743
TBILIS 1976 01 03 2  8767  8746  8723  8731  8733  8666  8551  8536  8629  8650  8649  8602
TBILIS 1976 01 04 1  8548  8640  8592  8638  8618  8599  8689  8689  8675  8713  8742  8750
TBILIS 1976 01 04 2  8722  8700 99999  8734  8700  8702  8673  8687  8708  8701  8732  8661
TBILIS 1976 01 05 1  8652  8620  8633  8650  8611  8680  8645  8651  8634  8664  8699  8667
TBILIS 1976 01 05 2  8652  8633  8608  8637  8613  8610  8620  8632  8658  8671  8670  8641
TBILIS 1976 01 06 1  8629  8666  8668  8673  8714  8658  8670  8642  8637  8635  8573  8601
TBILIS 1976 01 06 2  8596  8574  8613  8580  8640  8642  8615  8655  8600  8649  8626  8645
TBILIS 1976 01 07 1  8642  8640  8681  8631  8669  8673  8619  8636  8617  8617  8626  8580
TBILIS 1976 01 07 2  8594  8549  8497  8524  8549 99999  8540  8538  8539  8539  8508  8500
TBILIS 1976 01 08 1  8494  8474  8477  8548  8563  8564  8562  8575  8581  8597  8582  8581
TBILIS 1976 01 08 2  8587  8591  8565  8581  8576  8590  8580  8570  8603  8558  8542  8555
TBILIS 1976 01 09 1  8578  8599  8569  8580  8575  8582  8555  8589  8613  8614  8623  8624
TBILIS 1976 01 09 2  8587  8591  8565  8581  8576  8590  8580  8570  8603  8558  8542  8555
TBILIS 1976 01 10 1  8567  8598  8618  8605  8599  8620  8604  8635  8587  8584  8621  8642
TBILIS 1976 01 10 2  8603  8587  8637  8677  8746  8764  8838  8821  8824  8776  8795  8756
TBILIS 1976 01 11 1  8716  8710  8715  8659  8650  8689  8727  8723  8743  8726  8756  8758
TBILIS 1976 01 11 2  8693  8703  8699  8710  8718  8743  8676  8717  8702  8751  8701  8686
TBILIS 1976 01 12 1  8682  8693  8657  8687  8687  8651  8637  8665  8690  8678  8703  8707
TBILIS 1976 01 12 2  8748  8692  8721  8678  8709  8750  8726  8719  8678  8692  8723  8709
TBILIS 1976 01 13 1  8723  8723  8718  8694  8707  8701  8721  8728  8678  8675  8688  8680
TBILIS 1976 01 13 2 99999 99999 99999 99999 99999 99999  8662  8709  8729  8708  8702  8706
TBILIS 1976 01 14 1  8685  8668  8658  8669  8649  8651  8644  8678  8629  8659  8648  8685
TBILIS 1976 01 14 2  8630  8625  8727  8658  8699  8767  8641  8648  8633  8645  8689  8693
TBILIS 1976 01 15 1  8657  8639  8649  8652  8685  8665  8693  8735  8649  8706  8721  8662
TBILIS 1976 01 15 2  8714  8695  8641  8683  8699  8692  8697  8746  8677  8693  8691  8670
TBILIS 1976 01 16 1  8643  8658  8711  8659  8617  8659  8650  8699  8665  8677  8694  8680
TBILIS 1976 01 16 2  8689  8676  8717  8717  8725  8737  8716  8715  8721  8729  8683  8697
TBILIS 1976 01 17 1  8676  8688  8660  8727  8643  8704  8713  8705  8712  8710  8680  8711
TBILIS 1976 01 17 2  8735  8728  8712  8687  8710  8683  8644  8706  8683  8693  8699  8728
TBILIS 1976 01 18 1  8667  8650  8696  8682  8641  8666  8685  8662  8619  8606  8618  8625
TBILIS 1976 01 18 2  8666  8632  8601  8634  8635  8654  8640  8659  8666  8687  8671  8708
TBILIS 1976 01 19 1  8712  8682  8677  8651  8695  8678  8670  8669  8631  8655  8658  8716
TBILIS 1976 01 19 2  8667  8712  8680  8719  8685  8721  8679  8694  8705  8682  8701  8596
TBILIS 1976 01 20 1  8619  8627  8589  8645  8627  8654  8618  8657  8644  8669  8666  8658
TBILIS 1976 01 20 2  8668  8663  8661  8676  8681  8656  8691  8685  8656  8660  8640  8647
TBILIS 1976 01 21 1  8635  8620  8640  8647  8655  8658  8625  8693  8663  8626  8636  8673
TBILIS 1976 01 21 2  8643  8642  8654  8669  8699  8702  8710  8700  8686  8701  8719  8735
TBILIS 1976 01 22 1  8713  8688  8715  8711  8676  8711  8742  8701  8690  8739  8699  8618
TBILIS 1976 01 22 2  8682  8656  8687  8646  8688  8633  8705  8652  8622  8607  8620  8576
TBILIS 1976 01 23 1  8580  8566  8565  8590  8637  8605  8618  8609  8627  8631  8639  8599
TBILIS 1976 01 23 2  8636  8656  8687  8646  8688  8633  8705  8652  8622  8607  8620  8576
TBILIS 1976 01 24 1  8528  8504  8560  8574  8567  8601  8630  8671  8637  8647  8600  8599
TBILIS 1976 01 24 2  8611  8592  8547  8540  8564  8557  8539 99999  8585  8627  8614  8591
TBILIS 1976 01 25 1  8619  8630  8612  8639  8647  8684 99999 99999  8594  8565  8564  8661
TBILIS 1976 01 25 2  8662 99999  8611  8607  8622  8621  8628  8594  8573  8579  8580  8610
TBILIS 1976 01 26 1  8598  8591  8585  8552  8563  8607  8605  8651  8579  8576  8595  8582
TBILIS 1976 01 26 2  8581  8531  8574  8534  8572  8529  8556  8537  8535  8368  8527  8554
TBILIS 1976 01 27 1  8546  8557  8542  8502  8540  8545  8589  8637  8609  8564  8579  8571
TBILIS 1976 01 27 2  8572  8584  8506  8598  8586  8616  8568  8573  8580  8590  8576  8521
TBILIS 1976 01 28 1  8507  8543  8550  8531  8581  8556  8580  8531  8585  8611  8549  8520
TBILIS 1976 01 28 2  8656  8598  8606  8581  8554  8589  8562  8570  8571  8577  8544  8512
TBILIS 1976 01 29 1  8566  8540  8516  8561  8612  8564  8603  8655 99999  8637  8637  8626
TBILIS 1976 01 29 2  8641  8622  8615  8569  8601  8614  8588  8600  8612  8610  8591  8594
TBILIS 1976 01 30 1  8584  8590  8570  8603  8640  8621  8625  8620  8608  8655  8636  8665
TBILIS 1976 01 30 2  8652  8669  8603  8634  8586  8611  8602  8597  8607  8600  8661  8622
TBILIS 1976 01 31 1  8600  8588  8593  8615  8638  8611  8633  8554  8620  8638  8614  8602
TBILIS 1976 01 31 2  8662  8639  8661  8691  8676  8783  8594  8589  8580  8593  8542  8533
Cosmic-Ray Neutron Monitor Data (Hourly, Pressure-Corrected and Scale-Adjusted Counts)
Collections: WDC for Cosmic Rays, Solar-Terrestrial Environment Laboratory, Nagoya Univ.
Data Access: http://center.stelab.nagoya-u.ac.jp/WDCCR/index.html
Project: ICSU WDC
Citation: WDC for Cosmic Rays, Solar-Terrestrial Environment Laboratory, Nagoya University
Station ID: TBILIS
Station:  TBILISI,GIORGIA,INSTITUT GEOPHYSIKY (IG), GIORGIAN ACADEMY OF SCIENCES,GIORGIA 
Instrument: 18-NM-64 NEUTRON MONITOR, CORRECTED FOR PRESSURE TO 950.0 MB, COEF. =           
Latitude (deg.):   41.72  Longitude (deg.):   44.80  Altitude (m):  510.00
Cut-Off Rigidity (GV):    6.66
Year: 1976  Month:   2
Scaling Factor (SF):    64.0   Constant (CONST):     0.0  Real Counts = (DATA + CONST)*SF
Temporal Resolution: 1 hour
UTC Start Hour:     0.0
                                                                                
                                                        
Monthly Average:  8527.2
Updated (YYYY MM DD): 1984 02 08
*******************************************************************************************
ID     YYYY MM DD 1     0     1     2     3     4     5     6     7     8     9    10    11
ID     YYYY MM DD 2    12    13    14    15    16    17    18    19    20    21    22    23
*******************************************************************************************
TBILIS 1976 02 01 1  8538  8559  8527  8549  8583  8592  8595  8593  8594  8569  8571  8601
TBILIS 1976 02 01 2  8567  8649  8655  8603  8657  8611  8595  8571  8585  8614  8622  8637
TBILIS 1976 02 02 1  8624  8674  8641  8646  8622  8646  8610  8632  8663  8636  8605  8638
TBILIS 1976 02 02 2  8589  8592  8614  8596  8567  8546  8601  8603  8630  8594  8529  8585
TBILIS 1976 02 03 1  8578  8554  8553  8561  8579  8573  8570  8550  8605  8637  8590  8590
TBILIS 1976 02 03 2  8613  8601  8652  8620  8618  8628  8649  8642  8671  8680  8684  8648
TBILIS 1976 02 04 1  8677  8635  8629  8615  8635  8586  8566  8579  8578  8598  8602  8602
TBILIS 1976 02 04 2  8588  8584  8579  8534  8643  8664  8638  8643  8657  8647  8679  8631
TBILIS 1976 02 05 1  8665  8689  8641  8607  8634  8578  8628  8676  8647  8634  8645  8620
TBILIS 1976 02 05 2  8612  8614  8637  8711  8716  8697  8721  8725  8743  8702  8716  8691
TBILIS 1976 02 06 1  8657  8641  8662  8626  8699  8656  8681  8695  8673  8667  8668  8655
TBILIS 1976 02 06 2  8649  8648  8649  8653  8643  8649  8687  8697  8702  8676  8660  8654
TBILIS 1976 02 07 1  8690  8655  8646  8634  8631  8620  8635  8628  8621  8617  8652  8659
TBILIS 1976 02 07 2  8666  8671  8691  8691  8697  8707  8741  8702  8670  8641  8675  8636
TBILIS 1976 02 08 1  8639  8581  8591  8546  8541  8531  8556  8566  8563  8578  8594  8609
TBILIS 1976 02 08 2  8570  8560  8583  8576  8553  8593  8577  8516  8564  8518  8518  8510
TBILIS 1976 02 09 1  8558  8492  8471  8465  8460  8452  8422  8458  8423  8402  8415  8418
TBILIS 1976 02 09 2  8424  8416  8453  8381  8447  8416  8401  8428  8362  8341  8356  8345
TBILIS 1976 02 10 1  8403  8350  8353  8360  8392  8401  8413  8386  8397  8374  8372  8398
TBILIS 1976 02 10 2  8401  8421  8416  8417  8380  8461  8461  8466  8469  8508  8437  8411
TBILIS 1976 02 11 1  8422  8457  8452  8472  8469  8489  8456  8472  8512  8514  8508  8505
TBILIS 1976 02 11 2  8506  8473  8497  8486  8447  8471  8488  8486  8519  8485  8480  8491
TBILIS 1976 02 12 1  8485  8483  8489  8495  8490  8504  8496  8507  8463  8496  8510  8519
TBILIS 1976 02 12 2  8552  8484  8497  8507  8485  8466  8498  8510  8488  8492  8510  8472
TBILIS 1976 02 13 1  8468  8509  8472  8470  8445  8432  8424  8432  8464  8418  8431  8452
TBILIS 1976 02 13 2  8471  8419  8427  8432  8488  8499  8487  8466  8503  8516  8486  8502
TBILIS 1976 02 14 1  8459  8437  8438  8458  8430  8391  8387  8407  8442  8413  8413  8481
TBILIS 1976 02 14 2  8478  8416  8481  8465  8476  8489  8486  8506  8497  8466  8428  8446
TBILIS 1976 02 15 1  8444  8401  8417  8398  8432  8457  8481  8451  8478  8452  8479  8466
TBILIS 1976 02 15 2  8489  8463  8503  8479  8525  8560  8564  8546  8528  8570  8534  8484
TBILIS 1976 02 16 1  8521  8466  8459  8459  8509  8498  8507  8394  8441  8447  8414  8417
TBILIS 1976 02 16 2  8429  8452  8459  8470  8495  8497  8497  8436  8438  8447  8427  8412
TBILIS 1976 02 17 1  8413  8402  8457  8440  8455  8505  8481  8494  8460  8473  8472  8478
TBILIS 1976 02 17 2  8478  8451  8469  8450  8472  8445  8510  8527  8494  8466  8428  8466
TBILIS 1976 02 18 1  8439  8411  8403  8377  8394  8399  8416 99999 99999 99999 99999 99999
TBILIS 1976 02 18 2 99999  8349  8326  8375  8368  8365  8371  8371  8394  8397  8426  8397
TBILIS 1976 02 19 1  8420  8420  8402  8459  8447  8447  8482  8523  8508  8404  8460  8454
TBILIS 1976 02 19 2  8448  8434  8442  8449  8474  8486  8491  8477  8482  8452  8498  8496
TBILIS 1976 02 20 1  8479  8514  8527  8535  8521  8498  8591  8622  8553  8511  8479  8450
TBILIS 1976 02 20 2  8463  8422  8475  8450  8483  8438  8455  8431  8397  8397  8400  8374
TBILIS 1976 02 21 1  8384  8372  8426  8397  8408  8437  8441  8445  8461  8455  8473  8436
TBILIS 1976 02 21 2  8440  8404  8419  8416  8474  8523  8500  8530  8539  8526  8533  8498
TBILIS 1976 02 22 1  8477  8483  8491  8468  8515  8498  8510  8498  8499  8530  8474  8490
TBILIS 1976 02 22 2  8481  8481  8513  8473  8487  8494  8507  8490  8492  8451  8494  8492
TBILIS 1976 02 23 1  8483  8501  8487  8511  8527  8561  8575  8543  8525  8509  8537  8461
TBILIS 1976 02 23 2  8425  8409  8409  8399  8388  8395  8373  8411  8376  8417  8448  8451
TBILIS 1976 02 24 1  8440  8492  8459  8489  8528  8505  8544  8603  8531  8550  8524  8556
TBILIS 1976 02 24 2  8533  8552  8546  8615  8546  8577  8587  8561  8560  8540  8579  8534
TBILIS 1976 02 25 1  8566  8552  8539  8518  8545  8485  8541  8531  8499  8527  8551  8555
TBILIS 1976 02 25 2  8541  8572  8535  8567  8565  8544  8538  8545  8547  8544  8516  8496
TBILIS 1976 02 26 1  8504  8499  8514  8507  8505  8485  8510  8500  8528  8533  8583  8622
TBILIS 1976 02 26 2  8613  8577  8563  8560  8588  8603  8549  8590  8504  8510  8489  8532
TBILIS 1976 02 27 1  8526  8545  8549  8526  8477  8520  8544  8522  8490  8514  8562  8610
TBILIS 1976 02 27 2  8672  8587  8565  8641  8656  8658  8656  8686  8629  8590  8603  8621
TBILIS 1976 02 28 1  8579  8613  8573  8547  8587  8573  8589  8569  8549  8535  8553  8572
TBILIS 1976 02 28 2  8579  8545  8578  8624  8619  8653  8657  8662  8694  8620  8658  8621
TBILIS 1976 02 29 1  8654  8638  8655  8611  8638  8596  8569  8557  8546  8540  8541  8554
TBILIS 1976 02 29 2  8592  8588  8633  8618  8625  8626  8673  8629  8582  8576  8569  8611
TBILIS 1976 02 30 1 99999 99999 99999 99999 99999 99999 99999 99999 99999 99999 99999 99999
TBILIS 1976 02 30 2 99999 99999 99999 99999 99999 99999 99999 99999 99999 99999 99999 99999
TBILIS 1976 02 31 1 99999 99999 99999 99999 99999 99999 99999 99999 99999 99999 99999 99999
TBILIS 1976 02 31 2 99999 99999 99999 99999 99999 99999 99999 99999 99999 99999 99999 99999
Cosmic-Ray Neutron Monitor Data (Hourly, Pressure-Corrected and Scale-Adjusted Counts)
Collections: WDC for Cosmic Rays, Solar-Terrestrial Environment Laboratory, Nagoya Univ.
Data Access: http://center.stelab.nagoya-u.ac.jp/WDCCR/index.html
Project: ICSU WDC
Citation: WDC for Cosmic Rays, Solar-Terrestrial Environment Laboratory, Nagoya University
Station ID: TBILIS
Station:  TBILISI,GIORGIA,INSTITUT GEOPHYSIKY (IG), GIORGIAN ACADEMY OF SCIENCES,GIORGIA 
Instrument: 18-NM-64 NEUTRON MONITOR, CORRECTED FOR PRESSURE TO 950.0 MB, COEF. =           
Latitude (deg.):   41.72  Longitude (deg.):   44.80  Altitude (m):  510.00
Cut-Off Rigidity (GV):    6.66
Year: 1976  Month:   3
Scaling Factor (SF):    64.0   Constant (CONST):     0.0  Real Counts = (DATA + CONST)*SF
Temporal Resolution: 1 hour
UTC Start Hour:     0.0
                                                                                
                                                        
Monthly Average:  8651.5
Updated (YYYY MM DD): 1984 02 08
*******************************************************************************************
ID     YYYY MM DD 1     0     1     2     3     4     5     6     7     8     9    10    11
ID     YYYY MM DD 2    12    13    14    15    16    17    18    19    20    21    22    23
*******************************************************************************************
TBILIS 1976 03 01 1  8640  8639  8606  8583  8567  8614  8559  8597  8561  8540  8543  8585
TBILIS 1976 03 01 2  8582  8631  8634  8627  8619  8636  8604  8625  8649  8614  8548  8568
TBILIS 1976 03 02 1  8558  8577  8573  8617  8576  8597  8591  8590  8573  8581  8622  8581
TBILIS 1976 03 02 2  8617  8606  8638  8673  8709  8701  8674  8698  8683  8644  8669  8640
TBILIS 1976 03 03 1  8671  8640  8636  8685  8598  8614  8636  8643  8653  8579  8623  8591
TBILIS 1976 03 03 2  8653  8679  8675  8701  8701  8694  8690  8731  8758  8714  8729  8739
TBILIS 1976 03 04 1  8695  8693  8673  8654  8642  8638  8652  8683  8662  8626  8624  8642
TBILIS 1976 03 04 2  8646  8662  8650  8659  8710  8650  8691  8662  8678  8699  8665  8659
TBILIS 1976 03 05 1  8611  8644  8630  8588  8582  8569  8577  8628  8600  8641  8637  8640
TBILIS 1976 03 05 2  8691  8691  8690  8694  8695  8730  8734  8712  8696  8732  8681  8752
TBILIS 1976 03 06 1  8705  8698  8673  8666  8692  8676  8694 99999  8682  8672  8677  8709
TBILIS 1976 03 06 2  8667  8695  8735  8766  8752  8732  8744  8729  8720  8734  8712  8682
TBILIS 1976 03 07 1  8746  8694  8685  8652  8629  8607  8620  8612  8672  8617  8621  8612
TBILIS 1976 03 07 2  8636  8662  8621  8657  8670  8713  8696  8684  8669  8628  8613  8580
TBILIS 1976 03 08 1  8616  8587  8631  8622  8635  8638  8626  8657  8651  8625  8652  8629
TBILIS 1976 03 08 2  8638  8616  8655  8640  8620  8632  8629  8630  8657  8664  8659  8638
TBILIS 1976 03 09 1  8604  8616  8640  8644  8613  8587  8612  8621  8626  8596  8620  8630
TBILIS 1976 03 09 2  8657  8657  8656  8699  8712  8668  8713  8678  8657  8682  8667  8661
TBILIS 1976 03 10 1  8639  8691  8686  8700  8684  8682  8676  8697  8710  8705  8720  8729
TBILIS 1976 03 10 2  8721  8753  8749  8781  8756  8810  8796  8788  8777  8744  8761  8743
TBILIS 1976 03 11 1  8707  8741  8741  8727  8705  8686  8715  8720  8728  8700  8740  8714
TBILIS 1976 03 11 2  8747  8751  8745  8786  8790  8774  8796  8752  8740  8713  8710  8739
TBILIS 1976 03 12 1  8735  8705  8749  8699  8682  8675  8670  8692 99999 99999 99999 99999
TBILIS 1976 03 12 2  8740  8747  8719  8745  8724  8730  8714  8697  8673  8676  8705  8693
TBILIS 1976 03 13 1  8707  8751  8689  8728  8715  8689  8669  8725  8739  8671  8691  8644
TBILIS 1976 03 13 2  8714  8730  8724  8735  8715  8702  8700  8749  8700  8699  8718  8710
TBILIS 1976 03 14 1  8715  8737  8748  8739  8745  8733  8713  8707  8702  8715  8723  8762
TBILIS 1976 03 14 2  8705  8752  8731  8737  8738  8721  8690  8708  8711  8699  8712  8698
TBILIS 1976 03 15 1  8672  8676  8680  8698  8736  8691  8678  8616  8658  8687  8682  8699
TBILIS 1976 03 15 2  8686  8703  8706  8709  8700  8716  8734  8735  8702  8650  8668  8652
TBILIS 1976 03 16 1  8620  8633  8634  8662  8706  8689  8663  8688  8713  8694  8659  8679
TBILIS 1976 03 16 2  8670  8643  8664  8646  8623  8637  8649  8624  8619  8653  8639  8603
TBILIS 1976 03 17 1  8595  8578  8641  8620  8657  8673  8668  8674  8685  8673  8673  8649
TBILIS 1976 03 17 2 99999 99999  8603  8659  8635  8637  8621  8614  8624  8613  8612  8578
TBILIS 1976 03 18 1  8603  8597  8622  8603  8654  8625  8641  8652  8703  8745  8722  8684
TBILIS 1976 03 18 2  8635  8644  8658  8635  8636  8634  8621  8639  8649  8662  8654  8644
TBILIS 1976 03 19 1  8616  8671  8643  8665  8606  8691  8675  8711  8691  8700  8700  8721
TBILIS 1976 03 19 2  8644  8631  8636  8643  8674  8622  8660  8670  8720  8691  8675  8691
TBILIS 1976 03 20 1  8712  8682  8691  8695  8726  8722  8754  8715  8714  8693  8674  8652
TBILIS 1976 03 20 2  8633  8635  8615  8600  8656  8665  8590  8621  8659  8657  8652  8681
TBILIS 1976 03 21 1  8637  8649  8641  8659  8651  8664  8639  8559  8615  8599  8582  8620
TBILIS 1976 03 21 2  8625  8650  8628  8605  8555  8567  8558  8583  8587  8550  8585  8618
TBILIS 1976 03 22 1  8607  8598  8599  8604  8626  8595  8587  8644  8636  8660  8643  8654
TBILIS 1976 03 22 2  8611  8681  8645  8617  8638  8639  8642  8632  8626  8634  8646  8613
TBILIS 1976 03 23 1  8643  8605  8606  8593  8619  8626  8633  8645  8654  8653  8655  8666
TBILIS 1976 03 23 2  8666  8672  8652  8725  8715  8696  8692  8701  8687  8679  8679  8667
TBILIS 1976 03 24 1  8662  8639  8604  8649  8640  8611  8625  8584  8548  8555  8598  8601
TBILIS 1976 03 24 2  8653  8643  8708  8727  8744  8746  8723  8732  8714  8718  8729  8696
TBILIS 1976 03 25 1  8692  8679  8719  8681  8701  8717  8754  8735  8769  8694  8732  8709
TBILIS 1976 03 25 2  8712  8682  8705  8694  8716  8714  8681  8669  8678  8628  8596  8601
TBILIS 1976 03 26 1  8648  8640  8640  8690  8748  8756  8788  8834  8901  8896  8909  8891
TBILIS 1976 03 26 2  8864  8935  8935  8949  8942  8845  8821  8736  8749  8687  8666  8692
TBILIS 1976 03 27 1  8730  8712  8636  8642  8651  8650  8619  8617  8620  8608  8662  8678
TBILIS 1976 03 27 2  8638  8685  8662  8619  8629  8645  8658  8692  8673  8632  8634  8615
TBILIS 1976 03 28 1  8636  8591  8670  8645  8628  8627  8583  8650  8611  8602  8640  8625
TBILIS 1976 03 28 2  8643  8585  8644  8651  8644  8641  8622  8615  8645  8629  8597  8571
TBILIS 1976 03 29 1  8585  8528  8565  8567  8599  8553  8538  8521  8572  8603  8578  8587
TBILIS 1976 03 29 2  8594  8573  8563  8557  8585  8576  8614  8561  8553  8533  8494  8477
TBILIS 1976 03 30 1  8471  8416  8401  8402  8417  8371  8364  8383  8473  8497  8509  8494
TBILIS 1976 03 30 2  8541  8556  8540  8536  8473  8550  8487  8430  8427  8434  8412  8437
TBILIS 1976 03 31 1  8411  8435  8415  8323  8428  8370  8386  8375  8413  8419  8399  8393
TBILIS 1976 03 31 2  8460  8463  8478  8493  8530  8533  8487  8482  8452  8475  8442  8430
Cosmic-Ray Neutron Monitor Data (Hourly, Pressure-Corrected and Scale-Adjusted Counts)
Collections: WDC for Cosmic Rays, Solar-Terrestrial Environment Laboratory, Nagoya Univ.
Data Access: http://center.stelab.nagoya-u.ac.jp/WDCCR/index.html
Project: ICSU WDC
Citation: WDC for Cosmic Rays, Solar-Terrestrial Environment Laboratory, Nagoya University
Station ID: TBILIS
Station:  TBILISI,GIORGIA,INSTITUT GEOPHYSIKY (IG), GIORGIAN ACADEMY OF SCIENCES,GIORGIA 
Instrument: 18-NM-64 NEUTRON MONITOR, CORRECTED FOR PRESSURE TO 950.0 MB, COEF. =           
Latitude (deg.):   41.72  Longitude (deg.):   44.80  Altitude (m):  510.00
Cut-Off Rigidity (GV):    6.66
Year: 1976  Month:   4
Scaling Factor (SF):    64.0   Constant (CONST):     0.0  Real Counts = (DATA + CONST)*SF
Temporal Resolution: 1 hour
UTC Start Hour:     0.0
                                                                                
                                                        
Monthly Average:  8640.0
Updated (YYYY MM DD): 1984 02 08
*******************************************************************************************
ID     YYYY MM DD 1     0     1     2     3     4     5     6     7     8     9    10    11
ID     YYYY MM DD 2    12    13    14    15    16    17    18    19    20    21    22    23
*******************************************************************************************
TBILIS 1976 04 01 1  8455  8441  8450  8457  8510  8484  8434  8418  8483  8559  8504  8652
TBILIS 1976 04 01 2  8625  8605  8566  8590  8542  8488  8501  8493  8496  8443  8462  8535
TBILIS 1976 04 02 1  8487  8506  8500  8501  8448  8449  8443  8462  8451  8456  8484  8455
TBILIS 1976 04 02 2  8413  8416  8429  8433  8431  8475  8450  8475  8475  8496  8475  8521
TBILIS 1976 04 03 1  8539  8498  8516  8526  8512  8522  8511  8545  8569  8525  8534  8517
TBILIS 1976 04 03 2  8518  8530  8575  8601  8592  8585  8566  8588  8608  8595  8597  8588
TBILIS 1976 04 04 1  8562  8552  8587  8550  8559  8575  8527  8550  8609  8593  8608  8631
TBILIS 1976 04 04 2  8664  8671  8694 99999 99999 99999 99999 99999 99999 99999 99999 99999
TBILIS 1976 04 05 1 99999 99999 99999 99999 99999  8587  8626  8639  8659  8673  8672  8671
TBILIS 1976 04 05 2  8656  8681  8675  8682  8643  8700  8648  8692  8668  8669  8667  8643
TBILIS 1976 04 06 1  8671  8693  8660  8649 99999 99999  8631  8649  8650  8679  8647  8650
TBILIS 1976 04 06 2  8690  8697  8739  8714  8723  8712  8704  8708  8696  8699  8689  8693
TBILIS 1976 04 07 1  8659  8675  8594  8664  8665  8659  8665  8675  8730  8729  8712  8672
TBILIS 1976 04 07 2  8686  8723  8714  8734  8709  8722  8719  8715  8745  8749  8757  8758
TBILIS 1976 04 08 1  8716  8683  8694  8679  8683  8673  8670  8654  8678  8649  8669  8719
TBILIS 1976 04 08 2  8708  8706  8710  8722  8680  8625  8680  8682  8639  8659  8662  8675
TBILIS 1976 04 09 1  8651  8669  8635  8626  8649  8605  8614  8593  8638  8667  8704  8691
TBILIS 1976 04 09 2  8714  8705  8726  8713  8757  8720  8742  8766  8738  8751  8740  8754
TBILIS 1976 04 10 1  8734  8734  8759  8764  8715  8673  8675  8682  8734  8727  8728  8711
TBILIS 1976 04 10 2  8735  8686  8733  8715  8742  8688  8711  8677  8706  8703  8685  8698
TBILIS 1976 04 11 1  8699  8696  8649  8668  8668  8670  8593  8646 99999  8656  8680  8782
TBILIS 1976 04 11 2  8756  8745  8750  8699  8688  8691  8750  8676  8702  8684  8694  8680
TBILIS 1976 04 12 1  8657  8648  8680  8643  8646  8661  8674  8660  8622  8691  8667  8640
TBILIS 1976 04 12 2  8641  8670  8720  8646  8643  8615  8602  8630  8619  8574  8606  8609
TBILIS 1976 04 13 1  8570  8591  8616  8624  8642  8649  8628  8657  8632  8647  8657  8680
TBILIS 1976 04 13 2  8654  8627  8601  8599  8613  8569  8565  8552  8607  8626  8616  8601
TBILIS 1976 04 14 1  8620  8645  8640  8623  8626  8638  8651  8624  8626  8613  8656  8629
TBILIS 1976 04 14 2  8650  8626  8596  8570  8571  8538  8542  8544  8555  8558  8557  8576
TBILIS 1976 04 15 1  8621  8610  8599  8648  8677  8675  8659  8643  8641  8607  8599  8657
TBILIS 1976 04 15 2  8634  8626  8622  8680  8621  8623  8658  8605  8610  8673  8688  8657
TBILIS 1976 04 16 1  8683  8667  8628  8646  8633  8634  8646  8578  8619  8617  8636  8628
TBILIS 1976 04 16 2  8652  8632  8654  8686  8704  8742  8711  8689  8731  8694  8728  8741
TBILIS 1976 04 17 1  8743  8766  8691  8753  8761  8705  8682  8685  8650  8701  8710  8661
TBILIS 1976 04 17 2  8642  8683  8672  8641  8621  8657  8648  8652  8708  8688  8671  8642
TBILIS 1976 04 18 1  8775  8786  8750  8768  8769  8730  8680  8663  8646  8648  8662  8644
TBILIS 1976 04 18 2  8671  8678  8643  8650  8638  8701  8662  8732  8673  8654  8722  8747
TBILIS 1976 04 19 1  8754  8735  8749  8764  8748  8704  8670  8675  8697  8706  8738  8715
TBILIS 1976 04 19 2  8695  8674  8685  8687  8678  8658  8641  8648  8604  8630  8640  8678
TBILIS 1976 04 20 1  8664  8662  8631  8645  8635  8618  8615  8608  8664  8651  8664  8649
TBILIS 1976 04 20 2  8642  8683  8672  8641  8621  8647  8648  8652  8708  8688  8671  8642
TBILIS 1976 04 21 1  8674  8647  8642  8650  8661  8670  8673  8679  8656  8661  8677  8646
TBILIS 1976 04 21 2  8649  8665  8689  8671  8662  8650  8666  8662  8659  8660  8699  8710
TBILIS 1976 04 22 1  8718  8666  8684  8691  8628  8615  8665  8665  8688 99999  8639 99999
TBILIS 1976 04 22 2 99999  8696  8724  8715  8701  8718  8681  8694  8732  8688  8642  8696
TBILIS 1976 04 23 1  8621  8659  8668  8677  8651  8670  8673  8711  8639  8673  8661  8687
TBILIS 1976 04 23 2  8684  8677  8645  8718  8646  8719  8696  8655  8718  8675  8689  8688
TBILIS 1976 04 24 1  8699  8702  8665  8707  8655  8673  8654  8642  8660  8691  8687  8699
TBILIS 1976 04 24 2  8686  8671  8695  8715  8676  8688  8659  8659  8669  8666  8688  8649
TBILIS 1976 04 25 1  8641  8657  8656  8624  8612  8633  8649  8620  8661  8725  8713  8682
TBILIS 1976 04 25 2  8701  8688  8726  8731  8695  8757  8706  8704  8698  8689  8723  8715
TBILIS 1976 04 26 1  8701  8692  8625  8654  8676  8655  8668  8657  8657  8620  8605  8687
TBILIS 1976 04 26 2  8632  8661  8703  8675  8640  8633  8644  8586  8546  8635  8630  8600
TBILIS 1976 04 27 1  8611  8642  8560  8570  8603  8606  8576  8561  8656  8667  8660  8671
TBILIS 1976 04 27 2  8725  8693  8700  8683  8686  8660  8646  8648  8648  8625  8651  8635
TBILIS 1976 04 28 1  8605  8631  8632  8642  8640  8593  8594  8619  8632  8663  8633  8649
TBILIS 1976 04 28 2  8655  8613  8606  8602  8630  8592  8582  8587  8560  8645 99999 99999
TBILIS 1976 04 29 1  8601  8572  8611  8649  8593  8649 99999 99999 99999 99999 99999 99999
TBILIS 1976 04 29 2 99999 99999 99999 99999 99999 99999 99999  8402  8450  8441  8411 99999
TBILIS 1976 04 30 1  8419  8410  8422  8409  8408 99999 99999  8448  8498  8482  8493  8480
TBILIS 1976 04 30 2  8483  8469  8483  8469  8503  8450  8466  8469  8477  8496  8479  8462
TBILIS 1976 04 31 1 99999 99999 99999 99999 99999 99999 99999 99999 99999 99999 99999 99999
TBILIS 1976 04 31 2 99999 99999 99999 99999 99999 99999 99999 99999 99999 99999 99999 99999
Cosmic-Ray Neutron Monitor Data (Hourly, Pressure-Corrected and Scale-Adjusted Counts)
Collections: WDC for Cosmic Rays, Solar-Terrestrial Environment Laboratory, Nagoya Univ.
Data Access: http://center.stelab.nagoya-u.ac.jp/WDCCR/index.html
Project: ICSU WDC
Citation: WDC for Cosmic Rays, Solar-Terrestrial Environment Laboratory, Nagoya University
Station ID: TBILIS
Station:  TBILISI,GIORGIA,INSTITUT GEOPHYSIKY (IG), GIORGIAN ACADEMY OF SCIENCES,GIORGIA 
Instrument: 18-NM-64 NEUTRON MONITOR, CORRECTED FOR PRESSURE TO 950.0 MB, COEF. =           
Latitude (deg.):   41.72  Longitude (deg.):   44.80  Altitude (m):  510.00
Cut-Off Rigidity (GV):    6.66
Year: 1976  Month:   5
Scaling Factor (SF):    64.0   Constant (CONST):     0.0  Real Counts = (DATA + CONST)*SF
Temporal Resolution: 1 hour
UTC Start Hour:     0.0
                                                                                
                                                        
Monthly Average:  8497.6
Updated (YYYY MM DD): 1984 02 08
*******************************************************************************************
ID     YYYY MM DD 1     0     1     2     3     4     5     6     7     8     9    10    11
ID     YYYY MM DD 2    12    13    14    15    16    17    18    19    20    21    22    23
*******************************************************************************************
TBILIS 1976 05 01 1  8483  8497  8499  8453  8515  8494  8476  8499  8505  8459  8492  8470
TBILIS 1976 05 01 2  8432  8485  8491  8488  8512  8475  8510  8491  8486  8510  8471  8464
TBILIS 1976 05 02 1  8474  8459  8502  8438  8418  8426  8428  8442  8440  8485  8508  8514
TBILIS 1976 05 02 2  8474  8459  8502  8438  8418  8426  8428  8442  8440  8485  8508  8514
TBILIS 1976 05 03 1  8495  8512  8445  8448  8436  8461  8456  8433  8428  8448  8457  8485
TBILIS 1976 05 03 2  8418  8457  8453  8478  8458  8468  8428  8468  8508  8500  8489  8461
TBILIS 1976 05 04 1  8450  8491  8441  8437  8489  8492  8496  8479  8478  8480  8493  8496
TBILIS 1976 05 04 2  8472  8477  8510  8493  8460  8481  8500  8517  8541  8477  8449  8490
TBILIS 1976 05 05 1  8491  8505  8526  8528  8495  8516  8501  8496  8469  8499  8558  8513
TBILIS 1976 05 05 2  8523  8522  8499  8468  8483  8508  8536  8518  8523  8514  8467  8489
TBILIS 1976 05 06 1  8482  8517  8475  8531  8497  8544  8536  8560  8617  8551  8556  8519
TBILIS 1976 05 06 2  8549  8476  8591  8531  8548  8538  8554  8541  8566  8489  8529  8549
TBILIS 1976 05 07 1  8602  8566  8504  8591  8534  8580  8527  8543  8600  8569  8585  8561
TBILIS 1976 05 07 2  8579  8590  8595  8551  8592  8589  8554  8578  8625  8607  8584  8602
TBILIS 1976 05 08 1  8626  8609  8620  8597  8549  8561  8533  8510  8512  8513  8560  8561
TBILIS 1976 05 08 2  8569  8613  8614  8535  8552  8528  8488  8527  8495  8524  8496  8493
TBILIS 1976 05 09 1  8463  8468  8525  8531  8519  8538  8478  8486  8511  8487  8557  8568
TBILIS 1976 05 09 2  8520  8532  8543  8495  8540  8474  8476  8493  8499  8448  8480  8499
TBILIS 1976 05 10 1  8480  8493  8517  8491  8560  8546  8513  8503  8490  8556  8522  8484
TBILIS 1976 05 10 2  8495  8503  8482  8512  8476  8477  8479  8459  8454  8434  8443  8464
TBILIS 1976 05 11 1  8440  8443  8479  8464  8497  8485  8497  8525  8478  8467  8488  8460
TBILIS 1976 05 11 2  8476  8428  8433  8433  8491  8513  8514  8516  8554  8512  8462  8493
TBILIS 1976 05 12 1  8464  8457  8497  8469  8464  8458  8472  8474  8508  8478  8505  8486
TBILIS 1976 05 12 2  8458  8457  8504  8505  8504  8488  8498  8503  8508  8464  8470  8461
TBILIS 1976 05 13 1  8448  8455  8456  8443  8475  8426  8474  8522  8455  8467  8462  8501
TBILIS 1976 05 13 2  8479  8503  8461  8501  8497  8535  8529  8534  8536  8501  8528  8541
TBILIS 1976 05 14 1  8544  8561  8529  8498  8472  8463  8437  8462  8475  8522  8426  8489
TBILIS 1976 05 14 2  8519  8532  8523  8551  8571  8534  8545  8550  8573  8533  8511  8547
TBILIS 1976 05 15 1  8514  8557  8525  8544  8471  8458 99999 99999 99999  8460  8473  8459
TBILIS 1976 05 15 2  8453  8486  8497  8524  8539  8548  8571  8548  8507  8518  8537  8477
TBILIS 1976 05 16 1  8506  8516  8490  8493  8548  8500  8527  8548  8532  8545  8542  8517
TBILIS 1976 05 16 2  8499  8465  8530  8597  8577  8570  8593  8579  8578  8573  8586  8571
TBILIS 1976 05 17 1  8574  8537  8535  8530  8501  8533  8577  8551  8585  8519  8532  8542
TBILIS 1976 05 17 2  8551  8531  8541  8560  8567  8588  8582  8571  8567  8555  8549  8536
TBILIS 1976 05 18 1  8503  8522  8545  8532  8492  8516  8489  8496  8482  8483  8504  8470
TBILIS 1976 05 18 2  8531  8487  8488  8505  8488  8506  8483  8487  8483  8543  8609  8579
TBILIS 1976 05 19 1  8587  8564  8531  8532  8555  8489  8523  8499  8529  8536  8504  8525
TBILIS 1976 05 19 2  8494  8521  8519  8524  8529  8507  8488  8538  8519  8533  8537  8550
TBILIS 1976 05 20 1  8536  8544  8533  8487  8535  8537  8521  8545  8538  8565  8597  8507
TBILIS 1976 05 20 2  8596  8596  8595  8595  8637  8633  8635  8616  8596  8626  8605  8609
TBILIS 1976 05 21 1  8559  8576  8587  8548  8513  8525  8520  8568  8525  8533  8521  8550
TBILIS 1976 05 21 2  8562  8560  8590  8584  8655  8589  8585  8563  8561  8546  8520  8512
TBILIS 1976 05 22 1  8456  8467  8459  8433  8419  8432  8437  8417  8438  8436  8446  8429
TBILIS 1976 05 22 2  8436  8443  8438  8461  8475  8489  8474  8469  8510  8466  8466  8436
TBILIS 1976 05 23 1  8437  8436  8435  8444  8448  8415  8417  8368  8402  8422  8409  8391
TBILIS 1976 05 23 2  8446  8448  8428  8432  8446  8419  8434  8450  8458  8392  8442  8444
TBILIS 1976 05 24 1  8443  8430  8425  8463  8441  8431  8444  8413  8443  8404  8380  8389
TBILIS 1976 05 24 2  8430  8382  8419  8417  8429  8452  8451  8398  8397  8386  8395  8361
TBILIS 1976 05 25 1  8399  8411  8399  8377  8385  8428  8415  8402  8387  8405  8413  8403
TBILIS 1976 05 25 2  8395  8423  8435  8423  8412  8460  8442  8500  8465  8452  8460  8456
TBILIS 1976 05 26 1  8440  8464  8430  8442  8414  8421  8442  8410  8415  8405  8446  8445
TBILIS 1976 05 26 2  8448  8433  8447  8429  8458  8443  8458  8493  8485  8448  8455  8433
TBILIS 1976 05 27 1  8445  8478  8501  8488  8497  8465  8485  8479  8564  8523  8568  8528
TBILIS 1976 05 27 2  8571  8526  8506  8574  8507  8496  8483  8462  8467  8438  8461  8511
TBILIS 1976 05 28 1  8523  8486  8450  8490  8519  8511  8477  8520  8482  8501  8487  8448
TBILIS 1976 05 28 2  8432  8488  8525  8506  8539  8531  8492  8511  8484  8465  8482  8456
TBILIS 1976 05 29 1  8472  8462  8446  8432  8420  8408  8431  8464  8480  8452  8502  8494
TBILIS 1976 05 29 2  8471  8538  8506  8565  8529  8537  8501  8552  8560  8530  8472  8516
TBILIS 1976 05 30 1  8484  8530  8507  8520  8529  8492  8513  8486  8546  8504  8467  8490
TBILIS 1976 05 30 2  8498  8448  8472  8515  8540  8521  8524  8521  8502  8508  8464  8473
TBILIS 1976 05 31 1  8444  8472  8490  8460  8469  8464  8460  8455  8501  8518  8535  8555
TBILIS 1976 05 31 2  8474  8461  8484  8476  8541  8521  8513  8493  8488  8509  8502  8539
Cosmic-Ray Neutron Monitor Data (Hourly, Pressure-Corrected and Scale-Adjusted Counts)
Collections: WDC for Cosmic Rays, Solar-Terrestrial Environment Laboratory, Nagoya Univ.
Data Access: http://center.stelab.nagoya-u.ac.jp/WDCCR/index.html
Project: ICSU WDC
Citation: WDC for Cosmic Rays, Solar-Terrestrial Environment Laboratory, Nagoya University
Station ID: TBILIS
Station:  TBILISI,GIORGIA,INSTITUT GEOPHYSIKY (IG), GIORGIAN ACADEMY OF SCIENCES,GIORGIA 
Instrument: 18-NM-64 NEUTRON MONITOR, CORRECTED FOR PRESSURE TO 950.0 MB, COEF. =           
Latitude (deg.):   41.72  Longitude (deg.):   44.80  Altitude (m):  510.00
Cut-Off Rigidity (GV):    6.66
Year: 1976  Month:   6
Scaling Factor (SF):    64.0   Constant (CONST):     0.0  Real Counts = (DATA + CONST)*SF
Temporal Resolution: 1 hour
UTC Start Hour:     0.0
                                                                                
                                                        
Monthly Average:  8499.6
Updated (YYYY MM DD): 1984 02 08
*******************************************************************************************
ID     YYYY MM DD 1     0     1     2     3     4     5     6     7     8     9    10    11
ID     YYYY MM DD 2    12    13    14    15    16    17    18    19    20    21    22    23
*******************************************************************************************
TBILIS 1976 06 01 1  8515  8540  8512  8538  8507  8502  8508  8484  8509  8510  8503  8517
TBILIS 1976 06 01 2  8526 99999  8528  8510  8511  8562  8543  8529  8517  8510  8538  8497
TBILIS 1976 06 02 1  8523  8501  8516  8479  8465  8506  8501  8534  8542  8523  8542  8540
TBILIS 1976 06 02 2  8541  8542  8519  8556  8568  8550  8551  8563  8552  8527  8532  8532
TBILIS 1976 06 03 1  8523  8484  8445  8481  8471  8463  8455  8466  8458  8499  8518  8469
TBILIS 1976 06 03 2  8544  8504  8482  8511  8530  8520  8496  8507  8521  8516  8495  8513
TBILIS 1976 06 04 1  8485  8492  8497  8501  8466  8522  8502  8480  8524  8481  8494  8523
TBILIS 1976 06 04 2  8526  8513  8503  8532  8525  8538  8527  8532  8536  8510  8466  8458
TBILIS 1976 06 05 1  8509  8472  8494  8475  8523  8485  8463  8478  8474  8478  8450  8472
TBILIS 1976 06 05 2  8505  8480  8537  8524  8499  8514  8434  8449  8508  8513  8522  8495
TBILIS 1976 06 06 1  8449  8479  8493  8492  8511  8511  8473  8501  8486  8496  8450  8485
TBILIS 1976 06 06 2  8479  8539  8525  8542  8503  8584  8567  8577  8545  8539  8545  8555
TBILIS 1976 06 07 1  8485  8493  8497  8482  8468  8432  8457  8499  8492  8502  8492  8473
TBILIS 1976 06 07 2  8527  8530  8542  8509  8545  8546  8497  8501  8546  8536  8502  8472
TBILIS 1976 06 08 1  8515  8486  8489  8495  8480  8487  8484  8501  8502  8522  8498  8493
TBILIS 1976 06 08 2  8538  8517  8485  8511  8539  8573  8567  8559  8510  8515  8498  8577
TBILIS 1976 06 09 1  8558  8543  8575  8579  8538  8533  8553  8559  8533  8538  8504  8491
TBILIS 1976 06 09 2  8524  8581  8531  8564  8533  8548  8513  8510  8523  8529  8526  8553
TBILIS 1976 06 10 1  8576  8583  8528  8577  8656  8586  8569  8522  8531  8584  8570  8572
TBILIS 1976 06 10 2  8592  8557  8513  8552  8547  8529  8518  8534  8565  8523  8547  8552
TBILIS 1976 06 11 1  8537  8542  8591  8598  8559  8527  8585  8528  8584  8550  8621  8625
TBILIS 1976 06 11 2  8620  8563  8504  8496  8472  8474  8533  8507  8476  8476  8487  8449
TBILIS 1976 06 12 1  8438  8495  8477  8537  8508  8510  8501  8525  8506  8525  8543  8530
TBILIS 1976 06 12 2  8527  8452  8527  8488  8498  8507  8519  8494  8490  8540  8527  8553
TBILIS 1976 06 13 1  8536  8509  8510  8510  8514  8501  8575  8522  8533  8539  8561  8535
TBILIS 1976 06 13 2  8512  8518  8562  8519  8538  8586  8545  8541  8549  8556  8571  8525
TBILIS 1976 06 14 1  8517  8522  8520  8503  8550  8492  8505  8487  8502 99999 99999 99999
TBILIS 1976 06 14 2 99999  8533  8516  8524  8517  8574  8509  8528  8532  8516  8557  8554
TBILIS 1976 06 15 1  8547  8583  8611  8590  8594  8552  8538  8534  8532  8519  8472  8499
TBILIS 1976 06 15 2  8529  8513  8551  8564  8566  8547  8617  8532  8507  8521  8533  8541
TBILIS 1976 06 16 1  8479  8510  8477  8481 99999 99999 99999 99999 99999  8548  8502  8548
TBILIS 1976 06 16 2  8490  8540  8517  8483  8510  8504  8493  8500  8533  8540  8515  8538
TBILIS 1976 06 17 1  8516  8513  8521  8461  8467  8397  8483  8496  8529  8531  8544  8524
TBILIS 1976 06 17 2  8515  8525  8546  8542  8584  8588  8586  8552  8565  8590  8589  8547
TBILIS 1976 06 18 1  8543  8561  8563  8528  8535  8488  8503  8525  8513  8487  8525  8485
TBILIS 1976 06 18 2  8485  8496  8518  8534  8543  8597  8566  8563  8545  8548  8523  8509
TBILIS 1976 06 19 1  8547  8512  8515  8496  8485  8483  8452  8477  8440  8454  8455  8381
TBILIS 1976 06 19 2  8503  8498  8482  8468  8488  8442  8449  8492  8515  8479  8539  8478
TBILIS 1976 06 20 1  8477  8509  8516  8506  8496  8478  8488  8463  8470  8489  8474  8511
TBILIS 1976 06 20 2  8454  8483  8484  8492  8501  8508  8491  8446  8417  8459  8456  8485
TBILIS 1976 06 21 1  8492  8446  8437  8433  8427  8429  8441  8429  8431  8416  8417  8429
TBILIS 1976 06 21 2  8429  8429  8432  8450  8466  8485  8445  8483  8460  8464  8439  8440
TBILIS 1976 06 22 1  8403  8441  8449  8433  8435  8427  8434  8444  8472  8482  8462  8507
TBILIS 1976 06 22 2  8480  8490  8467  8491  8480  8494  8473  8467  8481  8393  8425  8442
TBILIS 1976 06 23 1  8460  8484  8445  8471  8460  8450  8425  8448  8484  8498  8440  8452
TBILIS 1976 06 23 2  8453  8473  8496  8446  8478  8506  8480  8468  8499  8493  8521  8471
TBILIS 1976 06 24 1  8503  8592  8538  8549  8503  8500  8518  8470  8473  8445  8449  8480
TBILIS 1976 06 24 2  8486  8553  8518  8559  8482  8527  8537  8504  8475  8443  8472  8459
TBILIS 1976 06 25 1  8451  8418  8394  8414  8420  8439  8411  8421  8431  8425  8431  8414
TBILIS 1976 06 25 2  8453  8476  8516  8493  8502  8480  8485  8465  8445  8459  8431  8446
TBILIS 1976 06 26 1  8469  8454  8454  8420  8447  8420  8435  8424  8430  8427  8419  8401
TBILIS 1976 06 26 2  8399  8338  8338  8382  8389  8407  8466  8426  8451  8454  8434  8411
TBILIS 1976 06 27 1  8471  8444  8474  8416  8438  8423  8444  8438  8396  8391  8430  8422
TBILIS 1976 06 27 2  8373  8400  8393  8434  8423  8459  8474  8456  8468  8435  8466  8460
TBILIS 1976 06 28 1  8485  8477  8496  8482  8436  8475  8487  8495  8504  8490  8483  8475
TBILIS 1976 06 28 2  8457  8468  8494  8453  8456  8468  8449  8437  8402  8430  8457  8455
TBILIS 1976 06 29 1  8494  8495  8517  8503  8530  8515  8507  8523  8539  8492  8460  8470
TBILIS 1976 06 29 2  8475  8472  8428  8499  8483  8455  8467  8442  8479  8454  8465  8484
TBILIS 1976 06 30 1  8475  8512  8494  8494  8493  8461  8491  8488  8538  8534  8597  8562
TBILIS 1976 06 30 2  8538  8521  8522  8521  8506  8525  8546  8543  8527  8565  8565  8511
TBILIS 1976 06 31 1 99999 99999 99999 99999 99999 99999 99999 99999 99999 99999 99999 99999
TBILIS 1976 06 31 2 99999 99999 99999 99999 99999 99999 99999 99999 99999 99999 99999 99999
Cosmic-Ray Neutron Monitor Data (Hourly, Pressure-Corrected and Scale-Adjusted Counts)
Collections: WDC for Cosmic Rays, Solar-Terrestrial Environment Laboratory, Nagoya Univ.
Data Access: http://center.stelab.nagoya-u.ac.jp/WDCCR/index.html
Project: ICSU WDC
Citation: WDC for Cosmic Rays, Solar-Terrestrial Environment Laboratory, Nagoya University
Station ID: TBILIS
Station:  TBILISI,GIORGIA,INSTITUT GEOPHYSIKY (IG), GIORGIAN ACADEMY OF SCIENCES,GIORGIA 
Instrument: 18-NM-64 NEUTRON MONITOR, CORRECTED FOR PRESSURE TO 950.0 MB, COEF. =           
Latitude (deg.):   41.72  Longitude (deg.):   44.80  Altitude (m):  510.00
Cut-Off Rigidity (GV):    6.66
Year: 1976  Month:   7
Scaling Factor (SF):    64.0   Constant (CONST):     0.0  Real Counts = (DATA + CONST)*SF
Temporal Resolution: 1 hour
UTC Start Hour:     0.0
                                                                                
                                                        
Monthly Average:  8573.2
Updated (YYYY MM DD): 1984 02 08
*******************************************************************************************
ID     YYYY MM DD 1     0     1     2     3     4     5     6     7     8     9    10    11
ID     YYYY MM DD 2    12    13    14    15    16    17    18    19    20    21    22    23
*******************************************************************************************
TBILIS 1976 07 01 1  8483  8435  8553  8527  8551  8538  8527  8500  8528  8512  8522  8510
TBILIS 1976 07 01 2  8473  8513  8524  8521  8548  8516  8482  8520  8522  8504  8498  8500
TBILIS 1976 07 02 1  8506  8462  8436  8463  8478  8503  8476  8475  8517  8540  8491  8492
TBILIS 1976 07 02 2  8478  8472  8500  8458  8482  8463  8498  8485  8472  8482  8462  8438
TBILIS 1976 07 03 1  8489  8468  8456  8473  8515  8539  8523  8507  8538  8559  8552  8543
TBILIS 1976 07 03 2  8502  8523  8502  8503  8468  8504  8480  8470  8536  8503  8486  8515
TBILIS 1976 07 04 1  8539  8498  8508  8485  8483  8446  8477  8525  8510  8504  8528  8490
TBILIS 1976 07 04 2  8521  8508  8531  8496  8522  8500  8457  8492  8469  8474  8477  8381
TBILIS 1976 07 05 1  8481  8475  8479  8479  8475  8497  8444  8460  8506  8501  8517  8548
TBILIS 1976 07 05 2  8524  8517  8495  8475  8493  8469  8463  8459  8482  8481  8463  8453
TBILIS 1976 07 06 1  8474  8469  8450  8488  8492  8482  8489  8528  8532  8524  8520  8552
TBILIS 1976 07 06 2  8520  8544  8512  8549  8557  8530  8559  8545  8527  8555  8626  8564
TBILIS 1976 07 07 1  8579  8540  8556  8564  8542  8539  8450  8486  8511  8535  8614  8558
TBILIS 1976 07 07 2  8538  8560  8523  8503  8567  8551  8561  8545  8574  8534  8597  8565
TBILIS 1976 07 08 1  8539  8570  8539  8542  8559  8573  8524  8548  8541  8551  8554  8571
TBILIS 1976 07 08 2  8574  8569  8573  8549  8534  8545  8589  8578  8566  8551  8536  8527
TBILIS 1976 07 09 1  8552  8533  8557  8522  8532  8556  8561  8540  8559  8559  8591  8536
TBILIS 1976 07 09 2  8531  8526  8521  8543  8571  8553  8586  8605  8596  8586  8626  8629
TBILIS 1976 07 10 1  8604  8648  8603  8614  8590  8534  8499  8483  8527  8462  8497  8554
TBILIS 1976 07 10 2  8572  8568  8520  8526  8622  8637  8594  8607  8611  8599  8614  8617
TBILIS 1976 07 11 1  8650 99999 99999 99999 99999 99999 99999 99999  8587  8583  8584  8596
TBILIS 1976 07 11 2  8596  8586  8614  8576  8581  8591  8583  8571  8578  8571  8566  8529
TBILIS 1976 07 12 1  8523  8525  8526  8532  8489  8502  8488  8528  8477  8501  8515  8602
TBILIS 1976 07 12 2  8545  8565  8547  8588  8593  8502  8516  8542  8566  8484  8466  8521
TBILIS 1976 07 13 1  8521  8510  8494  8469  8484  8502  8531  8538  8532  8544  8550  8523
TBILIS 1976 07 13 2  8526  8544  8505  8542  8556  8581  8536  8544  8565  8482  8495  8492
TBILIS 1976 07 14 1  8496  8488  8458  8532  8487  8498  8487  8491  8497  8526  8512  8531
TBILIS 1976 07 14 2  8494  8505  8488  8541  8569  8548  8520  8576  8494  8517  8542  8515
TBILIS 1976 07 15 1  8485  8410  8522  8454  8505  8440  8468  8501  8493  8486  8516  8537
TBILIS 1976 07 15 2  8511  8520  8524  8564  8523  8514  8527  8570 99999 99999 99999 99999
TBILIS 1976 07 16 1 99999 99999 99999 99999 99999 99999 99999 99999 99999  8666  8590  8621
TBILIS 1976 07 16 2  8588  8640  8580  8612  8575  8654  8589  8658  8661  8705  8750  8735
TBILIS 1976 07 17 1  8726  8675  8658  8675  8621  8614  8593  8587  8547  8636  8597  8603
TBILIS 1976 07 17 2  8628  8617  8585  8594  8591  8670  8664  8642  8712  8606  8660  8603
TBILIS 1976 07 18 1  8642  8628  8609  8604  8587  8539  8533  8523  8531  8511  8529  8577
TBILIS 1976 07 18 2  8582  8585  8599  8579  8582  8523  8536  8553  8563  8560  8553  8531
TBILIS 1976 07 19 1  8519  8523  8525  8562  8513  8540  8503  8491  8485  8523  8565  8528
TBILIS 1976 07 19 2  8557  8540  8619  8556  8627  8628  8617  8593  8614  8602  8577  8585
TBILIS 1976 07 20 1  8571  8565  8609  8628  8599  8587  8563  8565  8547  8529  8533  8539
TBILIS 1976 07 20 2  8507  8565  8557  8564  8565  8600  8562  8574  8520  8567  8615  8568
TBILIS 1976 07 21 1  8572  8555  8583  8536  8541  8586  8539  8517  8509  8551  8544  8538
TBILIS 1976 07 21 2  8590  8543  8635  8663  8639  8676  8645  8621  8660  8626  8603  8633
TBILIS 1976 07 22 1  8645  8651  8687  8638  8645  8598  8585  8576  8535  8561  8594  8611
TBILIS 1976 07 22 2  8556  8596  8629  8619  8612  8582  8605  8623  8653  8615  8608  8607
TBILIS 1976 07 23 1  8635  8611  8620  8571  8658  8600  8602  8603  8576  8569  8605  8597
TBILIS 1976 07 23 2  8584  8597  8650  8569  8664  8664  8646  8654  8670  8661  8634  8639
TBILIS 1976 07 24 1  8636  8581  8596  8585  8568  8554  8543  8551  8554  8627  8630  8616
TBILIS 1976 07 24 2  8586  8559  8668  8673  8664  8679  8649  8675  8682  8696  8696  8712
TBILIS 1976 07 25 1  8738  8740  8715  8660  8676  8668  8663  8691  8661  8663  8667  8615
TBILIS 1976 07 25 2  8600  8611  8530  8649  8638  8635  8624  8668  8647  8604  8652  8639
TBILIS 1976 07 26 1  8630  8624  8638  8613  8625 99999  8639  8609  8600  8610  8659  8643
TBILIS 1976 07 26 2  8596  8572  8569  8622  8547  8607  8602  8588  8582  8621  8622  8585
TBILIS 1976 07 27 1  8584  8579  8632  8612  8623  8596  8613  8598  8577  8577  8620  8620
TBILIS 1976 07 27 2  8621  8618  8613  8582  8655  8643  8632  8670  8694  8685  8642  8618
TBILIS 1976 07 28 1  8631  8676  8712  8702 99999  8648  8676  8630  8621  8644  8672  8670
TBILIS 1976 07 28 2  8678  8638  8640  8638  8659  8630  8668  8617  8619  8612  8637  8607
TBILIS 1976 07 29 1  8647  8629  8648  8629  8657  8639  8680  8662  8635  8635  8605  8619
TBILIS 1976 07 29 2  8633  8630  8627  8666  8624  8635  8696  8683  8686  8692  8695  8684
TBILIS 1976 07 30 1  8655  8694  8700  8678  8657 99999  8655  8650  8652  8625  8640  8652
TBILIS 1976 07 30 2  8658  8615  8611  8661  8671  8656  8690  8657  8686  8674  8647  8633
TBILIS 1976 07 31 1  8636  8707  8704  8675  8661  8668  8674  8673  8689  8690  8673  8653
TBILIS 1976 07 31 2  8656  8658  8645  8672  8664  8666  8655  8655  8705  8657  8685  8596
Cosmic-Ray Neutron Monitor Data (Hourly, Pressure-Corrected and Scale-Adjusted Counts)
Collections: WDC for Cosmic Rays, Solar-Terrestrial Environment Laboratory, Nagoya Univ.
Data Access: http://center.stelab.nagoya-u.ac.jp/WDCCR/index.html
Project: ICSU WDC
Citation: WDC for Cosmic Rays, Solar-Terrestrial Environment Laboratory, Nagoya University
Station ID: TBILIS
Station:  TBILISI,GIORGIA,INSTITUT GEOPHYSIKY (IG), GIORGIAN ACADEMY OF SCIENCES,GIORGIA 
Instrument: 18-NM-64 NEUTRON MONITOR, CORRECTED FOR PRESSURE TO 950.0 MB, COEF. =           
Latitude (deg.):   41.72  Longitude (deg.):   44.80  Altitude (m):  510.00
Cut-Off Rigidity (GV):    6.66
Year: 1976  Month:   8
Scaling Factor (SF):    64.0   Constant (CONST):     0.0  Real Counts = (DATA + CONST)*SF
Temporal Resolution: 1 hour
UTC Start Hour:     0.0
                                                                                
                                                        
Monthly Average:  8407.8
Updated (YYYY MM DD): 1984 02 08
*******************************************************************************************
ID     YYYY MM DD 1     0     1     2     3     4     5     6     7     8     9    10    11
ID     YYYY MM DD 2    12    13    14    15    16    17    18    19    20    21    22    23
*******************************************************************************************
TBILIS 1976 08 01 1  8319  8315  8315  8344  8323  8331  8358  8361  8342  8376  8350  8367
TBILIS 1976 08 01 2  8361  8355  8387  8404  8432  8434  8428  8435  8408  8435  8408  8401
TBILIS 1976 08 02 1  8365  8349 99999 99999  8335  8322  8301  8332  8351  8357  8317  8360
TBILIS 1976 08 02 2  8314  8335  8346  8367  8361  8364  8351  8401  8412  8347  8369  8348
TBILIS 1976 08 03 1  8333  8382  8382  8376  8353  8333  8355  8307  8348  8396  8335  8392
TBILIS 1976 08 03 2  8352  8325  8400  8401  8377  8348  8346  8345  8363  8384  8347  8343
TBILIS 1976 08 04 1  8343  8382  8306  8351  8310  8331  8351  8372  8357  8363  8338  8386
TBILIS 1976 08 04 2  8403  8419  8372  8403  8457  8425  8405  8409  8437  8396  8362  8362
TBILIS 1976 08 05 1  8370  8371  8354  8361  8361  8365  8387  8324  8350  8352  8353  8374
TBILIS 1976 08 05 2  8381  8408  8346  8363  8429  8392  8420  8421  8437  8404  8449  8432
TBILIS 1976 08 06 1  8410  8422  8418  8421  8420  8387  8431  8389  8391  8389  8421  8398
TBILIS 1976 08 06 2  8406  8421  8425  8384  8419  8415  8481  8461  8402  8451  8363  8394
TBILIS 1976 08 07 1  8419  8415  8400  8410  8383  8413  8397  8404  8421  8454  8460  8431
TBILIS 1976 08 07 2  8463  8481  8496  8482  8527  8486  8512  8495  8476  8476  8497  8469
TBILIS 1976 08 08 1  8454  8447  8456  8414  8432  8396  8386  8374  8386  8394  8403  8376
TBILIS 1976 08 08 2  8374  8418  8385  8377  8413  8397  8437  8499  8486  8486  8473  8513
TBILIS 1976 08 09 1  8520  8460  8480  8483  8446  8406  8386  8436  8453  8463  8522  8455
TBILIS 1976 08 09 2  8479  8479  8474  8413  8428  8389  8380  8401  8416  8400  8404  8382
TBILIS 1976 08 10 1  8432  8436  8439  8441  8440  8389  8389  8419  8411  8468  8459 99999
TBILIS 1976 08 10 2 99999 99999 99999  8535  8510  8399  8417  8469  8539  8474  8459  8516
TBILIS 1976 08 11 1  8479  8432  8492  8451  8423  8430  8428  8418  8465  8465  8500  8476
TBILIS 1976 08 11 2  8469  8493  8493  8523  8476  8541  8497  8486  8496  8484  8551  8490
TBILIS 1976 08 12 1  8463  8494  8468  8460  8456  8451  8413  8398  8434  8440  8409  8468
TBILIS 1976 08 12 2  8474  8471  8489  8479  8524  8485  8470  8477  8509  8509  8513  8473
TBILIS 1976 08 13 1  8477  8440  8446  8444  8443  8424  8411  8444  8457  8441  8518  8470
TBILIS 1976 08 13 2  8504  8517  8478  8490  8517  8508  8495  8557  8518  8528  8514  8510
TBILIS 1976 08 14 1  8479  8434  8443  8437  8436  8430  8465 99999 99999 99999 99999 99999
TBILIS 1976 08 14 2 99999  8499  8523  8489  8544  8486  8521  8501  8458  8440  8433  8476
TBILIS 1976 08 15 1  8452  8466  8464  8449  8431  8441  8459  8428  8459  8483  8491  8444
TBILIS 1976 08 15 2  8436  8445  8428  8463  8437  8443  8471  8484  8473  8410  8434  8295
TBILIS 1976 08 16 1  8391  8370  8413  8410  8420  8402  8401  8386  8410  8388  8375  8405
TBILIS 1976 08 16 2  8368  8436  8423  8439  8391  8380  8435  8424  8449  8427  8433  8409
TBILIS 1976 08 17 1  8378  8372  8330  8267  8304  8305  8308  8290  8327  8362  8359  8326
TBILIS 1976 08 17 2  8407  8392  8348  8357  8379  8327  8344  8367  8321  8350  8312  8309
TBILIS 1976 08 18 1  8312  8349  8306  8284  8265  8283  8268  8257  8327  8338  8341  8350
TBILIS 1976 08 18 2  8337  8356  8371  8380  8425  8376  8337  8337  8369  8375  8404  8393
TBILIS 1976 08 19 1  8363  8330  8352  8351  8351  8401  8366  8360  8346  8381  8377  8393
TBILIS 1976 08 19 2 99999  8333  8420  8380  8414  8354  8356  8391  8369  8356  8339  8379
TBILIS 1976 08 20 1  8372  8394  8394  8379  8397  8391  8405  8373  8359  8365  8410  8378
TBILIS 1976 08 20 2  8381  8406  8375  8416  8410  8391  8352  8388  8346  8365  8375  8403
TBILIS 1976 08 21 1  8402  8387  8353  8349  8347  8346  8350  8379  8343  8391  8359  8369
TBILIS 1976 08 21 2  8373  8374  8376  8398  8316  8335  8367  8355  8351  8355  8337  8392
TBILIS 1976 08 22 1  8405  8406  8419  8445  8487  8471  8468  8437  8439  8390 99999 99999
TBILIS 1976 08 22 2 99999 99999 99999 99999 99999 99999 99999 99999 99999 99999 99999 99999
TBILIS 1976 08 23 1 99999 99999 99999 99999  8384  8363  8386  8364  8368  8407  8426  8400
TBILIS 1976 08 23 2  8362  8379  8418  8432  8450  8481  8462  8451  8459 99999 99999 99999
TBILIS 1976 08 24 1  8363  8333  8381  8389  8428  8407  8439  8420  8431  8424  8450  8465
TBILIS 1976 08 24 2  8434  8414  8420  8431  8452  8405  8402  8423  8426  8424  8412  8404
TBILIS 1976 08 25 1  8405  8436  8448  8448  8413  8387  8375  8327  8327  8411  8382  8394
TBILIS 1976 08 25 2  8432 99999 99999 99999 99999 99999 99999 99999 99999 99999 99999 99999
TBILIS 1976 08 26 1 99999 99999 99999 99999 99999 99999 99999 99999 99999 99999 99999 99999
TBILIS 1976 08 26 2 99999  8425  8436  8462  8425  8445  8440  8442  8457  8479  8463  8449
TBILIS 1976 08 27 1  8461  8408  8446  8427  8431  8433  8451  8416  8407  8408  8442  8433
TBILIS 1976 08 27 2  8378  8377  8366  8390  8389  8408  8381  8352  8339  8360  8383  8376
TBILIS 1976 08 28 1  8370  8365  8383  8398  8395  8384  8366  8343  8383  8415  8455  8478
TBILIS 1976 08 28 2  8445  8410  8388  8449  8423  8424  8387  8407  8417  8428  8391  8357
TBILIS 1976 08 29 1  8393  8413  8428  8419  8356  8349  8378  8356  8365  8349  8384  8404
TBILIS 1976 08 29 2  8373  8387  8381  8422  8380  8345  8337  8369  8343  8368  8359  8336
TBILIS 1976 08 30 1  8333  8294  8346  8342  8327  8353  8353  8360  8439  8400  8377  8402
TBILIS 1976 08 30 2  8436  8444  8436  8434  8387  8417  8427  8414  8401  8430  8412  8458
TBILIS 1976 08 31 1  8424  8416  8441  8445  8444  8442  8442  8424  8409  8437  8433  8409
TBILIS 1976 08 31 2  8451  8439  8513  8404  8444  8435  8457  8452  8456  8454  8429  8463
Cosmic-Ray Neutron Monitor Data (Hourly, Pressure-Corrected and Scale-Adjusted Counts)
Collections: WDC for Cosmic Rays, Solar-Terrestrial Environment Laboratory, Nagoya Univ.
Data Access: http://center.stelab.nagoya-u.ac.jp/WDCCR/index.html
Project: ICSU WDC
Citation: WDC for Cosmic Rays, Solar-Terrestrial Environment Laboratory, Nagoya University
Station ID: TBILIS
Station:  TBILISI,GIORGIA,INSTITUT GEOPHYSIKY (IG), GIORGIAN ACADEMY OF SCIENCES,GIORGIA 
Instrument: 18-NM-64 NEUTRON MONITOR, CORRECTED FOR PRESSURE TO 950.0 MB, COEF. =           
Latitude (deg.):   41.72  Longitude (deg.):   44.80  Altitude (m):  510.00
Cut-Off Rigidity (GV):    6.66
Year: 1976  Month:   9
Scaling Factor (SF):    64.0   Constant (CONST):     0.0  Real Counts = (DATA + CONST)*SF
Temporal Resolution: 1 hour
UTC Start Hour:     0.0
                                                                                
                                                        
Monthly Average:  8449.7
Updated (YYYY MM DD): 1984 02 08
*******************************************************************************************
ID     YYYY MM DD 1     0     1     2     3     4     5     6     7     8     9    10    11
ID     YYYY MM DD 2    12    13    14    15    16    17    18    19    20    21    22    23
*******************************************************************************************
TBILIS 1976 09 01 1  8565  8604  8567  8576  8600  8588  8604  8583  8565  8567  8539  8538
TBILIS 1976 09 01 2  8597  8555  8597  8614  8564  8544  8542  8565  8562  8561  8546  8600
TBILIS 1976 09 02 1  8570  8552  8559  8559  8541  8553  8544  8527  8562  8550  8545  8548
TBILIS 1976 09 02 2  8543  8557  8554  8561  8583  8585  8560  8621  8573  8566  8570  8568
TBILIS 1976 09 03 1  8547  8542  8538  8483  8528  8535  8560  8492  8518  8506  8539  8563
TBILIS 1976 09 03 2  8594  8580  8529  8588  8585  8563  8589  8616  8573  8571  8561  8526
TBILIS 1976 09 04 1  8557  8610  8605  8604  8574  8532  8523  8561  8542  8538  8544  8586
TBILIS 1976 09 04 2  8595  8583  8544  8572  8625  8567  8552  8563  8587  8582  8590  8555
TBILIS 1976 09 05 1  8567  8592  8572  8515  8592  8560  8569  8533  8564  8560  8594  8551
TBILIS 1976 09 05 2  8569  8560  8527  8595  8572  8587  8555  8523  8517  8506  8494  8509
TBILIS 1976 09 06 1  8527  8511  8510  8546  8537  8572  8554  8519  8545  8522 99999 99999
TBILIS 1976 09 06 2 99999 99999 99999 99999 99999 99999 99999 99999 99999 99999 99999 99999
TBILIS 1976 09 07 1 99999 99999 99999 99999 99999 99999  8599  8557  8532  8570  8613  8541
TBILIS 1976 09 07 2  8560  8567  8576  8633  8598  8602  8591  8511  8534  8529  8503  8524
TBILIS 1976 09 08 1  8530  8598  8590  8609  8576  8542  8555  8558  8590  8550  8571  8607
TBILIS 1976 09 08 2  8608  8617  8557  8522  8541  8567  8579  8537  8562  8503  8551  8511
TBILIS 1976 09 09 1  8508  8527  8509  8530  8557  8524  8530  8508  8590  8500  8520 99999
TBILIS 1976 09 09 2 99999 99999  8490  8492  8489  8445  8494  8442  8497  8447  8404  8473
TBILIS 1976 09 10 1  8454  8434  8466  8422  8437 99999 99999 99999 99999 99999 99999 99999
TBILIS 1976 09 10 2 99999  8437  8459  8477  8490  8492  8501  8494  8470  8512  8513  8466
TBILIS 1976 09 11 1  8479  8481  8518  8475  8445  8447  8416  8502  8489  8458  8483  8499
TBILIS 1976 09 11 2  8504  8539  8528  8565  8515  8495  8510  8449  8495  8468  8508  8486
TBILIS 1976 09 12 1  8483  8423  8454  8449  8432  8465  8411  8453  8454  8459  8500  8480
TBILIS 1976 09 12 2  8472  8491  8465  8432  8434  8431  8429  8449  8441  8468  8428  8421
TBILIS 1976 09 13 1  8435  8440  8420  8422  8452  8416  8396  8400  8456  8523  8472  8457
TBILIS 1976 09 13 2  8504  8520  8554  8562  8541  8536  8603  8556  8582  8519  8554  8583
TBILIS 1976 09 14 1  8563  8592  8602  8507  8529  8542  8519  8464  8470  8478  8451  8521
TBILIS 1976 09 14 2  8515  8502  8499  8519  8501  8502  8520  8491  8482  8442  8444  8442
TBILIS 1976 09 15 1  8418  8454  8434  8451  8453  8405  8449  8347  8429  8434  8451  8400
TBILIS 1976 09 15 2  8419  8459  8449  8464  8500  8506  8476  8482  8492  8478  8428  8470
TBILIS 1976 09 16 1  8468  8467  8472  8480  8460  8464  8412  8442  8469  8441  8434  8405
TBILIS 1976 09 16 2  8474  8442  8462  8477  8492  8451  8458  8434  8444  8456  8423  8448
TBILIS 1976 09 17 1  8439  8485  8456  8466  8467  8455  8501  8477  8481  8473  8475  8495
TBILIS 1976 09 17 2  8513  8487  8460  8502  8503  8544  8527  8558  8541  8555  8495  8515
TBILIS 1976 09 18 1  8515  8517  8519  8496  8454  8489  8487  8510  8528  8546  8539  8536
TBILIS 1976 09 18 2  8552  8573  8560  8541  8527  8508  8541  8563  8506  8518  8509  8512
TBILIS 1976 09 19 1  8487  8515  8514  8521  8478  8452  8501  8482  8494  8475  8520  8539
TBILIS 1976 09 19 2  8521  8523  8537  8463  8470  8463  8501  8453  8422  8445  8473  8404
TBILIS 1976 09 20 1  8397  8418  8391  8436  8433  8416  8459  8438  8423  8564  8535  8512
TBILIS 1976 09 20 2  8519  8583  8470  8427  8397  8370  8469  8398  8423  8396  8380  8389
TBILIS 1976 09 21 1  8320  8364  8378  8402  8397  8405  8393  8370  8413  8428  8365  8447
TBILIS 1976 09 21 2  8423  8407  8439  8443  8439  8423  8457  8447  8412  8457  8404  8361
TBILIS 1976 09 22 1  8391  8390  8382  8385  8386  8366  8350  8374  8360  8356  8356  8393
TBILIS 1976 09 22 2  8401  8420  8475  8423  8406  8372  8413  8430  8407  8405  8406  8401
TBILIS 1976 09 23 1  8342  8378  8360  8352  8404  8357  8363  8374  8428  8443  8389  8414
TBILIS 1976 09 23 2  8403  8380  8468  8430  8406  8377  8314  8354  8348  8366  8365  8374
TBILIS 1976 09 24 1  8337  8354  8416  8420  8358  8339  8382  8383  8377  8397  8369  8348
TBILIS 1976 09 24 2  8335  8358  8324  8343  8313  8390  8339  8338  8311  8329  8309  8329
TBILIS 1976 09 25 1  8370  8298  8284  8315  8323  8314  8366  8300  8302  8285  8333  8299
TBILIS 1976 09 25 2  8345  8358  8389  8350  8318  8343  8335  8350  8337  8319  8328  8308
TBILIS 1976 09 26 1  8284  8285  8290  8314  8288  8280  8305  8244  8256  8293  8289  8323
TBILIS 1976 09 26 2  8324  8321  8303  8305  8311  8307  8301  8314  8312  8329  8321  8324
TBILIS 1976 09 27 1  8330  8367  8308  8312  8326  8311  8326  8312  8337  8313  8315  8319
TBILIS 1976 09 27 2  8356  8338  8319  8353  8330  8245  8303  8270  8246  8230  8270  8270
TBILIS 1976 09 28 1  8316  8293  8306  8273  8271  8274  8248  8245  8238  8261  8279  8276
TBILIS 1976 09 28 2  8263  8288  8313  8316  8302  8276  8309  8314  8283  8312  8282  8272
TBILIS 1976 09 29 1  8298  8269  8288  8252  8286  8275  8265  8248  8251  8238  8269  8307
TBILIS 1976 09 29 2  8291  8320  8328  8344  8356  8319  8321  8299  8321  8319  8299  8303
TBILIS 1976 09 30 1  8264  8309  8288  8319  8325  8299  8282  8286  8275  8294  8315  8279
TBILIS 1976 09 30 2  8291  8308  8284  8300  8302  8317  8333  8303  8324  8312  8325  8294
TBILIS 1976 09 31 1 99999 99999 99999 99999 99999 99999 99999 99999 99999 99999 99999 99999
TBILIS 1976 09 31 2 99999 99999 99999 99999 99999 99999 99999 99999 99999 99999 99999 99999
Cosmic-Ray Neutron Monitor Data (Hourly, Pressure-Corrected and Scale-Adjusted Counts)
Collections: WDC for Cosmic Rays, Solar-Terrestrial Environment Laboratory, Nagoya Univ.
Data Access: http://center.stelab.nagoya-u.ac.jp/WDCCR/index.html
Project: ICSU WDC
Citation: WDC for Cosmic Rays, Solar-Terrestrial Environment Laboratory, Nagoya University
Station ID: TBILIS
Station:  TBILISI,GIORGIA,INSTITUT GEOPHYSIKY (IG), GIORGIAN ACADEMY OF SCIENCES,GIORGIA 
Instrument: 18-NM-64 NEUTRON MONITOR, CORRECTED FOR PRESSURE TO 950.0 MB, COEF. =           
Latitude (deg.):   41.72  Longitude (deg.):   44.80  Altitude (m):  510.00
Cut-Off Rigidity (GV):    6.66
Year: 1976  Month:  10
Scaling Factor (SF):    64.0   Constant (CONST):     0.0  Real Counts = (DATA + CONST)*SF
Temporal Resolution: 1 hour
UTC Start Hour:     0.0
                                                                                
                                                        
Monthly Average:  8297.6
Updated (YYYY MM DD): 1984 02 08
*******************************************************************************************
ID     YYYY MM DD 1     0     1     2     3     4     5     6     7     8     9    10    11
ID     YYYY MM DD 2    12    13    14    15    16    17    18    19    20    21    22    23
*******************************************************************************************
TBILIS 1976 10 01 1  8300  8300  8261  8299  8314  8277  8298  8320  8321  8346  8437  8346
TBILIS 1976 10 01 2  8350  8332  8291  8304  8304  8338  8298  8298  8331  8357  8334  8294
TBILIS 1976 10 02 1  8291  8334  8316  8299  8343  8353  8371  8317  8368  8361  8303  8329
TBILIS 1976 10 02 2  8326  8306  8299  8299  8294  8314  8328  8314  8293  8295  8299  8299
TBILIS 1976 10 03 1  8292  8370  8332  8348  8358  8361  8340  8353  8314  8334  8291  8328
TBILIS 1976 10 03 2  8308  8307  8319  8267  8252  8323  8341  8283  8384  8279  8322  8337
TBILIS 1976 10 04 1  8252  8302  8259  8303  8288  8323  8295  8317  8299  8293  8309  8304
TBILIS 1976 10 04 2  8269  8254  8284  8237  8269  8268  8259  8289  8296  8299  8307  8304
TBILIS 1976 10 05 1  8304  8307  8320  8313  8314  8298  8318  8307  8357  8340  8304  8310
TBILIS 1976 10 05 2  8347  8313  8332  8399  8326  8348  8292  8300  8266  8290  8280  8270
TBILIS 1976 10 06 1  8280  8294  8286  8315  8264  8277  8240  8271  8290  8315  8282  8337
TBILIS 1976 10 06 2  8328  8285  8327  8288  8318  8301  8303  8263  8258  8272  8231  8253
TBILIS 1976 10 07 1  8263  8270  8239  8238  8257  8251  8261  8243  8263  8264  8300  8248
TBILIS 1976 10 07 2  8298  8314  8333  8322  8325  8315  8335  8282  8301  8304  8296  8273
TBILIS 1976 10 08 1  8304  8262  8273  8254  8289  8275  8267  8286  8263  8276  8307  8298
TBILIS 1976 10 08 2  8320  8289  8299  8295  8298  8338  8327  8313  8314  8270  8286  8348
TBILIS 1976 10 09 1  8327  8338  8352  8311  8280  8348  8343  8293  8282  8292  8303  8347
TBILIS 1976 10 09 2  8328  8357  8304  8329  8274  8292  8286  8335  8309  8296  8359  8320
TBILIS 1976 10 10 1  8267  8285  8305  8238  8276  8292  8265  8255  8269  8315  8292  8319
TBILIS 1976 10 10 2  8300  8302  8287  8315  8302  8276  8313  8301  8357  8313  8329  8326
TBILIS 1976 10 11 1  8324  8363  8313  8367  8343  8298  8331  8313  8286  8300  8302  8340
TBILIS 1976 10 11 2  8303  8318  8330  8332  8332  8334  8325  8315  8335  8305  8314  8346
TBILIS 1976 10 12 1  8350  8372  8290  8287  8247  8261  8260  8254  8240  8262  8290  8304
TBILIS 1976 10 12 2  8298  8343  8291  8324  8295  8287  8290  8304  8315  8293  8254  8299
TBILIS 1976 10 13 1  8267  8303  8276  8288  8241  8244  8257  8281  8273  8280  8312  8321
TBILIS 1976 10 13 2  8298  8308  8349  8304  8335  8344  8327  8308  8305  8313  8296  8308
TBILIS 1976 10 14 1  8258  8286  8225  8251  8260  8256  8265  8259  8311  8300  8321  8291
TBILIS 1976 10 14 2  8230  8337  8338  8322  8290  8314  8329  8297  8329  8329  8334  8323
TBILIS 1976 10 15 1  8358  8324  8320  8314  8302  8256  8263  8303  8315  8342  8343  8283
TBILIS 1976 10 15 2  8332  8356  8334  8325  8307  8340  8350  8294  8305  8323  8321  8307
TBILIS 1976 10 16 1  8328  8283  8328  8315  8315  8315  8339  8374  8335  8325  8294  8330
TBILIS 1976 10 16 2  8347  8315  8298  8260  8277  8313  8315  8272  8318  8319  8323  8304
TBILIS 1976 10 17 1  8309  8301  8296  8303  8302  8283  8309  8325  8331  8348  8350  8316
TBILIS 1976 10 17 2  8313  8328  8260  8292  8271  8281  8246  8249  8230  8248  8162  8177
TBILIS 1976 10 18 1  8132  8192  8206  8259  8239  8271  8222  8266  8230  8248  8270  8302
TBILIS 1976 10 18 2  8269  8288  8262  8293  8290  8282  8282  8257  8260  8241  8235  8232
TBILIS 1976 10 19 1  8274  8304  8293  8281  8219  8165  8235  8242  8276  8266  8255  8262
TBILIS 1976 10 19 2  8256  8229  8228  8175  8214  8195  8215  8201  8158  8211  8216  8189
TBILIS 1976 10 20 1  8223  8177  8179  8188  8221  8200  8189  8223  8202  8221  8211  8206
TBILIS 1976 10 20 2  8175  8174  8136  8163  8153  8141  8179  8184  8144  8194  8187  8126
TBILIS 1976 10 21 1  8198  8217  8213  8197  8243  8216  8232  8221  8191  8257  8225  8238
TBILIS 1976 10 21 2  8264  8248  8274  8199  8233  8279  8224  8270  8241  8270  8301  8237
TBILIS 1976 10 22 1  8302  8283  8230  8210  8268  8250  8258  8221  8266  8224  8219  8259
TBILIS 1976 10 22 2  8244  8223  8222  8242  8237  8228  8265  8262  8341  8314  8255  8281
TBILIS 1976 10 23 1  8294  8271  8282  8289  8288  8259  8259  8289  8312  8309  8305  8295
TBILIS 1976 10 23 2  8245  8227  8181  8242  8241  8248  8249  8234  8294  8222  8284  8222
TBILIS 1976 10 24 1  8189  8241  8259  8218  8235  8240  8248  8218  8266  8233  8293  8263
TBILIS 1976 10 24 2  8233  8257  8272  8252  8296  8266  8266  8240  8270  8331  8334  8327
TBILIS 1976 10 25 1  8333  8328  8353  8383  8412  8320  8412  8363  8337  8376  8316  8353
TBILIS 1976 10 25 2  8302  8326  8353  8324  8283  8299  8298  8326  8319  8341  8347  8323
TBILIS 1976 10 26 1  8329  8365  8342  8348  8349  8282  8314  8296  8384  8266  8303  8360
TBILIS 1976 10 26 2  8274  8284  8313  8262  8304  8287  8289  8365  8348  8342  8330  8348
TBILIS 1976 10 27 1  8370  8345  8379  8343  8342  8358  8317  8343  8370  8301  8329  8361
TBILIS 1976 10 27 2  8348  8337  8356  8369  8357  8341  8306  8347  8306  8315  8305  8290
TBILIS 1976 10 28 1  8321  8294  8338  8327  8353  8307  8301  8343  8328  8308  8330  8355
TBILIS 1976 10 28 2  8376  8360  8404  8493  8397  8378  8356  8373  8333  8308  8346  8370
TBILIS 1976 10 29 1  8331  8354  8332  8300  8342  8337  8337  8288  8321  8355  8358  8351
TBILIS 1976 10 29 2  8343  8337  8325  8353  8340  8317  8308  8355  8345  8398  8451  8497
TBILIS 1976 10 30 1  8444  8468  8428  8386  8348  8335  8322  8388  8312  8304  8300  8302
TBILIS 1976 10 30 2  8339  8349  8364  8313  8363  8356  8366  8396  8344  8369  8309  8326
TBILIS 1976 10 31 1  8360  8312  8332  8312  8355  8338  8397  8370  8334  8387  8389  8376
TBILIS 1976 10 31 2  8305  8302  8345  8324  8360  8324  8280  8295  8338  8281  8265  8226
Cosmic-Ray Neutron Monitor Data (Hourly, Pressure-Corrected and Scale-Adjusted Counts)
Collections: WDC for Cosmic Rays, Solar-Terrestrial Environment Laboratory, Nagoya Univ.
Data Access: http://center.stelab.nagoya-u.ac.jp/WDCCR/index.html
Project: ICSU WDC
Citation: WDC for Cosmic Rays, Solar-Terrestrial Environment Laboratory, Nagoya University
Station ID: TBILIS
Station:  TBILISI,GIORGIA,INSTITUT GEOPHYSIKY (IG), GIORGIAN ACADEMY OF SCIENCES,GIORGIA 
Instrument: 18-NM-64 NEUTRON MONITOR, CORRECTED FOR PRESSURE TO 950.0 MB, COEF. =           
Latitude (deg.):   41.72  Longitude (deg.):   44.80  Altitude (m):  510.00
Cut-Off Rigidity (GV):    6.66
Year: 1976  Month:  11
Scaling Factor (SF):    64.0   Constant (CONST):     0.0  Real Counts = (DATA + CONST)*SF
Temporal Resolution: 1 hour
UTC Start Hour:     0.0
                                                                                
                                                        
Monthly Average:  8618.9
Updated (YYYY MM DD): 1984 02 08
*******************************************************************************************
ID     YYYY MM DD 1     0     1     2     3     4     5     6     7     8     9    10    11
ID     YYYY MM DD 2    12    13    14    15    16    17    18    19    20    21    22    23
*******************************************************************************************
TBILIS 1976 11 01 1  8212  8261  8236  8290  8267  8295  8291  8288  8305  8309  8329  8374
TBILIS 1976 11 01 2  8413  8355  8363  8382  8364  8341  8387  8373  8349  8362  8370  8346
TBILIS 1976 11 02 1  8365  8349  8336  8340  8352  8358  8362  8318  8300  8342  8354  8349
TBILIS 1976 11 02 2  8338  8380  8336  8365  8395  8415  8432  8436 99999 99999  8429  8407
TBILIS 1976 11 03 1  8398  8413  8435  8399  8415  8398  8398  8385  8389  8417  8400  8404
TBILIS 1976 11 03 2  8452  8410  8459  8482  8458  8442  8464  8435  8396  8421  8415  8425
TBILIS 1976 11 04 1  8413  8410  8385  8393  8395  8331  8358  8315  8369 99999  8676  8715
TBILIS 1976 11 04 2  8689  8703  8680  8735  8711  8744  8735  8785  8770  8765  8759  8725
TBILIS 1976 11 05 1  8735  8751  8748  8724  8698  8653  8659  8694  8702  8697  8723  8698
TBILIS 1976 11 05 2  8729  8688  8743  8747  8756  8725  8796  8753  8709  8703  8690  8745
TBILIS 1976 11 06 1  8733  8707  8747  8766  8777  8716  8705  8792  8713  8705  8739  8741
TBILIS 1976 11 06 2  8690  8713  8699  8681  8663  8732  8724  8742  8728  8756  8753  8760
TBILIS 1976 11 07 1  8764  8754  8735  8759  8746  8730  8708  8710  8738  8713  8698  8685
TBILIS 1976 11 07 2  8659  8690  8672  8671  8677  8685  8656  8700  8660  8663  8636  8647
TBILIS 1976 11 08 1  8621  8615  8649  8640  8662  8638  8624  8628  8604  8680  8709  8693
TBILIS 1976 11 08 2  8706  8681  8714  8712  8719  8691  8714  8726  8700  8725  8741  8726
TBILIS 1976 11 09 1  8689  8694  8723  8689  8685  8682  8662  8683  8693  8678  8695  8738
TBILIS 1976 11 09 2  8721  8745  8696  8676  8729  8721  8718  8715  8673  8669  8657  8649
TBILIS 1976 11 10 1  8629  8627  8647  8641  8641  8670  8618  8653  8664  8642  8691  8694
TBILIS 1976 11 10 2  8718  8721  8688  8699  8706  8689  8729  8718  8678  8672  8711  8680
TBILIS 1976 11 11 1  8665  8681  8689  8691  8691  8716  8690  8732  8743  8755  8724  8735
TBILIS 1976 11 11 2  8691  8693  8709  8679  8709  8762  8741  8731  8703  8746  8699  8682
TBILIS 1976 11 12 1  8631  8632  8654  8660  8703  8678  8659  8659  8684  8637  8650  8672
TBILIS 1976 11 12 2  8659  8647  8668  8690  8616  8678  8633  8647  8631  8588  8643  8570
TBILIS 1976 11 13 1  8589  8673  8602  8564  8560  8600  8617  8586  8572  8568  8604  8638
TBILIS 1976 11 13 2  8598  8577  8628  8614  8598  8583  8587  8613  8612  8619  8618  8606
TBILIS 1976 11 14 1  8621  8633  8642  8663  8617  8645  8632  8643  8653  8635  8646  8625
TBILIS 1976 11 14 2  8627  8689  8659  8643  8663  8654  8637  8640  8628  8637  8629  8657
TBILIS 1976 11 15 1  8581  8612  8603  8647  8623  8633  8667  8636  8647 99999 99999 99999
TBILIS 1976 11 15 2 99999 99999 99999 99999 99999 99999 99999 99999 99999 99999 99999 99999
TBILIS 1976 11 16 1 99999 99999 99999 99999 99999 99999 99999 99999  8603  8675  8632  8670
TBILIS 1976 11 16 2  8663  8665  8679  8687  8705  8706  8739  8754  8700  8693  8728  8661
TBILIS 1976 11 17 1  8668  8636  8678  8614  8645  8579  8628  8632  8550  8672  8624  8621
TBILIS 1976 11 17 2  8657  8675  8727  8715  8733  8712  8735  8711  8691  8691  8684  8638
TBILIS 1976 11 18 1  8632  8653  8663  8634  8672  8594  8608  8591  8604  8590  8640  8640
TBILIS 1976 11 18 2  8626  8683  8664  8650  8689  8647  8608  8669  8634  8602  8635  8604
TBILIS 1976 11 19 1  8635  8583  8637  8615  8620  8580  8580  8578  8603  8667  8638  8593
TBILIS 1976 11 19 2  8641  8609  8605  8631  8632  8576  8597  8608  8613  8644  8644  8633
TBILIS 1976 11 20 1  8619  8607  8581  8601  8582  8574  8562  8560  8544  8578  8590  8618
TBILIS 1976 11 20 2  8612  8617  8604  8576  8568  8602  8580  8611  8535  8544  8530  8551
TBILIS 1976 11 21 1  8541  8556  8568  8561  8540  8563  8518  8548  8589  8556  8550  8610
TBILIS 1976 11 21 2  8585  8555  8551  8579  8563  8588  8588  8599  8599  8537  8592  8538
TBILIS 1976 11 22 1  8550  8540  8517  8565  8571  8538 99999 99999 99999 99999 99999 99999
TBILIS 1976 11 22 2 99999 99999 99999 99999 99999 99999 99999  8557  8540  8566  8545  8577
TBILIS 1976 11 23 1  8567  8584  8592  8559  8572  8596  8584  8548  8586  8575  8634  8632
TBILIS 1976 11 23 2  8622  8602  8625  8620  8583  8586  8575  8574  8588  8606  8615  8612
TBILIS 1976 11 24 1  8582  8608  8639  8637  8688  8676  8660  8588  8611  8615  8641  8659
TBILIS 1976 11 24 2  8619 99999 99999 99999 99999  8602  8665  8630  8628  8665  8639  8685
TBILIS 1976 11 25 1  8697  8686  8730  8683  8712  8710  8697  8701  8685  8690  8680  8657
TBILIS 1976 11 25 2  8635  8639  8626  8590  8633  8651  8655  8674  8688  8705  8661  8674
TBILIS 1976 11 26 1  8659  8654  8661  8678  8660  8634  8601  8575  8597  8570  8606  8612
TBILIS 1976 11 26 2  8614  8636  8616  8645  8679  8673  8681  8691  8692  8720  8715  8707
TBILIS 1976 11 27 1  8682  8670  8714  8720  8671  8676  8649  8616  8607  8564  8616  8587
TBILIS 1976 11 27 2  8587  8586  8589  8659  8585  8649  8690  8653  8656  8659  8614  8582
TBILIS 1976 11 28 1  8609  8620  8647  8611  8667  8628  8615  8631  8676  8634  8666  8640
TBILIS 1976 11 28 2  8653  8645  8623  8605  8650  8660  8688  8687  8675  8681  8704  8651
TBILIS 1976 11 29 1  8657  8671  8656  8646  8658  8669  8719  8648  8688  8707  8700  8661
TBILIS 1976 11 29 2  8649  8655  8654  8625  8658  8684  8668  8643  8630  8653  8672  8670
TBILIS 1976 11 30 1  8626  8604  8644  8670  8636  8643  8640  8611  8612  8587  8621  8662
TBILIS 1976 11 30 2 99999 99999  8572  8611  8566  8582  8573  8570  8589  8562  8576  8573
TBILIS 1976 11 31 1 99999 99999 99999 99999 99999 99999 99999 99999 99999 99999 99999 99999
TBILIS 1976 11 31 2 99999 99999 99999 99999 99999 99999 99999 99999 99999 99999 99999 99999
Cosmic-Ray Neutron Monitor Data (Hourly, Pressure-Corrected and Scale-Adjusted Counts)
Collections: WDC for Cosmic Rays, Solar-Terrestrial Environment Laboratory, Nagoya Univ.
Data Access: http://center.stelab.nagoya-u.ac.jp/WDCCR/index.html
Project: ICSU WDC
Citation: WDC for Cosmic Rays, Solar-Terrestrial Environment Laboratory, Nagoya University
Station ID: TBILIS
Station:  TBILISI,GIORGIA,INSTITUT GEOPHYSIKY (IG), GIORGIAN ACADEMY OF SCIENCES,GIORGIA 
Instrument: 18-NM-64 NEUTRON MONITOR, CORRECTED FOR PRESSURE TO 950.0 MB, COEF. =           
Latitude (deg.):   41.72  Longitude (deg.):   44.80  Altitude (m):  510.00
Cut-Off Rigidity (GV):    6.66
Year: 1976  Month:  12
Scaling Factor (SF):    64.0   Constant (CONST):     0.0  Real Counts = (DATA + CONST)*SF
Temporal Resolution: 1 hour
UTC Start Hour:     0.0
                                                                                
                                                        
Monthly Average:  8601.7
Updated (YYYY MM DD): 1985 01 07
*******************************************************************************************
ID     YYYY MM DD 1     0     1     2     3     4     5     6     7     8     9    10    11
ID     YYYY MM DD 2    12    13    14    15    16    17    18    19    20    21    22    23
*******************************************************************************************
TBILIS 1976 12 01 1 99999 99999 99999 99999 99999 99999 99999 99999 99999 99999 99999 99999
TBILIS 1976 12 01 2 99999 99999 99999 99999 99999 99999 99999 99999 99999 99999 99999 99999
TBILIS 1976 12 02 1 99999 99999 99999 99999 99999 99999 99999 99999 99999 99999 99999 99999
TBILIS 1976 12 02 2 99999 99999 99999 99999 99999 99999 99999 99999 99999 99999 99999 99999
TBILIS 1976 12 03 1 99999 99999 99999 99999 99999 99999 99999 99999 99999 99999 99999 99999
TBILIS 1976 12 03 2 99999 99999 99999 99999 99999 99999 99999 99999 99999 99999 99999 99999
TBILIS 1976 12 04 1 99999 99999 99999 99999 99999 99999 99999 99999 99999 99999 99999 99999
TBILIS 1976 12 04 2 99999 99999 99999 99999 99999 99999 99999 99999 99999 99999 99999 99999
TBILIS 1976 12 05 1 99999 99999 99999 99999 99999 99999 99999 99999 99999 99999 99999 99999
TBILIS 1976 12 05 2 99999 99999 99999 99999 99999 99999 99999 99999 99999 99999 99999 99999
TBILIS 1976 12 06 1  8627  8615  8604  8627  8605  8604 99999 99999 99999 99999 99999 99999
TBILIS 1976 12 06 2 99999 99999  8607  8617  8640  8652  8634  8630  8606  8631  8626  8617
TBILIS 1976 12 07 1  8623  8650  8624  8619  8623  8625  8604  8623  8647  8673  8667  8671
TBILIS 1976 12 07 2  8579  8634  8620  8630  8610  8576  8597  8627  8623  8602  8581  8583
TBILIS 1976 12 08 1  8615  8497  8645  8591  8643  8686  8647  8654  8729  8733  8748  8788
TBILIS 1976 12 08 2  8777  8697  8719  8713  8701  8683  8688  8620  8655  8590  8637  8605
TBILIS 1976 12 09 1  8606  8569  8563  8584  8592  8610  8616  8618  8651  8660  8661  8696
TBILIS 1976 12 09 2  8757  8717  8722  8715  8677  8677  8651  8637  8618  8658  8627  8633
TBILIS 1976 12 10 1  8659  8641  8631  8642  8621 99999 99999 99999 99999 99999  8685  8677
TBILIS 1976 12 10 2  8649  8636  8624  8562  8579  8554  8571  8583  8545  8525  8565  8576
TBILIS 1976 12 11 1  8569  8648  8621  8609  8578  8645  8639  8606  8650  8643  8654  8597
TBILIS 1976 12 11 2  8592  8589  8584  8556  8604  8533  8599  8596  8592  8574  8538  8590
TBILIS 1976 12 12 1  8549  8583  8624  8597  8598  8589  8567  8565  8605  8606  8621  8652
TBILIS 1976 12 12 2  8650  8647  8637  8674  8677  8667  8650  8618  8640  8621  8651  8634
TBILIS 1976 12 13 1  8693  8660  8639  8702  8734  8740  8699  8672  8697  8695  8693  8696
TBILIS 1976 12 13 2  8669  8673  8649  8621  8615  8546  8524  8508  8535  8510  8535  8526
TBILIS 1976 12 14 1  8530  8547  8564  8541  8559  8543  8566  8582  8597  8608  8563  8583
TBILIS 1976 12 14 2  8601  8626  8632  8577  8594  8589  8606  8612  8546  8557  8545  8545
TBILIS 1976 12 15 1  8508  8573  8560  8550  8579  8569  8587  8565  8538  8526  8552  8549
TBILIS 1976 12 15 2  8536  8602  8666  8622  8629  8578  8577  8580  8587  8542  8578  8599
TBILIS 1976 12 16 1  8596  8572  8566  8610  8562  8622  8611  8606  8667  8640  8632  8636
TBILIS 1976 12 16 2  8624  8689  8672  8711  8722  8681  8680  8719  8728  8659  8701  8738
TBILIS 1976 12 17 1  8727  8694  8727  8706  8661  8622  8632  8622  8609  8652  8605  8631
TBILIS 1976 12 17 2  8653  8666  8681  8701  8696  8657  8684  8674  8683  8643  8646  8604
TBILIS 1976 12 18 1  8670  8671  8678  8660  8624  8652  8638  8651  8636  8682  8737  8697
TBILIS 1976 12 18 2  8731  8667  8619  8637  8665  8654  8644  8656  8647  8629  8606  8623
TBILIS 1976 12 19 1  8617  8634  8630  8618  8651  8615  8609  8607  8580  8627  8616  8575
TBILIS 1976 12 19 2  8544  8595  8581  8577  8562  8555  8559  8575  8544  8531  8555  8590
TBILIS 1976 12 20 1  8602  8611  8594  8621  8659  8607  8630  8612  8636  8553  8596  8563
TBILIS 1976 12 20 2  8604  8573  8563  8587  8613  8566  8568  8576  8529  8536  8515  8527
TBILIS 1976 12 21 1  8562  8596  8588  8578  8620  8601  8634  8578  8599  8609  8587  8544
TBILIS 1976 12 21 2  8558  8578  8616  8602  8600  8506  8569  8572  8557  8566  8566  8524
TBILIS 1976 12 22 1  8544  8558  8535  8570  8579  8592  8576  8554  8589  8562  8667  8645
TBILIS 1976 12 22 2  8682  8698  8654  8693  8638  8606  8619  8611  8636  8607  8594  8603
TBILIS 1976 12 23 1  8585  8596  8574  8579  8600  8607  8572  8603  8545  8567  8590  8604
TBILIS 1976 12 23 2  8565  8579  8570  8588  8574  8544  8559  8545  8556  8510  8541  8550
TBILIS 1976 12 24 1  8581  8546  8550  8545  8467  8615  8580  8602  8558  8605  8602  8622
TBILIS 1976 12 24 2  8601  8616  8600  8625  8599  8598  8594  8612  8582  8567  8585  8610
TBILIS 1976 12 25 1  8581  8595  8559  8573  8571  8590  8599  8577  8558  8587  8571  8621
TBILIS 1976 12 25 2  8656  8615  8588  8607  8554  8569  8562  8564  8590  8555  8540  8556
TBILIS 1976 12 26 1  8602  8573  8596  8671  8664  8637  8612  8599  8613  8596  8589  8549
TBILIS 1976 12 26 2  8566  8587  8587  8504  8562  8576  8566  8539  8551  8536  8556  8554
TBILIS 1976 12 27 1  8555  8587  8556  8579  8565  8538  8553  8561  8543  8571  8604  8607
TBILIS 1976 12 27 2  8644  8602  8566  8529  8567  8535  8552  8551  8576  8566  8568  8582
TBILIS 1976 12 28 1  8550  8589  8568  8543  8571  8620  8623  8578  8518  8539  8533  8504
TBILIS 1976 12 28 2  8537  8520  8563  8508  8539  8510  8494  8459  8449  8421  8451  8446
TBILIS 1976 12 29 1  8464  8494  8466  8491  8539  8536  8538  8475  8576  8649  8674  8635
TBILIS 1976 12 29 2  8640  8644  8597  8562  8565  8554  8568  8550  8530  8564  8534  8530
TBILIS 1976 12 30 1  8570  8589  8590  8567  8555  8596  8541  8561  8537  8569  8558  8555
TBILIS 1976 12 30 2  8598  8574  8566  8568  8604  8564  8593  8569  8558  8601  8622  8605
TBILIS 1976 12 31 1  8564  8603  8600  8587  8560  8582  8592  8606  8586  8591  8605  8648
TBILIS 1976 12 31 2  8644  8605  8599  8616  8609  8565  8602  8630  8607  8581  8616  8611
