Cosmic-Ray Neutron Monitor Data (Hourly, Pressure-Corrected and Scale-Adjusted Counts)
Collections: WDC for Cosmic Rays, Solar-Terrestrial Environment Laboratory, Nagoya Univ.
Data Access: http://center.stelab.nagoya-u.ac.jp/WDCCR/index.html
Project: ICSU WDC
Citation: WDC for Cosmic Rays, Solar-Terrestrial Environment Laboratory, Nagoya University
Station ID: TBILIS
Station:  TBILISI,GIORGIA,INSTITUT GEOPHYSIKY (IG), GIORGIAN ACADEMY OF SCIENCES,GIORGIA 
Instrument: 18-NM-64 NEUTRON MONITOR, CORRECTED FOR PRESSURE TO 950.0 MB, COEF. =           
Latitude (deg.):   41.72  Longitude (deg.):   44.80  Altitude (m):  510.00
Cut-Off Rigidity (GV):    6.66
Year: 1974  Month:   1
Scaling Factor (SF):    64.0   Constant (CONST):     0.0  Real Counts = (DATA + CONST)*SF
Temporal Resolution: 1 hour
UTC Start Hour:     0.0
                                                                                
                                                        
Monthly Average:  8934.3
Updated (YYYY MM DD): 1984 11 08
*******************************************************************************************
ID     YYYY MM DD 1     0     1     2     3     4     5     6     7     8     9    10    11
ID     YYYY MM DD 2    12    13    14    15    16    17    18    19    20    21    22    23
*******************************************************************************************
TBILIS 1974 01 01 1  8847  8883  8899  8888  8868  8895  8892  8893  8889  8918  8903  8915
TBILIS 1974 01 01 2  8905  8937  8949  8941  8956  8965  8966  8999  8950  8932  8939  8964
TBILIS 1974 01 02 1  8946  8933  8911  8931  8885  8905  8901  8886  8871  8925  8883  8915
TBILIS 1974 01 02 2  8891  8940  8900  8953  8943  8941  8927  8924  8894  8866  8880  8830
TBILIS 1974 01 03 1  8841  8817  8861  8865  8843  8870  8901  8897  8904  8891  8911  8943
TBILIS 1974 01 03 2  8941  8962  8953  8985  8982  9002  9013  8992  8976  8979  9003  8990
TBILIS 1974 01 04 1  9001  8994  8974  8981  8947  8969  8996  8929  8906  8946  8956  8952
TBILIS 1974 01 04 2  8960  8937  8904  8928  8898  8931  8939  8952  8968  8936  8975  8958
TBILIS 1974 01 05 1  8949  8927  8951  8942  8908  8887  8891  8884  8870  8917  8893  8885
TBILIS 1974 01 05 2  8873  8882  8896  8858  8891  8915  8881  8888  8873  8905  8899  8909
TBILIS 1974 01 06 1  8892  8948  8946  8937  8945  8959  8981  8945  8920  8931  8945  8967
TBILIS 1974 01 06 2  8915  8955  8938  8914  8930  8920  8920  8922  8953  8941  8975  8953
TBILIS 1974 01 07 1  8954  8983  8995  9015  8968  9005  8977  8944  8908  8932  8952  8946
TBILIS 1974 01 07 2  8950  8945  8922  8908  8964  8943  8941  8943  8950  8965  8952  8966
TBILIS 1974 01 08 1  8964  8969  8968  8962  8933  8953  8949  8960  8936  8952  8952  8946
TBILIS 1974 01 08 2  8932  8926  8913  8950  9004  8942  8945  8939  8972  8936  8912  8899
TBILIS 1974 01 09 1  8868  8868  8861  8864  8893  8896  8878  8875  8877  8854  8870  8870
TBILIS 1974 01 09 2  8944  8994  8998  9017  9001  9019  9020  8976  8928 99999 99999 99999
TBILIS 1974 01 10 1 99999 99999 99999 99999 99999 99999 99999 99999 99999  8868  8881  8885
TBILIS 1974 01 10 2  8913  8894  8906  8954  8942  9019  8959  9015  9034  8968  8984  9032
TBILIS 1974 01 11 1  8931  8976  8972  9009  8926  8930  9001  8924  8915  8923  8907  8913
TBILIS 1974 01 11 2  8932  8905  8956  8962  8970  8942  8974  9002  9006  8931  8947  8944
TBILIS 1974 01 12 1  8903  8933  8913  8921  8905  8936  8934  8902  8926  8915  8950  8927
TBILIS 1974 01 12 2  8949  8943  8965  8953  8960  8985  8975  9014  8988  8996  8989  8959
TBILIS 1974 01 13 1  8982  8986  8936  8924  8913  8959  8948  8906  8904  8907  8946  8962
TBILIS 1974 01 13 2  8943  8950  8964  8925  8953  8996  8917  8985  8978  8952  8989  8902
TBILIS 1974 01 14 1  8915  8887  8926  8939  8967  9004  8990  8954  8944  8992  8988  8975
TBILIS 1974 01 14 2  8949  8971  8948  8974  8992  8977  8989  9046  9016  8993  9023  8938
TBILIS 1974 01 15 1  8973  8982  8995  8984  8994  8994  9000  8957  8975  8987  8962  9039
TBILIS 1974 01 15 2  9007  9023  9014  9025  9017  9004  9023  9008  9009  9002  9006  8960
TBILIS 1974 01 16 1  8963  9003  9002  8972  8982  9021  9029  9000  9012  9021  9041  9023
TBILIS 1974 01 16 2  9041  9030  8978  8954  8949  8948  8932  8911  8917  8909  8883  8904
TBILIS 1974 01 17 1  8909  8924  8889  8924  8926  8951  8958  8967  8962  8983  8980  8955
TBILIS 1974 01 17 2  8984  8955  8997  8960  9013  8945  8995  8982  8919  8946  8903  8883
TBILIS 1974 01 18 1  8854  8908  8878  8934  8880  8867  8877  8890  8894  8916  8946  8915
TBILIS 1974 01 18 2  8905  8913  8923  8883  8929  8918  8919  8914  8921  8891  8878  8861
TBILIS 1974 01 19 1  8913  8904  8887  8911  8872  8933  8944  8919  8910  8903  8890  8879
TBILIS 1974 01 19 2  8894  8892  8893  8853  8882  8942  8941  8908  8927  8928  8916  8892
TBILIS 1974 01 20 1  8879  8888  8874  8927  8894  8971  8906  8895  8916  8932  8951  8936
TBILIS 1974 01 20 2  8917  8855  8909  8918  8944  8896  8944  8970  8953  8963  8951  8926
TBILIS 1974 01 21 1  8977  8940  8932  8952  8966  8907  8981  8990  9036  9007  8991  8945
TBILIS 1974 01 21 2  8939  8944  8908  8936  8992  9030  8972  8916  8957  8962  8946  8936
TBILIS 1974 01 22 1  8955  8954  8969  8937  8935  8942  8978  8963  8958  8952  8969  9008
TBILIS 1974 01 22 2  8927  8952  8928  8900  8939  8931  8977  8931  8943  8968  8989  8996
TBILIS 1974 01 23 1  8986  8975  8943  8938  8979  8993  8972  8935  8952  8998  8992  9033
TBILIS 1974 01 23 2  9040  8988  8997  8970  9002  8966  8981  8982  8964  8966  8967  8939
TBILIS 1974 01 24 1  8973  8980  8950  8961  8951  8974  8978  8981  9011  8943  8957  8928
TBILIS 1974 01 24 2  8906  8915  8920  8951  8909  8920  8905  8914  8894  8956  9010  8903
TBILIS 1974 01 25 1  8878  8998  8933  8915  8949  8926  9051  8981  8989  9008  8985  8964
TBILIS 1974 01 25 2  9008  8973  8956  8971  8932  8925  8905  8904  8897  8871  8825  8836
TBILIS 1974 01 26 1  8838  8897  8824  8886  8863  8874  8892  8894  8929  8927  8929  8894
TBILIS 1974 01 26 2  8892  8908  8910  8845  8909  8890  8849  8858  8853  8859  8907  8886
TBILIS 1974 01 27 1  8875  8901  8880  8869  8872  8861  8895  8928  8937  8905  8893  8871
TBILIS 1974 01 27 2  8892  8885  8858  8880  8853  8803  8833  8839  8867  8825  8846  8904
TBILIS 1974 01 28 1  8902  8840  8839  8846  8856  8904  8856  8887  8851  8872  8890  8840
TBILIS 1974 01 28 2  8862  8883  8898  8908  8886  8891  8883  8897  8881  8851  8883  8809
TBILIS 1974 01 29 1  8843  8866  8845  8830  8830  8829  8863  8848  8818  8858  8871  8858
TBILIS 1974 01 29 2  8869  8858  8876  8899  8887  8943  8935  8944  8928  8932  8915  8871
TBILIS 1974 01 30 1  8923  8889  8867  8783  8869  8798  8845  8900  8879  8889  8885  8931
TBILIS 1974 01 30 2  8864  8917  8966  8897  8953  8916  8996  8958  8968  8973  8962  8972
TBILIS 1974 01 31 1  8958  8956  8937  8955  8919  8965  8946  8977  8998  8952  8942  8926
TBILIS 1974 01 31 2  8948  8947  8957  9044  9029  9069  9049  9007  9066  9067  9033  9009
Cosmic-Ray Neutron Monitor Data (Hourly, Pressure-Corrected and Scale-Adjusted Counts)
Collections: WDC for Cosmic Rays, Solar-Terrestrial Environment Laboratory, Nagoya Univ.
Data Access: http://center.stelab.nagoya-u.ac.jp/WDCCR/index.html
Project: ICSU WDC
Citation: WDC for Cosmic Rays, Solar-Terrestrial Environment Laboratory, Nagoya University
Station ID: TBILIS
Station:  TBILISI,GIORGIA,INSTITUT GEOPHYSIKY (IG), GIORGIAN ACADEMY OF SCIENCES,GIORGIA 
Instrument: 18-NM-64 NEUTRON MONITOR, CORRECTED FOR PRESSURE TO 950.0 MB, COEF. =           
Latitude (deg.):   41.72  Longitude (deg.):   44.80  Altitude (m):  510.00
Cut-Off Rigidity (GV):    6.66
Year: 1974  Month:   2
Scaling Factor (SF):    64.0   Constant (CONST):     0.0  Real Counts = (DATA + CONST)*SF
Temporal Resolution: 1 hour
UTC Start Hour:     0.0
                                                                                
                                                        
Monthly Average:  8935.1
Updated (YYYY MM DD): 1984 11 08
*******************************************************************************************
ID     YYYY MM DD 1     0     1     2     3     4     5     6     7     8     9    10    11
ID     YYYY MM DD 2    12    13    14    15    16    17    18    19    20    21    22    23
*******************************************************************************************
TBILIS 1974 02 01 1  9007  9023  9018  9029  9027  9025  8975  8996  8929  8943  8929  8954
TBILIS 1974 02 01 2  8934  8960  8962  8935  8961  8989  9003  9001  8994  9014  8989  8999
TBILIS 1974 02 02 1  8894  8880  8863  8850  8890  8857  8886  8827  8824  8778  8861  8848
TBILIS 1974 02 02 2  8916  8892  8887  8912  8899  8895  8958  8960  8987  8995  8938  8949
TBILIS 1974 02 03 1  8919  8911  8935  8915  8862  8854  8871  8845  8844  8848  8891  8884
TBILIS 1974 02 03 2  8857  8865  8859  8869  8895  8878  8907  8925  8929  8899  8950  8884
TBILIS 1974 02 04 1  8857  8917  8920  8938  8962  8963  8975  8974  9004  8940  8968  8950
TBILIS 1974 02 04 2  8978  8963  8961  8965  8947  8999  8990  8993  8987  8975  8989  8987
TBILIS 1974 02 05 1  8977  9008  8955  8983  8994  8944  8938  8915  8927  8978  8950  8947
TBILIS 1974 02 05 2  8933  8930  8984  8972  9021  9016  9022  8977  8981  9019  8981  9009
TBILIS 1974 02 06 1  8984  9011  8984  8956  8978  8935  8923  8900  8907  8885  8913  8890
TBILIS 1974 02 06 2  8911  8907  8917  8896  8870  8848  8913  8929  8913  8964  8906  8934
TBILIS 1974 02 07 1  8923  8924  8915  8904  8891  8891  8870  8834  8845  8840  8832  8828
TBILIS 1974 02 07 2  8862  8897  8912  8860  8875  8876  8953  8937  8958  8950  8909  8965
TBILIS 1974 02 08 1  8926  8946  8919  8941  8912  8912  8952  8902  8896  8882  8884  8884
TBILIS 1974 02 08 2  8857  8902  8877  8929  8950  8900  8923  8887  8937  8889  8888  8891
TBILIS 1974 02 09 1  8937  8931  8981  8919  8918  8924  8894  8937  8887  8897  8937  8921
TBILIS 1974 02 09 2  8914  8902  8901  8940  8936  8959  8943  8907  8957  8945  8948  8940
TBILIS 1974 02 10 1  8922  8927  8897  8937  8943  8891  8905  8947  8922  8947  8942  8913
TBILIS 1974 02 10 2  8972  8938  8935  8952  8934  8993  9019  9029  9013  9015  8998  9003
TBILIS 1974 02 11 1  8976  8957  8976  9004  8982  8979  8961  8934  8932  8978  8992  8991
TBILIS 1974 02 11 2  8988  9013  8974  8977  8986  8987  8986  9018  9008  9018  8982  8986
TBILIS 1974 02 12 1  9036  9070  9015  9046  8979  9051  9057  9096  9104  9086  9063  9090
TBILIS 1974 02 12 2  9049  9045  9095  9027  8977  9018  8970  8973  8964  8958  8923  8931
TBILIS 1974 02 13 1  8927  8957  8912  8941  8989  8920  8946  8995  9010  8976  9031  9002
TBILIS 1974 02 13 2  8993  8984  8964  8939  9005  9025  8996  9014  8984  8976  8953  8919
TBILIS 1974 02 14 1  8950  8909  8931  8952  8966  8971  8974  9033  8992  8991  8956  8940
TBILIS 1974 02 14 2  8906  8938  8868  8890  8880  8876  8873  8877  8880  8861  8816  8837
TBILIS 1974 02 15 1  8871  8862  8933  8887  8901  8943  8892  8884  8854  8896  8889  8880
TBILIS 1974 02 15 2  8882  8905  8928  8894  8897  8942  8933  8924  8927  8917  8927  8928
TBILIS 1974 02 16 1  8887  8893  8942  9003  8991  8945  8952  8951  8971  8917  8966  8993
TBILIS 1974 02 16 2  8948  8928  8958  8986  8936  8967  9000  8983  9025  9027  8959  8945
TBILIS 1974 02 17 1  8920  8916  8926  8923  8962  8957  8935  8946  8941  8927  8938  9004
TBILIS 1974 02 17 2  8954  9018  8965  8946  8990  8957  8982  8982  8946  9001  8964  8948
TBILIS 1974 02 18 1  8956  8954  8966  8962  8970  8919  8983  8993  8959  8979  8964  8957
TBILIS 1974 02 18 2  8944  8955  8961  8943  8929  8955  8990  8924  8882  8917  8890  8901
TBILIS 1974 02 19 1  8897  8876  8896  8874  8909  8950  8882  8887  8859  8885  8879  8930
TBILIS 1974 02 19 2  8917  8918  8850  8933  8878  8890  8902  8906  8902  8877  8814  8823
TBILIS 1974 02 20 1  8828  8812  8828  8829  8838  8869  8871  8925  8940  8942  8956  8969
TBILIS 1974 02 20 2  8977  8955  9004  8956  8951  8999  8979  8949  8869  8927  8887  8864
TBILIS 1974 02 21 1  8875  8934  8940  8948  8996  8942  8947  8937  8948  8934  8960  8945
TBILIS 1974 02 21 2  8940  8913  8921  8928  8908  8933  8902  8924  8933  8919  8917  8921
TBILIS 1974 02 22 1  8886  8911  8911  8912  8951  8930  8963  8946  8943  8971  8919  8989
TBILIS 1974 02 22 2  8970  8923  8940  8948  8982  8944  8949  8927  8946  8946  8929  8957
TBILIS 1974 02 23 1  8934  8971  8926  8930  8907  8874  8991  8951  9008  9010  8948  8960
TBILIS 1974 02 23 2  9004  8979  8898  8905  8882  8866  8901  8931  8867  8919  8881  8863
TBILIS 1974 02 24 1  8931  8901  8957  8916  8916  8923  8947  8947  8946  8913  8948  8892
TBILIS 1974 02 24 2  8930  8891  8826  8841  8839  8860  8904  8876  8875  8840  8843  8823
TBILIS 1974 02 25 1  8844  8830  8872  8901  8876  8890  8836  8894  8908  8885  8894  8898
TBILIS 1974 02 25 2  8897  8921  8932  8913  8917  8914  8879  8879  8858  8868  8884  8872
TBILIS 1974 02 26 1  8851  8845  8844  8851  8836  8867  8877  8890  8914  8937  8977  8960
TBILIS 1974 02 26 2  8947  8948  8960  8925  8971  9032  9004  9006  8980  8998  8993  8967
TBILIS 1974 02 27 1  8950  8939  8941  8947  8979  8968  8938  8935  8952  8946  8942  8945
TBILIS 1974 02 27 2  8942  8967  9002  8984  8984  8998  8989  8978  8959  8973  8946  8931
TBILIS 1974 02 28 1  8916  8967  8934  8959  8934  8897  8931  8960  8982  8957  8943  8959
TBILIS 1974 02 28 2  8941  8890  8938  8875  8868  8892  8897  8922  8931  8922  8907  8930
TBILIS 1974 02 29 1 99999 99999 99999 99999 99999 99999 99999 99999 99999 99999 99999 99999
TBILIS 1974 02 29 2 99999 99999 99999 99999 99999 99999 99999 99999 99999 99999 99999 99999
TBILIS 1974 02 30 1 99999 99999 99999 99999 99999 99999 99999 99999 99999 99999 99999 99999
TBILIS 1974 02 30 2 99999 99999 99999 99999 99999 99999 99999 99999 99999 99999 99999 99999
TBILIS 1974 02 31 1 99999 99999 99999 99999 99999 99999 99999 99999 99999 99999 99999 99999
TBILIS 1974 02 31 2 99999 99999 99999 99999 99999 99999 99999 99999 99999 99999 99999 99999
Cosmic-Ray Neutron Monitor Data (Hourly, Pressure-Corrected and Scale-Adjusted Counts)
Collections: WDC for Cosmic Rays, Solar-Terrestrial Environment Laboratory, Nagoya Univ.
Data Access: http://center.stelab.nagoya-u.ac.jp/WDCCR/index.html
Project: ICSU WDC
Citation: WDC for Cosmic Rays, Solar-Terrestrial Environment Laboratory, Nagoya University
Station ID: TBILIS
Station:  TBILISI,GIORGIA,INSTITUT GEOPHYSIKY (IG), GIORGIAN ACADEMY OF SCIENCES,GIORGIA 
Instrument: 18-NM-64 NEUTRON MONITOR, CORRECTED FOR PRESSURE TO 950.0 MB, COEF. =           
Latitude (deg.):   41.72  Longitude (deg.):   44.80  Altitude (m):  510.00
Cut-Off Rigidity (GV):    6.66
Year: 1974  Month:   3
Scaling Factor (SF):    64.0   Constant (CONST):     0.0  Real Counts = (DATA + CONST)*SF
Temporal Resolution: 1 hour
UTC Start Hour:     0.0
                                                                                
                                                        
Monthly Average:  8884.4
Updated (YYYY MM DD): 1984 11 08
*******************************************************************************************
ID     YYYY MM DD 1     0     1     2     3     4     5     6     7     8     9    10    11
ID     YYYY MM DD 2    12    13    14    15    16    17    18    19    20    21    22    23
*******************************************************************************************
TBILIS 1974 03 01 1  8910  8924  8907  8893  8893  8900  8926  8938  8903  8932  8967  8950
TBILIS 1974 03 01 2  8947  8974  8974  8972  8948  8972  9005  8978  8994  8965  8960  8969
TBILIS 1974 03 02 1  8981  8967  8935  8937  8934  8916  8935  8959  8958  8962  8950  8927
TBILIS 1974 03 02 2  8974  8948  8963  9021  9049  9025  8994  9027  9006  8992  8967  9004
TBILIS 1974 03 03 1  8980  8989  8921  8976  8914  8919  8927  8924  8957  8951  8968  8888
TBILIS 1974 03 03 2  8994  8976  8988  8972  8970  8962  8975  8992  8989  8976  8967  8929
TBILIS 1974 03 04 1  8990  8977  8964  8990  8952  8970  8965  8959  9019  8992  8996  8955
TBILIS 1974 03 04 2  8961  8976  8958  9012  9016  9028  9029  8978  9021  9002  8983  9014
TBILIS 1974 03 05 1  9010  9003  8947  8992  9018  9021  9045  9012  8951  8974  8995  8963
TBILIS 1974 03 05 2  9014  8984  9002  9029  9038  9016  9065  9011  9049  9015  9009  9023
TBILIS 1974 03 06 1  8998  8967  8965  8952  8914  8920  8905  8911  8933  8893  8874  8896
TBILIS 1974 03 06 2  8902  8946  8929  8880  8912  8883  8877  8894  8889  8831  8886  8888
TBILIS 1974 03 07 1  8820  8865  8875  8857  8905  8840  8868  8871  8895  8888  8883  8887
TBILIS 1974 03 07 2  8871  8858  8872  8915  8918  8893  8891  8867  8923  8921  8919  8904
TBILIS 1974 03 08 1  8913  8910  8898  8941  8971  8940  8923  8929  8925  8910  8919  8935
TBILIS 1974 03 08 2  8898  8913  8917  8862  8906  8912  8921  8935  8947  8924  8914  8894
TBILIS 1974 03 09 1  8885  8888  8916  8900  8901  8907  8917  8900  8916  8868  8882  8875
TBILIS 1974 03 09 2  8827  8858  8864  8874  8861  8889  8861  8837  8838  8868  8853  8884
TBILIS 1974 03 10 1  8885  8841  8886  8895  8911  8872  8864  8890  8952  8923  8914  8931
TBILIS 1974 03 10 2  8912  8894  8899  8913  8913  8884  8910  8878  8892  8851  8845  8831
TBILIS 1974 03 11 1  8836  8840  8845  8818  8865  8846  8821  8838  8880  8879  8891  8896
TBILIS 1974 03 11 2  8915  8884  8827  8878  8875  8894  8878  8873  8887  8886  8866  8833
TBILIS 1974 03 12 1  8864  8849  8847  8835  8876  8872  8902  8912  8925  8880  8906  8870
TBILIS 1974 03 12 2  8871  8872  8794  8801  8796  8798  8847  8836  8867  8867  8891  8852
TBILIS 1974 03 13 1  8865  8875  8790  8794  8857  8865  8892  8919  8928  8924  8888  8885
TBILIS 1974 03 13 2  8861  8901  8812  8853  8849  8770  8783  8766  8771  8758  8783  8745
TBILIS 1974 03 14 1  8708  8781  8780  8795  8766  8849  8849  8851  8837  8818  8823  8800
TBILIS 1974 03 14 2  8793  8800  8775  8822  8847  8800  8807  8796  8814  8800  8788  8784
TBILIS 1974 03 15 1  8795  8761  8753  8841  8803  8857  8812  8820  8788  8798  8773  8793
TBILIS 1974 03 15 2  8789  8804  8797  8768  8745  8731  8755  8760  8739  8745  8751  8739
TBILIS 1974 03 16 1  8794  8757  8802  8802  8779  8777  8808  8829  8847  8894  8840  8916
TBILIS 1974 03 16 2  8882  8861  8890  8917  8953  8933  8928  8920  8854  8853  8892  8839
TBILIS 1974 03 17 1  8894  8888  8856  8876  8864  8834  8850  8856  8838  8861  8861  8918
TBILIS 1974 03 17 2  8879  8857  8838  8802  8802  8791  8780  8799  8794  8793  8833  8795
TBILIS 1974 03 18 1  8842  8881  8922  8915  8895  8962  8933  8940  8912  8885  8886  8860
TBILIS 1974 03 18 2  8870  8903  8867  8865  8857  8825  8848  8877  8871  8858  8822  8851
TBILIS 1974 03 19 1  8818  8841  8855  8922  8891  8925  8859  8871  8848  8881  8906  8903
TBILIS 1974 03 19 2  8910  8917  8910  8888  8909  8889  8877  8897  8843  8860  8851  8845
TBILIS 1974 03 20 1  8836  8815  8861  8856  8863  8869  8895  8865  8830  8827  8872  8856
TBILIS 1974 03 20 2  8866  8816  8885  8827  8848  8830  8871  8866  8856  8879  8853  8897
TBILIS 1974 03 21 1  8870  8869  8895  8878  8868  8922  8900  8878  8911  8878  8934  8923
TBILIS 1974 03 21 2  8909  8886  8865  8900  8919  8907  8901  8840  8902  8869  8830  8872
TBILIS 1974 03 22 1  8893  8832  8852  8884  8892  8894  8885  8891  8885  8938  8914  8914
TBILIS 1974 03 22 2  8885  8909  8866  8866  8897  8832  8877  8832  8822  8834  8828  8838
TBILIS 1974 03 23 1  8870  8873  8841  8857  8850  8873  8821  8845  8843  8860  8899  8888
TBILIS 1974 03 23 2  8885  8854  8888  8863  8876  8881  8853  8843  8840  8803  8795  8802
TBILIS 1974 03 24 1  8766  8825  8819  8811  8850  8841  8874  8888  8935  8925  8904  8902
TBILIS 1974 03 24 2  8915  8808  8803  8801  8845  8841  8822  8812  8804  8804  8781  8761
TBILIS 1974 03 25 1  8776  8751  8845  8810  8820  8835  8814  8798  8871  8868  8885  8870
TBILIS 1974 03 25 2  8859  8853  8895  8877  8827  8864  8822  8820  8867  8903  8909  8915
TBILIS 1974 03 26 1  8859  8887  8867  8866  8840  8846  8876  8920  8873  8864  8875  8845
TBILIS 1974 03 26 2  8893  8875  8901  9021  8964  8926  8988  8952  8853  8887  8892  8850
TBILIS 1974 03 27 1  8885  8906  8915  8922  8892  8886  8932  8897  8872  8864  8883  8874
TBILIS 1974 03 27 2  8944  8908  8927  8932  8911  8942  8920  8893  8880  8944  8879  8884
TBILIS 1974 03 28 1  8860  8932  8882  8872  8899  8859  8919  8919  8945  8970  8951  9004
TBILIS 1974 03 28 2  8997  8972  8960  8924  8905  8931  8875  8829  8873  8839  8835  8845
TBILIS 1974 03 29 1  8803  8814  8874  8885  8854  8866  8833  8834  8875  8873  8863  8875
TBILIS 1974 03 29 2  8877  8885  8915  8866  8863  8896  8863  8915  8871  8870  8834  8819
TBILIS 1974 03 30 1  8809  8867  8818  8844  8841  8818  8845  8816  8850  8830  8869  8873
TBILIS 1974 03 30 2  8886  8871  8853  8863  8884  8857  8832  8881  8851  8878  8859  8865
TBILIS 1974 03 31 1  8853  8867  8895  8889  8850  8845  8798  8856  8859  8871  8878  8935
TBILIS 1974 03 31 2  8894  8854  8887  8909  8923  8861  8875  8916  8881  8917  8876  8936
Cosmic-Ray Neutron Monitor Data (Hourly, Pressure-Corrected and Scale-Adjusted Counts)
Collections: WDC for Cosmic Rays, Solar-Terrestrial Environment Laboratory, Nagoya Univ.
Data Access: http://center.stelab.nagoya-u.ac.jp/WDCCR/index.html
Project: ICSU WDC
Citation: WDC for Cosmic Rays, Solar-Terrestrial Environment Laboratory, Nagoya University
Station ID: TBILIS
Station:  TBILISI,GIORGIA,INSTITUT GEOPHYSIKY (IG), GIORGIAN ACADEMY OF SCIENCES,GIORGIA 
Instrument: 18-NM-64 NEUTRON MONITOR, CORRECTED FOR PRESSURE TO 950.0 MB, COEF. =           
Latitude (deg.):   41.72  Longitude (deg.):   44.80  Altitude (m):  510.00
Cut-Off Rigidity (GV):    6.66
Year: 1974  Month:   4
Scaling Factor (SF):    64.0   Constant (CONST):     0.0  Real Counts = (DATA + CONST)*SF
Temporal Resolution: 1 hour
UTC Start Hour:     0.0
                                                                                
                                                        
Monthly Average:  8852.8
Updated (YYYY MM DD): 1984 11 08
*******************************************************************************************
ID     YYYY MM DD 1     0     1     2     3     4     5     6     7     8     9    10    11
ID     YYYY MM DD 2    12    13    14    15    16    17    18    19    20    21    22    23
*******************************************************************************************
TBILIS 1974 04 01 1  8923  8887  8933  8916  8956  8908  8869  8888  8913  8926  8947  8918
TBILIS 1974 04 01 2  8920  8943  8922  8917  8957  8889  8938  8888  8918  8925  8900  8893
TBILIS 1974 04 02 1  8916  8923  8878  8923  8888  8893  8912  8903  8902  8883  8926  8942
TBILIS 1974 04 02 2  8920  8961  8928  8955  8944  8957  8936  8939  8922  8915  8924  8906
TBILIS 1974 04 03 1  8909  8899  8855  8894  8889  8839  8845  8852  8864  8884  8900  8858
TBILIS 1974 04 03 2  8749  8709  8713  8764  8840  8860  8907  8870  8860  8868  8851  8820
TBILIS 1974 04 04 1  8828  8842  8784  8810  8845  8892  8880  8853  8849  8829  8793  8760
TBILIS 1974 04 04 2  8780  8792  8840  8807  8803  8773  8807  8780  8773  8765  8750  8801
TBILIS 1974 04 05 1  8810  8779  8783  8810  8804  8811  8804  8816  8815  8826  8833  8830
TBILIS 1974 04 05 2  8781  8790  8792  8791  8808  8768  8792  8772  8798  8764  8762  8774
TBILIS 1974 04 06 1  8765  8762  8768  8777  8838  8838  8851  8884  8857  8956  8891  8912
TBILIS 1974 04 06 2  8849  8822  8855  8803  8780  8833  8793  8829  8761  8839  8829  8882
TBILIS 1974 04 07 1  8840  8851  8825  8818  8837  8832  8814  8849  8890  8817  8826  8824
TBILIS 1974 04 07 2  8799  8786  8824  8822  8836  8822  8789  8820  8792  8758  8786  8761
TBILIS 1974 04 08 1  8759  8736  8792  8783  8780  8743  8756  8759  8787  8810  8799  8819
TBILIS 1974 04 08 2  8803  8788  8738  8774  8757  8808  8772  8793  8794  8797  8773  8802
TBILIS 1974 04 09 1  8772  8764  8780  8832  8829  8797  8805  8865  8826  8856  8826  8848
TBILIS 1974 04 09 2  8832  8857  8831  8805  8859  8889  8875  8921  8944  8913  8857  8872
TBILIS 1974 04 10 1  8868  8903  8879  8910  8858  8914  8896  8887  8916  8837  8843  8853
TBILIS 1974 04 10 2  8825  8848  8777  8815  8782  8774  8758  8829  8830  8806  8796  8822
TBILIS 1974 04 11 1  8780  8818  8811  8817  8842  8796  8832  8837  8843  8802  8746  8723
TBILIS 1974 04 11 2  8750  8794  8731  8751  8812  8762  8726  8745  8718  8750  8731  8731
TBILIS 1974 04 12 1  8736  8739  8764  8705  8750  8787  8791  8774  8779  8748  8748  8785
TBILIS 1974 04 12 2  8754  8835  8812  8798  8831  8734  8739  8765  8758  8748  8702  8713
TBILIS 1974 04 13 1  8656  8700  8799  8737  8722  8748  8786  8760  8773  8725  8761  8747
TBILIS 1974 04 13 2  8781  8745  8784  8797  8826  8792  8777  8827  8851  8820  8830  8858
TBILIS 1974 04 14 1  8827  8800  8787  8787  8833  8781  8813  8817  8788  8846  8834  8789
TBILIS 1974 04 14 2  8777  8828  8779  8856  8866  8842  8855  8834  8828  8764  8807  8825
TBILIS 1974 04 15 1  8758  8823  8761  8786  8770  8742  8827  8815  8866  8892  8837  8811
TBILIS 1974 04 15 2  8851  8829  8856  8778  8887  8860  8891  8854  8905  8865  8937  8899
TBILIS 1974 04 16 1  8854  8847  8862  8808  8827  8841  8859  8863  8879  8884  8973  8974
TBILIS 1974 04 16 2  9013  8954  8917  8896  8870  8837  8841  8841  8846  8837  8862  8848
TBILIS 1974 04 17 1  8838  8860  8835  8878  8856  8898  8857  8866  8836  8955  8869  8915
TBILIS 1974 04 17 2  8983  8948  8933  8953  8940  8888  8906  8914  8923  8911  8887  8890
TBILIS 1974 04 18 1  8905  8918  8893  8917  8949  8961  8939  9011  9016  8997  9013  9007
TBILIS 1974 04 18 2  8983  8985  8923  8879  8885  8972  8971  8982  9021  9046  8991  8923
TBILIS 1974 04 19 1  8917  8940  8917  8931  8933  8950  8954  8871  8922  8943  8931  8882
TBILIS 1974 04 19 2  8952  8889  8944  8947  8903  8928  8928  8885  8907  8885  8901  8930
TBILIS 1974 04 20 1  8914  8899  8895  8896  8786  8888  8939  8948  8974  8959  9013  8945
TBILIS 1974 04 20 2  8990  8901  8924  8900  8902  8902  8923  8867  8893  8888  8868  8902
TBILIS 1974 04 21 1  8865  8904  8812  8893  8834  8829  8864  8864  8844  8873  8860  8879
TBILIS 1974 04 21 2  8879  8811  8817  8850  8849  8856  8857  8869  8828  8862  8873  8865
TBILIS 1974 04 22 1  8889  8867  8845  8833  8871  8830  8864  8849  8795  8899  8850  8830
TBILIS 1974 04 22 2  8892  8848  8882  8880  8861  8882  8881  8870  8858  8834  8845  8861
TBILIS 1974 04 23 1  8861  8857  8851  8843  8849  8881  8874  8847  8850  8894  8885  8898
TBILIS 1974 04 23 2  8902  8890  8865  8882  8888  8930  8875  8875  8898  8894  8875  8883
TBILIS 1974 04 24 1  8891  8900  8937  8900  8887  8870  8916  8880  8894  8874  8893  8898
TBILIS 1974 04 24 2  8928  8916  8872  8928  8887  8860  8897  8925  8911  8903  8931  8939
TBILIS 1974 04 25 1  8894  8936  8912  8885  8891  8870  8867  8882  8886  8891  8901  8895
TBILIS 1974 04 25 2 99999 99999 99999 99999 99999 99999 99999 99999 99999 99999 99999 99999
TBILIS 1974 04 26 1 99999 99999 99999 99999 99999 99999 99999  8784  8802  8837  8844  8834
TBILIS 1974 04 26 2  8841  8847  8858  8856  8868  8861  8861  8879  8838  8809  8887  8840
TBILIS 1974 04 27 1  8810  8845  8840  8841  8822  8806  8829  8817  8833  8870  8822  8842
TBILIS 1974 04 27 2  8838  8922  8830  8813  8837  8812  8923  8903  8885  8850  8874  8883
TBILIS 1974 04 28 1  8879  8863  8866  8886  8847  8831  8858  8839  8837  8854  8840  8847
TBILIS 1974 04 28 2  8876  8909  8860  8869  8875  8838  8864  8877  8836  8872  8791  8808
TBILIS 1974 04 29 1  8829  8859  8845  8867  8883  8896  8885  8836  8877  8916  8892  8839
TBILIS 1974 04 29 2  8898  8850  8870  8898  8883  8858  8825  8880  8894  8846  8901  8861
TBILIS 1974 04 30 1  8856  8847  8907  8880  8833  8855  8843  8847  8867  8850  8812  8849
TBILIS 1974 04 30 2  8803  8853  8857  8906  8889  8868  8852  8834  8856  8851  8823  8897
TBILIS 1974 04 31 1 99999 99999 99999 99999 99999 99999 99999 99999 99999 99999 99999 99999
TBILIS 1974 04 31 2 99999 99999 99999 99999 99999 99999 99999 99999 99999 99999 99999 99999
Cosmic-Ray Neutron Monitor Data (Hourly, Pressure-Corrected and Scale-Adjusted Counts)
Collections: WDC for Cosmic Rays, Solar-Terrestrial Environment Laboratory, Nagoya Univ.
Data Access: http://center.stelab.nagoya-u.ac.jp/WDCCR/index.html
Project: ICSU WDC
Citation: WDC for Cosmic Rays, Solar-Terrestrial Environment Laboratory, Nagoya University
Station ID: TBILIS
Station:  TBILISI,GIORGIA,INSTITUT GEOPHYSIKY (IG), GIORGIAN ACADEMY OF SCIENCES,GIORGIA 
Instrument: 18-NM-64 NEUTRON MONITOR, CORRECTED FOR PRESSURE TO 950.0 MB, COEF. =           
Latitude (deg.):   41.72  Longitude (deg.):   44.80  Altitude (m):  510.00
Cut-Off Rigidity (GV):    6.66
Year: 1974  Month:   5
Scaling Factor (SF):    64.0   Constant (CONST):     0.0  Real Counts = (DATA + CONST)*SF
Temporal Resolution: 1 hour
UTC Start Hour:     0.0
                                                                                
                                                        
Monthly Average:  8692.7
Updated (YYYY MM DD): 1984 11 08
*******************************************************************************************
ID     YYYY MM DD 1     0     1     2     3     4     5     6     7     8     9    10    11
ID     YYYY MM DD 2    12    13    14    15    16    17    18    19    20    21    22    23
*******************************************************************************************
TBILIS 1974 05 01 1  8888  8877  8898  8848  8798  8811  8753  8769  8760  8848  8827  8809
TBILIS 1974 05 01 2  8812  8816  8830  8857  8854  8915  8895  8895  8869  8863  8857  8849
TBILIS 1974 05 02 1  8851  8880  8855  8827  8831  8812  8803  8821  8824  8839  8816  8844
TBILIS 1974 05 02 2  8891  8907  8946  8928  8908  8915  8956  8917  8871  8882  8848  8865
TBILIS 1974 05 03 1  8871  8844  8896  8850  8821  8822  8855  8877  8897  8871  8902  8927
TBILIS 1974 05 03 2  8903  8842  8844  8832  8862  8840  8829  8839  8779  8775  8826  8768
TBILIS 1974 05 04 1  8803  8822  8833  8827  8783  8811  8808  8838  8847  8911  8869  8870
TBILIS 1974 05 04 2  8831  8863  8884  8834  8867  8840  8820  8838  8808  8737  8762  8733
TBILIS 1974 05 05 1  8753  8824  8827  8800  8812  8777  8734  8742  8754  8767  8722  8763
TBILIS 1974 05 05 2  8741  8777  8799  8814  8795  8796  8821  8774  8808  8785  8735  8730
TBILIS 1974 05 06 1  8730  8689  8708  8680  8707  8676  8719  8700  8752  8779  8773  8753
TBILIS 1974 05 06 2  8733  8693  8658  8646  8675  8594  8605  8606  8596  8616  8589  8555
TBILIS 1974 05 07 1  8590  8589  8583  8611  8615  8620  8549  8560  8493  8504  8551  8459
TBILIS 1974 05 07 2  8464  8436  8473  8497  8492  8471  8471  8479  8460  8495  8477  8425
TBILIS 1974 05 08 1  8409  8431  8391  8392  8377  8469  8404  8443  8455  8474  8461  8530
TBILIS 1974 05 08 2  8510  8513  8469  8493  8490  8530  8502  8476  8504  8473  8506  8517
TBILIS 1974 05 09 1  8530  8605  8576  8580  8594  8592  8543  8567  8581  8594  8593  8641
TBILIS 1974 05 09 2  8621  8629  8590  8616  8623  8632  8577  8572  8578  8612  8628  8625
TBILIS 1974 05 10 1  8568  8575  8561  8588  8596  8623  8615  8634  8648  8646  8666  8708
TBILIS 1974 05 10 2  8688  8733  8736  8707  8726  8681  8686  8672  8662  8643  8658  8641
TBILIS 1974 05 11 1  8672  8697  8641  8650  8632  8655  8682  8673  8695  8690  8628  8705
TBILIS 1974 05 11 2  8651  8688  8714  8729  8724  8758  8715  8738  8736  8701  8738  8717
TBILIS 1974 05 12 1  8699  8706  8675  8663  8680  8655  8661  8691  8662  8702  8747  8689
TBILIS 1974 05 12 2  8747  8793  8779  8858  8748  8743  8724  8748  8759  8804  8785  8809
TBILIS 1974 05 13 1  8788  8778  8768  8790  8739  8777  8767  8759  8803  8798  8815  8832
TBILIS 1974 05 13 2  8849  8813  8803  8776  8833  8802  8883  8792  8811  8807  8753  8786
TBILIS 1974 05 14 1  8792  8776  8707  8748  8708  8693  8740  8699  8729  8766  8782  8752
TBILIS 1974 05 14 2  8739  8743  8734  8777  8733  8730  8683  8683  8713  8675  8733  8741
TBILIS 1974 05 15 1  8730  8754  8727  8689  8714  8679  8684  8759  8748  8726  8780  8719
TBILIS 1974 05 15 2  8719  8777  8808  8822  8759  8792  8721  8713  8740  8706  8723  8723
TBILIS 1974 05 16 1  8701  8686  8703  8724  8688  8708  8740  8737  8727  8728  8764  8767
TBILIS 1974 05 16 2  8776  8797  8764  8772  8752  8688 99999 99999 99999 99999 99999 99999
TBILIS 1974 05 17 1 99999 99999 99999 99999  8690  8682  8716  8667  8694  8694  8738  8727
TBILIS 1974 05 17 2  8706  8733  8690  8693  8715  8677  8710  8659  8696  8675  8661  8659
TBILIS 1974 05 18 1  8670  8650  8634  8656  8673  8624  8707  8646  8760  8718  8739  8729
TBILIS 1974 05 18 2  8725  8689  8686  8752  8707  8675  8663  8655  8644  8631  8639  8646
TBILIS 1974 05 19 1  8615  8650  8594  8611  8635  8627  8663  8694  8667  8653  8683  8700
TBILIS 1974 05 19 2  8673  8734  8688  8711  8683  8697  8670  8692  8720  8667  8654  8677
TBILIS 1974 05 20 1  8610  8669  8669  8661  8643  8603  8659  8647  8670  8725  8672  8711
TBILIS 1974 05 20 2  8707  8718  8661  8686  8762  8761  8734  8765  8708  8754  8762  8752
TBILIS 1974 05 21 1  8727  8763  8767  8732  8707  8603  8584  8642  8595  8632  8638  8700
TBILIS 1974 05 21 2  8581  8634  8592  8651  8641  8678  8653  8615  8724  8717  8675  8700
TBILIS 1974 05 22 1  8613  8670  8680  8657  8690  8719  8682  8696  8702  8740  8710  8681
TBILIS 1974 05 22 2  8704  8719  8696  8775  8714  8667  8683  8728  8696  8711  8701  8684
TBILIS 1974 05 23 1  8676  8687  8662  8672  8618  8663  8658  8662  8679  8665  8673  8697
TBILIS 1974 05 23 2  8652  8645  8673  8645  8656  8636  8674  8685  8702  8696  8710  8652
TBILIS 1974 05 24 1  8675  8658  8685  8670  8648  8672  8665  8685  8694  8677  8608  8637
TBILIS 1974 05 24 2  8625  8604  8650  8676  8680  8661  8691  8749  8750  8740  8772  8748
TBILIS 1974 05 25 1  8753  8753  8756  8729  8678  8693  8626  8635  8612  8659  8633  8647
TBILIS 1974 05 25 2  8643  8638  8642  8660  8669  8734  8726  8684  8699  8702  8656  8689
TBILIS 1974 05 26 1  8662  8687  8675  8674  8644  8633  8616  8643  8661  8690  8653  8710
TBILIS 1974 05 26 2  8704  8668  8651  8665  8692  8699  8667  8658  8649  8688  8723  8690
TBILIS 1974 05 27 1  8740  8771  8735  8762  8700  8702  8726  8730  8747  8710  8761  8771
TBILIS 1974 05 27 2  8736  8700  8708  8648  8607  8599  8642  8664  8692  8651  8671  8704
TBILIS 1974 05 28 1  8718  8689  8693  8673  8666  8669  8681  8697  8781  8784  8767  8738
TBILIS 1974 05 28 2  8735  8769  8745  8715  8719  8707  8703  8702  8671  8615  8621  8593
TBILIS 1974 05 29 1  8602  8566  8554  8599  8666  8626  8670  8630  8630  8654  8672  8672
TBILIS 1974 05 29 2  8694  8700  8688  8694  8691  8647  8648  8596  8556  8566  8564  8542
TBILIS 1974 05 30 1  8555  8557  8584  8559  8576  8543  8573  8585  8613  8609  8610  8592
TBILIS 1974 05 30 2  8648  8574  8655  8579  8604  8627  8631  8613  8600  8635  8601  8605
TBILIS 1974 05 31 1  8550  8516  8490  8449  8471  8497  8539  8529  8535  8598  8602  8626
TBILIS 1974 05 31 2  8653  8660  8617  8622  8580  8636  8542  8525  8534  8563  8527  8548
Cosmic-Ray Neutron Monitor Data (Hourly, Pressure-Corrected and Scale-Adjusted Counts)
Collections: WDC for Cosmic Rays, Solar-Terrestrial Environment Laboratory, Nagoya Univ.
Data Access: http://center.stelab.nagoya-u.ac.jp/WDCCR/index.html
Project: ICSU WDC
Citation: WDC for Cosmic Rays, Solar-Terrestrial Environment Laboratory, Nagoya University
Station ID: TBILIS
Station:  TBILISI,GIORGIA,INSTITUT GEOPHYSIKY (IG), GIORGIAN ACADEMY OF SCIENCES,GIORGIA 
Instrument: 18-NM-64 NEUTRON MONITOR, CORRECTED FOR PRESSURE TO 950.0 MB, COEF. =           
Latitude (deg.):   41.72  Longitude (deg.):   44.80  Altitude (m):  510.00
Cut-Off Rigidity (GV):    6.66
Year: 1974  Month:   6
Scaling Factor (SF):    64.0   Constant (CONST):     0.0  Real Counts = (DATA + CONST)*SF
Temporal Resolution: 1 hour
UTC Start Hour:     0.0
                                                                                
                                                        
Monthly Average:  8608.8
Updated (YYYY MM DD): 1984 11 08
*******************************************************************************************
ID     YYYY MM DD 1     0     1     2     3     4     5     6     7     8     9    10    11
ID     YYYY MM DD 2    12    13    14    15    16    17    18    19    20    21    22    23
*******************************************************************************************
TBILIS 1974 06 01 1  8568  8589  8582  8553  8500  8521  8579  8548  8549  8623  8591  8584
TBILIS 1974 06 01 2  8620  8606  8670  8622  8636  8616  8608  8648  8589  8533  8572  8570
TBILIS 1974 06 02 1  8591  8612  8615  8588  8586  8588  8575  8594  8587  8598  8586  8598
TBILIS 1974 06 02 2  8622  8577  8569  8606  8611  8637  8627  8630  8592  8521  8577  8545
TBILIS 1974 06 03 1  8555  8601  8584  8583  8581  8545  8605  8586  8568  8613  8611  8615
TBILIS 1974 06 03 2  8611  8612  8635  8620  8646  8603  8603  8592  8575  8581  8581 99999
TBILIS 1974 06 04 1 99999 99999 99999 99999  8613  8622  8644  8631  8669  8621  8626  8613
TBILIS 1974 06 04 2  8604  8623  8601  8640  8623  8649  8670  8712  8662  8691  8669  8688
TBILIS 1974 06 05 1  8670  8671  8680  8685  8690  8654  8654  8679  8662  8646  8637 99999
TBILIS 1974 06 05 2 99999 99999 99999 99999 99999 99999 99999 99999  8689  8742  8736  8746
TBILIS 1974 06 06 1  8733  8765  8718  8726  8726  8731  8731  8733  8733  8766  8736  8730
TBILIS 1974 06 06 2  8741  8739  8738  8723  8668  8715  8698  8713  8729  8706  8729  8714
TBILIS 1974 06 07 1  8732  8695  8648  8687  8659  8704  8714  8717  8737  8775  8754  8792
TBILIS 1974 06 07 2  8776  8772  8781  8754  8741  8764  8766  8761  8734  8771  8770  8741
TBILIS 1974 06 08 1  8733  8728  8761  8721  8732  8718  8792  8828  8801  8757  8763  8782
TBILIS 1974 06 08 2  8749  8760  8800  8777  8773  8749  8754  8760  8782  8825  8797  8773
TBILIS 1974 06 09 1  8759  8802  8767  8771  8788  8748  8738  8744  8725  8747  8772  8810
TBILIS 1974 06 09 2  8801  8783  8789  8853  8844  8794  8829  8791  8787  8760  8782  8789
TBILIS 1974 06 10 1  8755  8696  8688  8735  8698  8761  8753  8740  8787  8805  8818  8778
TBILIS 1974 06 10 2  8797  8785  8797  8822  8791  8740  8726  8656  8657  8644  8639  8658
TBILIS 1974 06 11 1  8603  8592  8605  8634  8613  8590  8621  8631  8636  8694  8711  8712
TBILIS 1974 06 11 2  8692  8737  8724  8707  8721  8659  8717  8668  8685  8657  8637  8674
TBILIS 1974 06 12 1  8692  8699  8675  8693  8731  8712  8735  8727  8754  8769  8692  8689
TBILIS 1974 06 12 2  8693  8681  8710  8675  8655  8670  8645  8634  8633  8593  8630  8628
TBILIS 1974 06 13 1  8599  8621  8593  8573  8582  8615  8593  8605  8628  8650  8649  8647
TBILIS 1974 06 13 2  8627  8675  8630  8663  8620  8647  8583  8557  8544  8530  8537  8542
TBILIS 1974 06 14 1  8542  8542  8580  8580  8578  8571  8558  8581  8595  8590  8539  8579
TBILIS 1974 06 14 2  8572  8607  8615  8595  8554  8580  8525  8598  8547  8507  8551  8546
TBILIS 1974 06 15 1  8490  8507  8509  8513  8512  8533  8526  8497  8515  8577  8540  8542
TBILIS 1974 06 15 2  8541  8569  8533  8550  8576  8560  8618  8612  8576  8569  8588  8591
TBILIS 1974 06 16 1  8596  8538  8534  8561  8572  8509  8519  8521  8548  8552  8531  8541
TBILIS 1974 06 16 2  8546  8601  8616  8607  8558  8591  8514 99999 99999  8521  8493  8551
TBILIS 1974 06 17 1  8527  8574  8559  8587  8580  8589  8585  8624  8581  8620 99999 99999
TBILIS 1974 06 17 2  8540  8551  8537  8542  8524  8514  8523  8485  8508  8515  8510  8558
TBILIS 1974 06 18 1  8527  8546  8469  8476  8550  8512  8485  8501  8519  8551  8499  8537
TBILIS 1974 06 18 2  8571  8575  8575  8576  8579  8518  8563  8554  8555  8536  8544  8532
TBILIS 1974 06 19 1  8508  8518  8548  8538  8535  8558  8549  8540  8563  8538  8548  8564
TBILIS 1974 06 19 2  8553  8565  8588  8586  8631  8583  8556  8551  8524  8509  8489  8520
TBILIS 1974 06 20 1  8476  8505  8458  8469  8462  8446  8489  8506  8531  8543  8506  8483
TBILIS 1974 06 20 2  8537  8520  8524  8575  8582  8539  8555  8538  8587  8542  8535  8549
TBILIS 1974 06 21 1  8512  8544  8543  8541  8548  8506  8503  8496  8553  8542  8570  8568
TBILIS 1974 06 21 2  8532  8525  8524  8506  8549  8551  8519  8528  8507  8471  8415  8478
TBILIS 1974 06 22 1  8471  8484  8480  8482  8510  8491  8566  8539  8554  8529  8534  8471
TBILIS 1974 06 22 2  8497  8509  8536  8495  8507  8567  8560  8547  8517  8551  8573  8514
TBILIS 1974 06 23 1  8494  8554  8535  8537  8498  8515  8544  8544  8558  8550  8518  8558
TBILIS 1974 06 23 2 99999 99999 99999  8543  8564  8590  8621  8550  8574  8559  8545  8568
TBILIS 1974 06 24 1  8544  8596  8573  8628  8610  8610  8641  8622  8605  8658  8611  8561
TBILIS 1974 06 24 2  8611  8579  8594  8594  8555  8595  8555  8544  8566  8557  8551  8601
TBILIS 1974 06 25 1  8586  8572  8578  8572  8604  8626  8617  8646  8598  8625  8656  8618
TBILIS 1974 06 25 2  8590  8606  8613  8619  8620  8628  8631  8629  8596  8604  8603  8572
TBILIS 1974 06 26 1  8542  8569  8608  8579  8610  8634  8674  8629  8666  8634  8757  8592
TBILIS 1974 06 26 2  8646  8647  8608  8560  8529  8588  8580  8567  8564  8516  8515  8523
TBILIS 1974 06 27 1  8507  8496  8547  8628  8629  8574  8489  8547  8590  8553  8594  8589
TBILIS 1974 06 27 2  8550  8472  8542  8571  8545  8542  8540  8545  8500  8500  8524  8525
TBILIS 1974 06 28 1  8568  8556  8593  8562  8550  8511  8552  8543  8584  8566  8577  8592
TBILIS 1974 06 28 2  8594  8604  8604  8568  8593  8587  8570  8546  8567  8546  8580  8514
TBILIS 1974 06 29 1  8565  8511  8534  8558  8541  8561  8575  8555  8575  8564  8606  8604
TBILIS 1974 06 29 2  8604  8563  8577  8601  8552  8558  8551  8564  8547  8541  8523  8516
TBILIS 1974 06 30 1  8545  8520  8554  8536  8574  8571  8528  8600  8569  8542  8575  8583
TBILIS 1974 06 30 2  8599  8599  8619  8601  8596  8655  8658  8637  8661  8632  8630  8599
TBILIS 1974 06 31 1 99999 99999 99999 99999 99999 99999 99999 99999 99999 99999 99999 99999
TBILIS 1974 06 31 2 99999 99999 99999 99999 99999 99999 99999 99999 99999 99999 99999 99999
Cosmic-Ray Neutron Monitor Data (Hourly, Pressure-Corrected and Scale-Adjusted Counts)
Collections: WDC for Cosmic Rays, Solar-Terrestrial Environment Laboratory, Nagoya Univ.
Data Access: http://center.stelab.nagoya-u.ac.jp/WDCCR/index.html
Project: ICSU WDC
Citation: WDC for Cosmic Rays, Solar-Terrestrial Environment Laboratory, Nagoya University
Station ID: TBILIS
Station:  TBILISI,GIORGIA,INSTITUT GEOPHYSIKY (IG), GIORGIAN ACADEMY OF SCIENCES,GIORGIA 
Instrument: 18-NM-64 NEUTRON MONITOR, CORRECTED FOR PRESSURE TO 950.0 MB, COEF. =           
Latitude (deg.):   41.72  Longitude (deg.):   44.80  Altitude (m):  510.00
Cut-Off Rigidity (GV):    6.66
Year: 1974  Month:   7
Scaling Factor (SF):    64.0   Constant (CONST):     0.0  Real Counts = (DATA + CONST)*SF
Temporal Resolution: 1 hour
UTC Start Hour:     0.0
                                                                                
                                                        
Monthly Average:  8528.0
Updated (YYYY MM DD): 1984 11 08
*******************************************************************************************
ID     YYYY MM DD 1     0     1     2     3     4     5     6     7     8     9    10    11
ID     YYYY MM DD 2    12    13    14    15    16    17    18    19    20    21    22    23
*******************************************************************************************
TBILIS 1974 07 01 1  8635  8626  8627  8592  8578  8571  8579  8609  8568  8573  8542  8564
TBILIS 1974 07 01 2  8561  8563  8581  8580  8607  8608  8634  8668  8677  8623  8681  8648
TBILIS 1974 07 02 1  8640  8643  8612  8600  8594  8544  8504  8468  8594  8599  8626  8613
TBILIS 1974 07 02 2  8629  8675  8666  8568  8539  8543  8553  8553  8520  8518  8532  8532
TBILIS 1974 07 03 1  8555  8566  8537  8588  8623  8612  8612  8654  8685  8689  8693  8674
TBILIS 1974 07 03 2  8633  8638  8643  8598  8623  8640  8591  8628  8614  8592  8603  8636
TBILIS 1974 07 04 1  8664  8619  8633  8631  8612  8614  8586  8601  8583  8592  8591  8594
TBILIS 1974 07 04 2  8572  8605  8624  8619  8593  8616  8511  8507  8495  8454  8483  8501
TBILIS 1974 07 05 1  8528  8499  8540  8571  8521  8472  8468  8513  8505  8524  8524  8478
TBILIS 1974 07 05 2  8519  8500  8535  8526  8541  8545  8571  8510  8511  8536  8590  8594
TBILIS 1974 07 06 1  8562  8545  8585  8565  8531  8594  8596  8575  8546  8521  8587  8626
TBILIS 1974 07 06 2  8669  8691  8681  8674  8608  8541  8437  8436  8446  8437  8460  8398
TBILIS 1974 07 07 1  8441  8464  8454  8463  8448  8434  8466  8430  8451  8485  8451  8429
TBILIS 1974 07 07 2  8428  8363  8359  8377  8392  8350  8328  8301  8355  8345  8351  8259
TBILIS 1974 07 08 1  8167  8095  8057  8072  8147  8210  8233  8249  8265  8320  8333  8352
TBILIS 1974 07 08 2  8375  8387  8350  8351  8368  8379  8413  8422  8381  8405  8419  8432
TBILIS 1974 07 09 1  8427  8467  8413  8393  8428  8445  8402  8407  8418  8453  8429  8425
TBILIS 1974 07 09 2  8425  8432  8414  8429  8420  8401  8399  8399  8383  8433  8393  8446
TBILIS 1974 07 10 1  8429  8398  8425  8446  8402  8410  8419  8435  8446  8488  8454  8543
TBILIS 1974 07 10 2  8535  8498  8526  8488  8450  8483  8490  8432  8442  8443  8393  8378
TBILIS 1974 07 11 1  8394  8389  8432  8389  8394  8367  8353  8383  8475  8498  8460  8478
TBILIS 1974 07 11 2  8472  8404  8473  8411  8507  8440  8448  8468  8436  8398  8452  8456
TBILIS 1974 07 12 1  8447  8443  8455  8455  8478  8448  8449  8488  8518  8443  8502  8472
TBILIS 1974 07 12 2  8497  8506  8581  8518  8550  8532  8532  8527  8515  8425  8524  8482
TBILIS 1974 07 13 1  8486  8519  8530  8504  8491  8534  8462  8515  8505  8519  8541  8495
TBILIS 1974 07 13 2  8524  8570  8532  8521  8520  8479  8458  8483  8434  8456  8462  8446
TBILIS 1974 07 14 1  8481  8481  8516  8502  8490  8460  8505  8463  8479  8528  8527  8491
TBILIS 1974 07 14 2  8518  8500  8539  8571  8534  8512  8520  8523  8542  8517  8491  8479
TBILIS 1974 07 15 1  8501  8475  8488  8481  8487  8453  8486  8485  8494  8498  8485  8493
TBILIS 1974 07 15 2  8525  8544  8529  8542  8534  8528  8539  8553  8546  8534  8547  8564
TBILIS 1974 07 16 1  8543  8552  8568  8554  8508  8513  8500  8510  8511  8523  8535  8547
TBILIS 1974 07 16 2  8541  8548  8510  8544  8544  8522  8534  8540  8543  8560  8567  8542
TBILIS 1974 07 17 1  8515  8583  8524  8550  8476  8508  8473  8515  8549  8522  8537  8520
TBILIS 1974 07 17 2  8524  8536  8548  8504  8551  8589  8568  8622  8566  8579  8582  8535
TBILIS 1974 07 18 1  8532  8507  8490  8501  8499  8475  8485  8500  8465  8476  8492  8518
TBILIS 1974 07 18 2  8510  8563  8545  8544  8559  8565  8495  8561  8492  8533  8507  8485
TBILIS 1974 07 19 1  8497  8515  8486  8524  8491  8457  8499  8490  8471  8514  8497  8493
TBILIS 1974 07 19 2  8490  8474  8501  8508  8494  8527  8520  8514  8503  8512  8525  8499
TBILIS 1974 07 20 1  8499  8492  8489  8485  8490  8498  8525  8489  8450  8520  8526  8597
TBILIS 1974 07 20 2  8581  8560  8569  8527  8540  8503  8521  8507  8495  8508  8502  8486
TBILIS 1974 07 21 1  8495  8451  8477  8502  8445  8462  8420  8442  8489  8505  8490  8469
TBILIS 1974 07 21 2  8466  8453  8468  8435  8450  8469  8417  8458  8460  8425  8460  8467
TBILIS 1974 07 22 1  8490  8493  8445  8487  8448  8481  8470  8455  8513  8473  8468  8507
TBILIS 1974 07 22 2  8461  8469  8457  8441  8477  8496  8498  8527  8571  8535  8558  8541
TBILIS 1974 07 23 1  8541  8522  8542  8536  8495  8497  8538  8520  8530  8531  8532  8615
TBILIS 1974 07 23 2  8560  8547  8543  8555  8520  8523  8460  8480  8467  8444  8458  8417
TBILIS 1974 07 24 1  8414  8409  8481  8440  8465  8489  8497  8502  8509  8486  8507  8502
TBILIS 1974 07 24 2  8478  8528  8535  8519  8502  8576  8550  8561  8520  8536  8477  8536
TBILIS 1974 07 25 1  8529  8535  8526  8514  8585  8511  8489  8531  8532  8535  8554  8489
TBILIS 1974 07 25 2  8484  8496  8503  8555  8551  8543  8605  8564  8549  8547  8555  8514
TBILIS 1974 07 26 1  8505  8517  8489  8540  8516  8489  8538  8540  8506  8500  8464  8541
TBILIS 1974 07 26 2  8515  8509  8535  8536  8491  8537  8494  8512  8509  8487  8495  8474
TBILIS 1974 07 27 1  8476  8527  8538  8513  8554  8527  8551  8546  8561  8571  8556  8568
TBILIS 1974 07 27 2  8621  8595  8588  8646  8615  8595  8611  8581  8619  8585  8550  8537
TBILIS 1974 07 28 1  8545  8549  8536  8574  8580  8599  8609  8591  8586  8548  8556  8560
TBILIS 1974 07 28 2  8565  8556  8555  8570  8662  8627  8631  8579  8600  8616  8581  8593
TBILIS 1974 07 29 1  8577  8566  8584  8553  8568  8570  8600  8606  8639  8663  8639  8656
TBILIS 1974 07 29 2  8613  8585  8645  8633  8697  8657  8681  8673  8695  8654  8688  8622
TBILIS 1974 07 30 1  8651  8658  8667  8698  8684  8717  8700  8748  8735  8747  8770  8779
TBILIS 1974 07 30 2  8780  8740  8750  8787  8838  8817  8793  8788  8787  8768  8758  8755
TBILIS 1974 07 31 1  8687  8708  8732  8734  8774  8780  8736  8716  8727  8735  8743  8723
TBILIS 1974 07 31 2  8732  8728  8693  8747  8772  8812  8816  8788  8801  8810  8776  8718
Cosmic-Ray Neutron Monitor Data (Hourly, Pressure-Corrected and Scale-Adjusted Counts)
Collections: WDC for Cosmic Rays, Solar-Terrestrial Environment Laboratory, Nagoya Univ.
Data Access: http://center.stelab.nagoya-u.ac.jp/WDCCR/index.html
Project: ICSU WDC
Citation: WDC for Cosmic Rays, Solar-Terrestrial Environment Laboratory, Nagoya University
Station ID: TBILIS
Station:  TBILISI,GIORGIA,INSTITUT GEOPHYSIKY (IG), GIORGIAN ACADEMY OF SCIENCES,GIORGIA 
Instrument: 18-NM-64 NEUTRON MONITOR, CORRECTED FOR PRESSURE TO 950.0 MB, COEF. =           
Latitude (deg.):   41.72  Longitude (deg.):   44.80  Altitude (m):  510.00
Cut-Off Rigidity (GV):    6.66
Year: 1974  Month:   8
Scaling Factor (SF):    64.0   Constant (CONST):     0.0  Real Counts = (DATA + CONST)*SF
Temporal Resolution: 1 hour
UTC Start Hour:     0.0
                                                                                
                                                        
Monthly Average:  8613.4
Updated (YYYY MM DD): 1984 11 08
*******************************************************************************************
ID     YYYY MM DD 1     0     1     2     3     4     5     6     7     8     9    10    11
ID     YYYY MM DD 2    12    13    14    15    16    17    18    19    20    21    22    23
*******************************************************************************************
TBILIS 1974 08 01 1  8712  8752  8733  8710  8708  8741  8727  8698  8716  8778  8759  8751
TBILIS 1974 08 01 2  8703  8740  8740  8767  8730  8730  8743  8734  8782  8737  8746  8681
TBILIS 1974 08 02 1  8689  8743  8728  8745  8732  8719  8703  8743  8723  8715  8704  8735
TBILIS 1974 08 02 2  8716  8719  8688  8760  8785  8820  8836  8830  8807  8833  8801  8806
TBILIS 1974 08 03 1  8760  8751  8731  8726  8708  8728  8754  8739  8770  8765  8767  8763
TBILIS 1974 08 03 2  8747  8727  8766  8742  8731  8710  8696  8745  8740  8666  8617  8601
TBILIS 1974 08 04 1  8655  8617  8622  8635  8626  8681  8685  8703  8740  8736  8723  8699
TBILIS 1974 08 04 2  8662  8673  8642  8690  8677  8648  8632  8626  8581  8589  8577  8579
TBILIS 1974 08 05 1  8544  8574  8573  8576  8612  8581  8582  8620  8623  8662  8682  8711
TBILIS 1974 08 05 2  8697  8697  8677  8644  8684  8671  8657  8673  8575  8644  8637  8613
TBILIS 1974 08 06 1  8666  8636  8638  8620  8641  8626  8632  8628  8646  8663  8682  8658
TBILIS 1974 08 06 2  8660  8657  8682  8669  8646  8627  8623  8636  8595  8604  8651  8672
TBILIS 1974 08 07 1  8688  8654  8664  8643  8638  8606  8612  8608  8588  8673  8644  8676
TBILIS 1974 08 07 2  8650  8634  8618  8631  8644  8645  8597  8653  8622  8605  8590  8581
TBILIS 1974 08 08 1  8578  8580  8554  8550  8564  8549  8597  8556  8575  8587  8561  8598
TBILIS 1974 08 08 2  8589  8560  8606  8617  8591  8590  8564  8574  8612  8570  8481  8570
TBILIS 1974 08 09 1  8507  8517  8555  8524  8535  8536  8537  8570  8564  8564  8538  8546
TBILIS 1974 08 09 2  8550  8566  8533  8551  8552  8536  8576  8539  8548  8541  8562  8556
TBILIS 1974 08 10 1  8534  8543  8519  8524  8495  8465  8449  8478  8503  8515  8551  8502
TBILIS 1974 08 10 2  8518  8550  8548  8552  8590  8548  8548  8548  8539  8578  8579  8557
TBILIS 1974 08 11 1  8541  8551  8565  8520  8514  8520  8517  8519  8540  8567  8577  8560
TBILIS 1974 08 11 2  8592  8628  8519  8605  8591  8585  8568  8580  8546  8561  8546  8519
TBILIS 1974 08 12 1  8572  8535  8527  8525  8501  8553  8541  8567  8573  8550  8564  8560
TBILIS 1974 08 12 2  8553  8552  8560  8567  8542  8539  8567  8540  8544  8570  8531  8521
TBILIS 1974 08 13 1  8532  8566  8534  8523  8525  8531  8508  8538  8508  8512  8543  8562
TBILIS 1974 08 13 2  8553  8547  8543  8560  8563  8580  8585  8571  8577  8551  8539  8520
TBILIS 1974 08 14 1  8534  8537  8531  8504  8482  8508  8560  8559  8598  8556  8528  8519
TBILIS 1974 08 14 2  8524  8510  8525  8505  8551  8530  8522  8512  8529  8521  8486  8573
TBILIS 1974 08 15 1  8551  8556  8567  8567  8572  8554  8587  8569  8577  8585  8615  8589
TBILIS 1974 08 15 2  8561  8589  8581  8575  8565  8571  8568  8562  8584  8582  8590  8621
TBILIS 1974 08 16 1  8598  8586  8577  8568  8581  8600  8611  8658  8611  8628  8615  8612
TBILIS 1974 08 16 2  8602  8562  8562  8598  8610  8599  8579  8537  8569  8550  8533  8559
TBILIS 1974 08 17 1  8541  8558  8574  8596  8619  8593  8646  8637  8676  8674  8626  8601
TBILIS 1974 08 17 2  8647  8603  8694  8630  8636  8653  8613  8567  8706  8578  8660  8588
TBILIS 1974 08 18 1  8616  8631  8627  8606  8669  8642  8633  8634  8648  8643  8692  8622
TBILIS 1974 08 18 2  8628  8643  8680  8646  8659  8621  8588  8602  8569  8529  8568  8585
TBILIS 1974 08 19 1  8603  8614  8629  8633  8621  8621  8572  8609  8619  8690  8707  8734
TBILIS 1974 08 19 2  8710  8710  8728  8739  8729  8740  8715  8765  8715  8730  8690  8665
TBILIS 1974 08 20 1  8649  8652  8598  8622  8558  8569  8575  8636  8619  8619  8633  8625
TBILIS 1974 08 20 2  8634  8628  8635  8670  8601  8565  8574  8583  8554  8579  8533  8539
TBILIS 1974 08 21 1  8546  8548  8557  8558  8569  8552  8537  8587  8621  8595  8648  8539
TBILIS 1974 08 21 2  8567  8618  8643  8649  8618  8647  8626  8591  8590  8592  8603  8577
TBILIS 1974 08 22 1  8580  8566  8588  8578  8543  8578  8546  8542  8569  8594  8593  8572
TBILIS 1974 08 22 2  8591  8610  8577  8620  8557  8511  8515  8511  8481  8483  8534  8481
TBILIS 1974 08 23 1  8483  8498  8548  8520  8529  8523  8534  8526  8492  8579  8539  8605
TBILIS 1974 08 23 2  8594  8570  8551  8553  8594  8590  8567  8552  8583  8562  8563  8582
TBILIS 1974 08 24 1  8569  8603  8558  8598  8589  8553  8586  8562  8583  8587  8592  8614
TBILIS 1974 08 24 2  8600  8587  8565  8633  8595  8618  8595  8576  8583  8559  8545  8538
TBILIS 1974 08 25 1  8570  8590  8590  8606  8611  8628  8581  8598  8613  8642  8674  8623
TBILIS 1974 08 25 2  8635  8631  8609  8622  8622  8669  8642  8632  8616  8601  8576  8568
TBILIS 1974 08 26 1  8629  8638  8623  8669  8682  8666  8646  8631  8619  8630  8654  8673
TBILIS 1974 08 26 2  8656  8671  8601  8660  8649  8595  8560  8552  8591  8585  8609  8600
TBILIS 1974 08 27 1  8596  8643  8628  8671  8657  8661  8741  8667  8722  8685  8693  8676
TBILIS 1974 08 27 2  8715  8719  8684  8671  8702  8678  8626  8667  8632  8639  8595  8591
TBILIS 1974 08 28 1  8633  8588  8632  8618  8625 99999 99999  8607  8650  8645  8706  8667
TBILIS 1974 08 28 2  8672  8691 99999 99999 99999 99999 99999 99999  8696  8695  8670  8680
TBILIS 1974 08 29 1  8690  8683  8680  8727  8714  8726  8686  8662  8681  8721  8707  8682
TBILIS 1974 08 29 2  8689  8647  8643  8633  8672  8604  8627  8667  8645  8664  8659  8671
TBILIS 1974 08 30 1  8661  8675  8635  8666  8630  8641  8639  8629  8618  8636  8638  8655
TBILIS 1974 08 30 2  8653  8645  8627  8629  8623  8628  8587  8582  8556  8602  8584  8598
TBILIS 1974 08 31 1  8572  8579  8604  8577  8555  8574  8609  8585  8636  8651  8650  8665
TBILIS 1974 08 31 2  8612  8617  8607  8565  8543  8570  8597  8561  8541  8577  8565  8526
Cosmic-Ray Neutron Monitor Data (Hourly, Pressure-Corrected and Scale-Adjusted Counts)
Collections: WDC for Cosmic Rays, Solar-Terrestrial Environment Laboratory, Nagoya Univ.
Data Access: http://center.stelab.nagoya-u.ac.jp/WDCCR/index.html
Project: ICSU WDC
Citation: WDC for Cosmic Rays, Solar-Terrestrial Environment Laboratory, Nagoya University
Station ID: TBILIS
Station:  TBILISI,GIORGIA,INSTITUT GEOPHYSIKY (IG), GIORGIAN ACADEMY OF SCIENCES,GIORGIA 
Instrument: 18-NM-64 NEUTRON MONITOR, CORRECTED FOR PRESSURE TO 950.0 MB, COEF. =           
Latitude (deg.):   41.72  Longitude (deg.):   44.80  Altitude (m):  510.00
Cut-Off Rigidity (GV):    6.66
Year: 1974  Month:   9
Scaling Factor (SF):    64.0   Constant (CONST):     0.0  Real Counts = (DATA + CONST)*SF
Temporal Resolution: 1 hour
UTC Start Hour:     0.0
                                                                                
                                                        
Monthly Average:  8543.0
Updated (YYYY MM DD): 1984 11 08
*******************************************************************************************
ID     YYYY MM DD 1     0     1     2     3     4     5     6     7     8     9    10    11
ID     YYYY MM DD 2    12    13    14    15    16    17    18    19    20    21    22    23
*******************************************************************************************
TBILIS 1974 09 01 1  8537  8564  8547  8524  8550  8547  8596  8588  8618  8626  8663  8668
TBILIS 1974 09 01 2  8643  8631  8661  8615  8592  8624  8619  8603  8589  8599  8603  8605
TBILIS 1974 09 02 1  8594  8594  8589  8589  8588  8643  8671  8636  8693  8692  8723  8673
TBILIS 1974 09 02 2  8661  8715  8674  8670  8642  8700  8665  8694  8644  8659  8628  8638
TBILIS 1974 09 03 1  8577  8649  8635  8621  8590  8641  8627  8628  8621  8693  8645  8686
TBILIS 1974 09 03 2  8638  8655  8630  8632  8624  8624  8593  8630  8633  8617  8610  8615
TBILIS 1974 09 04 1  8653  8621  8585  8586  8586  8601  8610  8581  8627  8610  8623  8594
TBILIS 1974 09 04 2  8577  8594  8599  8615  8600  8615  8598  8598  8577  8550  8559  8547
TBILIS 1974 09 05 1  8548  8594  8588  8618  8560  8608  8604  8602  8616  8661  8631  8661
TBILIS 1974 09 05 2  8661  8646  8634  8603  8649  8645  8595  8606  8561  8593  8608  8577
TBILIS 1974 09 06 1  8557  8602  8601  8591  8593  8598  8593  8570  8593  8618  8599  8586
TBILIS 1974 09 06 2  8589  8572  8578  8557  8556  8519  8599  8535  8558  8555  8532  8557
TBILIS 1974 09 07 1  8565  8567  8549  8564  8570  8577  8577  8557  8600  8592  8581  8574
TBILIS 1974 09 07 2  8603  8567  8546  8554  8657  8625  8630  8610  8585  8610  8601  8600
TBILIS 1974 09 08 1  8576  8607  8606  8585  8604  8620  8618  8630  8658  8621  8640  8720
TBILIS 1974 09 08 2  8646  8636  8628  8620  8649  8611  8598  8605  8618  8600  8590  8590
TBILIS 1974 09 09 1  8566  8550  8530  8553  8545  8548  8570  8528  8544  8531  8557  8562
TBILIS 1974 09 09 2  8553  8563  8538  8545  8568  8545  8578  8559  8635  8552  8588  8542
TBILIS 1974 09 10 1  8528  8544  8570  8557  8580  8552  8575  8587  8579  8545  8549  8559
TBILIS 1974 09 10 2  8551  8550  8522  8572  8542  8547  8551  8538  8549  8552  8603  8570
TBILIS 1974 09 11 1  8537  8539  8498  8523  8559  8549  8572  8550  8515  8504  8501  8507
TBILIS 1974 09 11 2  8522  8507  8519  8536  8534  8538  8559  8544  8510  8549  8549  8542
TBILIS 1974 09 12 1  8527  8498  8492  8466  8467  8503  8496  8489  8527  8500  8504  8513
TBILIS 1974 09 12 2  8551  8520  8575  8549  8556  8616  8590  8596  8598  8538  8545  8545
TBILIS 1974 09 13 1  8508  8518  8518  8503  8533  8466  8475  8467  8491  8509  8539  8497
TBILIS 1974 09 13 2  8539  8555  8599  8522  8482  8452  8436  8434  8455  8429  8409  8397
TBILIS 1974 09 14 1  8413  8372  8421  8373  8416  8418  8437  8436  8458  8402  8423  8439
TBILIS 1974 09 14 2  8380  8443  8378  8408  8409  8423  8409  8380  8431  8439  8476  8421
TBILIS 1974 09 15 1  8433  8412  8395  8413  8394  8403  8358  8368  8344  8312  8404  8446
TBILIS 1974 09 15 2  8468  8484  8468  8532  8477  8466  8471  8388  8257  8301  8309  8332
TBILIS 1974 09 16 1  8264  8274  8329  8369  8367  8362  8319  8346  8328  8360  8348  8362
TBILIS 1974 09 16 2  8414  8392  8322  8365  8363  8394  8396  8406  8386  8373  8417  8388
TBILIS 1974 09 17 1  8365  8370  8334  8326  8319  8313  8366  8358  8383  8364  8375  8362
TBILIS 1974 09 17 2  8400  8386  8382  8353  8327  8303  8302  8319  8299  8286  8310  8307
TBILIS 1974 09 18 1  8295  8328  8347  8366  8369  8376  8325  8296  8430  8426  8442  8436
TBILIS 1974 09 18 2  8446  8468  8459  8427  8380  8378  8327  8351  8363  8349  8331  8356
TBILIS 1974 09 19 1  8374  8351  8386  8373  8352  8352  8326  8353  8397  8400  8423  8406
TBILIS 1974 09 19 2  8419  8431  8398  8406  8388  8434  8471  8434  8470  8466  8449  8412
TBILIS 1974 09 20 1  8433  8454  8479  8467  8483  8432  8423  8421  8500  8459  8493  8504
TBILIS 1974 09 20 2  8495  8475  8550  8483  8465  8532  8532  8543  8522  8543  8525  8525
TBILIS 1974 09 21 1  8556  8515  8555  8510  8507  8562  8508  8564  8542  8504  8548  8564
TBILIS 1974 09 21 2  8538  8540  8531  8497  8460  8484  8452  8500  8488  8514  8504  8479
TBILIS 1974 09 22 1  8461  8464  8502  8476  8496  8541  8535  8553  8581  8601  8629  8611
TBILIS 1974 09 22 2  8621  8608  8602  8625  8593  8577  8583  8588  8609  8590  8586  8602
TBILIS 1974 09 23 1  8615  8621  8616  8598  8560  8588  8557  8619  8586  8634  8612  8645
TBILIS 1974 09 23 2  8671  8658  8657  8655  8682  8653  8699  8689  8681  8700  8636  8605
TBILIS 1974 09 24 1  8587  8616  8593  8568  8621  8594  8536  8521  8571  8531  8556  8565
TBILIS 1974 09 24 2  8560  8643  8666  8677  8669  8672  8722  8661  8712  8678  8661  8698
TBILIS 1974 09 25 1  8670  8684  8637  8643  8630  8582  8569  8583  8576  8594  8625  8588
TBILIS 1974 09 25 2  8651  8656  8675  8631  8608  8618  8610  8627  8698  8643  8620  8674
TBILIS 1974 09 26 1  8615  8635  8627  8655  8651  8624  8636  8641  8667  8684  8771  8695
TBILIS 1974 09 26 2  8633  8709  8658  8629  8632  8636  8633  8625  8595  8550  8558  8537
TBILIS 1974 09 27 1  8575  8564  8583  8587  8572  8559  8629  8599  8571  8595  8661  8692
TBILIS 1974 09 27 2  8629  8643  8641  8608  8542  8627  8586  8582  8623  8610  8608  8557
TBILIS 1974 09 28 1  8553  8557  8576  8519  8537  8565  8532  8563  8584  8610  8608  8599
TBILIS 1974 09 28 2  8614  8624  8637  8604  8570  8635  8594  8612  8595  8613  8591  8584
TBILIS 1974 09 29 1  8562  8570  8545  8547  8515  8521  8532  8551  8563  8595  8610  8641
TBILIS 1974 09 29 2  8614  8624  8639  8596  8629  8620  8668  8650  8622  8599  8603  8597
TBILIS 1974 09 30 1  8592  8562  8570  8572  8523  8552  8563  8626  8539  8587  8630  8616
TBILIS 1974 09 30 2  8615  8598  8589  8566  8597  8555  8573  8587  8550  8562  8552  8520
TBILIS 1974 09 31 1 99999 99999 99999 99999 99999 99999 99999 99999 99999 99999 99999 99999
TBILIS 1974 09 31 2 99999 99999 99999 99999 99999 99999 99999 99999 99999 99999 99999 99999
Cosmic-Ray Neutron Monitor Data (Hourly, Pressure-Corrected and Scale-Adjusted Counts)
Collections: WDC for Cosmic Rays, Solar-Terrestrial Environment Laboratory, Nagoya Univ.
Data Access: http://center.stelab.nagoya-u.ac.jp/WDCCR/index.html
Project: ICSU WDC
Citation: WDC for Cosmic Rays, Solar-Terrestrial Environment Laboratory, Nagoya University
Station ID: TBILIS
Station:  TBILISI,GIORGIA,INSTITUT GEOPHYSIKY (IG), GIORGIAN ACADEMY OF SCIENCES,GIORGIA 
Instrument: 18-NM-64 NEUTRON MONITOR, CORRECTED FOR PRESSURE TO 950.0 MB, COEF. =           
Latitude (deg.):   41.72  Longitude (deg.):   44.80  Altitude (m):  510.00
Cut-Off Rigidity (GV):    6.66
Year: 1974  Month:  10
Scaling Factor (SF):    64.0   Constant (CONST):     0.0  Real Counts = (DATA + CONST)*SF
Temporal Resolution: 1 hour
UTC Start Hour:     0.0
                                                                                
                                                        
Monthly Average:  8575.1
Updated (YYYY MM DD): 1984 11 08
*******************************************************************************************
ID     YYYY MM DD 1     0     1     2     3     4     5     6     7     8     9    10    11
ID     YYYY MM DD 2    12    13    14    15    16    17    18    19    20    21    22    23
*******************************************************************************************
TBILIS 1974 10 01 1  8549  8561  8531  8513  8563  8509  8487  8537  8533  8525  8575  8572
TBILIS 1974 10 01 2  8582  8589  8562  8600  8583  8615  8618  8605  8615  8596  8566  8572
TBILIS 1974 10 02 1  8560  8554  8563  8523  8536  8592  8544  8578  8553  8614  8599  8609
TBILIS 1974 10 02 2  8586  8625  8655  8582  8633  8593  8596  8584  8616  8560  8572  8576
TBILIS 1974 10 03 1  8572  8549  8543  8598  8537  8542  8588  8545  8569  8577  8606  8578
TBILIS 1974 10 03 2  8612  8559  8595  8591  8611  8628  8659  8613  8632  8644  8611  8578
TBILIS 1974 10 04 1  8591  8604  8594  8571  8562  8568  8554  8591  8632  8583  8631  8587
TBILIS 1974 10 04 2  8601  8604  8601  8644  8630  8655  8631  8601  8605  8617  8583  8601
TBILIS 1974 10 05 1  8567  8577  8583  8587  8588  8596  8613  8651  8654  8705  8656  8597
TBILIS 1974 10 05 2  8608  8603  8597  8532  8547  8588  8534  8532  8522  8535  8520  8534
TBILIS 1974 10 06 1  8567  8555  8525  8518  8532  8507  8491  8571  8587  8606  8571  8594
TBILIS 1974 10 06 2  8574  8577  8571  8568  8583  8594  8544  8589  8541  8520  8532  8547
TBILIS 1974 10 07 1  8566  8555  8520  8567  8526  8555  8527  8553  8566  8533  8559  8549
TBILIS 1974 10 07 2  8556  8541  8580  8553  8517  8518  8537  8522  8496  8517  8513  8492
TBILIS 1974 10 08 1  8526  8522  8493  8506  8513  8518  8501  8494  8517  8521  8587  8604
TBILIS 1974 10 08 2  8586  8594  8609  8562  8576  8585  8589  8584  8604  8578  8615  8597
TBILIS 1974 10 09 1  8594  8593  8593  8564  8580  8596  8598  8591  8605  8598  8549  8573
TBILIS 1974 10 09 2  8580  8523  8633  8574  8548  8586  8578  8571  8533  8583  8532  8521
TBILIS 1974 10 10 1  8526  8515  8508  8513  8562  8567  8566  8543  8569  8565  8531  8525
TBILIS 1974 10 10 2  8471  8496  8513  8541  8515  8491  8508  8538  8536  8506  8537  8499
TBILIS 1974 10 11 1  8519  8482  8538  8549  8516  8536  8577  8554  8495  8530  8505  8523
TBILIS 1974 10 11 2  8516  8543  8572  8550  8563  8556  8511  8519  8520  8521  8521  8545
TBILIS 1974 10 12 1  8590  8554  8506  8535  8546  8516  8512  8516  8500  8528  8524  8544
TBILIS 1974 10 12 2  8551  8553  8519  8497  8500  8472  8465  8485  8453  8565  8521  8516
TBILIS 1974 10 13 1  8586  8516  8558  8553  8534  8544  8528  8574  8589  8582  8616  8642
TBILIS 1974 10 13 2  8576  8656  8628  8583  8596  8601  8620  8568  8594  8566  8605  8566
TBILIS 1974 10 14 1  8598  8599  8574  8596  8557  8588  8597  8550  8516  8521  8504  8559
TBILIS 1974 10 14 2  8528  8537  8534  8547  8612  8651  8644  8640  8643  8634  8606  8583
TBILIS 1974 10 15 1  8553  8566  8525  8575  8591  8564  8555  8554  8572  8511  8501  8427
TBILIS 1974 10 15 2  8444  8423  8396  8369  8374  8435  8513  8498  8525  8559  8541  8533
TBILIS 1974 10 16 1  8527  8496  8536  8522  8524  8522  8537  8522  8563  8571  8615  8624
TBILIS 1974 10 16 2  8589  8568  8546  8561  8561  8545  8532  8486  8477  8531  8510  8483
TBILIS 1974 10 17 1  8515  8532  8515  8497  8553  8525  8515  8512  8510  8449  8562  8568
TBILIS 1974 10 17 2  8561  8601  8605  8573  8579  8610  8619  8610  8610  8616  8630  8610
TBILIS 1974 10 18 1  8569  8599  8549  8584  8572  8593  8590  8578  8563  8558  8587  8593
TBILIS 1974 10 18 2  8623  8618  8633  8582  8618  8615  8562  8579  8554  8569  8547  8545
TBILIS 1974 10 19 1  8565  8579  8570  8563  8577  8555  8562  8550  8581  8572  8593  8609
TBILIS 1974 10 19 2  8597  8603  8594  8584  8590  8654  8672  8706  8677  8671  8592  8618
TBILIS 1974 10 20 1  8627  8618  8635  8598  8587  8585  8575  8620  8564  8549  8578  8583
TBILIS 1974 10 20 2  8596  8615  8645  8584  8604  8571  8601  8608  8607  8571  8576  8547
TBILIS 1974 10 21 1  8572  8557  8531  8525  8501  8525  8527  8551  8519  8541  8541  8584
TBILIS 1974 10 21 2  8605  8599  8619  8580  8594  8653  8626  8638  8613  8602  8603  8578
TBILIS 1974 10 22 1  8588  8585  8587  8597  8606  8608  8644  8658  8647  8622  8681  8652
TBILIS 1974 10 22 2  8662  8673  8601  8624  8601  8646  8639  8630  8610  8634  8608  8615
TBILIS 1974 10 23 1  8605  8652  8649  8633  8604  8642  8587  8580  8583  8578  8623  8599
TBILIS 1974 10 23 2  8598  8589  8576  8576  8625  8638  8617  8612  8639  8660  8600  8616
TBILIS 1974 10 24 1  8580  8600  8585  8571  8609  8621  8626  8627  8614  8594  8600  8578
TBILIS 1974 10 24 2  8571  8570  8593  8587  8499  8546  8538  8480  8476  8434  8507  8474
TBILIS 1974 10 25 1  8518  8589  8561  8579  8578  8622  8636  8592  8615  8657  8648  8665
TBILIS 1974 10 25 2  8647  8603  8537  8592  8554  8557  8540  8570  8540  8550  8511  8527
TBILIS 1974 10 26 1  8542  8554  8554  8565  8571  8569  8646  8634  8661  8672  8702  8663
TBILIS 1974 10 26 2  8622  8654  8607  8619  8630  8606  8596  8594  8623  8584  8574  8581
TBILIS 1974 10 27 1  8587  8543  8580  8584  8567  8556  8629  8600  8598  8595  8604  8596
TBILIS 1974 10 27 2  8568  8555  8588  8581  8539  8552  8565  8534  8597  8598  8560  8590
TBILIS 1974 10 28 1  8547  8529  8565  8573  8591  8541  8562  8551  8592  8613  8621  8619
TBILIS 1974 10 28 2  8601  8625  8646  8601  8604  8594  8576  8592  8562  8583  8594  8602
TBILIS 1974 10 29 1  8592  8628  8626  8623  8573  8538  8556  8562  8545  8582  8605  8569
TBILIS 1974 10 29 2  8549  8584  8563  8571  8603  8590  8568  8580  8579  8544  8550  8557
TBILIS 1974 10 30 1  8545  8592  8554  8532  8548  8572  8517  8565  8592  8572  8584  8572
TBILIS 1974 10 30 2  8601  8561  8591  8572  8591  8621  8607  8565  8601  8616  8641  8625
TBILIS 1974 10 31 1  8630  8587  8573  8642  8597  8609  8622  8603  8631  8609  8616  8645
TBILIS 1974 10 31 2  8614  8603  8614  8660  8826  8832  8787  8797  8755  8773  8694  8664
Cosmic-Ray Neutron Monitor Data (Hourly, Pressure-Corrected and Scale-Adjusted Counts)
Collections: WDC for Cosmic Rays, Solar-Terrestrial Environment Laboratory, Nagoya Univ.
Data Access: http://center.stelab.nagoya-u.ac.jp/WDCCR/index.html
Project: ICSU WDC
Citation: WDC for Cosmic Rays, Solar-Terrestrial Environment Laboratory, Nagoya University
Station ID: TBILIS
Station:  TBILISI,GIORGIA,INSTITUT GEOPHYSIKY (IG), GIORGIAN ACADEMY OF SCIENCES,GIORGIA 
Instrument: 18-NM-64 NEUTRON MONITOR, CORRECTED FOR PRESSURE TO 950.0 MB, COEF. =           
Latitude (deg.):   41.72  Longitude (deg.):   44.80  Altitude (m):  510.00
Cut-Off Rigidity (GV):    6.66
Year: 1974  Month:  11
Scaling Factor (SF):    64.0   Constant (CONST):     0.0  Real Counts = (DATA + CONST)*SF
Temporal Resolution: 1 hour
UTC Start Hour:     0.0
                                                                                
                                                        
Monthly Average:  8613.5
Updated (YYYY MM DD): 1984 11 08
*******************************************************************************************
ID     YYYY MM DD 1     0     1     2     3     4     5     6     7     8     9    10    11
ID     YYYY MM DD 2    12    13    14    15    16    17    18    19    20    21    22    23
*******************************************************************************************
TBILIS 1974 11 01 1  8545  8532  8524  8541  8564  8513  8534  8531  8585  8557  8572  8529
TBILIS 1974 11 01 2  8518  8508  8515  8488  8495  8551  8533  8517  8528  8516  8535  8519
TBILIS 1974 11 02 1  8563  8571  8608  8613  8594  8589  8593  8636  8606  8617  8621  8597
TBILIS 1974 11 02 2  8587  8660  8616  8632  8656  8619  8624  8634  8618  8605  8591  8625
TBILIS 1974 11 03 1  8618  8624  8642  8553  8626  8650  8646  8676  8595  8636  8629  8633
TBILIS 1974 11 03 2  8604  8647  8606  8594  8590  8589  8586  8593  8584  8607  8606  8567
TBILIS 1974 11 04 1  8588  8583  8564  8566  8568  8542  8557  8534  8601  8571  8579  8607
TBILIS 1974 11 04 2  8586  8555  8549  8580  8627  8623  8617  8586  8593  8648  8633  8610
TBILIS 1974 11 05 1  8617  8578  8604  8583  8590  8613  8568  8573  8528  8542  8533  8558
TBILIS 1974 11 05 2  8566  8547  8544  8556  8600  8594  8593  8564  8600  8638  8634  8604
TBILIS 1974 11 06 1  8600  8582  8557  8599  8622  8643  8658  8623  8564  8589  8585  8614
TBILIS 1974 11 06 2  8623  8643  8628  8627  8621  8647  8631  8665  8580  8626  8608  8618
TBILIS 1974 11 07 1  8598  8594  8575  8588  8605  8601  8606  8562  8593  8626  8601  8647
TBILIS 1974 11 07 2  8581  8576  8581  8564  8601  8597  8671  8645  8659  8602  8617  8577
TBILIS 1974 11 08 1  8612  8586  8595  8616  8579  8613  8636  8554  8543  8623  8569  8580
TBILIS 1974 11 08 2  8607  8603  8565  8613  8602  8607  8637  8678  8708  8739  8707  8674
TBILIS 1974 11 09 1  8671  8646  8606  8606  8610  8616  8617  8609  8622  8663  8688  8687
TBILIS 1974 11 09 2  8686  8660  8626  8612  8614  8655  8616  8614  8628  8650  8668  8692
TBILIS 1974 11 10 1  8716  8709  8680  8666  8684  8676  8666  8676  8616  8663  8624  8609
TBILIS 1974 11 10 2  8647  8576  8555  8504  8538  8564  8593  8568  8599  8598  8604  8594
TBILIS 1974 11 11 1  8608  8628  8616  8592  8612  8585  8591  8640  8593  8625  8638  8647
TBILIS 1974 11 11 2  8644  8657  8702  8652  8696  8646  8621  8584  8648  8560  8605  8566
TBILIS 1974 11 12 1  8576  8555  8558  8572  8572  8613  8620  8560  8624  8650  8694  8677
TBILIS 1974 11 12 2  8682  8674  8665  8660  8658  8679  8645  8702  8731  8668  8622  8634
TBILIS 1974 11 13 1  8636  8637  8613  8612  8615  8642  8625  8612  8546  8608  8636  8600
TBILIS 1974 11 13 2  8618  8584  8552  8547  8528  8524  8603  8597  8628  8599  8631  8594
TBILIS 1974 11 14 1  8609  8559  8528  8521  8476  8517  8492  8506  8468  8501  8569  8594
TBILIS 1974 11 14 2  8610  8566  8585  8568  8469  8510  8513  8490  8501  8514  8540  8503
TBILIS 1974 11 15 1  8548  8594  8577  8596  8609  8581  8602  8633  8638  8660  8656  8605
TBILIS 1974 11 15 2  8644  8578  8623  8594  8614  8592  8578  8615  8647  8626  8629  8646
TBILIS 1974 11 16 1  8610  8615  8640  8617  8610  8596  8594  8656  8630  8639  8636  8597
TBILIS 1974 11 16 2  8597  8588  8685  8695  8689  8685  8720  8698  8712  8667  8661  8631
TBILIS 1974 11 17 1  8661  8679  8680  8625  8620  8621  8661  8630  8571  8629  8645  8611
TBILIS 1974 11 17 2  8621  8578  8623  8658  8640  8646  8637  8664  8650  8577  8661  8629
TBILIS 1974 11 18 1  8607  8646  8598  8664  8638  8626  8606  8610  8596  8674  8682  8670
TBILIS 1974 11 18 2  8661  8660  8661  8643  8660  8641  8668  8657  8665  8627  8625  8582
TBILIS 1974 11 19 1  8579  8646  8642  8645  8638  8650  8629  8646  8648  8647  8686  8678
TBILIS 1974 11 19 2  8673  8650  8674  8664  8611  8665  8625  8606  8610  8592  8598  8560
TBILIS 1974 11 20 1  8560  8561  8579  8571  8574  8589  8580  8644  8616  8605  8608  8634
TBILIS 1974 11 20 2  8618  8644  8619  8604  8568  8601  8631  8609  8542  8549  8558  8542
TBILIS 1974 11 21 1  8565  8496  8478  8517  8523  8500  8484  8527  8541  8612  8653  8643
TBILIS 1974 11 21 2  8606  8590  8597  8611  8588  8639  8566  8575  8594  8573  8553  8543
TBILIS 1974 11 22 1  8545  8534  8516  8512  8453  8538  8536  8532  8527  8553  8568  8552
TBILIS 1974 11 22 2  8568  8581  8556  8568  8564  8474  8486  8474  8498  8539  8526  8529
TBILIS 1974 11 23 1  8592  8518  8561  8575  8592  8547  8570  8566  8579  8594  8631  8584
TBILIS 1974 11 23 2  8590  8557  8576  8579  8583  8568  8558  8616  8588  8596  8590  8625
TBILIS 1974 11 24 1  8594  8627  8591  8597  8598  8586  8607  8636  8657  8647  8690  8633
TBILIS 1974 11 24 2  8632  8638  8594  8616  8624  8658  8634  8624  8667  8618  8641  8607
TBILIS 1974 11 25 1  8643  8599  8601  8602  8615  8623  8668  8666  8680  8642  8646  8638
TBILIS 1974 11 25 2  8618  8602  8645  8650  8566  8652  8644  8595  8611  8604  8634  8653
TBILIS 1974 11 26 1  8631  8629  8617  8660  8687  8680  8722  8669  8697  8688  8712  8677
TBILIS 1974 11 26 2  8666  8636  8648  8633  8661  8694  8712  8634  8689  8670  8602  8608
TBILIS 1974 11 27 1  8602  8612  8595  8605  8634  8627  8562  8614  8577  8673  8632  8626
TBILIS 1974 11 27 2  8612  8676  8677  8661  8664  8692  8657  8662  8649  8685  8658  8647
TBILIS 1974 11 28 1  8632  8663  8620  8671  8620  8671  8628  8624  8638  8626  8618  8678
TBILIS 1974 11 28 2  8662  8638  8676  8653  8671  8651  8681  8684  8692  8653  8672  8690
TBILIS 1974 11 29 1  8678  8707  8702  8683  8693  8710  8721  8666  8658  8684  8682  8665
TBILIS 1974 11 29 2  8666  8695  8699  8673  8660  8696  8718  8673  8675  8641  8681  8661
TBILIS 1974 11 30 1  8650  8649  8689  8662  8643  8658  8708  8652  8627  8670  8675  8683
TBILIS 1974 11 30 2  8665  8702  8659  8708  8683  8689  8695  8664  8632  8674  8649  8626
TBILIS 1974 11 31 1 99999 99999 99999 99999 99999 99999 99999 99999 99999 99999 99999 99999
TBILIS 1974 11 31 2 99999 99999 99999 99999 99999 99999 99999 99999 99999 99999 99999 99999
Cosmic-Ray Neutron Monitor Data (Hourly, Pressure-Corrected and Scale-Adjusted Counts)
Collections: WDC for Cosmic Rays, Solar-Terrestrial Environment Laboratory, Nagoya Univ.
Data Access: http://center.stelab.nagoya-u.ac.jp/WDCCR/index.html
Project: ICSU WDC
Citation: WDC for Cosmic Rays, Solar-Terrestrial Environment Laboratory, Nagoya University
Station ID: TBILIS
Station:  TBILISI,GIORGIA,INSTITUT GEOPHYSIKY (IG), GIORGIAN ACADEMY OF SCIENCES,GIORGIA 
Instrument: 18-NM-64 NEUTRON MONITOR, CORRECTED FOR PRESSURE TO 950.0 MB, COEF. =           
Latitude (deg.):   41.72  Longitude (deg.):   44.80  Altitude (m):  510.00
Cut-Off Rigidity (GV):    6.66
Year: 1974  Month:  12
Scaling Factor (SF):    64.0   Constant (CONST):     0.0  Real Counts = (DATA + CONST)*SF
Temporal Resolution: 1 hour
UTC Start Hour:     0.0
                                                                                
                                                        
Monthly Average:  8720.9
Updated (YYYY MM DD): 1984 11 08
*******************************************************************************************
ID     YYYY MM DD 1     0     1     2     3     4     5     6     7     8     9    10    11
ID     YYYY MM DD 2    12    13    14    15    16    17    18    19    20    21    22    23
*******************************************************************************************
TBILIS 1974 12 01 1  8668  8682  8682  8664  8675  8711  8687  8672  8663  8721  8671  8661
TBILIS 1974 12 01 2  8645  8641  8622  8660  8633  8670  8687  8654  8685  8713  8716  8705
TBILIS 1974 12 02 1  8660  8673  8614  8652  8639  8749  8739  8709  8694  8728  8756  8734
TBILIS 1974 12 02 2  8746  8769  8702  8749  8723  8696  8674  8727  8702  8738  8693  8693
TBILIS 1974 12 03 1  8668  8706  8726  8718  8751  8685  8703  8660  8669  8674  8675  8704
TBILIS 1974 12 03 2  8713  8681  8647  8647  8666  8645  8655  8635  8668  8663  8644  8658
TBILIS 1974 12 04 1  8637  8659  8666  8687  8702  8697  8693  8734  8707  8704  8702  8696
TBILIS 1974 12 04 2  8723  8715  8708  8682  8707  8683  8689  8656  8703  8687  8688  8678
TBILIS 1974 12 05 1  8672  8717  8692  8747  8751  8757  8791  8793  8763  8760  8724  8749
TBILIS 1974 12 05 2  8735  8720  8728  8747  8676  8752  8722  8711  8688  8693  8705  8724
TBILIS 1974 12 06 1  8761  8733  8783  8788  8799  8800  8811  8764  8774  8782  8814  8786
TBILIS 1974 12 06 2  8756  8734  8701  8677  8697  8693  8659  8664  8596  8681  8664  8686
TBILIS 1974 12 07 1  8706  8705  8650  8714  8686  8704  8687  8710  8736  8693  8751  8768
TBILIS 1974 12 07 2  8761  8767  8746  8728  8709  8721  8697  8698  8718  8726  8707  8735
TBILIS 1974 12 08 1  8723  8722  8734  8785  8749  8707  8747  8702  8719  8726  8702  8723
TBILIS 1974 12 08 2  8744  8776  8750  8770  8762  8769  8755  8778  8781  8739  8697  8680
TBILIS 1974 12 09 1  8661  8679  8699  8689  8655  8668  8683  8667  8723  8718  8745  8729
TBILIS 1974 12 09 2  8737  8745  8725  8787  8752  8770  8717  8751  8748  8751  8735  8709
TBILIS 1974 12 10 1  8689  8679  8721  8688  8681  8706  8732  8710  8730  8747  8763  8767
TBILIS 1974 12 10 2  8780  8832  8788  8759  8753  8700  8757  8751  8766  8767  8782  8751
TBILIS 1974 12 11 1  8729  8721  8740  8721  8745  8756  8766  8746  8743  8692  8777  8744
TBILIS 1974 12 11 2  8736  8702  8691  8662  8659  8705  8716  8705  8632  8655  8669  8632
TBILIS 1974 12 12 1  8615  8629  8650  8666  8636  8666  8634  8609  8676  8699  8740  8747
TBILIS 1974 12 12 2  8739  8717  8691  8686  8655  8641  8673  8712  8673  8708  8678  8677
TBILIS 1974 12 13 1  8667  8668  8713  8676  8716  8718  8689  8674  8684  8683  8667 99999
TBILIS 1974 12 13 2 99999 99999  8690  8637  8661  8657  8659  8672  8686  8708  8688  8703
TBILIS 1974 12 14 1  8640  8704  8653  8664  8661  8679  8741  8684  8680  8680  8616  8618
TBILIS 1974 12 14 2  8614  8612  8612  8614  8624  8598  8627  8644  8630  8652  8671  8675
TBILIS 1974 12 15 1  8667  8658  8625  8630  8612  8661  8672  8665  8693  8703  8719  8755
TBILIS 1974 12 15 2  8718  8695  8711  8679  8706  8738  8727  8771  8730  8751  8751  8714
TBILIS 1974 12 16 1  8753  8738  8755  8733  8741  8738  8788  8790  8798  8757  8795  8796
TBILIS 1974 12 16 2  8746  8741  8718  8737  8749  8782  8798  8771  8818  8797  8778  8810
TBILIS 1974 12 17 1  8769  8797  8800  8757  8765  8746  8801  8803  8822  8793  8799  8816
TBILIS 1974 12 17 2  8763  8723  8728  8731  8780  8778  8785  8761  8773  8746  8759  8772
TBILIS 1974 12 18 1  8707  8721  8709  8706  8728  8742  8750  8716  8724  8726  8731  8746
TBILIS 1974 12 18 2  8764  8741  8722  8714  8694  8725  8749  8742  8715  8723  8765  8737
TBILIS 1974 12 19 1  8726  8727  8690  8744  8663  8713  8760  8749  8738  8796  8784  8772
TBILIS 1974 12 19 2  8751  8798  8795  8783  8743  8739  8770  8709  8724  8723  8730  8749
TBILIS 1974 12 20 1  8707  8640  8679  8668  8669  8733  8675  8702  8705  8725  8739  8752
TBILIS 1974 12 20 2  8778  8771  8776  8727  8790  8791  8796  8751  8756  8749  8758  8747
TBILIS 1974 12 21 1  8734  8746  8734  8779  8685  8686  8703  8722  8727  8741  8734  8697
TBILIS 1974 12 21 2  8744  8711  8734  8696  8746  8740  8766  8750  8732  8746  8753  8806
TBILIS 1974 12 22 1  8795  8795  8797  8755  8711  8716  8751  8726  8768  8758  8793  8730
TBILIS 1974 12 22 2  8759  8747  8688  8665  8778  8722  8722  8758  8749  8766  8759  8753
TBILIS 1974 12 23 1  8764  8785  8776  8720  8714  8726  8645  8641  8634  8684  8673  8708
TBILIS 1974 12 23 2  8693  8709  8739  8759  8775  8778  8834  8821  8853  8845  8839  8802
TBILIS 1974 12 24 1  8816  8836  8829  8783  8786  8797  8783  8781  8746  8749  8785  8789
TBILIS 1974 12 24 2  8753  8824  8793  8862  8835  8867  8863  8835  8847  8831  8819  8829
TBILIS 1974 12 25 1  8808  8810  8815  8778  8774  8769  8802  8768  8802  8835  8848  8813
TBILIS 1974 12 25 2  8833  8847  8830  8810  8820  8834  8850  8902  8870  8850  8757  8783
TBILIS 1974 12 26 1  8786  8797  8787  8771  8780  8752  8715  8714  8721  8724  8771  8783
TBILIS 1974 12 26 2  8753  8716  8659  8725  8730  8763  8768  8739  8757  8729  8742  8742
TBILIS 1974 12 27 1  8688  8668  8701  8731  8718  8718  8736  8714  8728  8718  8754  8758
TBILIS 1974 12 27 2  8716  8753  8751  8743  8720  8716  8714  8729  8696  8650  8670  8652
TBILIS 1974 12 28 1  8629  8663  8624  8653  8650  8636  8629  8653  8621  8674  8641  8670
TBILIS 1974 12 28 2  8630  8611  8641  8644  8577  8645  8632  8637  8671  8667  8706  8746
TBILIS 1974 12 29 1  8709  8746  8741  8728  8762  8724  8721  8670  8671  8684  8675  8684
TBILIS 1974 12 29 2  8689  8657  8692  8664  8654  8682  8665  8628  8663  8662  8659  8705
TBILIS 1974 12 30 1  8674  8668  8670  8650  8681  8636  8653  8654  8616  8673  8657  8686
TBILIS 1974 12 30 2  8657  8665  8685  8668  8646  8690  8701  8734  8703  8669  8692  8694
TBILIS 1974 12 31 1  8666  8758  8759  8690  8704  8715  8718  8726  8677  8670  8704  8728
TBILIS 1974 12 31 2  8742  8712  8693  8742  8733  8699  8766  8748  8752  8789  8741  8766
