Cosmic-Ray Neutron Monitor Data (Hourly, Pressure-Corrected and Scale-Adjusted Counts)
Collections: WDC for Cosmic Rays, Solar-Terrestrial Environment Laboratory, Nagoya Univ.
Data Access: http://center.stelab.nagoya-u.ac.jp/WDCCR/index.html
Project: ICSU WDC
Citation: WDC for Cosmic Rays, Solar-Terrestrial Environment Laboratory, Nagoya University
Station ID: TBILIS
Station:  TBILISI,GIORGIA,INSTITUT GEOPHYSIKY (IG), GIORGIAN ACADEMY OF SCIENCES,GIORGIA 
Instrument: 18-NM-64 NEUTRON MONITOR, CORRECTED FOR PRESSURE TO 950.0 MB, COEF. =           
Latitude (deg.):   41.72  Longitude (deg.):   44.80  Altitude (m):  510.00
Cut-Off Rigidity (GV):    6.91
Year: 1973  Month:   1
Scaling Factor (SF):    64.0   Constant (CONST):     0.0  Real Counts = (DATA + CONST)*SF
Temporal Resolution: 1 hour
UTC Start Hour:     0.0
                                                                                
                                                        
Monthly Average:  8858.4
Updated (YYYY MM DD): 1979 03 19
*******************************************************************************************
ID     YYYY MM DD 1     0     1     2     3     4     5     6     7     8     9    10    11
ID     YYYY MM DD 2    12    13    14    15    16    17    18    19    20    21    22    23
*******************************************************************************************
TBILIS 1973 01 01 1  8868  8860  8844  8870  8857  8898  8862  8872  8843  8869  8956  8910
TBILIS 1973 01 01 2  8933  8962  8962  8935  8952  8915  8935  9009  8965  8981  8989  8988
TBILIS 1973 01 02 1  9005  8959  8923  8875  8937  8967  8858  8878  8855  8889  8880  8981
TBILIS 1973 01 02 2  8872  8881  8915  8927  8873  8919  8935  8860  8817  8874  8859  8877
TBILIS 1973 01 03 1  8861  8853  8850  8864  8873  8890  8933  8912  8887  8889  8922  8919
TBILIS 1973 01 03 2  8925  8857  8892  8909  8910  8969  8912  8984  8972  8941  8948  8933
TBILIS 1973 01 04 1  8938  8880  8886  8883  8945  8890  8870  8836  8831  8874  8857  8848
TBILIS 1973 01 04 2  8851  8844  8859  8840  8877  8884  8917  8927  8934  8899  8901  8892
TBILIS 1973 01 05 1  8878  8882  8919  8876  8928  8884  8896  8887  8868  8910  8910  8907
TBILIS 1973 01 05 2  8897  8880  8880  8863  8875  8923  8930  8913  8912  8929  8940  8877
TBILIS 1973 01 06 1  8893  8889  8848  8875  8862  8958  8884  8871  8883  8937  8979  8928
TBILIS 1973 01 06 2  8955  8926  8919  8933  8950  8915  8946  8933  8908  8944  8929  8903
TBILIS 1973 01 07 1  8956  8978  9008  8978  9014  8967  9006  8945  8961  8951  8961  8921
TBILIS 1973 01 07 2  8985  8911  8990  8916  8899  8920  8915  8941  8989  9007  8950  8960
TBILIS 1973 01 08 1  8958  8963  8951  8890  8871  8873  8876  8927  8894  8985  8968  9051
TBILIS 1973 01 08 2  9008  9013  8996  8983  8979  8997  8959  9020  8999  8999  8960  8998
TBILIS 1973 01 09 1  8970  8992  8987  9010  8985  8963  8928  8893  8875  8867  8928  8892
TBILIS 1973 01 09 2  8850  8913  8906  8944  8879  8904  8951  8883  8891  8887  8857  8853
TBILIS 1973 01 10 1  8814  8815  8862  8851  8817  8871  8840  8813  8836  8889  8948  8973
TBILIS 1973 01 10 2  8942  8884  8843  8933  8895  8978  8935  8945  8944  8915  8900  8928
TBILIS 1973 01 11 1  8904  8893  8891  8906  8877  8885  8861  8837  8806  8834  8865  8879
TBILIS 1973 01 11 2  8846  8870  8858  8876  8832  8837  8845  8836  8795  8778  8817  8800
TBILIS 1973 01 12 1  8800  8812  8814  8811  8817  8841  8813  8792  8806  8811  8847  8874
TBILIS 1973 01 12 2  8915  8920  8874  8898  8915  8845  8911  8923  8887  8853  8919  8884
TBILIS 1973 01 13 1  8901  8932  8931  8875  8883  8916  8851  8857  8884  8870  8884  8913
TBILIS 1973 01 13 2  8881  8906  8929  8887  8885  8861  8865  8801  8859  8790  8812  8827
TBILIS 1973 01 14 1  8834  8879  8887  8864  8934  8940  8953  8906  8925  8917  8908  8858
TBILIS 1973 01 14 2  8909  8901  8889  8908  8877  8847  8898  8846  8873  8854  8879  8851
TBILIS 1973 01 15 1  8908  8907  8913  8885  8880  8903  8912  8907  8916  8912  8893  8929
TBILIS 1973 01 15 2  8898  8878  8878  8891  8888  8885  8888  8902  8852  8836  8845  8900
TBILIS 1973 01 16 1  8823  8841  8830  8867  8874  8887  8895  8916  8867  8880  8909  8972
TBILIS 1973 01 16 2  9016  9004  9010  9028  9029  9046  9053  9084  9057  9045  9021  8980
TBILIS 1973 01 17 1  8989  8996  8986  8975  9029  8997  8972  8963  8916  8943  8931  8957
TBILIS 1973 01 17 2  8946  8901  8849  8851  8893  8944  9018  8991  8972  8943  8959  8979
TBILIS 1973 01 18 1  8985  8960  8976  8973  8970  8989  8985  9042  8954  8997  9031  9005
TBILIS 1973 01 18 2  8985  9003  9044  8978  8990  9018  8999  8998  9043  9041  9028  9005
TBILIS 1973 01 19 1  8972  9043  9041  9047  9058  9036  8977  8946  8934  8956  8964 99999
TBILIS 1973 01 19 2  8948  8965  8900  8961  8945  8913  8911  8839  8808  8837  8810  8827
TBILIS 1973 01 20 1  8815  8802  8803  8832  8816  8850  8805  8759  8758  8735  8776  8778
TBILIS 1973 01 20 2  8819  8804  8813  8809  8797  8786  8788  8777  8772  8770  8750  8753
TBILIS 1973 01 21 1  8768  8737  8755  8810  8805  8829  8851  8813  8780  8808  8818  8791
TBILIS 1973 01 21 2  8684  8749  8662  8716  8695  8712  8705  8678  8688  8693  8733  8742
TBILIS 1973 01 22 1  8721  8679  8694  8731  8756  8694  8757  8731  8761  8761  8755  8792
TBILIS 1973 01 22 2  8772  8737  8734  8761  8751  8732  8751  8797  8739  8709  8749  8727
TBILIS 1973 01 23 1  8712  8752  8727  8763  8762  8740  8763  8718  8763  8714  8727  8783
TBILIS 1973 01 23 2  8780  8777  8747  8717  8724  8742  8726  8741  8717  8735  8717  8751
TBILIS 1973 01 24 1  8770  8748  8726  8727  8751  8787  8790  8750  8737  8752  8763  8781
TBILIS 1973 01 24 2  8813  8764  8832  8781  8786  8736  8747  8744  8722  8702  8724  8737
TBILIS 1973 01 25 1  8727  8705  8743  8753  8757  8717  8719  8710  8688  8714  8764  8727
TBILIS 1973 01 25 2  8747  8734  8769  8746  8764  8776  8758  8721  8759  8739  8762  8748
TBILIS 1973 01 26 1  8706  8733  8722  8725  8754  8726  8717  8717  8651  8657  8664  8684
TBILIS 1973 01 26 2  8719  8680  8693  8668  8647  8647  8651  8627  8631  8580  8617  8608
TBILIS 1973 01 27 1  8621  8577  8643  8628  8648  8655  8670  8609  8626  8661  8675  8700
TBILIS 1973 01 27 2  8693  8696  8699  8688  8701  8738  8675  8756  8720  8679  8641  8704
TBILIS 1973 01 28 1  8683  8654  8696  8701  8731  8788  8707  8731  8706  8744  8749  8828
TBILIS 1973 01 28 2  8829  8793  8837  8865  8849  8853  8913  8913  8884  8914  8873  8877
TBILIS 1973 01 29 1  8860  8892  8853  8803  8859  8854  8845  8822  8772  8817  8800  8788
TBILIS 1973 01 29 2  8833  8852  8846  8842  8839  8858  8863  8850  8828  8843  8875  8849
TBILIS 1973 01 30 1 99999 99999 99999 99999 99999 99999 99999 99999 99999 99999 99999 99999
TBILIS 1973 01 30 2 99999 99999 99999 99999 99999 99999 99999 99999 99999 99999 99999 99999
TBILIS 1973 01 31 1 99999 99999 99999 99999 99999 99999 99999 99999 99999 99999 99999 99999
TBILIS 1973 01 31 2 99999 99999 99999 99999 99999  8959  8962  8959  8978  8989  8919  8865
Cosmic-Ray Neutron Monitor Data (Hourly, Pressure-Corrected and Scale-Adjusted Counts)
Collections: WDC for Cosmic Rays, Solar-Terrestrial Environment Laboratory, Nagoya Univ.
Data Access: http://center.stelab.nagoya-u.ac.jp/WDCCR/index.html
Project: ICSU WDC
Citation: WDC for Cosmic Rays, Solar-Terrestrial Environment Laboratory, Nagoya University
Station ID: TBILIS
Station:  TBILISI,GIORGIA,INSTITUT GEOPHYSIKY (IG), GIORGIAN ACADEMY OF SCIENCES,GIORGIA 
Instrument: 18-NM-64 NEUTRON MONITOR, CORRECTED FOR PRESSURE TO 950.0 MB, COEF. =           
Latitude (deg.):   41.72  Longitude (deg.):   44.80  Altitude (m):  510.00
Cut-Off Rigidity (GV):    6.91
Year: 1973  Month:   2
Scaling Factor (SF):    64.0   Constant (CONST):     0.0  Real Counts = (DATA + CONST)*SF
Temporal Resolution: 1 hour
UTC Start Hour:     0.0
                                                                                
                                                        
Monthly Average:  8832.2
Updated (YYYY MM DD): 1979 03 27
*******************************************************************************************
ID     YYYY MM DD 1     0     1     2     3     4     5     6     7     8     9    10    11
ID     YYYY MM DD 2    12    13    14    15    16    17    18    19    20    21    22    23
*******************************************************************************************
TBILIS 1973 02 01 1  8890  8963  8999 99999 99999 99999 99999 99999 99999 99999 99999 99999
TBILIS 1973 02 01 2 99999 99999 99999  8990  9006  8963  8951 99999 99999 99999  8956  8985
TBILIS 1973 02 02 1  8972  8976  8886  8929  8910  8924  8958  8909  8846  8902  8895  8892
TBILIS 1973 02 02 2  8869  8915  8924  8904  8873  8914  8933  8940  8922  8962  8906  8937
TBILIS 1973 02 03 1  8931  8920  8924  8908  8934  8895  8901  8888  8942  8937  8935  8905
TBILIS 1973 02 03 2  8920  8894  8889  8879  8875  8912  8872  8898  8866  8975  8984  8950
TBILIS 1973 02 04 1  8992  8989  8932  8923  8970  8937  8981  8969  8937  8923  8920  8920
TBILIS 1973 02 04 2  8896  8867  8913  8912  8970  8942  8961  8940  8999  8993  8947  8965
TBILIS 1973 02 05 1  8995  8964  8938  8951  9009  9029  9015  9067  9012  8990  9051  9039
TBILIS 1973 02 05 2  9060  9030  9004  9003  9004  9048  8986  9017  9091 99999 99999 99999
TBILIS 1973 02 06 1 99999 99999 99999 99999 99999 99999 99999 99999 99999 99999 99999 99999
TBILIS 1973 02 06 2  8877  8902  8846  8837  8836  8836  8829  8815  8831  8799  8863  8826
TBILIS 1973 02 07 1  8850  8822  8814  8833  8830  8847  8885  8869  8908  8832  8899  8836
TBILIS 1973 02 07 2  8855  8835  8782  8862  8869  8891  8857  8860  8886  8857  8877  8824
TBILIS 1973 02 08 1  8820  8809  8800  8836  8820  8885  8895  8867  8851  8862  8880  8905
TBILIS 1973 02 08 2  8900  8923  8919  8891  8884  8909  8875  8891  8903  8889  8831  8857
TBILIS 1973 02 09 1  8861  8833  8886  8861  8816  8792  8824  8772  8844  8837  8844  8876
TBILIS 1973 02 09 2  8854  8866  8843  8872  8844  8811  8872  8863  8834  8823  8863  8879
TBILIS 1973 02 10 1  8855  8867  8818  8865  8845  8809  8798  8818  8806  8820  8853  8816
TBILIS 1973 02 10 2  8848  8869  8847  8812  8828  8791  8836  8868  8853  8867  8880  8819
TBILIS 1973 02 11 1  8853  8851  8845  8845  8834  8823  8775  8726  8729  8757  8816  8802
TBILIS 1973 02 11 2  8781  8830  8855  8855  8835  8892  8819  8853  8887  8840  8873  8841
TBILIS 1973 02 12 1  8849  8824  8856  8823  8829  8810  8787  8780  8812  8814  8806  8825
TBILIS 1973 02 12 2  8817  8841  8867  8884  8858  8879  8877  8901  8880  8873  8896  8889
TBILIS 1973 02 13 1  8891  8903  8885  8860  8881  8856  8867  8842  8839  8854  8879  8896
TBILIS 1973 02 13 2  8882  8928  8879  8921  8921  8931  8934  8967  8932  8902  8929  8905
TBILIS 1973 02 14 1  8867  8908  8881  8875  8843  8861  8808  8800  8831  8855  8871  8842
TBILIS 1973 02 14 2  8905  8865  8914  8883  8896  8895  8930  8895  8893  8913  8900  8892
TBILIS 1973 02 15 1  8912  8974  8923  8872  8829  8851  8918  8872  8914  8860  8868  8909
TBILIS 1973 02 15 2  8886  8893  8906  8905  8868  8916  8930  8949  8939  8933  8905  8902
TBILIS 1973 02 16 1  8861  8871  8871  8865  8879  8873  8870  8889  8880  8822  8850  8838
TBILIS 1973 02 16 2  8852  8820  8840  8838  8813  8859  8881  8916  8926  8899  8897  8812
TBILIS 1973 02 17 1  8833  8785  8804  8804  8811  8806  8823  8841  8780  8808  8863  8797
TBILIS 1973 02 17 2  8809  8776  8817  8797  8802  8771  8801  8764  8766  8760  8754  8760
TBILIS 1973 02 18 1  8805  8773  8812  8790  8821  8785  8785  8730  8719  8725  8708  8735
TBILIS 1973 02 18 2  8707  8704  8740  8744  8720  8703  8700  8707  8739  8755  8743  8741
TBILIS 1973 02 19 1  8735  8771  8806  8814  8763  8793  8773  8742  8741  8757  8814  8819
TBILIS 1973 02 19 2  8785  8783  8773  8736  8771  8760  8729  8665  8710  8710  8691  8780
TBILIS 1973 02 20 1  8786  8774  8767  8750  8786  8778  8785  8764  8705  8738  8747  8783
TBILIS 1973 02 20 2  8683  8613  8680  8681  8664  8691  8694  8703  8732  8702  8695  8701
TBILIS 1973 02 21 1  8708  8742  8718  8727  8705  8675  8684  8704  8643  8619  8656  8674
TBILIS 1973 02 21 2  8663  8662  8689  8664  8683  8760  8780  8764  8736  8743  8786  8793
TBILIS 1973 02 22 1  8744  8764  8793  8772  8809  8766  8752  8772  8777  8769  8793  8793
TBILIS 1973 02 22 2  8758  8748  8734  8732  8782  8826  8839  8834  8829  8824  8786  8741
TBILIS 1973 02 23 1  8734  8746  8736  8746  8721  8762  8770  8813  8804  8788  8768  8801
TBILIS 1973 02 23 2  8745  8753  8697  8776  8780  8811  8774  8775  8745  8772  8786  8767
TBILIS 1973 02 24 1  8770  8779  8778  8781  8781  8742  8712  8724  8682  8687  8760  8745
TBILIS 1973 02 24 2  8752  8746  8754  8786  8810  8790  8777  8785  8817  8818  8780  8758
TBILIS 1973 02 25 1  8784  8777  8762  8783  8799  8771  8751  8767  8768  8793  8795  8755
TBILIS 1973 02 25 2  8759  8736  8775  8759  8782  8775  8766  8753  8818  8781  8768  8755
TBILIS 1973 02 26 1  8773  8804  8800  8776  8741  8712  8724  8682  8697  8718  8716  8739
TBILIS 1973 02 26 2  8745  8714  8729  8743  8796  8795  8770  8822  8788  8800  8808  8777
TBILIS 1973 02 27 1  8774  8799  8820  8802  8832  8775  8738  8757  8810  8797  8788  8816
TBILIS 1973 02 27 2  8811  8814  8789  8778  8814  8809  8846  8848  8820  8816  8804  8819
TBILIS 1973 02 28 1  8861  8847  8816  8813  8826  8785  8755  8737  8780  8785  8800  8791
TBILIS 1973 02 28 2  8800  8800  8845  8835  8859  8839  8833  8873  8869  8890  8903  8868
TBILIS 1973 02 29 1 99999 99999 99999 99999 99999 99999 99999 99999 99999 99999 99999 99999
TBILIS 1973 02 29 2 99999 99999 99999 99999 99999 99999 99999 99999 99999 99999 99999 99999
TBILIS 1973 02 30 1 99999 99999 99999 99999 99999 99999 99999 99999 99999 99999 99999 99999
TBILIS 1973 02 30 2 99999 99999 99999 99999 99999 99999 99999 99999 99999 99999 99999 99999
TBILIS 1973 02 31 1 99999 99999 99999 99999 99999 99999 99999 99999 99999 99999 99999 99999
TBILIS 1973 02 31 2 99999 99999 99999 99999 99999 99999 99999 99999 99999 99999 99999 99999
Cosmic-Ray Neutron Monitor Data (Hourly, Pressure-Corrected and Scale-Adjusted Counts)
Collections: WDC for Cosmic Rays, Solar-Terrestrial Environment Laboratory, Nagoya Univ.
Data Access: http://center.stelab.nagoya-u.ac.jp/WDCCR/index.html
Project: ICSU WDC
Citation: WDC for Cosmic Rays, Solar-Terrestrial Environment Laboratory, Nagoya University
Station ID: TBILIS
Station:  TBILISI,GIORGIA,INSTITUT GEOPHYSIKY (IG), GIORGIAN ACADEMY OF SCIENCES,GIORGIA 
Instrument: 18-NM-64 NEUTRON MONITOR, CORRECTED FOR PRESSURE TO 950.0 MB, COEF. =           
Latitude (deg.):   41.72  Longitude (deg.):   44.80  Altitude (m):  510.00
Cut-Off Rigidity (GV):    6.91
Year: 1973  Month:   3
Scaling Factor (SF):    64.0   Constant (CONST):     0.0  Real Counts = (DATA + CONST)*SF
Temporal Resolution: 1 hour
UTC Start Hour:     0.0
                                                                                
                                                        
Monthly Average:  8840.9
Updated (YYYY MM DD): 1979 03 19
*******************************************************************************************
ID     YYYY MM DD 1     0     1     2     3     4     5     6     7     8     9    10    11
ID     YYYY MM DD 2    12    13    14    15    16    17    18    19    20    21    22    23
*******************************************************************************************
TBILIS 1973 03 01 1  8842  8849  8822  8827  8836  8790  8812  8797  8780  8846  8812  8782
TBILIS 1973 03 01 2  8837  8847  8838  8815  8894  8906  8923  8911  8860  8912  8868  8856
TBILIS 1973 03 02 1  8853  8838  8851  8822  8794  8863  8836  8818  8844  8841  8827  8841
TBILIS 1973 03 02 2  8828  8842  8868  8857  8825  8863  8893  8866  8880  8922  8909  8948
TBILIS 1973 03 03 1  8954  8919  8890  8864  8844  8844  8846  8812  8850  8835  8847  8797
TBILIS 1973 03 03 2  8864  8827  8849  8831  8835  8824  8839  8840  8864  8874  8965  8940
TBILIS 1973 03 04 1  8935  8885  8922  8876  8896  8917  8919  8935  8899  8854  8868  8906
TBILIS 1973 03 04 2  8920  8923  8884  8879  8870  8918  8890  8855  8915  8877  8931  8895
TBILIS 1973 03 05 1  8924  8891  8898  8884  8896  8851  8871  8880  8895  8918  8882  8910
TBILIS 1973 03 05 2  8908  8892  8896  8940  8956  8951  8934  8916  8917  8914  8892  8876
TBILIS 1973 03 06 1  8898  8903  8896  8903  8905  8920  8924  8913  8895  8869  8900  8913
TBILIS 1973 03 06 2  8877  8925  8954  8971  8867  8916  8917  8874  8864  8865  8889  8843
TBILIS 1973 03 07 1  8867  8853  8837  8874  8933  8945  8941  8877  8885  8929  8881  8871
TBILIS 1973 03 07 2  8879  8862  8858  8836  8841  8857  8884  8840  8842  8860  8864  8870
TBILIS 1973 03 08 1 99999 99999 99999 99999 99999  8844  8874  8917  8917  8898  8885  8859
TBILIS 1973 03 08 2  8856  8878  8896 99999  8933  8906  8901  8898  8836  8844  8810  8813
TBILIS 1973 03 09 1  8856  8800  8833  8873  8842  8842  8801  8845  8858  8885  8862  8848
TBILIS 1973 03 09 2  8834  8856  8816  8836  8799  8797  8758  8816  8801  8836  8867  8826
TBILIS 1973 03 10 1  8844  8819  8864  8815  8830  8816  8774  8794  8789  8816  8795  8848
TBILIS 1973 03 10 2  8774  8813  8806  8792  8810  8818  8832  8816  8851  8810  8795  8775
TBILIS 1973 03 11 1  8793  8793  8790  8785  8771  8789  8780  8757  8724  8751  8770  8784
TBILIS 1973 03 11 2  8762  8727  8770  8765  8790  8826  8828  8817  8848  8890  8855  8812
TBILIS 1973 03 12 1  8856  8850  8805  8804  8794  8830  8806  8792  8791  8807  8827  8833
TBILIS 1973 03 12 2  8820  8856  8889  8911  8893 99999 99999 99999 99999 99999 99999 99999
TBILIS 1973 03 13 1 99999 99999 99999 99999 99999 99999  8815  8795  8820  8784  8779  8889
TBILIS 1973 03 13 2  8852  8870  8832  8902  8910  8906  8875  8942  8862  8886  8928  8876
TBILIS 1973 03 14 1  8937  8881  8890  8840  8832  8789  8798  8768  8810  8811  8832  8797
TBILIS 1973 03 14 2  8839  8817  8843  8846  8825  8893  8885  8883  8860  8875  8888  8856
TBILIS 1973 03 15 1  8873  8887  8892  8859  8825  8830  8822  8797  8779  8798  8804  8829
TBILIS 1973 03 15 2  8864  8860  8855  8851  8873  8837  8847  8862  8859  8865  8883  8901
TBILIS 1973 03 16 1  8890  8876  8893  8871  8813  8826  8816  8771  8811  8797  8822  8864
TBILIS 1973 03 16 2  8876  8927  8884  8897  8905  8949  8988  8914  8854  8831  8826  8790
TBILIS 1973 03 17 1  8807  8813  8826  8809  8789  8753  8758  8759  8716  8751  8742  8798
TBILIS 1973 03 17 2  8816  8833  8815  8822  8861  8865  8928  8886  8836  8859  8872  8866
TBILIS 1973 03 18 1  8889  8881  8858  8845  8847  8857  8874  8876  8836  8797  8793  8800
TBILIS 1973 03 18 2  8874  8877  8855  8846  8863  8924  8943  8935  8940  8904  8946  8904
TBILIS 1973 03 19 1  8890  8826  8817  8822  8818  8821  8830  8790  8824  8822  8873  8854
TBILIS 1973 03 19 2  8888  8944  8927  8945  8928  8969  8975  8913  8922  8894  8841  8852
TBILIS 1973 03 20 1  8879  8841  8816  8776  8766  8749  8821  8806  8809  8870  8858  8951
TBILIS 1973 03 20 2  8910  8850  8800  8753  8753  8725  8758  8735  8713  8686  8770  8711
TBILIS 1973 03 21 1  8764  8751  8738  8764  8745  8748  8811  8800  8776  8758  8785  8780
TBILIS 1973 03 21 2  8796  8788  8800  8775  8809  8815  8747  8787  8768  8785  8807  8810
TBILIS 1973 03 22 1  8797  8815  8794  8794  8769  8779  8808  8796  8813  8833  8835  8818
TBILIS 1973 03 22 2  8859  8826  8850  8798  8846  8844  8865  8774  8766  8765  8755  8768
TBILIS 1973 03 23 1  8789  8832  8790  8775  8823  8779  8817  8760  8794  8829  8860  8834
TBILIS 1973 03 23 2  8866  8788  8797  8771  8817  8789  8788  8771  8767  8753  8755  8779
TBILIS 1973 03 24 1  8739  8781  8778  8780  8776  8763  8737  8837  8813  8831  8807  8816
TBILIS 1973 03 24 2  8836  8796  8818  8804  8826  8808  8795  8825  8857  8768  8812  8817
TBILIS 1973 03 25 1  8835  8801  8803  8767  8768  8783  8787  8767  8782  8791  8844  8794
TBILIS 1973 03 25 2  8829  8810  8847  8845  8813  8811  8810  8799  8821  8791  8840  8768
TBILIS 1973 03 26 1  8765  8799  8766  8778  8815  8807  8789  8779  8774  8800  8753  8806
TBILIS 1973 03 26 2  8810  8823  8847  8843  8796  8797  8830  8846  8805  8842  8806  8772
TBILIS 1973 03 27 1  8761  8762  8784  8776  8779  8803  8768  8807  8793  8826  8823  8832
TBILIS 1973 03 27 2  8807  8808  8829  8842  8823  8834  8835  8825  8812  8832  8841  8819
TBILIS 1973 03 28 1  8826  8835  8837  8806  8819  8795  8778  8791  8805  8778  8803  8813
TBILIS 1973 03 28 2  8836  8854  8838  8810  8829  8871  8834  8833  8820  8838  8813  8840
TBILIS 1973 03 29 1  8776  8814  8833  8799  8877  8842  8809  8829  8849  8843  8826  8865
TBILIS 1973 03 29 2  8899  8869  8900  8905  8874  8895  8875  8870  8886  8913  8922  8900
TBILIS 1973 03 30 1  8862  8899  8896  8870  8851  8833  8811  8846  8847  8800  8795  8799
TBILIS 1973 03 30 2  8862  8845  8790  8836  8843  8878  8873  8882  8928  8900  8922  8869
TBILIS 1973 03 31 1  8876  8857  8863  8860  8843  8909  8884  8883  8863  8841  8859  8837
TBILIS 1973 03 31 2  8824  8884  8893  8897  8907  8875  8929  9000  8971  8921  8887  8847
Cosmic-Ray Neutron Monitor Data (Hourly, Pressure-Corrected and Scale-Adjusted Counts)
Collections: WDC for Cosmic Rays, Solar-Terrestrial Environment Laboratory, Nagoya Univ.
Data Access: http://center.stelab.nagoya-u.ac.jp/WDCCR/index.html
Project: ICSU WDC
Citation: WDC for Cosmic Rays, Solar-Terrestrial Environment Laboratory, Nagoya University
Station ID: TBILIS
Station:  TBILISI,GIORGIA,INSTITUT GEOPHYSIKY (IG), GIORGIAN ACADEMY OF SCIENCES,GIORGIA 
Instrument: 18-NM-64 NEUTRON MONITOR, CORRECTED FOR PRESSURE TO 950.0 MB, COEF. =           
Latitude (deg.):   41.72  Longitude (deg.):   44.80  Altitude (m):  510.00
Cut-Off Rigidity (GV):    6.91
Year: 1973  Month:   4
Scaling Factor (SF):    64.0   Constant (CONST):     0.0  Real Counts = (DATA + CONST)*SF
Temporal Resolution: 1 hour
UTC Start Hour:     0.0
                                                                                
                                                        
Monthly Average:  8753.8
Updated (YYYY MM DD): 1979 03 19
*******************************************************************************************
ID     YYYY MM DD 1     0     1     2     3     4     5     6     7     8     9    10    11
ID     YYYY MM DD 2    12    13    14    15    16    17    18    19    20    21    22    23
*******************************************************************************************
TBILIS 1973 04 01 1  8816  8804  8798  8799  8792  8889  8839  8853  8856  8806  8794  8808
TBILIS 1973 04 01 2  8833  8933  8963  9026  9136  9149  9076  9129  9041  9022  9014  8936
TBILIS 1973 04 02 1  8859  8878  8864  8938  8867  8908  8854 99999  8852  8959  8983  8956
TBILIS 1973 04 02 2  8936  8942  8942  8926  8912  8894  8872  8820  8861  8780  8789  8789
TBILIS 1973 04 03 1  8788  8746  8799  8802  8796  8856  8761  8805  8837  8862  8870  8817
TBILIS 1973 04 03 2  8858  8848  8842  8822  8807  8834  8809  8776  8772  8759  8765  8770
TBILIS 1973 04 04 1  8754  8733  8722  8699  8723  8726  8702  8726  8738  8770  8736  8733
TBILIS 1973 04 04 2  8773 99999  8773  8760  8771  8774  8709  8721  8739  8693  8680  8709
TBILIS 1973 04 05 1 99999 99999 99999 99999 99999 99999 99999 99999 99999 99999 99999 99999
TBILIS 1973 04 05 2 99999 99999 99999 99999 99999 99999 99999 99999 99999 99999 99999 99999
TBILIS 1973 04 06 1 99999 99999 99999 99999 99999 99999 99999 99999 99999 99999 99999 99999
TBILIS 1973 04 06 2 99999 99999 99999 99999  8747  8724  8735  8767  8773  8725  8745  8748
TBILIS 1973 04 07 1  8687  8738  8727  8739  8777  8762  8785  8760  8772  8812  8782  8769
TBILIS 1973 04 07 2  8708  8766  8743  8741  8777  8750  8762  8760  8776  8769  8750  8742
TBILIS 1973 04 08 1  8745  8713  8694  8713  8713  8732  8700  8714  8743  8715  8715  8750
TBILIS 1973 04 08 2  8758  8768  8736  8804  8789  8783  8804  8817  8787  8677  8680  8715
TBILIS 1973 04 09 1  8681  8751  8738  8803  8813  8816  8807  8770  8792  8754  8757  8782
TBILIS 1973 04 09 2  8793  8770  8795  8796  8804  8800  8844  8861  8784  8736  8768  8776
TBILIS 1973 04 10 1  8722  8762  8777  8772  8731  8760  8759  8724  8710  8738  8739  8715
TBILIS 1973 04 10 2  8721  8763  8802  8762  8801  8827  8786  8765  8784  8741  8748  8738
TBILIS 1973 04 11 1  8749  8786  8747  8782  8778  8835  8796  8742  8815  8759  8750  8794
TBILIS 1973 04 11 2  8726  8735  8786  8848  8805  8804  8811  8803  8797  8796  8756  8763
TBILIS 1973 04 12 1  8747  8784  8829  8824  8751  8757  8756  8699  8745  8721  8695  8740
TBILIS 1973 04 12 2  8688  8706  8726  8760  8777  8784  8780  8785  8801  8789  8774  8784
TBILIS 1973 04 13 1  8767  8766  8794  8703  8701  8682  8645  8644  8631  8624  8676  8673
TBILIS 1973 04 13 2  8698  8756  8814  8770  8763  8713  8748  8732  8748  8717  8720  8677
TBILIS 1973 04 14 1  8604  8620  8602  8656  8601  8533  8512  8581  8593  8559  8558  8531
TBILIS 1973 04 14 2  8573  8567  8530  8551  8631  8595  8637  8649  8679  8617  8573  8538
TBILIS 1973 04 15 1  8528  8495  8524  8535  8538  8569  8503  8506  8529  8557  8533  8533
TBILIS 1973 04 15 2  8564  8518  8530  8536  8521  8516  8536  8551  8550  8537  8529  8544
TBILIS 1973 04 16 1  8566  8575  8577  8609  8534  8583  8599  8613  8678  8680  8712  8768
TBILIS 1973 04 16 2  8769  8775  8752  8781  8736  8705  8746  8769  8743  8727  8720  8727
TBILIS 1973 04 17 1  8720  8727  8713  8712  8763  8786  8803  8746  8761  8780  8756  8778
TBILIS 1973 04 17 2  8838  8780  8812  8803  8833  8775  8793  8811  8783  8812  8766  8730
TBILIS 1973 04 18 1  8736  8745  8718  8768  8752  8759  8719  8765  8741  8808  8752  8808
TBILIS 1973 04 18 2  8775  8756  8732  8779  8755  8784  8818  8773  8781  8758  8745  8724
TBILIS 1973 04 19 1  8702  8732  8770  8727  8754  8761  8803  8801  8803  8823  8808  8761
TBILIS 1973 04 19 2  8808  8761  8768  8721  8688  8752  8766  8755  8773  8763  8738  8759
TBILIS 1973 04 20 1  8694  8731  8688  8711  8695  8682  8705  8710  8709  8699  8763  8719
TBILIS 1973 04 20 2  8724  8726  8732  8743  8708  8738  8737  8729  8721  8729  8732  8704
TBILIS 1973 04 21 1  8726  8702  8694  8692  8693  8724  8732  8749  8730  8795  8768  8775
TBILIS 1973 04 21 2  8806  8776  8773  8769  8715  8702  8696  8684  8682  8688  8701  8689
TBILIS 1973 04 22 1  8717  8720  8743  8717  8713  8713  8751  8763  8724  8748  8805  8748
TBILIS 1973 04 22 2  8802  8772  8767  8794  8795  8777  8769  8741  8745  8734  8746  8784
TBILIS 1973 04 23 1  8721  8768  8761  8772  8742  8748  8695  8706  8733  8749  8727  8740
TBILIS 1973 04 23 2  8747  8761  8757  8754  8759  8775  8769  8776  8831  8764  8717  8717
TBILIS 1973 04 24 1  8687  8745  8738  8751  8768  8798  8773  8747  8712  8740  8746  8716
TBILIS 1973 04 24 2  8781  8757  8783  8792  8803  8825  8838  8826  8850  8865  8886  8849
TBILIS 1973 04 25 1  8827  8787  8798  8774  8762  8757  8760  8742  8734  8764  8758  8773
TBILIS 1973 04 25 2  8752  8764  8765  8770  8788  8796  8808  8799  8807  8840  8850  8792
TBILIS 1973 04 26 1  8774  8774  8818  8780  8769  8722  8736  8744  8750  8738  8726  8672
TBILIS 1973 04 26 2  8738  8736  8715  8787  8780  8804  8797  8756  8795  8789  8783  8782
TBILIS 1973 04 27 1  8708  8723  8731  8723  8744  8712  8749  8741  8715  8734  8747  8756
TBILIS 1973 04 27 2  8807  8775  8748  8707  8678  8641  8660  8643  8633  8675  8688  8658
TBILIS 1973 04 28 1  8682  8720  8705  8744  8715  8787  8743  8763  8870  8813  8866  8895
TBILIS 1973 04 28 2  8863  8835  8846  8771  8765  8792  8839  8902  8856  8818  8811  8812
TBILIS 1973 04 29 1  8825  8803  8834  8831  8808  8840  8837  8871  8876  8861  8866  8804
TBILIS 1973 04 29 2  8858  8838  8817  8822  8805  8759  8763  8778  8743  8791  8796  8762
TBILIS 1973 04 30 1  8720  8723  8715  8723  8700  8748  8756  8795  8794  8805  8835  8783
TBILIS 1973 04 30 2  8750  8771  8822  8790  8753  8794  8814  8801  8782  8794  8770  8746
TBILIS 1973 04 31 1 99999 99999 99999 99999 99999 99999 99999 99999 99999 99999 99999 99999
TBILIS 1973 04 31 2 99999 99999 99999 99999 99999 99999 99999 99999 99999 99999 99999 99999
Cosmic-Ray Neutron Monitor Data (Hourly, Pressure-Corrected and Scale-Adjusted Counts)
Collections: WDC for Cosmic Rays, Solar-Terrestrial Environment Laboratory, Nagoya Univ.
Data Access: http://center.stelab.nagoya-u.ac.jp/WDCCR/index.html
Project: ICSU WDC
Citation: WDC for Cosmic Rays, Solar-Terrestrial Environment Laboratory, Nagoya University
Station ID: TBILIS
Station:  TBILISI,GIORGIA,INSTITUT GEOPHYSIKY (IG), GIORGIAN ACADEMY OF SCIENCES,GIORGIA 
Instrument: 18-NM-64 NEUTRON MONITOR, CORRECTED FOR PRESSURE TO 950.0 MB, COEF. =           
Latitude (deg.):   41.72  Longitude (deg.):   44.80  Altitude (m):  510.00
Cut-Off Rigidity (GV):    6.91
Year: 1973  Month:   5
Scaling Factor (SF):    64.0   Constant (CONST):     0.0  Real Counts = (DATA + CONST)*SF
Temporal Resolution: 1 hour
UTC Start Hour:     0.0
                                                                                
                                                        
Monthly Average:  8672.0
Updated (YYYY MM DD): 1979 03 19
*******************************************************************************************
ID     YYYY MM DD 1     0     1     2     3     4     5     6     7     8     9    10    11
ID     YYYY MM DD 2    12    13    14    15    16    17    18    19    20    21    22    23
*******************************************************************************************
TBILIS 1973 05 01 1  8768  8776  8771  8785  8800  8804  8836  8758  8757  8753  8767  8775
TBILIS 1973 05 01 2  8783  8785  8805  8796  8782  8776  8741  8723  8736  8690  8759  8716
TBILIS 1973 05 02 1  8720  8699  8724  8718  8711  8730  8735  8723  8721  8732  8766  8772
TBILIS 1973 05 02 2  8758  8680  8749  8738  8744  8731  8698  8731  8716  8711  8706  8700
TBILIS 1973 05 03 1  8750  8775  8753  8716  8704  8689  8698  8722  8710  8717  8678  8757
TBILIS 1973 05 03 2  8702  8700  8714  8766  8704  8706  8703  8730  8727  8715  8783  8688
TBILIS 1973 05 04 1  8727  8716  8681  8682  8672  8742  8720  8690  8695  8705  8748  8721
TBILIS 1973 05 04 2  8697  8712  8714  8742  8719  8741  8720  8757  8718  8730  8737  8743
TBILIS 1973 05 05 1  8733  8727  8746  8711  8738  8729  8724  8727  8771  8817  8786  8760
TBILIS 1973 05 05 2  8757  8765  8707  8766  8804  8794  8783  8800  8769  8764  8781  8776
TBILIS 1973 05 06 1  8760  8739  8729  8685  8689  8703  8724  8704  8721  8702  8726  8727
TBILIS 1973 05 06 2  8695  8717  8712  8806  8832  8788  8827  8825  8783  8779  8713  8692
TBILIS 1973 05 07 1  8718  8709  8682  8641  8659  8699  8702  8669  8738  8701  8743  8722
TBILIS 1973 05 07 2  8682  8681  8643  8651  8612  8586  8615  8624  8577  8563  8567  8511
TBILIS 1973 05 08 1  8504  8532  8507  8507  8487  8490  8498  8413  8439  8444  8506  8477
TBILIS 1973 05 08 2  8501  8556  8523  8554  8582  8588  8613  8573  8553  8557  8511  8561
TBILIS 1973 05 09 1  8576  8561  8558  8530  8512  8550  8497  8561  8532  8519  8568  8542
TBILIS 1973 05 09 2  8566  8570  8598  8617  8620  8666  8616  8618  8603  8635  8618  8591
TBILIS 1973 05 10 1  8611  8604  8558  8553  8556  8554  8575  8550  8559  8579  8550  8600
TBILIS 1973 05 10 2  8584  8597  8572  8610  8587  8566  8602  8570  8615  8610  8643  8622
TBILIS 1973 05 11 1  8631  8562  8607  8610  8592  8598  8604  8599  8545  8594  8636  8643
TBILIS 1973 05 11 2  8613  8620  8636  8643  8633  8635  8648  8656  8680  8684  8648  8671
TBILIS 1973 05 12 1  8689  8632  8621  8609  8620  8640  8712  8687  8681  8660  8651  8639
TBILIS 1973 05 12 2  8661  8707  8701  8704  8719  8781  8743  8699  8707  8686  8709  8660
TBILIS 1973 05 13 1  8633  8662  8653  8656  8623  8628  8653  8631  8647  8685  8655  8654
TBILIS 1973 05 13 2  8684  8658  8657  8643  8715  8713  8680  8644  8626  8656  8636  8588
TBILIS 1973 05 14 1  8577  8544  8581  8600  8568  8543  8595  8626  8633  8641  8656  8652
TBILIS 1973 05 14 2  8639  8571  8617  8589  8585  8544  8527  8578  8518  8526  8551  8519
TBILIS 1973 05 15 1  8495  8521  8503  8466  8438  8469  8468  8490  8478  8471  8534  8515
TBILIS 1973 05 15 2  8502  8487  8513  8499  8509  8499  8504  8497  8520  8498  8536  8660
TBILIS 1973 05 16 1  8598  8561  8570  8542  8485  8522  8494  8525  8547  8513  8484  8460
TBILIS 1973 05 16 2  8504  8538  8484  8456  8493  8482  8424  8442  8469  8437  8477  8438
TBILIS 1973 05 17 1  8479  8489  8482  8428  8436  8444  8467  8434  8494  8535  8505  8552
TBILIS 1973 05 17 2  8512  8554  8524  8559  8511  8541  8527  8563  8540  8517  8526  8527
TBILIS 1973 05 18 1  8511  8504  8512  8456  8454  8510  8486  8475  8469  8533  8543  8528
TBILIS 1973 05 18 2  8522  8522  8499  8551  8538  8506  8556  8554  8548  8520  8553  8546
TBILIS 1973 05 19 1  8585  8567  8557  8586  8542  8549  8534  8562  8638  8619  8638  8628
TBILIS 1973 05 19 2  8642  8632  8614  8627  8628  8602  8614  8586  8573  8580  8567  8553
TBILIS 1973 05 20 1  8585  8533  8637  8683  8657  8657  8685  8644  8635  8659  8665  8645
TBILIS 1973 05 20 2  8660  8646  8613  8634  8699  8693  8687  8721  8684  8744  8718  8685
TBILIS 1973 05 21 1  8693  8713  8709  8697  8730  8705  8768  8729  8735  8719  8731  8748
TBILIS 1973 05 21 2  8744  8706  8648  8513  8538  8549  8575  8580  8594  8587  8632  8567
TBILIS 1973 05 22 1  8603  8615  8653  8651  8641  8691  8663  8710  8724  8743  8658  8643
TBILIS 1973 05 22 2  8638  8587  8596  8599  8656  8669  8654  8642  8641  8653  8678  8673
TBILIS 1973 05 23 1  8696  8723  8716  8715  8730  8731  8730  8713  8708  8682  8652  8637
TBILIS 1973 05 23 2  8656  8674  8670  8652  8624  8678  8673  8691  8673  8665  8668  8676
TBILIS 1973 05 24 1  8705  8738  8710  8694  8690  8708  8708  8749  8754  8773  8776  8779
TBILIS 1973 05 24 2  8755  8758  8752  8744  8712  8720  8718  8752  8757  8740  8724  8731
TBILIS 1973 05 25 1  8717  8736  8773  8749  8770  8730  8778  8770  8798  8844  8817  8784
TBILIS 1973 05 25 2  8785  8769  8761  8755  8774  8769  8715  8732  8712  8722  8750  8740
TBILIS 1973 05 26 1  8755  8764  8748  8760  8778  8798  8844  8807  8850  8858  8911  8850
TBILIS 1973 05 26 2  8853  8881  8874  8822  8825  8795  8772  8777  8750  8720  8713  8781
TBILIS 1973 05 27 1  8767  8800  8856  8791  8816  8873  8869  8920  8915  8895  8916  8913
TBILIS 1973 05 27 2  8894  8856  8905  8851  8897  8838  8880  8842  8832  8853  8843  8868
TBILIS 1973 05 28 1  8879  8850  8845  8935  8874  8839  8836  8872  8878  8912  8900  8908
TBILIS 1973 05 28 2  8852  8825  8780  8785  8771  8762  8792  8783  8802  8771  8751  8744
TBILIS 1973 05 29 1  8750  8763  8787  8792  8815  8835  8813  8811  8784  8801  8793  8809
TBILIS 1973 05 29 2  8775  8696  8743  8806  8801  8758  8743  8704  8718  8721  8734  8751
TBILIS 1973 05 30 1  8727  8772  8729  8753  8760  8797  8790  8829  8840  8807  8787  8779
TBILIS 1973 05 30 2  8749  8771  8737  8727  8721  8714  8697  8714  8750  8724  8692  8738
TBILIS 1973 05 31 1  8692  8671  8734  8724  8774  8738  8740  8705  8761  8775  8705  8705
TBILIS 1973 05 31 2  8705  8762  8793  8760  8718  8726  8727  8701  8721  8714  8706  8711
Cosmic-Ray Neutron Monitor Data (Hourly, Pressure-Corrected and Scale-Adjusted Counts)
Collections: WDC for Cosmic Rays, Solar-Terrestrial Environment Laboratory, Nagoya Univ.
Data Access: http://center.stelab.nagoya-u.ac.jp/WDCCR/index.html
Project: ICSU WDC
Citation: WDC for Cosmic Rays, Solar-Terrestrial Environment Laboratory, Nagoya University
Station ID: TBILIS
Station:  TBILISI,GIORGIA,INSTITUT GEOPHYSIKY (IG), GIORGIAN ACADEMY OF SCIENCES,GIORGIA 
Instrument: 18-NM-64 NEUTRON MONITOR, CORRECTED FOR PRESSURE TO 950.0 MB, COEF. =           
Latitude (deg.):   41.72  Longitude (deg.):   44.80  Altitude (m):  510.00
Cut-Off Rigidity (GV):    6.91
Year: 1973  Month:   6
Scaling Factor (SF):    64.0   Constant (CONST):     0.0  Real Counts = (DATA + CONST)*SF
Temporal Resolution: 1 hour
UTC Start Hour:     0.0
                                                                                
                                                        
Monthly Average:  8764.9
Updated (YYYY MM DD): 1979 03 19
*******************************************************************************************
ID     YYYY MM DD 1     0     1     2     3     4     5     6     7     8     9    10    11
ID     YYYY MM DD 2    12    13    14    15    16    17    18    19    20    21    22    23
*******************************************************************************************
TBILIS 1973 06 01 1  8688  8721  8752  8752  8820  8781  8796  8783  8787  8802  8813  8796
TBILIS 1973 06 01 2  8807  8800  8895  8828  8830  8823  8823  8834  8805  8843  8759  8803
TBILIS 1973 06 02 1  8795  8818  8807  8786  8763  8787  8785  8804  8831  8805  8838  8802
TBILIS 1973 06 02 2  8837  8862  8825  8833  8889  8854  8782  8788  8809  8817  8775  8753
TBILIS 1973 06 03 1  8789  8791  8754  8813  8775  8793  8833  8835  8880  8864  8830  8777
TBILIS 1973 06 03 2  8820  8816  8763  8767  8782  8797  8835  8831  8805  8831  8812  8824
TBILIS 1973 06 04 1  8809  8792  8817  8826  8814  8782  8806  8823  8819  8833  8827  8836
TBILIS 1973 06 04 2  8807  8787  8790  8809  8825  8882  8840  8863  8854  8851  8872  8854
TBILIS 1973 06 05 1  8866  8880  8830  8800  8764  8772  8772  8742  8744  8771  8833  8747
TBILIS 1973 06 05 2  8791  8778  8743  8741  8758  8843  8780  8782  8773  8800  8785  8814
TBILIS 1973 06 06 1  8760  8770  8753  8767  8756  8729  8772  8778  8802  8763  8791  8787
TBILIS 1973 06 06 2  8800  8804  8772  8792  8826  8832  8822  8857  8838  8812  8811  8865
TBILIS 1973 06 07 1  8849  8860  8812  8818  8780  8740  8755  8797  8788  8762  8804  8796
TBILIS 1973 06 07 2  8807  8777  8803  8794  8768  8799  8837  8847  8834  8831  8820  8860
TBILIS 1973 06 08 1  8812  8831  8814  8827  8801  8763  8788  8762  8752  8774  8771  8766
TBILIS 1973 06 08 2  8808  8811  8826  8814  8806  8837  8876  8871  8873  8905  8905  8882
TBILIS 1973 06 09 1  8884  8865  8843  8831  8810  8817  8731  8773  8746  8748  8795  8757
TBILIS 1973 06 09 2  8806  8802  8810  8776  8766  8794  8828  8837  8842  8828  8811  8788
TBILIS 1973 06 10 1  8814  8795  8789  8788  8748  8791  8763  8729  8793  8810  8798  8783
TBILIS 1973 06 10 2  8759  8782  8759  8799  8768  8779  8765  8805  8792  8858  8780  8785
TBILIS 1973 06 11 1  8789  8785  8793  8762  8761  8772  8724  8751  8768  8767  8816  8845
TBILIS 1973 06 11 2  8750  8790  8818  8777  8760  8709  8755  8693  8739  8757  8716  8695
TBILIS 1973 06 12 1  8716  8705  8681  8714  8727  8744  8788  8790  8798  8823  8795  8835
TBILIS 1973 06 12 2  8758  8774  8787  8753  8775  8742  8834  8737  8702  8712  8679  8650
TBILIS 1973 06 13 1  8666  8729  8737  8725  8724  8734  8764  8766  8773  8807  8839  8831
TBILIS 1973 06 13 2  8799  8787  8779  8764  8682  8748  8722  8697  8682  8678  8674  8654
TBILIS 1973 06 14 1  8643  8670  8647  8666  8629  8644  8646  8639  8631  8664  8672  8719
TBILIS 1973 06 14 2  8636  8714  8722  8719  8748  8727  8752  8734  8729  8675  8719  8685
TBILIS 1973 06 15 1  8684  8677  8637  8672  8659  8668  8649  8661  8675  8679  8734  8739
TBILIS 1973 06 15 2  8751  8768  8746  8715  8743  8725  8755  8684  8715  8739  8721  8712
TBILIS 1973 06 16 1  8741  8713  8694  8684  8665  8649  8673  8688  8685  8727  8742  8683
TBILIS 1973 06 16 2  8759  8742  8747  8770  8766  8767  8767  8749  8741  8758  8792  8762
TBILIS 1973 06 17 1  8744  8777  8720  8715  8667  8697  8674  8694  8692  8716  8729  8723
TBILIS 1973 06 17 2  8734  8720  8724  8677  8731  8772  8748  8747  8730  8745  8712  8698
TBILIS 1973 06 18 1  8695  8725  8674  8680  8655  8660  8660  8640  8662  8701  8753  8712
TBILIS 1973 06 18 2 99999  8614  8623  8586  8609  8609  8569  8586  8597  8603  8629  8576
TBILIS 1973 06 19 1  8588  8583  8585  8565  8566  8545  8600  8601  8699  8709  8697  8699
TBILIS 1973 06 19 2  8712  8723  8721  8706  8719  8693  8678  8678  8701  8647  8684  8671
TBILIS 1973 06 20 1  8676  8672  8695  8701  8697  8690  8727  8704  8721  8775  8765  8739
TBILIS 1973 06 20 2  8743  8719  8714  8725  8747  8731  8720  8716  8730  8738  8732  8738
TBILIS 1973 06 21 1 99999 99999 99999 99999 99999 99999  8731  8688  8710  8745  8753  8738
TBILIS 1973 06 21 2  8726  8761  8734  8777  8737  8792  8750  8760  8756  8787  8784  8786
TBILIS 1973 06 22 1  8788  8813 99999 99999 99999  8788  8743  8784  8765  8784  8741  8733
TBILIS 1973 06 22 2  8785  8740  8753  8785  8738  8794  8815  8782  8802  8740  8760  8749
TBILIS 1973 06 23 1  8776  8784  8754  8764  8770  8761  8757  8746  8715  8740  8742  8722
TBILIS 1973 06 23 2  8730  8731  8733  8718  8719  8747  8775  8830  8815  8800  8825  8828
TBILIS 1973 06 24 1  8827  8859  8833  8842  8778  8805  8782  8778  8821  8797  8828  8800
TBILIS 1973 06 24 2  8776  8775  8797  8796  8782  8781  8821  8829  8775  8772  8818  8785
TBILIS 1973 06 25 1  8766  8759  8749  8707  8709  8713  8719  8664  8645  8669  8692  8656
TBILIS 1973 06 25 2  8725 99999 99999 99999  8749  8760  8763  8726  8708  8721  8783  8736
TBILIS 1973 06 26 1  8757  8677  8743  8723 99999 99999 99999 99999 99999  8743  8719  8699
TBILIS 1973 06 26 2  8717  8701  8741  8724  8765  8788  8837  8789  8835  8858  8811  8802
TBILIS 1973 06 27 1  8839  8813  8793  8754  8735  8757  8779  8757  8770  8819  8788  8779
TBILIS 1973 06 27 2  8773  8788  8778  8819  8814  8864  8853  8837  8819  8827  8845  8815
TBILIS 1973 06 28 1  8828  8822  8809  8787  8813  8795  8783  8792  8817  8845  8817  8796
TBILIS 1973 06 28 2  8821  8811  8787  8800  8816  8852  8809  8843  8829  8810  8861  8881
TBILIS 1973 06 29 1  8936  8921  8883  8876  8833  8832  8822  8875  8854  8901  8902  8856
TBILIS 1973 06 29 2  8834  8860  8820  8827  8821  8801  8820  8800  8788  8833  8811  8836
TBILIS 1973 06 30 1  8774  8790  8772  8764  8786  8767  8739  8810  8797  8793  8776  8754
TBILIS 1973 06 30 2  8743  8767  8761  8765  8727  8710  8689  8711  8732  8687  8699  8696
TBILIS 1973 06 31 1 99999 99999 99999 99999 99999 99999 99999 99999 99999 99999 99999 99999
TBILIS 1973 06 31 2 99999 99999 99999 99999 99999 99999 99999 99999 99999 99999 99999 99999
Cosmic-Ray Neutron Monitor Data (Hourly, Pressure-Corrected and Scale-Adjusted Counts)
Collections: WDC for Cosmic Rays, Solar-Terrestrial Environment Laboratory, Nagoya Univ.
Data Access: http://center.stelab.nagoya-u.ac.jp/WDCCR/index.html
Project: ICSU WDC
Citation: WDC for Cosmic Rays, Solar-Terrestrial Environment Laboratory, Nagoya University
Station ID: TBILIS
Station:  TBILISI,GIORGIA,INSTITUT GEOPHYSIKY (IG), GIORGIAN ACADEMY OF SCIENCES,GIORGIA 
Instrument: 18-NM-64 NEUTRON MONITOR, CORRECTED FOR PRESSURE TO 950.0 MB, COEF. =           
Latitude (deg.):   41.72  Longitude (deg.):   44.80  Altitude (m):  510.00
Cut-Off Rigidity (GV):    6.91
Year: 1973  Month:   7
Scaling Factor (SF):    64.0   Constant (CONST):     0.0  Real Counts = (DATA + CONST)*SF
Temporal Resolution: 1 hour
UTC Start Hour:     0.0
                                                                                
                                                        
Monthly Average:  8775.5
Updated (YYYY MM DD): 1979 03 19
*******************************************************************************************
ID     YYYY MM DD 1     0     1     2     3     4     5     6     7     8     9    10    11
ID     YYYY MM DD 2    12    13    14    15    16    17    18    19    20    21    22    23
*******************************************************************************************
TBILIS 1973 07 01 1  8742  8743  8758  8758  8755  8811  8761  8794  8739  8772  8751  8799
TBILIS 1973 07 01 2  8720  8717  8759  8745  8757  8778  8745  8786  8753  8768  8775  8776
TBILIS 1973 07 02 1  8789  8780  8763  8767  8755  8772  8772  8771  8736  8779  8769  8747
TBILIS 1973 07 02 2  8781  8766  8759  8765  8794  8815  8820  8795  8817  8822  8825  8755
TBILIS 1973 07 03 1  8780  8726  8753  8705  8700  8737  8737  8697  8743  8769  8777  8752
TBILIS 1973 07 03 2  8810  8819  8823  8811  8799  8809  8802  8797  8807  8826  8800  8774
TBILIS 1973 07 04 1  8806  8797  8780  8777  8742  8707  8709  8678  8684  8727  8740  8758
TBILIS 1973 07 04 2  8760  8776  8786  8786  8807  8808  8803  8769  8796  8761  8766  8761
TBILIS 1973 07 05 1  8772  8779  8745  8755  8737  8737  8748  8715  8753  8790  8770  8796
TBILIS 1973 07 05 2  8752  8781  8814  8794  8821  8824  8848  8835  8779  8846  8840  8824
TBILIS 1973 07 06 1  8768  8779  8767  8821  8783  8769  8783  8749  8782  8788  8795  8787
TBILIS 1973 07 06 2  8812  8802  8825  8841  8845  8866  8847  8836  8836  8809  8829  8779
TBILIS 1973 07 07 1  8843  8797  8807  8801  8803  8801  8804  8784  8825  8817  8841 99999
TBILIS 1973 07 07 2 99999  8794  8802  8877  8852  8875  8861  8894  8879  8877  8906  8852
TBILIS 1973 07 08 1  8828  8793  8784  8810  8839  8780  8765  8744  8787  8820  8865  8898
TBILIS 1973 07 08 2  8924  8951  8916  8927  8917  8915  8873  8879  8807  8851  8829  8759
TBILIS 1973 07 09 1  8805  8798  8771  8758  8768  8800  8831  8871  8790  8803  8809  8824
TBILIS 1973 07 09 2  8782  8812  8786  8785  8806  8855  8820  8868  8817  8770  8786  8778
TBILIS 1973 07 10 1  8750  8732  8716  8732  8690  8705  8699  8683  8673  8704  8684  8697
TBILIS 1973 07 10 2  8692  8721  8723  8718  8713  8672  8643  8670  8652  8689  8686  8658
TBILIS 1973 07 11 1  8716  8695  8729  8703  8727  8687  8689  8703  8698  8686  8709  8705
TBILIS 1973 07 11 2  8641  8639  8662  8656  8678  8681  8679  8667  8716  8714  8722  8697
TBILIS 1973 07 12 1  8713  8720  8733  8733  8761  8764  8744  8684  8707  8690  8655  8652
TBILIS 1973 07 12 2  8638  8625  8640  8662  8673  8712  8695  8683  8677  8718  8694  8699
TBILIS 1973 07 13 1  8720  8715  8712  8700  8725  8760  8763  8754  8741  8742  8762  8737
TBILIS 1973 07 13 2  8738  8726  8722  8721  8776  8713  8702  8681  8698  8654  8678  8677
TBILIS 1973 07 14 1  8692  8696  8707  8717  8752  8747  8743  8742  8738  8754  8693  8691
TBILIS 1973 07 14 2  8703  8663  8712  8695  8685  8660  8663  8660  8676  8636  8691  8628
TBILIS 1973 07 15 1  8691  8682  8708  8696  8738  8740  8765  8752  8751  8761  8773  8795
TBILIS 1973 07 15 2  8651  8769  8720  8721  8678  8733  8714  8708  8700  8727  8765  8686
TBILIS 1973 07 16 1  8706  8738  8730  8731  8713  8721  8752  8745  8779  8721  8744  8740
TBILIS 1973 07 16 2  8680  8675  8678  8723  8722  8719  8724  8733  8695  8710  8742  8719
TBILIS 1973 07 17 1  8688  8675  8691  8691  8676  8682  8706  8704  8704  8711  8722  8747
TBILIS 1973 07 17 2  8762  8711  8715  8736  8771  8738  8723  8780  8770  8747  8757  8790
TBILIS 1973 07 18 1  8769  8766  8751  8785  8778  8748  8760  8760  8742  8741  8750  8758
TBILIS 1973 07 18 2  8726  8718  8738  8742  8718  8794  8789  8766  8754  8812  8813  8816
TBILIS 1973 07 19 1  8861  8823  8816  8804  8778  8758  8736  8731  8737  8761  8725  8713
TBILIS 1973 07 19 2  8760  8753  8757  8737  8777  8808  8813  8840  8818  8853  8847  8832
TBILIS 1973 07 20 1  8830  8772  8806  8797  8779  8820  8837  8834  8783  8832  8801  8806
TBILIS 1973 07 20 2  8756  8748  8748  8785  8824  8848  8869  8850  8899  8840  8869  8856
TBILIS 1973 07 21 1  8847  8829  8830  8815  8842  8832  8839  8848  8809  8841  8854  8786
TBILIS 1973 07 21 2  8818  8784  8762  8780  8806  8813  8795  8843  8849  8843  8826  8878
TBILIS 1973 07 22 1  8808  8835  8840  8865  8830  8834  8839  8817  8846  8781  8786  8833
TBILIS 1973 07 22 2  8760  8834  8803  8772  8791  8810  8757  8795  8750  8781  8815  8815
TBILIS 1973 07 23 1  8772  8833  8809  8858  8833  8825  8819  8828  8818  8877  8880  8871
TBILIS 1973 07 23 2  8862  8845  8852  8849  8893  8904  8860  8885  8891  8865  8879  8871
TBILIS 1973 07 24 1  8888  8871  8869  8873  8830  8844  8873  8849  8841  8894  8899  8871
TBILIS 1973 07 24 2  8900  8877  8929  8938  8924  8967  8908  8950  8927  8918  8878  8876
TBILIS 1973 07 25 1  8887  8882  8884  8829  8828  8844  8812  8856  8890  8870  8872  8869
TBILIS 1973 07 25 2  8854  8890  8843  8863  8893  8904  8931  8885  8844  8902  8885  8842
TBILIS 1973 07 26 1  8871  8846  8881  8859  8847  8858  8855  8851  8866  8919  8909  8921
TBILIS 1973 07 26 2  8926  8931  8899  8925  8900  8911  8886  8894  8814  8839  8821  8809
TBILIS 1973 07 27 1  8821  8820  8835  8790  8742  8766  8750  8753  8726  8775  8799  8794
TBILIS 1973 07 27 2  8854  8790  8853  8802  8784 99999 99999 99999 99999 99999 99999 99999
TBILIS 1973 07 28 1 99999 99999 99999 99999 99999  8742  8731  8743  8745  8789  8760  8736
TBILIS 1973 07 28 2  8752  8739  8740  8777  8732  8733  8752  8762  8761  8741  8719  8727
TBILIS 1973 07 29 1  8742  8722  8717  8729  8742  8742  8744  8750  8777  8805  8831  8796
TBILIS 1973 07 29 2  8809  8757  8744  8760  8751  8748  8769  8791  8765  8777  8777  8827
TBILIS 1973 07 30 1  8796  8769  8768  8759  8750  8727  8740  8752  8727  8774  8761  8780
TBILIS 1973 07 30 2  8800  8774  8769  8788  8790  8776  8771  8819  8767  8748  8791  8786
TBILIS 1973 07 31 1  8742  8687  8712  8695  8667  8700  8714  8799  8738  8777  8808  8797
TBILIS 1973 07 31 2  8739  8664  8556  8518  8586  8543  8525  8543  8550  8584  8596  8630
Cosmic-Ray Neutron Monitor Data (Hourly, Pressure-Corrected and Scale-Adjusted Counts)
Collections: WDC for Cosmic Rays, Solar-Terrestrial Environment Laboratory, Nagoya Univ.
Data Access: http://center.stelab.nagoya-u.ac.jp/WDCCR/index.html
Project: ICSU WDC
Citation: WDC for Cosmic Rays, Solar-Terrestrial Environment Laboratory, Nagoya University
Station ID: TBILIS
Station:  TBILISI,GIORGIA,INSTITUT GEOPHYSIKY (IG), GIORGIAN ACADEMY OF SCIENCES,GIORGIA 
Instrument: 18-NM-64 NEUTRON MONITOR, CORRECTED FOR PRESSURE TO 950.0 MB, COEF. =           
Latitude (deg.):   41.72  Longitude (deg.):   44.80  Altitude (m):  510.00
Cut-Off Rigidity (GV):    6.91
Year: 1973  Month:   8
Scaling Factor (SF):    64.0   Constant (CONST):     0.0  Real Counts = (DATA + CONST)*SF
Temporal Resolution: 1 hour
UTC Start Hour:     0.0
                                                                                
                                                        
Monthly Average:  8816.4
Updated (YYYY MM DD): 1979 03 19
*******************************************************************************************
ID     YYYY MM DD 1     0     1     2     3     4     5     6     7     8     9    10    11
ID     YYYY MM DD 2    12    13    14    15    16    17    18    19    20    21    22    23
*******************************************************************************************
TBILIS 1973 08 01 1  8644  8687  8726  8700  8727  8719  8692  8677  8682  8653  8651  8650
TBILIS 1973 08 01 2  8627  8686  8686  8635  8644  8649  8656  8650  8692  8720  8696  8672
TBILIS 1973 08 02 1  8656  8659  8623  8650  8631  8643  8624  8649  8608  8641  8675  8673
TBILIS 1973 08 02 2  8652  8712  8675  8693  8730  8753  8808  8764  8782  8800  8759  8715
TBILIS 1973 08 03 1  8703  8714  8691  8698  8710  8718  8712  8708  8688  8659  8678  8655
TBILIS 1973 08 03 2  8663  8661  8685  8694  8678  8638  8674  8711  8694  8690  8679  8662
TBILIS 1973 08 04 1  8684  8679  8662  8700  8658  8664  8696  8691  8685  8670  8700  8672
TBILIS 1973 08 04 2  8691  8704  8749  8709  8718  8746  8730  8707  8680  8717  8733  8693
TBILIS 1973 08 05 1  8704  8704  8746  8746  8695  8733  8729  8713  8708  8722  8738  8727
TBILIS 1973 08 05 2  8644  8650  8684  8677  8667  8644  8666  8644  8638  8678  8647  8635
TBILIS 1973 08 06 1  8651  8668  8693  8704  8730  8758  8732  8739  8787  8772  8776  8721
TBILIS 1973 08 06 2  8756  8739  8752  8763  8808  8810  8765  8786  8809  8787  8821  8833
TBILIS 1973 08 07 1  8823  8785  8796  8817  8801  8799  8809  8779  8786  8748  8827  8777
TBILIS 1973 08 07 2  8740  8750  8790  8789  8788  8789  8832  8808  8803  8805  8770  8750
TBILIS 1973 08 08 1  8764  8829  8777  8794  8766  8774  8755  8745  8772  8775  8758  8774
TBILIS 1973 08 08 2  8727  8752  8733  8742  8730  8735  8756  8718  8734  8722  8716  8684
TBILIS 1973 08 09 1  8688  8727  8762  8717  8746  8754  8778  8817  8813  8774  8745  8769
TBILIS 1973 08 09 2  8826  8780  8856  8815  8862  8875  8890  8846  8844  8785  8770  8754
TBILIS 1973 08 10 1  8749  8773  8755  8743  8786  8787  8799  8836  8865  8852  8814  8824
TBILIS 1973 08 10 2  8788  8822  8807  8834  8797  8781  8790  8768  8762  8800  8758  8798
TBILIS 1973 08 11 1  8745  8813  8804  8809  8834  8790  8775  8785  8788  8796  8788  8772
TBILIS 1973 08 11 2  8788  8757  8760  8774  8765  8799  8759  8775  8718  8721  8741  8753
TBILIS 1973 08 12 1  8756  8771  8745  8776  8729  8753  8758  8727  8708  8716  8721  8695
TBILIS 1973 08 12 2  8726  8715  8733  8752  8784  8787  8788  8832  8822  8825  8796  8812
TBILIS 1973 08 13 1  8787  8781  8828  8851  8776  8787  8834  8822  8842  8797  8793  8789
TBILIS 1973 08 13 2  8809  8772  8815  8801  8801  8822  8826  8858  8838  8785  8737  8767
TBILIS 1973 08 14 1  8791  8786  8796  8861  8819  8778  8827  8826  8841  8863  8857  8799
TBILIS 1973 08 14 2  8771  8794  8771  8795  8743  8721  8738  8760  8777  8783  8750  8792
TBILIS 1973 08 15 1  8802  8815  8823  8822  8810  8809  8799  8825  8860  8807  8817  8774
TBILIS 1973 08 15 2  8737  8764  8760  8789  8773  8774  8738  8767  8745  8729  8742  8827
TBILIS 1973 08 16 1  8817  8835  8842  8868  8839  8874  8866  8865  8826  8788  8827  8777
TBILIS 1973 08 16 2  8806  8848  8808  8801  8814  8839  8851  8850  8834  8834  8800  8838
TBILIS 1973 08 17 1  8766  8806  8838  8835  8808  8821  8820  8824  8843  8813  8851  8822
TBILIS 1973 08 17 2  8811  8788  8846  8813  8795  8815  8884  8852  8848  8822  8833  8844
TBILIS 1973 08 18 1  8897  8871  8829  8812  8807  8827  8809  8823  8826  8859  8819  8887
TBILIS 1973 08 18 2  8830  8813  8799  8816  8768  8814  8826  8808  8806  8801  8805  8799
TBILIS 1973 08 19 1  8808  8786  8807  8841  8847  8825  8845  8838  8843  8808  8855  8835
TBILIS 1973 08 19 2  8829  8856  8896  8875  8894  8958  9001  8968  8992  8933  8959  8908
TBILIS 1973 08 20 1  8883  8916  8908  8901  8896  8875  8877  8851  8831  8886  8857  8890
TBILIS 1973 08 20 2  8911  8887  8929  8937  8920  8894  8913  8924  8871  8914  8907  8899
TBILIS 1973 08 21 1  8883  8907  8862  8896  8889  8923  8882  8907  8917  8892  8873  8892
TBILIS 1973 08 21 2  8875  8863  8857  8855  8880  8885  8858  8864  8852  8845  8816  8822
TBILIS 1973 08 22 1  8775  8788  8797  8807  8788  8809  8842  8850  8815  8830  8847  8826
TBILIS 1973 08 22 2  8838  8867  8904  8867  8882  8888  8904  8885  8890  8868  8888  8888
TBILIS 1973 08 23 1  8890  8889  8851  8918  8871  8928  8920  8940  8959  8929  8839  8892
TBILIS 1973 08 23 2  8877  8892  8902  8919  8927  8924  8904  8917  8897  8873  8893  8868
TBILIS 1973 08 24 1  8868  8868  8915  8921  8937  8895  8845  8876  8918  8944  8963  9014
TBILIS 1973 08 24 2  8977  8962  8946  8937  8915  8913  8917  8951  8916  8948  8894  8923
TBILIS 1973 08 25 1  8918  8914  8933  8949  8918  8918  8892  8883  8934  8956  8913  8958
TBILIS 1973 08 25 2  8924  8938  8883  8888  8884  8860  8890  8891  8871  8897  8896  8872
TBILIS 1973 08 26 1  8919  8930  8869  8863  8899  8873  8865  8846  8876  8888  8884  8874
TBILIS 1973 08 26 2  8898  8893  8898  8900  8906  8956  8965  8906  8877  8875  8910  8877
TBILIS 1973 08 27 1  8871  8901  8890  8893  8911  8906  8906  8911  8921  8902  8904  8935
TBILIS 1973 08 27 2  8927  8953  8911  8965  8913  8942  8932  8940  8914  8881  8911  8911
TBILIS 1973 08 28 1  8891  8887  8833  8818  8875  8870  8858  8867  8876  8856  8883  8841
TBILIS 1973 08 28 2  8840  8886  8871  8865  8911  8881  8868  8859  8846  8862  8874  8863
TBILIS 1973 08 29 1  8824  8875  8878  8887  8885  8877  8876  8856  8892  8915  8883  8846
TBILIS 1973 08 29 2  8922  8878  8881  8880  8897  8933  8911  8954  8937  8957  8943  8908
TBILIS 1973 08 30 1  8927  8928  8906  8903  8861  8867  8835  8910  8903  8866  8858  8900
TBILIS 1973 08 30 2  8849  8881  8892  8899  8882  8866  8906  8915  8897  8952  8899  8909
TBILIS 1973 08 31 1  8929  8926  8910  8891  8879  8907  8870  8873  8887  8898  8938  8909
TBILIS 1973 08 31 2  8908  8903  8865  8885  8930  8941  8918  8875  8911  8899  8877  8872
Cosmic-Ray Neutron Monitor Data (Hourly, Pressure-Corrected and Scale-Adjusted Counts)
Collections: WDC for Cosmic Rays, Solar-Terrestrial Environment Laboratory, Nagoya Univ.
Data Access: http://center.stelab.nagoya-u.ac.jp/WDCCR/index.html
Project: ICSU WDC
Citation: WDC for Cosmic Rays, Solar-Terrestrial Environment Laboratory, Nagoya University
Station ID: TBILIS
Station:  TBILISI,GIORGIA,INSTITUT GEOPHYSIKY (IG), GIORGIAN ACADEMY OF SCIENCES,GIORGIA 
Instrument: 18-NM-64 NEUTRON MONITOR, CORRECTED FOR PRESSURE TO 950.0 MB, COEF. =           
Latitude (deg.):   41.72  Longitude (deg.):   44.80  Altitude (m):  510.00
Cut-Off Rigidity (GV):    6.91
Year: 1973  Month:   9
Scaling Factor (SF):    64.0   Constant (CONST):     0.0  Real Counts = (DATA + CONST)*SF
Temporal Resolution: 1 hour
UTC Start Hour:     0.0
                                                                                
                                                        
Monthly Average:  8865.5
Updated (YYYY MM DD): 1979 04 20
*******************************************************************************************
ID     YYYY MM DD 1     0     1     2     3     4     5     6     7     8     9    10    11
ID     YYYY MM DD 2    12    13    14    15    16    17    18    19    20    21    22    23
*******************************************************************************************
TBILIS 1973 09 01 1  8884  8899  8900  8932  8903  8838  8857  8835  8909  8889  8877  8907
TBILIS 1973 09 01 2  8897  8917  8921  8934  8936  8906  8892  8922  8908  8917  8925  8897
TBILIS 1973 09 02 1  8890  8899  8871  8876  8851  8913  8887  8867  8903  8871  8891  8862
TBILIS 1973 09 02 2  8873  8845  8827  8815  8877  8911  8856  8879  8864  8864  8880  8829
TBILIS 1973 09 03 1  8813  8823  8841  8825  8824  8817  8817  8807  8798  8819  8784  8798
TBILIS 1973 09 03 2  8782  8805  8788  8799  8809  8815  8766  8793  8789  8775  8754  8747
TBILIS 1973 09 04 1  8747  8746  8758  8793  8745  8746  8755  8746  8773  8817  8813  8815
TBILIS 1973 09 04 2  8819  8800  8853  8875  8837  8800  8841  8839  8868  8845  8833  8814
TBILIS 1973 09 05 1  8832  8861  8871  8828  8795  8819  8715  8733  8799  8764  8750  8913
TBILIS 1973 09 05 2  8763  8834  8812  8898  8852  8881  8914  8874  8896  8900  8886  8905
TBILIS 1973 09 06 1  8894  8887  8866  8858  8787  8805  8790  8839  8813  8798  8827  8870
TBILIS 1973 09 06 2  8856  8816  8857  8917  8929  8892  8920  8890  8907  8890  8906  8880
TBILIS 1973 09 07 1  8889  8888  8853  8856  8828  8805  8814  8881  8888  8856  8869  8851
TBILIS 1973 09 07 2  8842  8876  8887  8868  8897  8875  8910  8890  8848  8879  8855  8848
TBILIS 1973 09 08 1  8870  8860  8885  8868  8880  8875  8901  8861  8875  8873  8914  8904
TBILIS 1973 09 08 2  8918  8914  8913  8975  8954  8942  8865  8912  8900  8912  8945  8917
TBILIS 1973 09 09 1  8873  8939  8872  8831  8900  8877  8842  8913  8895  8910  8878  8871
TBILIS 1973 09 09 2  8908  8960  8925  8936  8950  8875  8845  8824  8859  8870  8916  8918
TBILIS 1973 09 10 1  8864  8924  8958  8896  8921  8881  8839  8804  8815  8843  8841  8865
TBILIS 1973 09 10 2  8884  8871  8929  8882  8872  8832  8880  8869  8824  8848  8844  8815
TBILIS 1973 09 11 1  8818  8851  8822  8817  8804  8809  8754  8773  8773  8769  8762  8793
TBILIS 1973 09 11 2  8786  8778  8795  8812  8823  8780  8801  8781  8807  8764  8744  8771
TBILIS 1973 09 12 1  8771  8788  8775  8794  8826  8797  8840  8801  8844  8862  8821  8832
TBILIS 1973 09 12 2  8799  8811  8803  8810  8873  8857  8857  8826  8866  8833  8815  8791
TBILIS 1973 09 13 1  8762  8754  8765  8810  8768  8769  8794  8793  8826  8794  8811  8801
TBILIS 1973 09 13 2  8800  8812  8815  8856  8816  8815  8802  8798  8806  8806  8829  8791
TBILIS 1973 09 14 1  8817  8837  8823  8828  8860  8858  8890  8903  8890  8898  8892  8955
TBILIS 1973 09 14 2  8951  8925  8920  8934  8905  8843  8879  8835  8889  8845  8852  8804
TBILIS 1973 09 15 1  8870  8843  8841  8872  8859  8800  8829  8812  8840  8925  8898  8902
TBILIS 1973 09 15 2  8926  8916  8945  8903  8900  8868  8913  8929  8889  8874  8873  8913
TBILIS 1973 09 16 1  8879  8905  8886  8890  8869  8852  8879  8890  8895  8895  8860  8894
TBILIS 1973 09 16 2  8894  8877  8863  8861  8861  8862  8865  8848  8873  8889  8868  8846
TBILIS 1973 09 17 1  8828  8848  8886  8876  8882  8824  8874  8872  8813  8904  8888  8865
TBILIS 1973 09 17 2  8848  8838  8853  8835  8854  8859  8896  8876  8893  8900  8899  8886
TBILIS 1973 09 18 1  8871  8899  8921  8905  8890  8899  8900  8842  8865  8833  8831  8834
TBILIS 1973 09 18 2  8846  8847  8881  8873  8858  8865  8882  8893  8866  8853  8859  8834
TBILIS 1973 09 19 1  8854  8846  8892  8864  8897  8897  8915  8898  8903  8889  8883  8924
TBILIS 1973 09 19 2  8926  8900  8901  8880  8981  9002  8962  8969  8988  8953  8969  8975
TBILIS 1973 09 20 1  8953  8911  8988  8944  8980  8939  8896  8884  8880  8885  8853  8932
TBILIS 1973 09 20 2  8894  8925  8944  8920  8919  9004  8975  8976  8978  8977  8944  8937
TBILIS 1973 09 21 1  8984  8928  8914  8920  8894  8917  8921  8887  8898  8927  8883  8900
TBILIS 1973 09 21 2  8909  8876  8883  8937  8917  8924  8915  8966  8919  8927  8893  8886
TBILIS 1973 09 22 1  8850  8846  8873  8864  8850  8807  8835  8813  8811  8879  8852  8879
TBILIS 1973 09 22 2  8894  8904  8889  8901  8901  8876  8919  8937  8893  8881  8830  8884
TBILIS 1973 09 23 1  8859  8859  8854  8851  8854  8844  8841  8841  8823  8835  8906  8942
TBILIS 1973 09 23 2  8954  8934  8919  8911  8880  8876  8882  8852  8817  8801  8835  8808
TBILIS 1973 09 24 1  8843  8807  8847  8852  8847  8838  8837  8838  8852  8862  8900  8880
TBILIS 1973 09 24 2  8876  8843  8861  8888  8838  8870  8833  8879  8836  8852  8850  8851
TBILIS 1973 09 25 1  8853  8877  8876  8846  8896  8907  8894  8889  8947  8923  8926  8927
TBILIS 1973 09 25 2  8915  8922  8907  8939  8922  8942  8883  8913  8863  8863  8884  8883
TBILIS 1973 09 26 1  8928  8915  8895  8889  8856  8866  8828  8873  8914  8928  8869  8863
TBILIS 1973 09 26 2  8843  8865  8884  8891  8852  8857  8843  8834  8851  8838  8840  8805
TBILIS 1973 09 27 1  8816  8821  8793  8843  8836  8841  8811  8817  8804  8824  8837  8820
TBILIS 1973 09 27 2  8845  8831  8868  8883  8891  8872  8865  8896  8858  8896  8901  8855
TBILIS 1973 09 28 1  8861  8837  8844  8847  8872  8885  8840  8859  8838  8811  8861  8867
TBILIS 1973 09 28 2  8875  8890  8895  8902  8925  8890  8904  8880  8921  8839  8896  8869
TBILIS 1973 09 29 1  8856  8874  8819  8876  8846  8848  8815  8816  8830  8828  8837  8816
TBILIS 1973 09 29 2  8839  8883  8898  8878  8965  8916  8958  8880  8876  8838  8833  8831
TBILIS 1973 09 30 1  8896  8892  8929  8930  8926  8892  8884  8873  8877  8861  8897  8834
TBILIS 1973 09 30 2  8893  8859  8884  8899  8887  8878  8872  8869  8896  8889  8873  8910
TBILIS 1973 09 31 1 99999 99999 99999 99999 99999 99999 99999 99999 99999 99999 99999 99999
TBILIS 1973 09 31 2 99999 99999 99999 99999 99999 99999 99999 99999 99999 99999 99999 99999
Cosmic-Ray Neutron Monitor Data (Hourly, Pressure-Corrected and Scale-Adjusted Counts)
Collections: WDC for Cosmic Rays, Solar-Terrestrial Environment Laboratory, Nagoya Univ.
Data Access: http://center.stelab.nagoya-u.ac.jp/WDCCR/index.html
Project: ICSU WDC
Citation: WDC for Cosmic Rays, Solar-Terrestrial Environment Laboratory, Nagoya University
Station ID: TBILIS
Station:  TBILISI,GIORGIA,INSTITUT GEOPHYSIKY (IG), GIORGIAN ACADEMY OF SCIENCES,GIORGIA 
Instrument: 18-NM-64 NEUTRON MONITOR, CORRECTED FOR PRESSURE TO 950.0 MB, COEF. =           
Latitude (deg.):   41.72  Longitude (deg.):   44.80  Altitude (m):  510.00
Cut-Off Rigidity (GV):    6.91
Year: 1973  Month:  10
Scaling Factor (SF):    64.0   Constant (CONST):     0.0  Real Counts = (DATA + CONST)*SF
Temporal Resolution: 1 hour
UTC Start Hour:     0.0
                                                                                
                                                        
Monthly Average:  8750.2
Updated (YYYY MM DD): 1979 03 19
*******************************************************************************************
ID     YYYY MM DD 1     0     1     2     3     4     5     6     7     8     9    10    11
ID     YYYY MM DD 2    12    13    14    15    16    17    18    19    20    21    22    23
*******************************************************************************************
TBILIS 1973 10 01 1  8936  8891  8928  8937  8912  8896  8881  8869  8930  8904  8881  8872
TBILIS 1973 10 01 2  8833  8821  8841  8865  8832  8859  8908  8910  8897  8881  8878  8875
TBILIS 1973 10 02 1  8896  8835  8833  8817  8854  8822  8896  8926  8900  8942  8908  8897
TBILIS 1973 10 02 2  8875  8883  8859  8882  8893  8879  8848  8861  8878  8843  8863  8859
TBILIS 1973 10 03 1  8776  8808  8791  8829  8856  8886  8832  8816  8870  8833  8835  8807
TBILIS 1973 10 03 2  8871  8862  8866  8872  8858  8828  8810  8831  8848  8823  8855  8806
TBILIS 1973 10 04 1  8826  8820  8851  8818  8852  8830  8857  8868  8846  8848  8836  8856
TBILIS 1973 10 04 2  8884  8861  8897  8851  8859  8879  8902  8927  8926  8912  8907  8875
TBILIS 1973 10 05 1  8887  8852  8841  8894  8847  8843  8807  8817  8815  8785  8791  8829
TBILIS 1973 10 05 2  8835  8838  8823  8825  8865  8860  8863  8865  8844  8897  8849  8848
TBILIS 1973 10 06 1  8854  8830  8837  8855  8852  8827  8866  8832  8838  8906  8865  8815
TBILIS 1973 10 06 2  8788  8841  8787  8798  8828  8841  8884  8814  8828  8831  8821  8797
TBILIS 1973 10 07 1  8787  8819  8791  8828  8845  8822  8857  8812  8846  8828  8789  8819
TBILIS 1973 10 07 2  8796  8840  8784  8836  8818  8822  8783  8822  8810  8813  8817  8824
TBILIS 1973 10 08 1  8856  8818  8815  8852  8851  8892  8838  8848  8838  8858  8863  8820
TBILIS 1973 10 08 2  8802  8827  8866  8889  8846  8827  8868  8830  8856  8838  8837  8857
TBILIS 1973 10 09 1  8853  8837  8832  8871  8836  8877  8832  8858  8847  8867  8866  8864
TBILIS 1973 10 09 2  8855  8853  8886  8843  8797  8808  8773  8793  8781  8817  8837  8788
TBILIS 1973 10 10 1  8774  8796  8793  8786  8789  8794  8791  8782  8772  8796  8781  8791
TBILIS 1973 10 10 2  8723  8709  8751  8752  8731  8753  8756  8790  8767  8767  8745  8743
TBILIS 1973 10 11 1  8738  8759  8752  8761  8774  8770  8825  8790  8796  8793  8795  8825
TBILIS 1973 10 11 2  8801  8737  8771  8746  8713  8741  8743  8727  8742  8721  8742  8751
TBILIS 1973 10 12 1  8761  8738  8753  8752  8780  8793  8785  8778  8810  8819  8790  8756
TBILIS 1973 10 12 2  8774  8836  8837  8767  8742  8803  8793  8789  8779  8795  8806  8758
TBILIS 1973 10 13 1  8762  8781  8793  8761  8823  8806  8804  8806  8802  8827  8837  8816
TBILIS 1973 10 13 2  8819  8838  8829  8854  8758  8790  8776  8801  8717  8758  8754  8714
TBILIS 1973 10 14 1  8740  8697  8739  8789  8836  8826  8801  8773  8823  8878  8830  8830
TBILIS 1973 10 14 2  8802  8832  8808  8810  8857  8827  8815  8841  8827  8856  8825  8788
TBILIS 1973 10 15 1  8837  8853  8844  8817  8898  8813  8797  8791  8782  8700  8677  8700
TBILIS 1973 10 15 2  8684  8668  8679  8703  8661  8641  8662  8670  8673  8670  8680  8665
TBILIS 1973 10 16 1  8656  8686  8639  8683  8671  8685  8701  8674  8782  8701  8710  8712
TBILIS 1973 10 16 2  8718  8713  8696  8660  8671  8680  8756  8739  8722  8699  8673  8681
TBILIS 1973 10 17 1  8709  8727  8669  8743  8742  8714  8727  8733  8720  8715  8720  8753
TBILIS 1973 10 17 2  8742  8718  8738  8777  8774  8741  8756  8757  8814  8757  8760  8756
TBILIS 1973 10 18 1  8749  8749  8688  8709  8780  8743  8757  8709  8670  8750  8689  8717
TBILIS 1973 10 18 2  8764  8741  8759  8737  8727  8744  8743  8715  8699  8697  8674  8676
TBILIS 1973 10 19 1  8706  8664  8685  8689  8690  8692  8662  8642  8704  8733  8720  8754
TBILIS 1973 10 19 2  8676  8684  8664  8691  8660  8680  8712  8681  8706  8742  8672  8656
TBILIS 1973 10 20 1  8646  8647  8651  8682  8678  8692  8676  8681  8666  8646  8592  8576
TBILIS 1973 10 20 2  8597  8635  8655  8622  8626  8639  8645  8661  8657  8658  8630  8616
TBILIS 1973 10 21 1  8612  8616  8630  8658  8644  8642  8637  8624  8601  8671  8665  8650
TBILIS 1973 10 21 2  8657  8675  8679  8641  8667  8657  8683  8610  8632  8633  8603  8633
TBILIS 1973 10 22 1  8672  8670  8675  8680  8694  8655  8685  8698  8716  8701  8678  8692
TBILIS 1973 10 22 2  8704  8736  8696  8703  8710  8653  8683  8664  8720  8672  8697  8678
TBILIS 1973 10 23 1  8688  8651  8703  8682  8667  8667  8656  8655  8652  8644  8633  8654
TBILIS 1973 10 23 2  8652  8688  8661  8637  8602  8620  8624  8620  8631  8570  8581  8608
TBILIS 1973 10 24 1  8584  8606  8593  8682  8649  8669  8679  8673  8640  8639  8632  8656
TBILIS 1973 10 24 2  8654  8650  8666  8692  8660  8710  8719  8711  8731  8678  8689  8671
TBILIS 1973 10 25 1  8667  8655  8701  8696  8736  8702  8652  8668  8684  8646  8673  8630
TBILIS 1973 10 25 2  8667  8687  8709  8675  8708  8706  8701  8665  8707  8684  8688  8678
TBILIS 1973 10 26 1  8690  8750  8713  8757  8737  8759  8801  8741  8720  8730  8762  8717
TBILIS 1973 10 26 2  8758  8792  8794  8845  8789  8785  8682  8707  8725  8727  8756  8743
TBILIS 1973 10 27 1  8767  8760  8755  8792  8778  8809  8792  8806  8755  8702  8762  8736
TBILIS 1973 10 27 2  8715  8744  8723  8727  8732  8721  8738  8754  8695  8721  8747  8701
TBILIS 1973 10 28 1  8735  8727  8731  8735  8733  8711  8723  8710  8741  8732  8726  8711
TBILIS 1973 10 28 2  8750  8687  8722  8788  8767  8779  8756  8730  8709  8677  8682  8664
TBILIS 1973 10 29 1  8657  8689  8641  8691  8649  8653  8648  8658  8691  8738  8801  8740
TBILIS 1973 10 29 2  8740  8767  8727  8708  8677  8693  8708  8711  8731  8696  8704  8661
TBILIS 1973 10 30 1  8694  8676  8685  8703  8742  8695  8713  8718  8699  8797  8663  8680
TBILIS 1973 10 30 2  8689  8641  8683  8641  8669  8693  8705  8677  8705  8624  8586  8634
TBILIS 1973 10 31 1  8582  8567  8598  8552  8506  8506  8459  8484  8503  8509  8570  8539
TBILIS 1973 10 31 2  8571  8592  8573  8588  8574  8603  8608  8586  8528  8536  8542  8483
Cosmic-Ray Neutron Monitor Data (Hourly, Pressure-Corrected and Scale-Adjusted Counts)
Collections: WDC for Cosmic Rays, Solar-Terrestrial Environment Laboratory, Nagoya Univ.
Data Access: http://center.stelab.nagoya-u.ac.jp/WDCCR/index.html
Project: ICSU WDC
Citation: WDC for Cosmic Rays, Solar-Terrestrial Environment Laboratory, Nagoya University
Station ID: TBILIS
Station:  TBILISI,GIORGIA,INSTITUT GEOPHYSIKY (IG), GIORGIAN ACADEMY OF SCIENCES,GIORGIA 
Instrument: 18-NM-64 NEUTRON MONITOR, CORRECTED FOR PRESSURE TO 950.0 MB, COEF. =           
Latitude (deg.):   41.72  Longitude (deg.):   44.80  Altitude (m):  510.00
Cut-Off Rigidity (GV):    6.91
Year: 1973  Month:  11
Scaling Factor (SF):    64.0   Constant (CONST):     0.0  Real Counts = (DATA + CONST)*SF
Temporal Resolution: 1 hour
UTC Start Hour:     0.0
                                                                                
                                                        
Monthly Average:  8645.0
Updated (YYYY MM DD): 1979 03 19
*******************************************************************************************
ID     YYYY MM DD 1     0     1     2     3     4     5     6     7     8     9    10    11
ID     YYYY MM DD 2    12    13    14    15    16    17    18    19    20    21    22    23
*******************************************************************************************
TBILIS 1973 11 01 1  8503  8541  8541  8538  8536  8530  8513  8561  8573  8580  8482  8587
TBILIS 1973 11 01 2  8594  8577  8572  8609  8587  8557  8585  8550  8571  8508  8542  8535
TBILIS 1973 11 02 1  8581  8542  8532  8511  8564  8532  8542  8592  8582  8590  8557  8568
TBILIS 1973 11 02 2  8566  8589  8624  8624  8576  8533  8601  8567  8627  8608  8628  8583
TBILIS 1973 11 03 1  8644  8615  8583  8597  8627  8624  8608  8665  8607  8619  8616  8631
TBILIS 1973 11 03 2  8618  8667  8661  8639  8610  8675  8686  8681  8648  8656  8677  8659
TBILIS 1973 11 04 1  8649  8669  8657  8654  8661  8688  8666  8674  8631  8687  8685  8673
TBILIS 1973 11 04 2  8691  8675  8669  8654  8684  8645  8681  8644  8630  8570  8540  8526
TBILIS 1973 11 05 1  8565  8535  8472  8474  8541  8543  8488  8533  8564  8580  8557  8598
TBILIS 1973 11 05 2  8536  8575  8541  8510  8555  8529  8530  8538  8516  8553  8513  8529
TBILIS 1973 11 06 1  8530  8543  8547  8520  8564  8530  8574  8549  8561  8577  8620  8655
TBILIS 1973 11 06 2  8647  8626  8625  8621  8568  8591  8582  8580  8596  8577  8623  8604
TBILIS 1973 11 07 1  8599  8606  8587  8620  8608  8624  8630  8653  8699  8648  8672  8657
TBILIS 1973 11 07 2  8651  8659  8611  8682  8635  8634  8633  8662  8653  8680  8669  8643
TBILIS 1973 11 08 1  8647  8614  8636  8655  8636  8656  8593  8644  8619  8692  8644  8599
TBILIS 1973 11 08 2  8611  8602  8593  8623  8635  8639  8603  8574  8605  8639  8604  8645
TBILIS 1973 11 09 1  8669  8615  8605  8621  8615  8622  8683  8604  8598  8640  8574  8596
TBILIS 1973 11 09 2  8656  8573  8621  8586  8566  8614  8593  8561  8564  8556  8572  8585
TBILIS 1973 11 10 1  8540  8566  8556  8585  8596  8624  8634  8556  8610  8630  8597  8616
TBILIS 1973 11 10 2  8590  8595  8592  8626  8649  8605  8623  8625  8621  8635  8600  8593
TBILIS 1973 11 11 1  8649  8638  8647  8635  8679  8624  8623  8669  8676  8655  8606  8642
TBILIS 1973 11 11 2  8623  8607  8633  8656  8640  8605  8625  8613  8650  8643  8604  8620
TBILIS 1973 11 12 1  8647  8677  8627  8609  8657  8672  8646  8684  8670  8654  8632  8620
TBILIS 1973 11 12 2  8636  8626  8630  8646  8647  8642  8659  8651  8658  8695  8695  8720
TBILIS 1973 11 13 1  8669  8657  8652  8654  8638  8600  8644  8667  8627  8656  8659  8623
TBILIS 1973 11 13 2  8618  8630  8595 99999 99999  8692  8711  8647  8697  8658  8655  8685
TBILIS 1973 11 14 1  8651  8615  8656  8633  8654  8654  8638  8657  8640  8619  8630  8637
TBILIS 1973 11 14 2  8643  8620  8684  8690  8638  8689  8679  8666  8624  8636  8661  8638
TBILIS 1973 11 15 1  8636  8668  8661  8656  8690  8596  8638  8659  8660  8660  8631  8634
TBILIS 1973 11 15 2  8659  8664  8677  8671  8669  8671  8651  8637  8641  8661  8666  8675
TBILIS 1973 11 16 1  8698  8715  8692  8663  8695  8650  8663  8611  8617  8647  8624  8683
TBILIS 1973 11 16 2  8666  8658  8674  8695  8701  8712  8748  8718  8739  8658  8695  8697
TBILIS 1973 11 17 1  8635  8662  8628  8613  8627  8621  8651  8603  8635  8585  8600  8649
TBILIS 1973 11 17 2  8655  8641  8679  8660  8682  8691  8684  8710  8730  8692  8709  8636
TBILIS 1973 11 18 1  8661  8657  8659  8665  8642  8655  8671  8654  8596  8663  8683  8658
TBILIS 1973 11 18 2  8652  8633  8667  8612  8603  8649  8630  8602  8632  8628  8659  8604
TBILIS 1973 11 19 1  8665  8635  8695  8712  8690  8687  8739  8698  8675  8759  8734  8711
TBILIS 1973 11 19 2  8726  8685  8688  8694  8621  8740  8707  8661  8673  8656  8672  8732
TBILIS 1973 11 20 1  8693  8693  8697  8743  8750  8693  8683  8688  8697  8715  8718  8713
TBILIS 1973 11 20 2  8715  8679  8669  8698  8676  8682  8705  8683  8687  8715  8639  8659
TBILIS 1973 11 21 1  8631  8649  8651  8662  8669  8665  8689  8663  8641  8654  8662  8663
TBILIS 1973 11 21 2  8668  8658  8690  8668  8672  8731  8721  8722  8680  8678  8695  8633
TBILIS 1973 11 22 1  8649  8681  8679  8706  8693  8709  8681  8643  8667  8677  8664  8683
TBILIS 1973 11 22 2  8665  8672  8649  8661  8642  8660  8678  8680  8711  8716  8723  8731
TBILIS 1973 11 23 1  8735  8716  8729  8724  8753  8755  8702  8707  8751  8700  8715  8713
TBILIS 1973 11 23 2  8739  8736  8753  8749  8763  8758  8798  8804  8815  8757  8780  8800
TBILIS 1973 11 24 1  8821  8830  8835  8782  8787  8788  8766  8757  8720  8718  8756  8729
TBILIS 1973 11 24 2  8695  8745  8768  8754  8735  8703  8743  8744  8762  8698  8695  8667
TBILIS 1973 11 25 1  8635  8629  8677  8692  8660  8640  8632  8652  8653  8650  8631  8646
TBILIS 1973 11 25 2  8638  8696  8670  8645  8676  8653  8650  8663  8645  8605  8631  8621
TBILIS 1973 11 26 1  8647  8706  8672  8659  8674  8657  8675  8684  8634  8657  8678  8634
TBILIS 1973 11 26 2  8623  8641  8659  8623  8661  8651  8656  8623  8647  8598  8622  8643
TBILIS 1973 11 27 1  8676  8643  8678  8719  8691  8664  8640  8637  8604  8607  8626  8631
TBILIS 1973 11 27 2  8583  8593  8624  8647  8636  8647  8650  8626  8615  8618  8635  8654
TBILIS 1973 11 28 1  8622  8646  8646  8653  8668  8722  8657  8620  8618  8597  8613  8629
TBILIS 1973 11 28 2  8620  8682  8648  8646  8676  8663  8709  8697  8690  8672  8704  8666
TBILIS 1973 11 29 1  8666  8641  8613  8643  8652  8658  8669  8633  8594  8588  8621  8656
TBILIS 1973 11 29 2  8668  8659  8683  8674  8662  8628  8614  8588  8621  8634  8582  8599
TBILIS 1973 11 30 1  8620  8631  8613  8634  8618  8629  8611  8637  8616  8630  8631  8636
TBILIS 1973 11 30 2  8634  8656  8641  8637  8646  8676  8668  8682  8704  8717  8681  8675
TBILIS 1973 11 31 1 99999 99999 99999 99999 99999 99999 99999 99999 99999 99999 99999 99999
TBILIS 1973 11 31 2 99999 99999 99999 99999 99999 99999 99999 99999 99999 99999 99999 99999
Cosmic-Ray Neutron Monitor Data (Hourly, Pressure-Corrected and Scale-Adjusted Counts)
Collections: WDC for Cosmic Rays, Solar-Terrestrial Environment Laboratory, Nagoya Univ.
Data Access: http://center.stelab.nagoya-u.ac.jp/WDCCR/index.html
Project: ICSU WDC
Citation: WDC for Cosmic Rays, Solar-Terrestrial Environment Laboratory, Nagoya University
Station ID: TBILIS
Station:  TBILISI,GIORGIA,INSTITUT GEOPHYSIKY (IG), GIORGIAN ACADEMY OF SCIENCES,GIORGIA 
Instrument: 18-NM-64 NEUTRON MONITOR, CORRECTED FOR PRESSURE TO 950.0 MB, COEF. =           
Latitude (deg.):   41.72  Longitude (deg.):   44.80  Altitude (m):  510.00
Cut-Off Rigidity (GV):    6.91
Year: 1973  Month:  12
Scaling Factor (SF):    64.0   Constant (CONST):     0.0  Real Counts = (DATA + CONST)*SF
Temporal Resolution: 1 hour
UTC Start Hour:     0.0
                                                                                
                                                        
Monthly Average:  8726.1
Updated (YYYY MM DD): 1979 03 19
*******************************************************************************************
ID     YYYY MM DD 1     0     1     2     3     4     5     6     7     8     9    10    11
ID     YYYY MM DD 2    12    13    14    15    16    17    18    19    20    21    22    23
*******************************************************************************************
TBILIS 1973 12 01 1  8666  8685  8646  8681  8667  8651  8650  8646  8679  8677  8716  8711
TBILIS 1973 12 01 2  8668  8647  8644  8632  8689  8679  8692  8683  8654  8683  8656  8652
TBILIS 1973 12 02 1  8663  8663  8693  8669  8628  8661  8651  8633  8606  8624  8662  8681
TBILIS 1973 12 02 2  8702  8678  8635  8632  8688  8658  8586  8611  8582  8585  8567  8615
TBILIS 1973 12 03 1  8686  8662  8661  8655  8603  8597  8585  8608  8623  8610  8630  8651
TBILIS 1973 12 03 2  8660  8654  8649  8688  8761  8719  8712  8744  8684  8673  8655  8688
TBILIS 1973 12 04 1  8655  8681  8692  8657  8740  8723  8709  8675  8722  8686  8717  8725
TBILIS 1973 12 04 2  8749  8727  8712  8706  8736  8793  8783  8691  8700  8687  8702  8675
TBILIS 1973 12 05 1  8661  8677  8669  8679  8674  8698  8675  8675  8716  8686  8675  8670
TBILIS 1973 12 05 2  8627  8630  8657  8646  8664  8647  8684  8723  8714  8732  8740  8713
TBILIS 1973 12 06 1  8729  8705  8693  8719  8700  8685  8733  8717  8691  8734  8732  8699
TBILIS 1973 12 06 2  8799  8781  8701  8692  8688  8653  8708  8700  8725  8758  8724  8727
TBILIS 1973 12 07 1  8688  8678  8685  8653  8604  8641  8638  8613  8684  8659  8686  8666
TBILIS 1973 12 07 2  8675  8658  8617  8644  8645  8604  8617  8590  8584  8606  8631  8624
TBILIS 1973 12 08 1  8628  8663  8626  8619  8666  8640  8669  8648  8681  8663  8686  8663
TBILIS 1973 12 08 2  8680  8646  8661  8648  8690  8670  8670  8667  8686  8716  8768  8743
TBILIS 1973 12 09 1  8736  8720  8726  8681  8660  8642  8654  8691  8664  8735  8677  8741
TBILIS 1973 12 09 2  8727  8706  8731  8713  8692  8708  8696  8742  8724  8723  8721  8738
TBILIS 1973 12 10 1  8727  8737  8714  8714  8723  8772  8724  8702  8677  8669  8667  8701
TBILIS 1973 12 10 2  8694  8709  8687  8655  8679  8672  8671  8705  8725  8725  8675  8713
TBILIS 1973 12 11 1  8696  8647  8710  8704  8694  8694  8704  8782  8827  8825  8712  8678
TBILIS 1973 12 11 2  8744  8694  8696  8716  8703  8727  8723  8771  8762  8761  8739  8706
TBILIS 1973 12 12 1  8669  8769  8791  8749  8797  8749  8725  8769  8729  8735  8715  8743
TBILIS 1973 12 12 2  8753  8710  8720  8722  8744  8706  8746  8711  8739  8717  8680  8726
TBILIS 1973 12 13 1  8725  8738  8753  8738  8729  8738  8741  8702  8715  8737  8715  8699
TBILIS 1973 12 13 2  8702  8719  8714  8733  8726  8752  8774  8747  8738  8701  8742  8717
TBILIS 1973 12 14 1  8681  8709  8716  8689  8715  8720  8722  8730  8683  8661  8670  8646
TBILIS 1973 12 14 2  8607  8637  8658  8673  8644  8706  8737  8691  8684  8695  8703  8665
TBILIS 1973 12 15 1  8687  8732  8696  8720  8731  8749  8684  8658  8642  8702  8660  8673
TBILIS 1973 12 15 2  8680  8693  8678  8654  8711  8677  8670  8701  8677  8654  8669  8657
TBILIS 1973 12 16 1  8604  8639  8642  8663  8662  8665  8654  8655  8620  8660  8626  8642
TBILIS 1973 12 16 2  8641  8641  8664  8622  8642  8659  8682  8676  8640  8649  8643  8681
TBILIS 1973 12 17 1  8645  8640  8670  8671  8711  8658  8642  8653  8629  8693  8691  8688
TBILIS 1973 12 17 2  8691  8677  8696  8714  8654  8696  8755  8718  8766  8729  8788  8760
TBILIS 1973 12 18 1  8742  8715  8687  8699  8724  8746  8756  8739  8706  8700  8759  8751
TBILIS 1973 12 18 2  8755  8754  8686  8697  8683  8722  8762  8734  8750  8773  8760  8809
TBILIS 1973 12 19 1  8762  8775  8759  8742  8749  8714  8700  8683  8670  8697  8682  8701
TBILIS 1973 12 19 2  8687  8689  8703  8712  8716  8766  8801  8802  8813  8775  8811  8760
TBILIS 1973 12 20 1  8724  8751  8723  8727  8752  8762  8776  8745  8835  8781  8788  8798
TBILIS 1973 12 20 2  8861  8737  8667  8711  8723  8706  8690  8716  8682  8687  8703  8711
TBILIS 1973 12 21 1  8681  8681  8647  8695  8724  8734  8694  8731  8692  8749  8711  8694
TBILIS 1973 12 21 2  8721  8697  8707  8743  8708  8685  8733  8707  8705  8677  8647  8626
TBILIS 1973 12 22 1  8649  8631  8665  8658  8699  8677  8721  8709  8699  8708  8701  8726
TBILIS 1973 12 22 2  8702  8686  8674  8684  8724  8750  8714  8733  8708  8705  8692  8664
TBILIS 1973 12 23 1  8686  8671  8656  8654  8672  8656  8676  8672  8711  8684  8640  8678
TBILIS 1973 12 23 2  8678  8605  8639  8636  8696  8618  8657  8638  8651  8627  8667  8642
TBILIS 1973 12 24 1  8661  8666  8672  8683  8666  8731  8735  8715  8722  8743  8711  8726
TBILIS 1973 12 24 2  8710  8727  8739  8765  8726  8761  8754  8740  8699  8710  8710  8763
TBILIS 1973 12 25 1  8727  8775  8749  8764  8744  8718  8747  8755  8718  8700  8690  8689
TBILIS 1973 12 25 2  8692  8718  8683  8670  8711  8699  8685  8720  8680  8729  8694  8669
TBILIS 1973 12 26 1  8654  8706  8731  8706  8713  8691  8684  8670  8689  8765  8731  8731
TBILIS 1973 12 26 2  8762  8745  8694  8732  8789  8748  8763  8739  8772  8766  8765  8707
TBILIS 1973 12 27 1  8733  8740  8715  8718  8719  8725  8724  8701  8656 99999 99999 99999
TBILIS 1973 12 27 2 99999 99999 99999 99999 99999 99999 99999 99999 99999 99999 99999 99999
TBILIS 1973 12 28 1 99999 99999 99999 99999 99999 99999 99999 99999 99999 99999  8938  8931
TBILIS 1973 12 28 2  8931  8939  8970  8927  8992  8966  9002  8944  8907  8926  8949  9017
TBILIS 1973 12 29 1  8982  9006  8950  8915  8926  8932  8966  8910  8943  8931  8958  8883
TBILIS 1973 12 29 2  8904  8926  8900  8913  8901  8844  8937  8921  8936  8894  8903  8896
TBILIS 1973 12 30 1  8961  8885  8881  8878  8934  8988  8930  8895  8909  8946  8968  9011
TBILIS 1973 12 30 2  9052  8976  8960  8968  8961  8915  8939  8931  8885  8928  8881  8857
TBILIS 1973 12 31 1  8920  8919  8927  8867  8855  8955  9014  9076  9011  8975  8944  8917
TBILIS 1973 12 31 2  8939  8962  8951  8981  8951  8943  8938  8937  8939  8955  8951  8958
