Cosmic-Ray Neutron Monitor Data (Hourly, Pressure-Corrected and Scale-Adjusted Counts)
Collections: WDC for Cosmic Rays, Solar-Terrestrial Environment Laboratory, Nagoya Univ.
Data Access: http://center.stelab.nagoya-u.ac.jp/WDCCR/index.html
Project: ICSU WDC
Citation: WDC for Cosmic Rays, Solar-Terrestrial Environment Laboratory, Nagoya University
Station ID: TBILIS
Station:  TBILISI,GIORGIA,INSTITUT GEOPHYSIKY (IG), GIORGIAN ACADEMY OF SCIENCES,GIORGIA 
Instrument: 18-NM-64 NEUTRON MONITOR, CORRECTED FOR PRESSURE TO 950.0 MB, COEF. =           
Latitude (deg.):   41.72  Longitude (deg.):   44.80  Altitude (m):  510.00
Cut-Off Rigidity (GV):    6.91
Year: 1972  Month:   1
Scaling Factor (SF):    64.0   Constant (CONST):     0.0  Real Counts = (DATA + CONST)*SF
Temporal Resolution: 1 hour
UTC Start Hour:     0.0
                                                                                
                                                        
Monthly Average:  7251.5
Updated (YYYY MM DD): 1977 11 28
*******************************************************************************************
ID     YYYY MM DD 1     0     1     2     3     4     5     6     7     8     9    10    11
ID     YYYY MM DD 2    12    13    14    15    16    17    18    19    20    21    22    23
*******************************************************************************************
TBILIS 1972 01 01 1  5821  5825  5844  5851  5833  5867  5856  5850  5844  5880  5878  5875
TBILIS 1972 01 01 2  5875  5863  5839  5869  5836  5869  5866  5889  5912  5869  5875  5890
TBILIS 1972 01 02 1  5861  5827  5839  5860  5824  5872  5809  5831  5838  5803  5788  5786
TBILIS 1972 01 02 2  5804  5803  5772  5769  5818  5789  5760  5799 99999 99999 99999 99999
TBILIS 1972 01 03 1 99999 99999 99999 99999 99999 99999 99999 99999 99999 99999 99999 99999
TBILIS 1972 01 03 2  5815  5820  5833  5831  5815  5845  5849  5860  5882  5883  5869  5867
TBILIS 1972 01 04 1  5880  5861  5868  5859  5871  5880  5882  5905  5873  5907  5855  5864
TBILIS 1972 01 04 2  5908  5875  5899  5886  5905  5918  5912  5901  5893  5913  5870  5866
TBILIS 1972 01 05 1  5848  5869  5891  5832  5876  5846  5826  5808  5791  5842  5849  5887
TBILIS 1972 01 05 2  5876  5875  5868  5879  5861  5882  5896  5856  5881  5823  5864  5858
TBILIS 1972 01 06 1  5850  5865  5861  5936  5902  5920  5914  5946  5962  5986  5972  5991
TBILIS 1972 01 06 2  6039  6022  6049  6043  6042  6052  6035  6050  6042  6031  6057  6028
TBILIS 1972 01 07 1  6034  6027  6011  6003  5992  5964  5977  5939  5919  5955  5972  5982
TBILIS 1972 01 07 2  5954  5976  5938  5934  5929  5936  5939  5912  5867  5901  5901  5898
TBILIS 1972 01 08 1  5894  5907  5907  5954  5956  5955  5950  5880  5878  5890  5953  5936
TBILIS 1972 01 08 2  5961  5976  5967  5932  5968  5975  5932  5910  5953  5920  5908  5875
TBILIS 1972 01 09 1  5937  5933  5971  5940  5923  5934  5904  5898  5907  5941  5929  5955
TBILIS 1972 01 09 2  5934  5951  5940  5947  5943  5953  5943  5952  5950  5979  5967  5920
TBILIS 1972 01 10 1  5951  5969  5976  5976  5965  5952  5922  5929  5903  5920  5925  5955
TBILIS 1972 01 10 2  5941  5926  5938  5944  5936  5939  5936  5954  5938  5957  5940  5939
TBILIS 1972 01 11 1  5933  5947  5957  5944  5944  5933  5900  5872  5892  5919  5932  5937
TBILIS 1972 01 11 2  5927  5926  5908  5891  5911  5900  5872  5854  5885  5884  5886  5830
TBILIS 1972 01 12 1  5865  5915  5922  5934  5935  5966  5947  5935  5932  5942  5979  5958
TBILIS 1972 01 12 2  5953  5954  5935  5915  5899  5929  5922  5909  5918  5909  5927  5897
TBILIS 1972 01 13 1  5889  5865  5889  5893  5940  5961  5892  5936  5947  5930  5966  5955
TBILIS 1972 01 13 2  5956  5943  5952  5909  5966  5945  5912  5909  5910  5903  5916  5889
TBILIS 1972 01 14 1  5892  5906  5930  5928  5949  5951  5926  5913  5910  5958  5936  5942
TBILIS 1972 01 14 2  5919  5888  5832  5873  5862  5883  5900  5867  5906  5906  5908  5870
TBILIS 1972 01 15 1  5883  5941  5944  5960  5965  5941  5943  5893  5900  5896  6009  6011
TBILIS 1972 01 15 2  6004  6001  6004  5955  6039  6071  6057  6025  5994  5980  5990  5961
TBILIS 1972 01 16 1  8914  8842  8840  8875  8849  8795  8794  8727  8733  8767  8857  8829
TBILIS 1972 01 16 2  8820  8754  8785  8784  8810  8781  8762  8739  8690  8721  8733  8643
TBILIS 1972 01 17 1  8668  8661  8687  8675  8665  8662  8565  8535  8556  8566  8623  8645
TBILIS 1972 01 17 2  8657  8727  8640  8660  8640  8668  8688  8704  8676  8658  8673  8653
TBILIS 1972 01 18 1  8571  8570  8593  8618  8596  8577  8572  8584  8612  8579  8625  8680
TBILIS 1972 01 18 2  8661  8686  8736  8742  8754  8708  8657  8681  8623  8632  8660  8640
TBILIS 1972 01 19 1  8624  8623  8653  8629  8613  8575  8616  8496  8504  8494  8525  8524
TBILIS 1972 01 19 2  8563  8592  8624  8634  8613  8559  8585  8579  8519  8534  8463  8475
TBILIS 1972 01 20 1  8475  8535  8540  8537  8516  8490  8530  8513  8506  8558  8545  8567
TBILIS 1972 01 20 2  8566  8553  8586  8570  8568  8567  8591  8601  8581  8522  8530  8506
TBILIS 1972 01 21 1  8461  8468  8465  8493  8497  8584  8526  8520  8503  8513  8504  8468
TBILIS 1972 01 21 2  8492  8513  8555  8571  8512  8504  8438  8473  8479  8419  8500  8503
TBILIS 1972 01 22 1  8574  8547  8597  8573  8589  8617  8597  8607  8557  8532  8466  8452
TBILIS 1972 01 22 2  8477  8539  8542  8565  8608  8621  8684  8647  8635  8676  8694  8724
TBILIS 1972 01 23 1  8703  8704  8701  8626  8619  8527  8514  8490  8508  8485  8494  8440
TBILIS 1972 01 23 2  8447  8469  8537  8541  8484  8531  8495  8511  8517  8561  8517  8519
TBILIS 1972 01 24 1  8502  8487  8517  8469  8487  8504  8471  8477  8498  8509  8524  8505
TBILIS 1972 01 24 2  8535  8533  8506  8455  8500  8499  8464  8489  8499  8512  8474  8468
TBILIS 1972 01 25 1  8487  8523  8506  8490  8509  8514  8556  8565  8507  8576  8532  8498
TBILIS 1972 01 25 2  8484  8468  8496  8464  8461  8449  8471  8457  8452  8455  8441  8467
TBILIS 1972 01 26 1  8445  8462  8462  8487  8521  8484  8527  8557  8574  8628  8582  8546
TBILIS 1972 01 26 2  8552  8538  8535  8515  8551  8489  8524  8527  8552  8593  8547  8581
TBILIS 1972 01 27 1  8557  8576  8569  8536  8521  8545  8595  8565  8612  8580  8583  8593
TBILIS 1972 01 27 2  8530  8573  8575  8565  8548  8528  8591  8578  8587  8567  8551  8563
TBILIS 1972 01 28 1  8555  8545  8570  8557  8532  8531  8529  8551  8539  8569  8617  8673
TBILIS 1972 01 28 2  8632  8665  8593  8651  8718  8689  8713  8749  8729  8749  8718  8734
TBILIS 1972 01 29 1  8763  8722  8697  8666  8668  8607  8655  8608  8629  8692  8665  8673
TBILIS 1972 01 29 2  8651  8626  8654  8618  8598  8606  8656  8651  8693  8648  8629  8646
TBILIS 1972 01 30 1 99999 99999 99999 99999 99999 99999 99999  8833  8838  8855  8842  8779
TBILIS 1972 01 30 2  8758  8756  8722 99999 99999 99999 99999 99999 99999 99999 99999 99999
TBILIS 1972 01 31 1 99999 99999 99999 99999 99999 99999 99999 99999 99999 99999 99999 99999
TBILIS 1972 01 31 2 99999 99999 99999 99999 99999 99999 99999 99999 99999 99999 99999 99999
Cosmic-Ray Neutron Monitor Data (Hourly, Pressure-Corrected and Scale-Adjusted Counts)
Collections: WDC for Cosmic Rays, Solar-Terrestrial Environment Laboratory, Nagoya Univ.
Data Access: http://center.stelab.nagoya-u.ac.jp/WDCCR/index.html
Project: ICSU WDC
Citation: WDC for Cosmic Rays, Solar-Terrestrial Environment Laboratory, Nagoya University
Station ID: TBILIS
Station:  TBILISI,GIORGIA,INSTITUT GEOPHYSIKY (IG), GIORGIAN ACADEMY OF SCIENCES,GIORGIA 
Instrument: 18-NM-64 NEUTRON MONITOR, CORRECTED FOR PRESSURE TO 950.0 MB, COEF. =           
Latitude (deg.):   41.72  Longitude (deg.):   44.80  Altitude (m):  510.00
Cut-Off Rigidity (GV):    6.91
Year: 1972  Month:   2
Scaling Factor (SF):    64.0   Constant (CONST):     0.0  Real Counts = (DATA + CONST)*SF
Temporal Resolution: 1 hour
UTC Start Hour:     0.0
                                                                                
                                                        
Monthly Average:  7852.5
Updated (YYYY MM DD): 1977 11 28
*******************************************************************************************
ID     YYYY MM DD 1     0     1     2     3     4     5     6     7     8     9    10    11
ID     YYYY MM DD 2    12    13    14    15    16    17    18    19    20    21    22    23
*******************************************************************************************
TBILIS 1972 02 01 1 99999 99999 99999 99999 99999 99999 99999 99999 99999 99999 99999 99999
TBILIS 1972 02 01 2 99999 99999 99999 99999 99999 99999 99999 99999 99999 99999 99999 99999
TBILIS 1972 02 02 1 99999 99999 99999 99999 99999 99999 99999 99999 99999 99999 99999 99999
TBILIS 1972 02 02 2 99999 99999 99999 99999 99999 99999 99999 99999 99999 99999 99999 99999
TBILIS 1972 02 03 1 99999 99999 99999 99999 99999 99999 99999 99999 99999 99999 99999  2701
TBILIS 1972 02 03 2  2715  2700  2687  2713  2732  2719  2710  2715  2718  2695  2722  2739
TBILIS 1972 02 04 1  2712  2720  2699  2701  2659  2700  2699  2692  2693  2689 99999 99999
TBILIS 1972 02 04 2  2731  2690  2721  2688  2707  2683  2720  2734  2714  2705  2722  2700
TBILIS 1972 02 05 1  2710  2709  2691  2709  2709  2698  2697  2695  2693  2716  2722  2726
TBILIS 1972 02 05 2  2721  2716 99999  2699  2712  2710  2701  2722  2695  2689  2681  2690
TBILIS 1972 02 06 1  2703  2705  2706  2719  2718  2729  2739 99999 99999 99999 99999 99999
TBILIS 1972 02 06 2  2746  2730  2730  2721  2714  2723  2739  2751  2754  2755  2777  2773
TBILIS 1972 02 07 1 99999 99999 99999 99999 99999 99999 99999 99999 99999 99999 99999 99999
TBILIS 1972 02 07 2 99999 99999 99999 99999 99999 99999 99999 99999 99999 99999 99999 99999
TBILIS 1972 02 08 1  8651  8695  8695  8678  8727  8722  8685  8694  8747  8723  8655  8643
TBILIS 1972 02 08 2  8642  8692  8660  8694  8669  8661  8723  8690  8674  8661  8738  8702
TBILIS 1972 02 09 1  8706  8707  8746  8790  8799  8766  8753  8753  8752  8784  8750  8738
TBILIS 1972 02 09 2  8712  8682  8742  8729  8675  8688  8729  8679  8706  8739  8707  8679
TBILIS 1972 02 10 1  8702  8711  8694  8727  8681  8683  8707  8660  8735  8715  8747  8711
TBILIS 1972 02 10 2  8694  8677  8695  8678  8656  8704  8730  8751  8757  8775  8796  8693
TBILIS 1972 02 11 1  8752  8709  8704  8676  8677  8692  8730  8687  8698  8722  8719  8695
TBILIS 1972 02 11 2  8709  8743  8778  8763  8731  8736  8704  8732  8741  8680  8727  8733
TBILIS 1972 02 12 1  8732  8733  8760  8720  8712  8724  8679  8726  8701  8693  8636  8620
TBILIS 1972 02 12 2  8649  8620  8634  8619  8649  8608  8665  8678  8663  8644  8637  8614
TBILIS 1972 02 13 1  8588  8613  8616  8674  8650  8598  8624  8591  8612  8580  8555  8581
TBILIS 1972 02 13 2  8582  8585  8610  8564  8614  8562  8585  8623  8621  8614  8610  8534
TBILIS 1972 02 14 1  8551  8532  8510  8525  8524  8469  8491  8481  8483  8464  8503  8479
TBILIS 1972 02 14 2  8466  8535  8501  8500  8487  8542  8548  8522  8494  8470  8538  8513
TBILIS 1972 02 15 1  8518  8461  8459  8449  8431  8423  8426  8427  8385  8419  8433  8441
TBILIS 1972 02 15 2  8446 99999 99999 99999  8486  8508  8499  8486  8511  8498  8464  8465
TBILIS 1972 02 16 1  8448  8465  8410  8494  8491  8461  8429  8482  8473  8484  8465  8455
TBILIS 1972 02 16 2  8468  8475  8477  8495  8470  8507  8547  8510  8508  8502  8542  8502
TBILIS 1972 02 17 1  8524  8525  8491  8553  8508  8546  8534  8551  8551  8569  8576  8568
TBILIS 1972 02 17 2  8518  8572  8627  8633  8654  8671  8657  8656  8689  8620  8600  8617
TBILIS 1972 02 18 1  8613  8601  8566  8585  8545  8566  8579  8519  8512  8496  8485  8445
TBILIS 1972 02 18 2  8504  8554  8532  8500  8499  8498  8459  8533  8530  8519  8576  8520
TBILIS 1972 02 19 1  8478  8535  8530  8596  8548  8551  8535  8492  8507  8543  8543  8549
TBILIS 1972 02 19 2  8509  8525  8512  8569  8512  8529  8512  8533  8504  8547 99999 99999
TBILIS 1972 02 20 1 99999 99999 99999 99999 99999 99999 99999  8553  8544  8570  8546  8547
TBILIS 1972 02 20 2  8510  8515  8507  8548  8566  8557  8582  8574  8558  8555  8541  8519
TBILIS 1972 02 21 1  8493  8482  8453  8495  8518  8549  8589  8581  8579  8567  8560  8587
TBILIS 1972 02 21 2  8607  8578  8620  8601  8618  8642  8652  8628  8660  8706  8703  8654
TBILIS 1972 02 22 1  8667  8637  8662  8640  8692  8629  8601  8621  8677  8652  8662  8643
TBILIS 1972 02 22 2  8596  8590  8586  8634  8616  8541  8611  8630  8610  8629  8628  8607
TBILIS 1972 02 23 1  8660  8611  8617  8658  8630  8615  8625  8605  8624  8599  8638  8676
TBILIS 1972 02 23 2  8640  8643  8685  8694  8669  8707  8736  8762  8711  8712  8653  8666
TBILIS 1972 02 24 1  8654  8667  8684  8633  8612  8600  8620  8643  8611  8602  8630  8659
TBILIS 1972 02 24 2  8693  8726  8697  8734  8694  8681  8590  8562  8566  8590  8583  8587
TBILIS 1972 02 25 1  8597  8567  8571  8589  8574  8591  8571  8569  8609  8632  8679  8646
TBILIS 1972 02 25 2  8673  8662  8644  8626  8646  8699  8688  8708  8688  8697  8734  8734
TBILIS 1972 02 26 1  8742  8712  8713  8732  8726  8715  8698  8686  8649  8614  8680  8650
TBILIS 1972 02 26 2  8626  8643  8617  8601  8569  8591  8628  8625  8604  8623  8595  8591
TBILIS 1972 02 27 1  8598  8644  8616  8648  8631  8658  8644  8618  8635  8653  8666  8659
TBILIS 1972 02 27 2  8658  8691  8695  8690  8738  8746  8750  8789  8792  8757  8723  8725
TBILIS 1972 02 28 1  8733  8724  8744  8727  8739  8742  8738  8726  8708  8683  8709  8692
TBILIS 1972 02 28 2  8683  8658  8646  8657  8665  8643  8599  8687  8621  8629  8650  8598
TBILIS 1972 02 29 1  8663  8630  8648  8647  8671  8640  8658  8654  8623  8644  8632  8601
TBILIS 1972 02 29 2  8642  8605  8657  8624  8655  8635  8680  8668  8646  8671  8676  8707
TBILIS 1972 02 30 1 99999 99999 99999 99999 99999 99999 99999 99999 99999 99999 99999 99999
TBILIS 1972 02 30 2 99999 99999 99999 99999 99999 99999 99999 99999 99999 99999 99999 99999
TBILIS 1972 02 31 1 99999 99999 99999 99999 99999 99999 99999 99999 99999 99999 99999 99999
TBILIS 1972 02 31 2 99999 99999 99999 99999 99999 99999 99999 99999 99999 99999 99999 99999
Cosmic-Ray Neutron Monitor Data (Hourly, Pressure-Corrected and Scale-Adjusted Counts)
Collections: WDC for Cosmic Rays, Solar-Terrestrial Environment Laboratory, Nagoya Univ.
Data Access: http://center.stelab.nagoya-u.ac.jp/WDCCR/index.html
Project: ICSU WDC
Citation: WDC for Cosmic Rays, Solar-Terrestrial Environment Laboratory, Nagoya University
Station ID: TBILIS
Station:  TBILISI,GIORGIA,INSTITUT GEOPHYSIKY (IG), GIORGIAN ACADEMY OF SCIENCES,GIORGIA 
Instrument: 18-NM-64 NEUTRON MONITOR, CORRECTED FOR PRESSURE TO 950.0 MB, COEF. =           
Latitude (deg.):   41.72  Longitude (deg.):   44.80  Altitude (m):  510.00
Cut-Off Rigidity (GV):    6.91
Year: 1972  Month:   3
Scaling Factor (SF):    64.0   Constant (CONST):     0.0  Real Counts = (DATA + CONST)*SF
Temporal Resolution: 1 hour
UTC Start Hour:     0.0
                                                                                
                                                        
Monthly Average:  7898.4
Updated (YYYY MM DD): 1977 11 28
*******************************************************************************************
ID     YYYY MM DD 1     0     1     2     3     4     5     6     7     8     9    10    11
ID     YYYY MM DD 2    12    13    14    15    16    17    18    19    20    21    22    23
*******************************************************************************************
TBILIS 1972 03 01 1  5929  5918  5918  5931  5929  5913  5925  5905  5878  5914  5949  5941
TBILIS 1972 03 01 2  5918  5901  5910  5925  5933  5937  5945  5923  5895  5942  5913  5966
TBILIS 1972 03 02 1  5943  5956  5950  5916  5892  5876  5945  5941  5932  5940  5962  5972
TBILIS 1972 03 02 2  5970  5963  5956  5969  5956  5962  5919  5931  5962  5941  5919  5932
TBILIS 1972 03 03 1  5927  5922  5938  5934  5963  5952  5963  5950  5964  5952  5980  5973
TBILIS 1972 03 03 2  5995  5959  5960  5970  5947  5947  5926  5968  5930  5952  5917  5916
TBILIS 1972 03 04 1  5922  5945  5951  5938  5975  5955  5963  5957  5982  5966  5980  5984
TBILIS 1972 03 04 2  5988  6006  5996  5990  5963  5957  5952  5929  5969  5986  5932  5944
TBILIS 1972 03 05 1  5952  5983  5973  5973  5974  5972  5984  5995  6002  6011  6010  5988
TBILIS 1972 03 05 2  5985  6023  6016  6032  6023  6011  6050  6042  5996  6012  6032  6029
TBILIS 1972 03 06 1  6013  6006  5989  5972  5986  6000  5996  6000  6046  5985  6023  6030
TBILIS 1972 03 06 2  6022  6029  6024  6053  6049  6054  6081  6047  6045  6018  6005  6008
TBILIS 1972 03 07 1  6007  5973  5993  5955  5918  5950  5903  5953  5971  5985  5963  5926
TBILIS 1972 03 07 2  5929  5907  5929  5935  5949  5916  5890  5909  5927  5943  5914  5911
TBILIS 1972 03 08 1  5884  5885  5911  5900  5918  5890  5895  5905  5879  5898  5877  5870
TBILIS 1972 03 08 2  5844  5864  5821  5820  5811  5809  5802  5814  5832  5805  5808  5818
TBILIS 1972 03 09 1  5783  5797  5780  5770  5763  5772  5763  5779  5747  5775  5775  5788
TBILIS 1972 03 09 2  5819  5809  5860  5873  5888  5940  5913  5929  5893  5891  5892  5883
TBILIS 1972 03 10 1  5890  5879  5853  5901  5909  5905  5866  5896  5892  5910  5909  5903
TBILIS 1972 03 10 2  5909  5921  5888  5908  5918  5908  5886  5887  5881  5897  5888  5867
TBILIS 1972 03 11 1  8715  8691  8702  8735  8701  8747  8724  8720  8732  8739  8740  8694
TBILIS 1972 03 11 2  8685  8659  8626  8615  8619  8653  8642  8610  8673  8705  8639  8680
TBILIS 1972 03 12 1  8641  8665  8670  8676  8724  8700  8718  8667  8674  8734  8717  8735
TBILIS 1972 03 12 2  8742  8752  8781  8828  8862  8890  8931  8889  8818  8832  8818  8789
TBILIS 1972 03 13 1  8812  8786  8789  8777  8733  8785  8714  8729  8721  8769  8773  8750
TBILIS 1972 03 13 2  8812  8784  8776  8799  8808  8807  8811  8794  8796  8803  8776  8791
TBILIS 1972 03 14 1  8816 99999 99999 99999  8851  8825  8816  8836  8832  8823  8795  8808
TBILIS 1972 03 14 2  8803  8786  8802  8819  8779  8814  8787  8761  8760  8784  8762  8769
TBILIS 1972 03 15 1  8724  8721  8727  8709  8726  8717  8742  8722  8733  8715  8780  8754
TBILIS 1972 03 15 2  8768  8794  8754  8731  8708  8695  8705  8712  8738  8718  8691  8771
TBILIS 1972 03 16 1  8749  8774  8778  8792  8862  8889  8826  8850  8828  8854  8885  8899
TBILIS 1972 03 16 2  8842  8881  8878  8822  8825  8841  8872  8826  8838  8839  8844  8851
TBILIS 1972 03 17 1  8875  8883  8873  8936  8854  8854  8862  8854  8810  8815  8821  8798
TBILIS 1972 03 17 2  8815  8811  8825  8818  8803  8839  8793  8811  8821  8847  8840  8810
TBILIS 1972 03 18 1  8815  8859  8847  8849  8836  8889  8864  8922  8861  8848  8825  8831
TBILIS 1972 03 18 2  8841  8837  8844  8943  8879  8913  8881  8827  8866  8838  8896  8830
TBILIS 1972 03 19 1  8836  8815  8816  8875  8854  8899  8850  8873  8840  8839  8813  8774
TBILIS 1972 03 19 2  8773  8829  8841  8833  8784  8775  8780  8797  8756  8780  8812  8810
TBILIS 1972 03 20 1  8804  8798  8769  8805  8843  8801  8815  8827  8842  8848  8890  8853
TBILIS 1972 03 20 2  8877  8892  8862  8852  8876  8858  8867  8868  8879  8888  8901  8900
TBILIS 1972 03 21 1  8903  8915  8893  8886  8912  8925  8913  8941  8904  8919  8968  8935
TBILIS 1972 03 21 2  8983  8962  8982  9034  9001  8987  8957  8991  8963  9025  8980  8957
TBILIS 1972 03 22 1  8997  8956  8972  8981  8993  8981  8975  8985  8996  8933  8969  8965
TBILIS 1972 03 22 2  9012  8965  8976  8969  9061  8971  8966  9033  8967  8893  8920  8933
TBILIS 1972 03 23 1  8907  8963  8924  8955  8899  8915  8918  8917  8903  8921  8922  8953
TBILIS 1972 03 23 2  8810  8813  8808  8781  8807  8816  8830  8811  8814  8837  8805  8840
TBILIS 1972 03 24 1  8863  8826  8820  8793  8821  8800  8862  8856  8841  8835  8883  8870
TBILIS 1972 03 24 2  8886  8876  8861  8871  8888  8879  8872  8928  8864  8844  8855  8823
TBILIS 1972 03 25 1  8810  8806  8806  8782  8813  8783  8793  8767  8805  8787  8823  8856
TBILIS 1972 03 25 2  8902  8896  8921  8889  8960  8930  8947  8951  8951  8977  9024  9020
TBILIS 1972 03 26 1  8980  9002  9010  8991  9059  9008  9001  9017  8987  8967  8951  8989
TBILIS 1972 03 26 2  9003  9010  8996  8979  8962  8978  8953  9008  9010  9013  8982  8928
TBILIS 1972 03 27 1  8980  9021  8997  8993  8962  8981  8974  8975  8946  8971  8981  8919
TBILIS 1972 03 27 2  8913  8888  8919  8883  8876  8867  8884  8896  8875  8842  8861  8816
TBILIS 1972 03 28 1  8822  8875  8838  8802  8867  8812  8805  8792  8822  8790  8774  8821
TBILIS 1972 03 28 2  8771  8783  8813  8773  8792  8821  8791  8811  8813  8823  8809  8817
TBILIS 1972 03 29 1  8816  8818  8824  8817  8824  8788  8777  8816  8762  8837  8805  8887
TBILIS 1972 03 29 2  8852  8831  8867  8874  8880  8848  8838  8814  8809  8795  8835  8782
TBILIS 1972 03 30 1  8773  8751  8798  8795  8771  8758  8800  8780  8763  8740  8741  8774
TBILIS 1972 03 30 2  8776  8786  8857  8834  8850  8829  8853  8793  8804  8774  8773  8813
TBILIS 1972 03 31 1  8783  8805  8809  8791  8845  8832  8845  8798  8804  8773  8813  8817
TBILIS 1972 03 31 2  8836  8804  8824  8794  8817  8786  8835  8865  8788  8820  8762  8816
Cosmic-Ray Neutron Monitor Data (Hourly, Pressure-Corrected and Scale-Adjusted Counts)
Collections: WDC for Cosmic Rays, Solar-Terrestrial Environment Laboratory, Nagoya Univ.
Data Access: http://center.stelab.nagoya-u.ac.jp/WDCCR/index.html
Project: ICSU WDC
Citation: WDC for Cosmic Rays, Solar-Terrestrial Environment Laboratory, Nagoya University
Station ID: TBILIS
Station:  TBILISI,GIORGIA,INSTITUT GEOPHYSIKY (IG), GIORGIAN ACADEMY OF SCIENCES,GIORGIA 
Instrument: 18-NM-64 NEUTRON MONITOR, CORRECTED FOR PRESSURE TO 950.0 MB, COEF. =           
Latitude (deg.):   41.72  Longitude (deg.):   44.80  Altitude (m):  510.00
Cut-Off Rigidity (GV):    6.91
Year: 1972  Month:   4
Scaling Factor (SF):    64.0   Constant (CONST):     0.0  Real Counts = (DATA + CONST)*SF
Temporal Resolution: 1 hour
UTC Start Hour:     0.0
                                                                                
                                                        
Monthly Average:  8825.3
Updated (YYYY MM DD): 1977 11 28
*******************************************************************************************
ID     YYYY MM DD 1     0     1     2     3     4     5     6     7     8     9    10    11
ID     YYYY MM DD 2    12    13    14    15    16    17    18    19    20    21    22    23
*******************************************************************************************
TBILIS 1972 04 01 1  8795  8795  8809  8808  8825  8810  8777  8806  8790  8846  8851  8845
TBILIS 1972 04 01 2  8862  8907  8915  8876  8895  8860  8897  8872  8893  8968  8951  8929
TBILIS 1972 04 02 1  8961  8893  8930  8941  8937  8936  8857  8836  8884  8891  8874  8883
TBILIS 1972 04 02 2  8874  8903  8914  8895  8917  8912  8892  8890  8858  8876  8838  8855
TBILIS 1972 04 03 1  8887  8921  8936  8889  8892  8877  9009  8958  8999  8959  8958  8992
TBILIS 1972 04 03 2  8955  8944  8965  8955  8987  8951  8968  8953  8964  8979  8911  8879
TBILIS 1972 04 04 1  8909  8887  8855  8894  8896  8848  8848  8861  8879  8912  8911  8864
TBILIS 1972 04 04 2  8830  8858  8841  8848  8872  8841  8848  8801  8828  8829  8842  8815
TBILIS 1972 04 05 1  8803  8791  8811  8808  8821  8872  8874  8865  8835  8858  8797  8791
TBILIS 1972 04 05 2  8837  8820  8818  8771  8778  8765  8783  8755  8734  8723  8706  8715
TBILIS 1972 04 06 1  8718  8664  8706  8760  8730  8739  8744  8746  8744  8694  8675  8738
TBILIS 1972 04 06 2  8722  8705  8714  8801  8805  8827  8819  8791  8793  8793  8744  8752
TBILIS 1972 04 07 1  8795  8745  8797  8745  8739  8763  8744  8730  8763  8786  8784  8767
TBILIS 1972 04 07 2  8785  8778  8768  8759  8767  8805  8782  8751  8751  8789  8794  8787
TBILIS 1972 04 08 1  8756  8808  8781  8764  8796  8786  8784  8754  8769  8752  8723  8722
TBILIS 1972 04 08 2  8771  8727  8753  8775  8748  8756  8787  8741  8732  8719  8673  8720
TBILIS 1972 04 09 1  8726  8736  8772  8756  8735  8770  8764  8785  8812  8791  8765  8759
TBILIS 1972 04 09 2  8756  8771  8771  8759  8794  8844  8804  8820  8800  8776  8809  8819
TBILIS 1972 04 10 1  8807  8861  8814  8789  8838  8827  8816  8797  8804  8813  8850  8853
TBILIS 1972 04 10 2  8826  8806  8775  8765  8792  8823  8821  8832  8872  8845  8850  8870
TBILIS 1972 04 11 1  8831  8868  8813  8828  8850  8834  8837  8841  8826  8850  8832  8854
TBILIS 1972 04 11 2  8843  8837  8896  8863  8837  8795  8810  8771  8785  8821  8798  8791
TBILIS 1972 04 12 1  8804  8778  8866  8803  8833  8782  8786  8828  8833  8889  8828  8828
TBILIS 1972 04 12 2  8861  8834  8846  8822  8839  8802  8806  8798  8768  8754  8785  8770
TBILIS 1972 04 13 1  8795  8792  8798  8792  8803  8837  8842  8800  8832  8875  8811  8822
TBILIS 1972 04 13 2  8876  8851  8817  8849  8848  8774  8788  8806  8809  8820  8829  8793
TBILIS 1972 04 14 1  8802  8814  8834  8828  8853  8839  8861  8843  8856  8888  8842  8879
TBILIS 1972 04 14 2  8879  8879  8847  8942  8871  8862  8839  8864  8818  8842  8842  8869
TBILIS 1972 04 15 1  8832  8848  8835  8833  8852  8874  8881  8809  8844  8860  8859  8860
TBILIS 1972 04 15 2  8898  8925  8880  8927  8904  8905  8888  8846  8870  8863  8865  8876
TBILIS 1972 04 16 1  8827  8845  8830  8873  8853  8858  8861  8878  8855  8850  8841  8888
TBILIS 1972 04 16 2  8867  8882  8890  8872  8937  8892  8887  8892  8864  8866  8898  8849
TBILIS 1972 04 17 1  8818  8845  8840  8844  8873  8903  8899  8906  8875  8932  8922  8911
TBILIS 1972 04 17 2  8889  8881  8867  8891  8907  8850  8817  8868  8813  8839  8838  8876
TBILIS 1972 04 18 1  8849  8865  8904  8879  8906  8910  8849  8892  8852  8928  8925  8944
TBILIS 1972 04 18 2  8931  8913  8893  8932  8885  8881  8951  8967  8970  8947  8931  8976
TBILIS 1972 04 19 1  8910  8922  8869  8924  8876  8897  8903  8792  8819  8873  8854  8916
TBILIS 1972 04 19 2  8928  8936  8926  8910  8921  8882  8957  8943  8960  8882  8951  8921
TBILIS 1972 04 20 1  8928  8945  8925  8865  8865  8840  8856  8796  8854  8853  8844  8901
TBILIS 1972 04 20 2  8856  8822  8836  8827  8809  8819  8847  8810  8788  8790  8790  8835
TBILIS 1972 04 21 1  8807  8799  8825  8819  8850  8850  8831  8842  8856  8871  8860  8866
TBILIS 1972 04 21 2  8806  8832  8779  8788  8785  8786  8831  8799  8779  8795  8806  8826
TBILIS 1972 04 22 1  8834  8865  8852  8801  8826  8842  8751  8800  8778  8792  8813  8810
TBILIS 1972 04 22 2  8822  8804  8766  8776  8787  8756  8792  8765  8805  8704  8697  8718
TBILIS 1972 04 23 1  8736  8685  8699  8746  8720  8744  8737  8775  8762  8809  8791  8815
TBILIS 1972 04 23 2  8790  8826  8807  8799  8729  8731  8706  8749  8807  8802  8820  8765
TBILIS 1972 04 24 1  8744  8754  8767  8789  8779  8787  8762  8794  8781  8744  8740  8714
TBILIS 1972 04 24 2  8725  8696  8727  8733  8779  8750  8733  8759  8729  8764  8759  8755
TBILIS 1972 04 25 1  8735  8736  8773  8770  8718  8778  8788  8776  8799  8794  8759  8776
TBILIS 1972 04 25 2  8777  8810  8799  8790  8788  8837  8802  8790  8786  8827  8836  8820
TBILIS 1972 04 26 1  8814  8785  8831  8792  8795  8811  8788  8744  8774  8791  8815  8788
TBILIS 1972 04 26 2 99999 99999  8814  8800  8774  8826  8784  8787  8798  8731  8759  8743
TBILIS 1972 04 27 1  8782  8758  8773  8785  8774  8767  8749  8812  8787  8837  8829  8786
TBILIS 1972 04 27 2  8752  8792  8761  8787  8814  8807  8764  8763  8744  8756  8773  8762
TBILIS 1972 04 28 1  8764  8788  8786  8732  8746  8736  8741  8716  8731  8777  8799  8823
TBILIS 1972 04 28 2  8831  8839  8819  8905  8901  8886  8851  8855  8849  8847  8810  8855
TBILIS 1972 04 29 1  8796  8802  8806  8837  8742  8798  8787  8795  8805  8834 99999 99999
TBILIS 1972 04 29 2 99999 99999 99999 99999  8828  8853  8833  8856  8827  8818  8843  8850
TBILIS 1972 04 30 1  8819  8826  8842  8805  8774  8797  8807  8747  8772  8791  8788  8823
TBILIS 1972 04 30 2  8833  8857  8876  8863  8892  8905  8864  8868  8893  8856  8894  8870
TBILIS 1972 04 31 1 99999 99999 99999 99999 99999 99999 99999 99999 99999 99999 99999 99999
TBILIS 1972 04 31 2 99999 99999 99999 99999 99999 99999 99999 99999 99999 99999 99999 99999
Cosmic-Ray Neutron Monitor Data (Hourly, Pressure-Corrected and Scale-Adjusted Counts)
Collections: WDC for Cosmic Rays, Solar-Terrestrial Environment Laboratory, Nagoya Univ.
Data Access: http://center.stelab.nagoya-u.ac.jp/WDCCR/index.html
Project: ICSU WDC
Citation: WDC for Cosmic Rays, Solar-Terrestrial Environment Laboratory, Nagoya University
Station ID: TBILIS
Station:  TBILISI,GIORGIA,INSTITUT GEOPHYSIKY (IG), GIORGIAN ACADEMY OF SCIENCES,GIORGIA 
Instrument: 18-NM-64 NEUTRON MONITOR, CORRECTED FOR PRESSURE TO 950.0 MB, COEF. =           
Latitude (deg.):   41.72  Longitude (deg.):   44.80  Altitude (m):  510.00
Cut-Off Rigidity (GV):    6.91
Year: 1972  Month:   5
Scaling Factor (SF):    64.0   Constant (CONST):     0.0  Real Counts = (DATA + CONST)*SF
Temporal Resolution: 1 hour
UTC Start Hour:     0.0
                                                                                
                                                        
Monthly Average:  7312.9
Updated (YYYY MM DD): 1977 11 28
*******************************************************************************************
ID     YYYY MM DD 1     0     1     2     3     4     5     6     7     8     9    10    11
ID     YYYY MM DD 2    12    13    14    15    16    17    18    19    20    21    22    23
*******************************************************************************************
TBILIS 1972 05 01 1  8851  8874  8888  8839  8822  8845  8819  8810  8835  8838  8819  8795
TBILIS 1972 05 01 2  8873  8771  8858  8816  8812  8841  8847  8815  8811  8825  8840  8847
TBILIS 1972 05 02 1  8843  8877  8813  8815  8829  8795  8830  8778  8821  8901  8906  8926
TBILIS 1972 05 02 2  8908  8881  8840  8866  8798  8781  8777  8718  8753  8766  8761  8708
TBILIS 1972 05 03 1  8724  8731  8747  8732  8739  8757  8803  8782  8815  8780  8801  8780
TBILIS 1972 05 03 2  8773  8751  8675  8674  8677  8635  8639  8646  8621  8609  8637  8645
TBILIS 1972 05 04 1  8580  8620  8627  8630  8619  8616  8620  8644  8695  8743  8724  8761
TBILIS 1972 05 04 2  8781  8757  8752  8775  8761  8751  8739  8753  8730  8770  8727  8731
TBILIS 1972 05 05 1  8735  8705  8725  8752  8695  8684  8725  8700  8714  8719  8739  8690
TBILIS 1972 05 05 2  8686  8714  8720  8722  8722  8702  8693  8709  8741  8710  8727  8718
TBILIS 1972 05 06 1  8725  8691  8722  8710  8683  8712  8706  8706  8734  8750  8750  8761
TBILIS 1972 05 06 2  8773  8787  8768  8758  8730  8739  8725  8723  8712  8709  8693  8659
TBILIS 1972 05 07 1  8641  8683  8660  8700  8769  8744  8688  8693  8713  8726  8720  8738
TBILIS 1972 05 07 2  8715  8696  8714  8727  8733  8744  8750  8768  8756  8718  8703  8727
TBILIS 1972 05 08 1  8722  8721  8707  8650  8678  8714  8713  8726  8715  8735  8746  8722
TBILIS 1972 05 08 2  8710  8756  8772  8733  8731  8757  8696  8729  8683  8732  8748  8727
TBILIS 1972 05 09 1  8756  8782  8742  8756  8764  8730  8729  8782  8791  8782  8794  8817
TBILIS 1972 05 09 2  8796  8798  8815  8814  8802  8863  8846  8853  8847  8810  8830  8837
TBILIS 1972 05 10 1  8789  8750  8790  8783  8756  8795  8792  8805  8754  8808  8808  8795
TBILIS 1972 05 10 2  8778  8731  8750  8772  8734  8733  8717  8690  8703  8731  8723  8758
TBILIS 1972 05 11 1  8713  8740  8756  8712  8720  8771  8727  8705  8754  8752  8731  8699
TBILIS 1972 05 11 2  8709  8754  8752  8719  8752  8738  8781  8782  8801  8730  8770  8751
TBILIS 1972 05 12 1  8753  8740  8705  8718  8691  8724  8704  8692  8767  8761  8770  8720
TBILIS 1972 05 12 2  8774  8752  8693  8716  8751  8765  8739  8760  8711  8707  8750  8754
TBILIS 1972 05 13 1  8761  8749  8739  8751  8694  8712  8719  8709  8700  8727  8758  8749
TBILIS 1972 05 13 2  8713  8749  8725  8725  8742  8744  8723  8709  8706  8710  8729  8692
TBILIS 1972 05 14 1  8697  8651  8709  8747  8753  8718  8733  8734  8746  8746  8741  8751
TBILIS 1972 05 14 2  8746  8727  8708  8709  8773  8692  8720  8740  8722  8717  8718  8703
TBILIS 1972 05 15 1  8681  8708  8705  8699  8692  8705  8713  8681  8686  8709  8720  8734
TBILIS 1972 05 15 2  8703  8689  8725  8704  8691  8727  8694  8676  8675  8710  8712  8678
TBILIS 1972 05 16 1  8727  8771  8736  8664  8594  8569  8571  8560  8583  8572  8543  8571
TBILIS 1972 05 16 2  8607  8591  8618  8653  8624  8676  8700  8654  8716  8701  8697  8725
TBILIS 1972 05 17 1  8741  8724  8746  8692  8707  8779  8744  8712  8721  8727  8691  8686
TBILIS 1972 05 17 2  8732  8699  8699  8717  8741  8716  8746  8779  8748  8801  8799  8745
TBILIS 1972 05 18 1  8755  8751  8723  8735  8707  8747  8731  8676  8688  8694  8741  8736
TBILIS 1972 05 18 2  8704  8744  8698  8679  8692  8759  8754  8759  8757  8745  8758  8767
TBILIS 1972 05 19 1  8765  8773  8745  8758  8766  8720  8766  8755  8754  8775  8729  8778
TBILIS 1972 05 19 2  8744  8832  8820  8765  8721  8756  8726  8739  8691  8748  8727  8735
TBILIS 1972 05 20 1  8755  8775  8765  8774  8733  8752  8725  8719  8717  8720  8763  8758
TBILIS 1972 05 20 2  8742  8736  8738  8789  8783  8780  8758  8790  8756  8726  8772  8777
TBILIS 1972 05 21 1  8758  8734  8719  8724  8743  8705  8704  8724  8724  8755  8748  8757
TBILIS 1972 05 21 2  8715  8714  8714  8719  8732  8788  8742  8791  8784  8764  8771  8761
TBILIS 1972 05 22 1  2879  2880  2877  2876  2882  2861  2878  2901  2882  2886  2885  2878
TBILIS 1972 05 22 2  2909  2883  2912  2940  2902  2902  2889  2898  2887  2871  2892  2869
TBILIS 1972 05 23 1  2880  2885  2903  2895  2896  2896  2918  2916  2917  2918  2906  2895
TBILIS 1972 05 23 2  2905  2875  2893  2927  2879  2892  2884  2893  2882  2875  2886  2889
TBILIS 1972 05 24 1  2894  2889  2873  2883  2879  2884  2902  2905  2929  2879  2903  2899
TBILIS 1972 05 24 2  2912  2923  2892  2906  2892  2903  2904  2918  2903  2910  2928  2893
TBILIS 1972 05 25 1  2920  2899  2902  2869  2883  2882  2883  2857  2877  2863  2886  2875
TBILIS 1972 05 25 2  2869  2885  2878  2883  2876  2877  2888  2868  2884  2880  2886  2897
TBILIS 1972 05 26 1  2884  2875  2878  2877  2876  2890  2887  2885  2873  2912  2873  2869
TBILIS 1972 05 26 2  2877  2874  2876  2863  2880  2855  2854  2850  2873  2871  2844  2857
TBILIS 1972 05 27 1  2860  2850  2861  2858  2854  2869  2867  2882  2898  2859  2876  2882
TBILIS 1972 05 27 2  2856  2833  2841 99999 99999 99999  2869  2853  2873  2860  2869  2852
TBILIS 1972 05 28 1  2866  2860  2853  2872  2853  2864  2857  2885  2893  2863  2862  2876
TBILIS 1972 05 28 2  2842  2837  2840  2839  2838  2838  2811  2815  2826 99999 99999 99999
TBILIS 1972 05 29 1 99999 99999 99999 99999 99999 99999 99999 99999 99999 99999 99999 99999
TBILIS 1972 05 29 2 99999 99999 99999 99999 99999 99999 99999 99999 99999 99999 99999 99999
TBILIS 1972 05 30 1 99999 99999 99999 99999 99999 99999 99999 99999 99999 99999 99999 99999
TBILIS 1972 05 30 2 99999 99999 99999 99999 99999 99999 99999 99999 99999 99999 99999 99999
TBILIS 1972 05 31 1 99999 99999 99999 99999 99999 99999 99999 99999 99999 99999 99999 99999
TBILIS 1972 05 31 2 99999 99999 99999 99999 99999 99999 99999 99999 99999 99999 99999 99999
Cosmic-Ray Neutron Monitor Data (Hourly, Pressure-Corrected and Scale-Adjusted Counts)
Collections: WDC for Cosmic Rays, Solar-Terrestrial Environment Laboratory, Nagoya Univ.
Data Access: http://center.stelab.nagoya-u.ac.jp/WDCCR/index.html
Project: ICSU WDC
Citation: WDC for Cosmic Rays, Solar-Terrestrial Environment Laboratory, Nagoya University
Station ID: TBILIS
Station:  TBILISI,GIORGIA,INSTITUT GEOPHYSIKY (IG), GIORGIAN ACADEMY OF SCIENCES,GIORGIA 
Instrument: 18-NM-64 NEUTRON MONITOR, CORRECTED FOR PRESSURE TO 950.0 MB, COEF. =           
Latitude (deg.):   41.72  Longitude (deg.):   44.80  Altitude (m):  510.00
Cut-Off Rigidity (GV):    6.91
Year: 1972  Month:   6
Scaling Factor (SF):    64.0   Constant (CONST):     0.0  Real Counts = (DATA + CONST)*SF
Temporal Resolution: 1 hour
UTC Start Hour:     0.0
                                                                                
                                                        
Monthly Average:  8598.2
Updated (YYYY MM DD): 1977 11 28
*******************************************************************************************
ID     YYYY MM DD 1     0     1     2     3     4     5     6     7     8     9    10    11
ID     YYYY MM DD 2    12    13    14    15    16    17    18    19    20    21    22    23
*******************************************************************************************
TBILIS 1972 06 01 1 99999 99999 99999 99999 99999 99999 99999 99999 99999 99999 99999 99999
TBILIS 1972 06 01 2 99999 99999 99999 99999 99999 99999 99999 99999 99999 99999 99999 99999
TBILIS 1972 06 02 1 99999 99999 99999 99999 99999 99999 99999 99999 99999 99999 99999 99999
TBILIS 1972 06 02 2 99999 99999 99999 99999 99999 99999 99999 99999  8638  8646  8647  8666
TBILIS 1972 06 03 1  8699  8651  8621  8642  8631  8661  8620  8602  8636  8640  8559  8582
TBILIS 1972 06 03 2  8540  8538  8572  8622  8551  8603  8650  8704  8726  8726  8736  8712
TBILIS 1972 06 04 1  8647  8647  8660  8661  8659  8631  8626  8581  8620  8615  8620  8707
TBILIS 1972 06 04 2  8624  8610  8631  8665  8679  8688  8675  8704  8716  8685  8659  8690
TBILIS 1972 06 05 1  8654  8642  8670  8615  8576  8580  8594  8619  8592  8633  8640  8626
TBILIS 1972 06 05 2  8602  8632  8657  8643  8667  8655  8665  8645  8628  8655  8640  8624
TBILIS 1972 06 06 1  8573  8592  8622  8600  8590  8576  8616  8615  8643  8668  8678  8664
TBILIS 1972 06 06 2  8704  8686  8690  8706  8626  8681  8655  8676  8685  8690  8665  8660
TBILIS 1972 06 07 1  8673  8681  8677  8646  8630  8602  8626  8604  8636  8697  8733  8741
TBILIS 1972 06 07 2  8700  8704  8718  8712  8672  8653  8638  8659  8616  8590  8615  8564
TBILIS 1972 06 08 1  8592  8619  8619  8622  8637  8620  8592  8635  8685  8647  8632  8638
TBILIS 1972 06 08 2  8614  8677  8651  8618  8661  8646  8588  8574  8561  8517  8537  8556
TBILIS 1972 06 09 1  8546  8570  8569  8564  8581  8558  8559  8557  8516  8566  8607  8599
TBILIS 1972 06 09 2  8580  8572  8629  8637  8683  8700  8694  8694  8690  8663  8680  8650
TBILIS 1972 06 10 1  8645  8597  8606  8612  8594  8571  8571  8584  8600  8579  8634  8609
TBILIS 1972 06 10 2  8597  8570  8567  8634  8639  8629  8651 99999  8642  8620  8587  8582
TBILIS 1972 06 11 1  8585  8564  8584  8578  8594  8594  8614  8621  8605  8661  8655  8618
TBILIS 1972 06 11 2  8636  8603  8627  8606  8616  8605  8583  8572  8560  8594  8557  8572
TBILIS 1972 06 12 1  8583  8596  8580  8591  8573  8589  8591  8600  8603  8624  8631  8585
TBILIS 1972 06 12 2  8603  8621  8660  8653  8680  8662  8667  8663  8636  8630  8640  8638
TBILIS 1972 06 13 1  8647  8668  8669  8643  8645  8617  8631  8639  8663  8640  8632  8617
TBILIS 1972 06 13 2  8660  8641  8630  8653  8615  8653  8660  8647  8672  8674  8648  8633
TBILIS 1972 06 14 1  8673  8629  8624  8649  8649  8629  8656  8662  8648  8681  8702  8626
TBILIS 1972 06 14 2  8627  8632  8601  8605  8652  8625  8643  8648  8644  8609  8687  8674
TBILIS 1972 06 15 1  8666  8647  8681  8655  8636  8697  8680  8685  8722 99999  8695  8721
TBILIS 1972 06 15 2  8743  8667  8683  8650  8698  8684  8701  8710  8701  8679  8686  8629
TBILIS 1972 06 16 1  8636  8677  8653  8656  8699  8655  8724  8716  8658  8669  8680  8675
TBILIS 1972 06 16 2  8676  8693  8680  8613  8632  8626  8619  8636  8615  8616  8629  8675
TBILIS 1972 06 17 1  8661  8660  8676  8648  8644  8587  8630  8632  8736  8685  8656  8636
TBILIS 1972 06 17 2  8717  8668  8592  8500  8454  8477  8405  8370  8370  8381  8338  8376
TBILIS 1972 06 18 1  8401  8500  8558  8626  8600  8575  8530  8495  8521  8465  8426  8474
TBILIS 1972 06 18 2  8425  8433  8436  8442  8426  8395  8423  8449  8453  8458  8474  8459
TBILIS 1972 06 19 1 99999 99999  8420  8468  8423  8427  8450  8444  8460  8407  8434  8434
TBILIS 1972 06 19 2  8416  8395  8433  8408  8439  8437  8484  8494  8501  8478  8464  8468
TBILIS 1972 06 20 1  8467  8455  8473  8427  8425  8409  8453  8467  8485  8496  8458  8422
TBILIS 1972 06 20 2  8444  8462  8520  8559  8425  8443  8480  8487  8495  8494  8497  8515
TBILIS 1972 06 21 1  8506  8505  8533  8494  8503  8501  8469  8442  8492  8556 99999 99999
TBILIS 1972 06 21 2 99999  8530  8529  8510  8540  8532  8585  8551  8554  8571  8586  8603
TBILIS 1972 06 22 1  8610  8529  8538  8524  8547  8584  8596  8602  8586  8609  8536  8532
TBILIS 1972 06 22 2  8546  8527  8544  8545  8548  8488  8511 99999 99999 99999 99999 99999
TBILIS 1972 06 23 1 99999 99999 99999 99999  8542  8469  8465  8479  8481  8513  8570  8571
TBILIS 1972 06 23 2  8607  8614  8558  8567  8574  8542  8551  8575  8563  8578  8555  8581
TBILIS 1972 06 24 1  8558  8614  8603  8582  8537  8570  8526  8554  8568  8575  8611  8578
TBILIS 1972 06 24 2  8603  8605  8587  8631  8654  8628  8608  8599  8611  8594  8592  8589
TBILIS 1972 06 25 1  8603  8588  8562  8569  8559  8591  8614  8622  8612  8591  8654  8631
TBILIS 1972 06 25 2  8582  8607  8615  8657  8631  8634  8628  8652  8662  8656  8616  8644
TBILIS 1972 06 26 1  8627  8594  8600  8614  8605  8607  8619  8578  8621  8644  8658  8676
TBILIS 1972 06 26 2  8607  8602  8603  8649  8669  8678  8641  8635  8629  8627  8633  8643
TBILIS 1972 06 27 1  8634  8618  8595  8648  8617  8557  8576  8591  8610  8682  8668 99999
TBILIS 1972 06 27 2 99999 99999 99999 99999 99999 99999 99999 99999 99999 99999 99999 99999
TBILIS 1972 06 28 1 99999 99999 99999 99999 99999 99999 99999 99999 99999 99999 99999 99999
TBILIS 1972 06 28 2 99999 99999 99999 99999  8538  8559  8569  8583  8560  8550  8532  8518
TBILIS 1972 06 29 1  8557  8567  8550  8594  8562  8600  8545  8562  8554  8554  8583  8602
TBILIS 1972 06 29 2  8568  8584  8610  8592  8593  8560  8628  8615  8624  8653  8631  8621
TBILIS 1972 06 30 1  8616  8601  8583  8611  8603  8581  8586  8569  8573  8604  8602  8560
TBILIS 1972 06 30 2  8556  8561  8575  8566  8616  8633  8618  8649  8660  8652  8630  8636
TBILIS 1972 06 31 1 99999 99999 99999 99999 99999 99999 99999 99999 99999 99999 99999 99999
TBILIS 1972 06 31 2 99999 99999 99999 99999 99999 99999 99999 99999 99999 99999 99999 99999
Cosmic-Ray Neutron Monitor Data (Hourly, Pressure-Corrected and Scale-Adjusted Counts)
Collections: WDC for Cosmic Rays, Solar-Terrestrial Environment Laboratory, Nagoya Univ.
Data Access: http://center.stelab.nagoya-u.ac.jp/WDCCR/index.html
Project: ICSU WDC
Citation: WDC for Cosmic Rays, Solar-Terrestrial Environment Laboratory, Nagoya University
Station ID: TBILIS
Station:  TBILISI,GIORGIA,INSTITUT GEOPHYSIKY (IG), GIORGIAN ACADEMY OF SCIENCES,GIORGIA 
Instrument: 18-NM-64 NEUTRON MONITOR, CORRECTED FOR PRESSURE TO 950.0 MB, COEF. =           
Latitude (deg.):   41.72  Longitude (deg.):   44.80  Altitude (m):  510.00
Cut-Off Rigidity (GV):    6.91
Year: 1972  Month:   7
Scaling Factor (SF):    64.0   Constant (CONST):     0.0  Real Counts = (DATA + CONST)*SF
Temporal Resolution: 1 hour
UTC Start Hour:     0.0
                                                                                
                                                        
Monthly Average:  6567.7
Updated (YYYY MM DD): 1977 11 28
*******************************************************************************************
ID     YYYY MM DD 1     0     1     2     3     4     5     6     7     8     9    10    11
ID     YYYY MM DD 2    12    13    14    15    16    17    18    19    20    21    22    23
*******************************************************************************************
TBILIS 1972 07 01 1  2935  2921  2913  2925  2922  2915  2936  2919  2897  2904  2904  2914
TBILIS 1972 07 01 2  2919  2917  2904  2908  2908  2913  2909  2889  2907  2920  2898  2906
TBILIS 1972 07 02 1  2903  2910  2930  2927  2925  2903  2905  2909  2913  2921  2927  2919
TBILIS 1972 07 02 2  2911  2942  2939  2919  2928  2931  2901  2934  2927  2938  2921  2930
TBILIS 1972 07 03 1  2924  2940  2932  2915  2899  2926  2896  2918  2917  2922  2919  2907
TBILIS 1972 07 03 2  2926  2932  2920  2947  2922  2924  2935  2925  2926  2929  2932  2928
TBILIS 1972 07 04 1  2918  2910  2905  2912  2928  2908  2910  2879  2896  2889  2891  2889
TBILIS 1972 07 04 2  2895  2880  2897  2884  2902  2897  2899  2907  2913  2909  2894  2903
TBILIS 1972 07 05 1  2898  2888  2915  2916  2933  2927  2957  2924  2953  2934  2934  2926
TBILIS 1972 07 05 2  2912  2902  2911  2912  2912  2903  2891  2910  2915  2921  2928  2954
TBILIS 1972 07 06 1  2928  2917  2921  2937  2930  2935  2949  2948  2946  2947  2935  2958
TBILIS 1972 07 06 2  2916  2931  2922  2925  2919  2926  2924  2925  2943  2938  2928  2941
TBILIS 1972 07 07 1  2930  2939  2940  2952  2941  2948  2939  2939  2931  2925 99999 99999
TBILIS 1972 07 07 2  2941  2939  2945  2953  2951  2953  2954  2954  2949  2956  2931  2945
TBILIS 1972 07 08 1  2963  2926  2946  2937  2934  2935  2954  2945  2943  2935  2951  2950
TBILIS 1972 07 08 2  2926  2947  2949  2939  2961  2941  2956  2957  2931  2937  2936  2939
TBILIS 1972 07 09 1  2936  2953  2935  2948  2946  2920  2910  2935  2938  2937  2938  2953
TBILIS 1972 07 09 2  2925  2959  2968  2951  2940  2948  2940  2956  2939  2968  2965  2943
TBILIS 1972 07 10 1  2934  2953  2931  2949  2957  2948  2942  2943  2923  2940  2928  2953
TBILIS 1972 07 10 2  2935  2943  2937  2945  2958  2945  2945  2970  2960  2959  2962  2954
TBILIS 1972 07 11 1  2954  2949  2951  2950  2962  2949  2966  2974  2979  2965  2953  2953
TBILIS 1972 07 11 2  2947  2928  2917  2941  2964  2969  2961  2981  2980  2978  2962  2953
TBILIS 1972 07 12 1  2947  2961  2961  2977  2951  2940  2933  2938  2946  2966  2947  2959
TBILIS 1972 07 12 2  2984  2981  2960  2941  2954  2959  2934  2960  2950  2965  2968  2954
TBILIS 1972 07 13 1  8951  8914  8938  8902  8899  8916  8915  8925  8950  8957  8924  8920
TBILIS 1972 07 13 2  8919  8942  8925  8930  8935  8941  8926  8921  8918  8959  8956  8928
TBILIS 1972 07 14 1  8939  8877  8892  8862  8875  8907  8847  8829  8825  8874  8888  8901
TBILIS 1972 07 14 2  8938  8953  8973  8996  9026  9026  9034  8981  9017  9011  9011  9002
TBILIS 1972 07 15 1  9030  9020  8999  9012  9011  9048  9003  8946  8956  9004  9000  9024
TBILIS 1972 07 15 2  9003  8952  8958  8922  8955  8947  8953  8963  8958  8952  8967  8938
TBILIS 1972 07 16 1  8961  8991  8987  8985  9004  9001  8982  9030  9018  9024  9011  8991
TBILIS 1972 07 16 2  8993  9002  8962  9003  8971  8980  8983  8970  8947  8959  8961  8925
TBILIS 1972 07 17 1  8932  8939  8956  8954  8929  8967  8967  8988  9014  9024  9028  9032
TBILIS 1972 07 17 2  8988  8970  8972  8943  8950  8978  8951  8972  8953  8951  8948  8971
TBILIS 1972 07 18 1  8943  8930  8929  8943  8933  8939  8957  8967  9003  8973  8947  8975
TBILIS 1972 07 18 2  8959  8961  8933  8957  8941  8952  8930  8951  8915  8909  8925  8887
TBILIS 1972 07 19 1  8928  8901  8943  8907  8908  8878  8902  8916  8903  8921  8921  8928
TBILIS 1972 07 19 2  8885  8821  8766  8760  8784  8775  8852  8896  8887  8851  8858  8885
TBILIS 1972 07 20 1  8883  8847  8875  8874  8886  8897  8887  8883  8881  8886  8925  8878
TBILIS 1972 07 20 2  8896  8894  8814  8877  8872  8854  8846  8850  8818  8762  8791  8838
TBILIS 1972 07 21 1  8840  8814  8849  8821  8852  8871  8861  8881  8893  8900  8841  8900
TBILIS 1972 07 21 2  8821  8845  8840  8820  8819  8811  8807  8804  8818  8824  8807  8806
TBILIS 1972 07 22 1  8777  8835  8836  8825  8801  8789  8819  8832  8842  8844  8834  8816
TBILIS 1972 07 22 2  8806  8779  8776  8784  8775  8813  8810  8869  8882  8888  8826  8793
TBILIS 1972 07 23 1  8797  8766  8809  8809  8799  8779  8790  8773  8744  8798  8785  8810
TBILIS 1972 07 23 2  8809  8813  8827  8835  8846  8842  8861  8819  8819  8783  8782  8755
TBILIS 1972 07 24 1  8729  8746  8742  8744  8733  8731  8751  8775  8755  8774  8800  8807
TBILIS 1972 07 24 2  8810  8833  8831  8856  8871  8859  8859  8837  8859  8854  8837  8853
TBILIS 1972 07 25 1  8831  8792  8812  8793  8786  8796  8816  8781  8789  8794  8844  8835
TBILIS 1972 07 25 2  8824  8866  8819  8712  8732  8713  8678  8702  8662  8662  8678  8665
TBILIS 1972 07 26 1  8648  8717  8711  8748  8745  8713  8745  8735  8751  8793  8761  8782
TBILIS 1972 07 26 2  8775  8748  8792  8791  8803  8803  8810  8824  8834  8800  8792  8798
TBILIS 1972 07 27 1  8786  8791  8794  8765  8789  8776  8791  8779  8791  8739  8733  8764
TBILIS 1972 07 27 2  8781  8816  8805  8801  8791  8778  8787  8827  8743  8747  8780  8758
TBILIS 1972 07 28 1  8770  8819  8791  8791  8782  8782  8797  8785  8798  8773  8794  8786
TBILIS 1972 07 28 2  8799  8803  8791  8772  8779  8755  8802  8823  8800  8833  8815  8790
TBILIS 1972 07 29 1  8778  8833  8815  8765  8760  8775  8751  8746  8741  8809  8796  8754
TBILIS 1972 07 29 2  8756  8727  8718  8700  8718  8761  8730  8697  8727  8706  8754  8760
TBILIS 1972 07 30 1  8722  8719  8716  8696  8689  8693  8674  8668  8713  8698  8723  8672
TBILIS 1972 07 30 2  8752  8732  8754  8752  8780  8765  8763  8789  8777  8747  8784  8741
TBILIS 1972 07 31 1  8777  8765  8760  8757  8759  8720  8763  8738  8753  8760  8711  8776
TBILIS 1972 07 31 2  8734  8780  8748  8774  8749  8751  8759  8755  8756  8775  8802  8831
Cosmic-Ray Neutron Monitor Data (Hourly, Pressure-Corrected and Scale-Adjusted Counts)
Collections: WDC for Cosmic Rays, Solar-Terrestrial Environment Laboratory, Nagoya Univ.
Data Access: http://center.stelab.nagoya-u.ac.jp/WDCCR/index.html
Project: ICSU WDC
Citation: WDC for Cosmic Rays, Solar-Terrestrial Environment Laboratory, Nagoya University
Station ID: TBILIS
Station:  TBILISI,GIORGIA,INSTITUT GEOPHYSIKY (IG), GIORGIAN ACADEMY OF SCIENCES,GIORGIA 
Instrument: 18-NM-64 NEUTRON MONITOR, CORRECTED FOR PRESSURE TO 950.0 MB, COEF. =           
Latitude (deg.):   41.72  Longitude (deg.):   44.80  Altitude (m):  510.00
Cut-Off Rigidity (GV):    6.91
Year: 1972  Month:   8
Scaling Factor (SF):    64.0   Constant (CONST):     0.0  Real Counts = (DATA + CONST)*SF
Temporal Resolution: 1 hour
UTC Start Hour:     0.0
                                                                                
                                                        
Monthly Average:  8690.3
Updated (YYYY MM DD): 1977 11 28
*******************************************************************************************
ID     YYYY MM DD 1     0     1     2     3     4     5     6     7     8     9    10    11
ID     YYYY MM DD 2    12    13    14    15    16    17    18    19    20    21    22    23
*******************************************************************************************
TBILIS 1972 08 01 1  8830  8817  8805  8798  8799  8831  8780  8808  8827  8823  8836  8824
TBILIS 1972 08 01 2  8815  8806  8841  8853  8839  8876  8851  8867  8867  8859  8842  8880
TBILIS 1972 08 02 1  8871  8824  8828  8811  8767  8779  8730  8771  8754  8777  8798  8807
TBILIS 1972 08 02 2  8794  8807  8792  8793  8794  8795  8793  8814  8799  8780  8802  8793
TBILIS 1972 08 03 1  8803  8755  8786  8768  8790  8745  8782  8724  8750  8752  8778  8757
TBILIS 1972 08 03 2  8776  8844  8808  8825  8840  8893  8865  8860  8819  8834  8815  8778
TBILIS 1972 08 04 1  8773  8718  8739  8655  8550  8560  8561  8542  8564  8496  8427  8372
TBILIS 1972 08 04 2  8342  8345  8397  8395  8402  8395  8338  8362  8433  8338  8167  7715
TBILIS 1972 08 05 1  7475  7467  7988  8216  8188  8069  7986  7914  7835  7851  7871  7869
TBILIS 1972 08 05 2  7826  7888  7893  7961  7955  7967  8005  8057  8071  8127  8117  8136
TBILIS 1972 08 06 1  8141  8135  8171  8183  8196  8175  8204  8251  8292  8264  8247  8254
TBILIS 1972 08 06 2  8257  8263  8265  8221  8212  8290  8246  8289  8271  8270  8287  8293
TBILIS 1972 08 07 1  8321  8341  8345  8330  8309  8338  8357  8400  8384  8413  8420  8421
TBILIS 1972 08 07 2  8408  8398  8388  8453  8431  8465  8503  8505  8468  8487  8459  8463
TBILIS 1972 08 08 1  8461  8479  8491  8482  8490  8485  8527  8524  8532  8542  8546  8539
TBILIS 1972 08 08 2  8512  8512  8508  8552  8585  8631  8666  8626  8627  8618  8644  8628
TBILIS 1972 08 09 1  8561  8556  8547  8526  8505  8503  8486  8535  8493  8589  8699  8654
TBILIS 1972 08 09 2  8641  8559  8575  8554  8547  8584  8607  8683  8652  8668  8688  8725
TBILIS 1972 08 10 1  8695  8724  8664  8623  8552  8593  8543  8513  8521  8535  8537  8543
TBILIS 1972 08 10 2  8514  8524  8592  8568  8608  8654  8672  8679  8633  8658  8640  8634
TBILIS 1972 08 11 1  8638  8602  8604  8595  8644  8641  8637  8646  8612  8657  8664  8643
TBILIS 1972 08 11 2  8644  8582  8618  8598  8660  8635  8614  8636  8597  8606  8632  8576
TBILIS 1972 08 12 1  8628  8637  8653  8696  8659  8662  8627  8674  8714  8661  8642  8640
TBILIS 1972 08 12 2  8633  8700  8722  8680  8673  8666  8648  8680  8712  8658  8643  8712
TBILIS 1972 08 13 1  8716  8724  8730  8711  8685  8725  8741  8733  8635  8712  8686  8691
TBILIS 1972 08 13 2  8743  8802  8770  8791  8800  8800  8754  8727  8760  8766  8751  8705
TBILIS 1972 08 14 1  8783  8778  8782  8751  8768  8763  8792  8788  8786  8793  8799  8765
TBILIS 1972 08 14 2  8810  8760  8760  8777  8805  8794  8788  8808  8793  8809  8776  8805
TBILIS 1972 08 15 1  8844  8854  8845  8805  8798  8824  8788  8774  8803  8761  8769  8773
TBILIS 1972 08 15 2  8744  8771  8792  8748  8792  8737  8784  8770  8748  8783  8713  8726
TBILIS 1972 08 16 1  8782  8807  8824  8843  8857  8870  8828  8838  8864  8873  8820  8833
TBILIS 1972 08 16 2  8806  8799  8797  8790  8791  8776  8817  8774  8764  8775  8780  8759
TBILIS 1972 08 17 1  8772  8789  8781  8766  8737  8748  8767  8767  8793  8819  8824  8807
TBILIS 1972 08 17 2  8815  8782  8796  8782  8818  8828  8859  8880  8835  8810  8814  8798
TBILIS 1972 08 18 1  8844  8828  8846  8792  8747  8809  8804  8820  8797  8800  8819  8822
TBILIS 1972 08 18 2  8806  8822  8810  8796  8816  8817  8812  8812  8776  8754  8782  8790
TBILIS 1972 08 19 1  8774  8762  8817  8772  8765  8761  8751  8782  8789  8786  8770  8789
TBILIS 1972 08 19 2  8762  8750  8789  8806  8845  8839  8769  8727  8750  8739  8790  8737
TBILIS 1972 08 20 1  8787  8757  8750  8741  8719  8709  8666  8687  8724  8743  8734  8736
TBILIS 1972 08 20 2  8768  8713  8745  8784  8764  8711  8752  8750  8745  8780  8757  8799
TBILIS 1972 08 21 1  8757  8787  8756  8731  8735  8755  8727  8703  8756  8782  8748  8780
TBILIS 1972 08 21 2  8754  8744  8748  8773  8724  8712  8715  8675  8708  8685  8719  8658
TBILIS 1972 08 22 1  8714  8721  8719  8720  8702  8694  8687  8703  8712  8708  8702  8695
TBILIS 1972 08 22 2  8703  8722  8727  8780  8751  8774  8774  8749  8735  8771  8768  8738
TBILIS 1972 08 23 1  8762  8735  8708  8675  8686  8683  8699  8693  8681  8730  8738  8713
TBILIS 1972 08 23 2  8766  8733  8767  8779  8796  8869  8888  8874  8836  8838  8805  8798
TBILIS 1972 08 24 1  8786  8789  8815  8792  8786  8753  8735  8758  8733  8814  8771  8744
TBILIS 1972 08 24 2  8752  8761  8801  8781  8801  8757  8819  8785  8798  8774  8780  8776
TBILIS 1972 08 25 1  8769  8801  8751  8774  8783  8752  8791  8831  8840  8809  8806  8817
TBILIS 1972 08 25 2  8805  8820  8844  8860  8874  8853  8871  8887  8849  8836  8832  8775
TBILIS 1972 08 26 1  8772  8818  8840  8814  8850  8879  8883  8855  8855  8882  8880  8860
TBILIS 1972 08 26 2  8835  8839  8828  8868  8832  8811  8819  8828  8770  8780  8725  8791
TBILIS 1972 08 27 1  8766  8784  8781  8758  8764  8743  8743  8776  8751  8824  8830  8815
TBILIS 1972 08 27 2  8783  8766  8779  8776  8731  8788  8820  8838  8865  8801  8817  8791
TBILIS 1972 08 28 1  8797  8832  8821  8797  8748  8755  8757  8758  8757  8749  8685  8768
TBILIS 1972 08 28 2  8753  8805  8816  8820  8874  8884  8849  8871  8873  8851  8863  8817
TBILIS 1972 08 29 1  8787  8819  8809  8817  8823  8800  8793  8744  8775  8745  8729  8789
TBILIS 1972 08 29 2  8807  8828  8831  8832  8818  8819  8852  8887  8846  8833  8836  8840
TBILIS 1972 08 30 1  8845  8858  8796  8760  8793  8782  8775  8797  8734  8799  8798  8815
TBILIS 1972 08 30 2  8786  8784  8797  8810  8849  8813  8823  8795  8856  8782  8814  8811
TBILIS 1972 08 31 1  8786  8817  8817  8804  8787  8769  8773  8764  8760  8794  8804  8794
TBILIS 1972 08 31 2  8803  8809  8832  8816  8850  8866  8845  8888  8877  8889  8888  8860
Cosmic-Ray Neutron Monitor Data (Hourly, Pressure-Corrected and Scale-Adjusted Counts)
Collections: WDC for Cosmic Rays, Solar-Terrestrial Environment Laboratory, Nagoya Univ.
Data Access: http://center.stelab.nagoya-u.ac.jp/WDCCR/index.html
Project: ICSU WDC
Citation: WDC for Cosmic Rays, Solar-Terrestrial Environment Laboratory, Nagoya University
Station ID: TBILIS
Station:  TBILISI,GIORGIA,INSTITUT GEOPHYSIKY (IG), GIORGIAN ACADEMY OF SCIENCES,GIORGIA 
Instrument: 18-NM-64 NEUTRON MONITOR, CORRECTED FOR PRESSURE TO 950.0 MB, COEF. =           
Latitude (deg.):   41.72  Longitude (deg.):   44.80  Altitude (m):  510.00
Cut-Off Rigidity (GV):    6.91
Year: 1972  Month:   9
Scaling Factor (SF):    64.0   Constant (CONST):     0.0  Real Counts = (DATA + CONST)*SF
Temporal Resolution: 1 hour
UTC Start Hour:     0.0
                                                                                
                                                        
Monthly Average:  8849.8
Updated (YYYY MM DD): 1977 11 28
*******************************************************************************************
ID     YYYY MM DD 1     0     1     2     3     4     5     6     7     8     9    10    11
ID     YYYY MM DD 2    12    13    14    15    16    17    18    19    20    21    22    23
*******************************************************************************************
TBILIS 1972 09 01 1  8866  8845  8877  8822  8807  8768  8793  8766  8793  8766  8814  8804
TBILIS 1972 09 01 2  8849  8895  8912 99999 99999  8845  8869  8842  8835  8872  8799  8786
TBILIS 1972 09 02 1  8776  8760  8804  8746  8729  8760  8744  8786  8790  8834  8827  8819
TBILIS 1972 09 02 2  8848  8823  8890  8882  8940  8856  8861  8838  8808  8796  8795  8770
TBILIS 1972 09 03 1  8780  8797  8799  8804  8805  8781  8783  8764  8796  8795  8772  8792
TBILIS 1972 09 03 2  8755  8774  8874  8855  8856  8832  8863  8867  8839  8837  8766  8827
TBILIS 1972 09 04 1  8806  8835  8831  8872  8878  8833  8840  8811  8854  8841  8869  8800
TBILIS 1972 09 04 2  8790  8771  8849  8775  8774  8842  8809  8749  8668  8715  8729  8713
TBILIS 1972 09 05 1  8756  8778  8784  8802  8851  8840  8839  8822  8879  8814  8783  8801
TBILIS 1972 09 05 2  8823  8811  8713  8766  8750  8720  8834  8832  8813  8791  8753  8823
TBILIS 1972 09 06 1  8822  8797  8851  8819  8837  8818  8808  8800  8781  8817  8856  8846
TBILIS 1972 09 06 2  8819  8857  8813  8788  8764  8779  8768  8723  8772  8758  8789  8793
TBILIS 1972 09 07 1  8776  8756  8755  8796  8754  8771  8767  8758  8743  8729  8748  8734
TBILIS 1972 09 07 2  8726  8743  8751  8696  8772  8795  8813  8800  8792  8767  8746  8740
TBILIS 1972 09 08 1  8724  8739  8752  8764  8772  8734  8727  8726  8742  8707  8747  8761
TBILIS 1972 09 08 2  8764  8822  8764  8789  8817  8845  8847  8858  8843  8849  8817  8869
TBILIS 1972 09 09 1  8847  8799  8830  8772  8779  8777  8795  8758  8743  8782  8771  8766
TBILIS 1972 09 09 2  8773  8766  8734  8755  8737  8756  8760  8762  8771  8794  8789  8769
TBILIS 1972 09 10 1  8750  8776  8807  8826  8774  8710  8683  8708  8772  8727  8754  8749
TBILIS 1972 09 10 2  8781  8779  8766  8780  8798  8773  8745  8759  8819 99999 99999 99999
TBILIS 1972 09 11 1 99999 99999 99999 99999 99999  8780  8780  8778  8804  8848  8841  8830
TBILIS 1972 09 11 2  8827  8829  8813  8855  8836  8827  8838  8838  8835  8811  8840  8823
TBILIS 1972 09 12 1  8806  8816  8792  8818  8753  8815  8813  8818  8795  8781  8796  8782
TBILIS 1972 09 12 2  8838  8845  8875  8820  8825  8837  8840  8810  8802  8785  8800  8766
TBILIS 1972 09 13 1  8761  8784  8803  8814  8795  8839  8822  8833  8844  8853  8834  8818
TBILIS 1972 09 13 2  8847  8838  8886  8836  8725  8730  8721  8768  8832  8827  8807  8834
TBILIS 1972 09 14 1  8811  8839  8851  8871  8860  8896  8873  8853  8843  8839  8851  8823
TBILIS 1972 09 14 2  8812  8834  8861  8866  8861  8821  8870  8865  8876  8809  8858  8789
TBILIS 1972 09 15 1  8851  8839  8883  8862  8870  8893  8838  8823  8882  8851  8848  8838
TBILIS 1972 09 15 2  8819  8835  8844  8850  8804  8738  8749  8778  8793  8802  8801  8775
TBILIS 1972 09 16 1  8746  8756  8789  8784  8770  8768  8770  8771  8818  8838  8802  8865
TBILIS 1972 09 16 2  8854  8821  8806  8813  8834  8863  8855  8858  8830  8832  8823  8812
TBILIS 1972 09 17 1  8813  8815  8813  8849  8853  8873  8864  8834  8871  8850  8852  8856
TBILIS 1972 09 17 2  8862  8839  8844  8850  8841  8827  8825  8841  8854  8809  8835  8804
TBILIS 1972 09 18 1  8823  8823  8865  8815  8853  8901  8902  8873  8838  8863  8865  8859
TBILIS 1972 09 18 2  8863  8838  8843  8827  8851  8852  8846  8828  8848  8790  8851  8811
TBILIS 1972 09 19 1  8780  8816  8818  8851  8833  8861  8922  8899  8866  8847  8893  8888
TBILIS 1972 09 19 2  8936  8913  8943  8914  8872  8859  8900  8868  8854  8853  8868  8891
TBILIS 1972 09 20 1  8872  8909  8868  8862  8903  8890  8884  8917  8956  8919  8890  8921
TBILIS 1972 09 20 2  8888  8946  8896  8911  8906  8877  8879  8859  8870  8844  8856  8796
TBILIS 1972 09 21 1  8820  8849  8876  8915  8880  8936  8917  8908  8900  8915  8927  8951
TBILIS 1972 09 21 2  8882  8935  8893  8937  8929  8904  8905  8870  8863  8814  8815  8847
TBILIS 1972 09 22 1  8883  8903  8908  8942  8946  8969  8906  8910  8919  8938  8933  8922
TBILIS 1972 09 22 2  8932  8897  8899  8879  8819  8882  8894  8883  8894  8911  8885  8865
TBILIS 1972 09 23 1  8913  8875  8916  8879  8904  8927  8911  8852  8872  8869  8876  8895
TBILIS 1972 09 23 2  8813  8878  8852  8871  8849  8870  8831  8826  8813  8831  8855  8827
TBILIS 1972 09 24 1  8858  8859  8837  8864  8882  8876  8861  8811  8852  8864  8887  8890
TBILIS 1972 09 24 2  8913  8910  8917  8910  8921  8913  8888  8899  8890  8875  8852  8835
TBILIS 1972 09 25 1  8805  8821  8851  8851  8875  8907  8882  8878  8904  8896  8894  8912
TBILIS 1972 09 25 2  8919  8925  8902  8941  8888  8928  8846  8892  8890  8881  8876  8883
TBILIS 1972 09 26 1  8877  8877  8890  8907  8948  8886  8901  8959  8960  8933  8953  8982
TBILIS 1972 09 26 2  8998  8993  9016  8982  9002  8982  8958  8956  8942  8923  8885  8884
TBILIS 1972 09 27 1  8900  8910  8914  8902  8904  8887  8890  8873  8890  8941  8942  8986
TBILIS 1972 09 27 2  8975  8943  8952  8974  8960  8960  8967  8980  8988  8939  8987  8923
TBILIS 1972 09 28 1  8921  8968  8968  8943  8949  8915  8854  8863  8918  8921  8910  8882
TBILIS 1972 09 28 2  8916  8909  8904  8905  8911  8920  8914  8917  8964  8979  9029  9032
TBILIS 1972 09 29 1  8994  8959  9003  8961  8961  8969  8978  8946  8990  8936  8964  8969
TBILIS 1972 09 29 2  8954  8953  8956  8982  8974  8979  8984  9026  8999  8986  8987  8975
TBILIS 1972 09 30 1  8990  8959  8951  8999  8965  8961  8980  8956  8974  8934  8941  8983
TBILIS 1972 09 30 2  8970  8997  8937  8944  8937  8893  8948  8964  8937  8917  8960  8962
TBILIS 1972 09 31 1 99999 99999 99999 99999 99999 99999 99999 99999 99999 99999 99999 99999
TBILIS 1972 09 31 2 99999 99999 99999 99999 99999 99999 99999 99999 99999 99999 99999 99999
Cosmic-Ray Neutron Monitor Data (Hourly, Pressure-Corrected and Scale-Adjusted Counts)
Collections: WDC for Cosmic Rays, Solar-Terrestrial Environment Laboratory, Nagoya Univ.
Data Access: http://center.stelab.nagoya-u.ac.jp/WDCCR/index.html
Project: ICSU WDC
Citation: WDC for Cosmic Rays, Solar-Terrestrial Environment Laboratory, Nagoya University
Station ID: TBILIS
Station:  TBILISI,GIORGIA,INSTITUT GEOPHYSIKY (IG), GIORGIAN ACADEMY OF SCIENCES,GIORGIA 
Instrument: 18-NM-64 NEUTRON MONITOR, CORRECTED FOR PRESSURE TO 950.0 MB, COEF. =           
Latitude (deg.):   41.72  Longitude (deg.):   44.80  Altitude (m):  510.00
Cut-Off Rigidity (GV):    6.91
Year: 1972  Month:  10
Scaling Factor (SF):    64.0   Constant (CONST):     0.0  Real Counts = (DATA + CONST)*SF
Temporal Resolution: 1 hour
UTC Start Hour:     0.0
                                                                                
                                                        
Monthly Average:  8864.4
Updated (YYYY MM DD): 1977 11 28
*******************************************************************************************
ID     YYYY MM DD 1     0     1     2     3     4     5     6     7     8     9    10    11
ID     YYYY MM DD 2    12    13    14    15    16    17    18    19    20    21    22    23
*******************************************************************************************
TBILIS 1972 10 01 1  8945  8923  8936  8932  8944  8966  8961  8966  8970  8923  8952  8934
TBILIS 1972 10 01 2  8934  8892  8851  8879  8798  8863  8806  8762  8787  8776  8796  8807
TBILIS 1972 10 02 1  8840  8772  8774  8863  8870  8831  8849  8886  8911  8900  8858  8886
TBILIS 1972 10 02 2  8893  8920  8913  8909  8898  8848  8890  8868  8838  8826  8840  8843
TBILIS 1972 10 03 1  8818  8814  8798  8799  8789  8785  8816  8810  8854  8866  8898  8866
TBILIS 1972 10 03 2  8856  8834  8835  8849  8843  8848  8812  8860  8843  8850  8842  8851
TBILIS 1972 10 04 1  8833  8845  8871  8895  8849  8859  8857  8860  8897  8876  8898  8873
TBILIS 1972 10 04 2  8853  8874  8895  8880  8871 99999 99999 99999 99999 99999 99999 99999
TBILIS 1972 10 05 1 99999 99999 99999 99999 99999  8836  8853  8862  8844  8875  8879  8855
TBILIS 1972 10 05 2  8864  8862 99999  8905  8911  8875  8813  8873  8866  8889  8900  8872
TBILIS 1972 10 06 1  8902  8876  8914  8907  8886  8862  8863  8859  8888  8895  8890  8861
TBILIS 1972 10 06 2  8893  8879  8938  8866  8925  8867  8917  8900  8874  8864  8886  8914
TBILIS 1972 10 07 1  8869  8856  8889  8876  8908  8924  8900  8895  8892  8869  8892  8903
TBILIS 1972 10 07 2  8929  8931  8935  8915  8904  8870  8892  8892  8901  8887  8895  8885
TBILIS 1972 10 08 1  8905  8881  8923  8933  8907  8946  8909  8868  8856  8902  8909  8880
TBILIS 1972 10 08 2  8907  8892  8875  8938  8904  8898  8898  8885  8915  8870  8867  8870
TBILIS 1972 10 09 1  8897  8867  8875  8910  8892  8881  8847  8862  8889  8891  8905  8893
TBILIS 1972 10 09 2  8906  8927  8846  8895  8882  8922  8882  8918  8935  8922  8914  8933
TBILIS 1972 10 10 1  8956  8932  8902  8899  8873  8879  8897  8847  8867  8911  8835  8889
TBILIS 1972 10 10 2  8867  8860  8864  8862  8879  8885  8916  8879  8816  8866  8857  8851
TBILIS 1972 10 11 1  8863  8909  8910  8885  8856  8884  8884  8885  8901  8890  8884  8877
TBILIS 1972 10 11 2  8844  8859  8843  8836  8834  8885  8871  8855  8868  8846  8870  8873
TBILIS 1972 10 12 1  8842  8819  8831  8822  8788  8789  8799  8838  8813  8804  8811  8815
TBILIS 1972 10 12 2  8831  8865  8853  8880  8856  8921  8937  8899  8918  8852  8841  8835
TBILIS 1972 10 13 1  8848  8835  8855  8907  8859  8870  8887  8892  8857  8870  8879  8879
TBILIS 1972 10 13 2  8832  8852  8839  8847  8877  8847  8925  8888  8894  8883  8892  8906
TBILIS 1972 10 14 1  8894  8864  8888  8906  8854  8928  8996  8941  8920  8923  8906  8858
TBILIS 1972 10 14 2  8913  8890  8880  8910  8929  8907  8864  8865  8877  8881  8850  8876
TBILIS 1972 10 15 1  8867  8885  8874  8841  8907  8880  8891  8881  8872  8882  8831  8869
TBILIS 1972 10 15 2  8870  8863  8930  8930  8953  8946  8939  8914  8906  8904  8920  8934
TBILIS 1972 10 16 1  8893  8924  8912  8935  8922  8859  8897  8872  8873  8931  8935  8958
TBILIS 1972 10 16 2  8989  8962  8974  8953  8990  8992  9021  9020  8989  9006  9053  8958
TBILIS 1972 10 17 1  8977  8918  8903  8928  8933  8918 99999 99999 99999  8863  8850  8821
TBILIS 1972 10 17 2  8782  8841  8864  8884  8898  8920  8898  8942  8933  8959  8955  8935
TBILIS 1972 10 18 1  8938  8958  8944  8933  8984  8973  8975  9055  9039  9048  9082  9054
TBILIS 1972 10 18 2  9068  9075  9031  9017  8974  8920  8860  8800  8783  8834  8849  8817
TBILIS 1972 10 19 1  8785  8774  8810  8865  8964  8907  8856  8785  8751  8723  8768  8789
TBILIS 1972 10 19 2  8799  8803  8818  8805  8806  8761  8765  8782  8750  8732  8729  8747
TBILIS 1972 10 20 1  8767  8706  8752  8793  8789  8838  8863  8832  8863  8865  8845  8885
TBILIS 1972 10 20 2  8851  8855  8829  8839  8789  8825  8769  8757  8851  8830  8879  8828
TBILIS 1972 10 21 1  8824  8822  8803  8846  8849  8832  8907  8847  8901  8879  8879  8905
TBILIS 1972 10 21 2  8899  8924  8926  8951  8935  8923  8950  8908  8907  8922  8930  8897
TBILIS 1972 10 22 1  8892  8898  8926  8894  8843  8858  8854  8804  8836  8878  8838  8822
TBILIS 1972 10 22 2  8816  8823  8868  8873  8851  8867  8923  8909  8921  8873  8922  8895
TBILIS 1972 10 23 1  8865  8888  8839  8890  8844  8803  8838  8832  8804  8863  8863  8836
TBILIS 1972 10 23 2  8885  8887  8972  8947  8908  8919  8977  8936  8952  8956  8940  8949
TBILIS 1972 10 24 1  8928  8923  8911  8865  8853  8866  8862  8798  8784  8745  8760  8764
TBILIS 1972 10 24 2  8819  8859  8820  8828  8862  8849  8885  8970  8972  8948  8873  8899
TBILIS 1972 10 25 1  8862  8851  8864  8884  8855  8836  8823  8810  8803  8807  8802  8865
TBILIS 1972 10 25 2  8857  8861  8890  8867  8886  8914  8932  8959  8941  8893  8905  8867
TBILIS 1972 10 26 1  8871  8874  8845  8846  8832  8809  8813  8813  8747  8773  8778  8790
TBILIS 1972 10 26 2  8781  8783  8801  8783  8781  8795  8823  8816  8824  8846  8832  8844
TBILIS 1972 10 27 1  8839  8852  8871  8814  8822  8794  8799  8794  8812  8781  8833  8828
TBILIS 1972 10 27 2  8837  8814  8855  8864  8822  8830  8857  8861  8889  8884  8837  8792
TBILIS 1972 10 28 1  8810  8853  8842  8838  8889  8836  8856  8871  8865  8893  8927  8963
TBILIS 1972 10 28 2  8905  8916  8851  8882  8887  8849  8837  8822  8862  8874  8860  8846
TBILIS 1972 10 29 1  8834  8843  8876  8879  8871  8823  8876  8864  8872  8898  8929  8921
TBILIS 1972 10 29 2  8920  8911  8925  8927  8924  8876  8897  8876  8870  8815  8774  8764
TBILIS 1972 10 30 1  8802  8769  8802  8773  8776  8708  8759  8775  8762  8809  8789  8850
TBILIS 1972 10 30 2  8803  8817  8823  8840  8869  8788  8758  8709  8692  8704  8680  8657
TBILIS 1972 10 31 1  8710  8657  8665  8686  8723  8724  8745  8713  8724  8743  8736  8724
TBILIS 1972 10 31 2  8729  8727  8724  8727  8689  8640  8575  8630  8649  8570  8515  8562
Cosmic-Ray Neutron Monitor Data (Hourly, Pressure-Corrected and Scale-Adjusted Counts)
Collections: WDC for Cosmic Rays, Solar-Terrestrial Environment Laboratory, Nagoya Univ.
Data Access: http://center.stelab.nagoya-u.ac.jp/WDCCR/index.html
Project: ICSU WDC
Citation: WDC for Cosmic Rays, Solar-Terrestrial Environment Laboratory, Nagoya University
Station ID: TBILIS
Station:  TBILISI,GIORGIA,INSTITUT GEOPHYSIKY (IG), GIORGIAN ACADEMY OF SCIENCES,GIORGIA 
Instrument: 18-NM-64 NEUTRON MONITOR, CORRECTED FOR PRESSURE TO 950.0 MB, COEF. =           
Latitude (deg.):   41.72  Longitude (deg.):   44.80  Altitude (m):  510.00
Cut-Off Rigidity (GV):    6.91
Year: 1972  Month:  11
Scaling Factor (SF):    64.0   Constant (CONST):     0.0  Real Counts = (DATA + CONST)*SF
Temporal Resolution: 1 hour
UTC Start Hour:     0.0
                                                                                
                                                        
Monthly Average:  8853.9
Updated (YYYY MM DD): 1977 11 28
*******************************************************************************************
ID     YYYY MM DD 1     0     1     2     3     4     5     6     7     8     9    10    11
ID     YYYY MM DD 2    12    13    14    15    16    17    18    19    20    21    22    23
*******************************************************************************************
TBILIS 1972 11 01 1  8454  8439  8494  8487  8448  8399  8317  8380  8335  8306  8377  8409
TBILIS 1972 11 01 2  8454  8559  8579  8526  8465  8490  8446  8402  8423  8385  8414  8406
TBILIS 1972 11 02 1  8397  8419  8455  8472  8511  8464  8463  8450  8484  8477  8519  8509
TBILIS 1972 11 02 2  8444  8441  8443  8453  8422  8428  8420  8473  8430  8484  8531  8478
TBILIS 1972 11 03 1  8542  8527  8545  8601  8576  8620  8589  8609  8608  8591  8569  8530
TBILIS 1972 11 03 2  8555  8589  8586  8591  8548  8574  8603  8552  8596  8552  8556  8570
TBILIS 1972 11 04 1  8592  8595  8605  8591  8655  8600  8625  8609  8577  8612  8661  8656
TBILIS 1972 11 04 2  8694  8625  8584  8660  8669  8684  8677  8681  8697  8671  8690  8670
TBILIS 1972 11 05 1  8604  8626  8646  8683  8761  8747  8723  8705  8692  8723  8709  8725
TBILIS 1972 11 05 2  8732  8702  8757  8774  8769  8763  8746  8752  8739  8750  8782  8773
TBILIS 1972 11 06 1  8793  8789  8824  8852  8904  8852  8831  8782  8742  8757  8805  8830
TBILIS 1972 11 06 2  8759  8785  8819  8844  8810  8796  8820  8819  8812  8840  8822  8816
TBILIS 1972 11 07 1  8874  8880  8840  8831  8867  8866  8789  8806  8858  8836  8935  8858
TBILIS 1972 11 07 2  8876  8816  8881  8906  8875  8832  8843  8841  8827  8905  8881  8850
TBILIS 1972 11 08 1  8840  8888  8897  8875  8867  8847  8894  8841  8836  8817  8848  8861
TBILIS 1972 11 08 2  8822  8898  8854  8867  8889  8869  8843  8855  8841  8807  8866  8845
TBILIS 1972 11 09 1  8853  8894  8886  8893  8861  8854  8813  8862  8812  8849  8892  8848
TBILIS 1972 11 09 2  8837  8802  8844  8837  8829  8858  8853  8835  8856  8830  8870  8873
TBILIS 1972 11 10 1  8897  8889  8876  8883  8896  8900  8901  8859  8815  8880  8913  8885
TBILIS 1972 11 10 2  8853  8861  8838  8809  8828  8831  8832  8816  8815  8794  8866  8878
TBILIS 1972 11 11 1  8904  8910  8904  8901  8915  8939  8952  8881  8863  8877  8896  8858
TBILIS 1972 11 11 2  8947  8896  8938  8921  8927  8899  8872  8913  8932  8930  8918  8950
TBILIS 1972 11 12 1  8951  8917  8901  8911  8918  8939  8921  8916  8923  8936  8918  8904
TBILIS 1972 11 12 2  8914  8916  8867  8871  8845  8848  8858  8905  8930  8927  8890  8899
TBILIS 1972 11 13 1  8960  8956  8983  8961  8964  8955  8922  8916  8903  8947  8909  8950
TBILIS 1972 11 13 2  8956  8961  8932  8908  8933  8883  8929  8903  8901  8902  8908  8910
TBILIS 1972 11 14 1  8917  8885  8905  8904  8879  8921  8939  8940  8914  8945  8934  8955
TBILIS 1972 11 14 2  8917  8909  8884  8885  8894  8892  8884  8894  8881  8890  8855  8872
TBILIS 1972 11 15 1  8845  8874  8956  8965  8979  8969  8986  8958  8917  8925  8905  8903
TBILIS 1972 11 15 2  8941  8995  8940  8986  9012  8999  8979  9002  8974  8958  8998  8982
TBILIS 1972 11 16 1  8909  8956  8959  8938  8907  8893  8887  8877  8899  8878  8959  8919
TBILIS 1972 11 16 2  8948  8966  8989  8962  8961  8902  8926  8927  8908  8887  8862  8898
TBILIS 1972 11 17 1  8913  8911  8965  8925  8912  8885  8904  8934  8876  8942  8939  8969
TBILIS 1972 11 17 2  8944  8984  8953  9016  8993  8972  8937  8969  8919  8918  8932  8905
TBILIS 1972 11 18 1  8914  8967  8970  8940  8926  8921  8930  8947  8975  8971  8996  8968
TBILIS 1972 11 18 2  8983  8991  8993  8964  8950  8994  8980  8978  8971  8986  9017  8989
TBILIS 1972 11 19 1  8989  9023  9025  8991  8989  9037  9039  8996  8972  8940  8972  9002
TBILIS 1972 11 19 2  8993  8985  9010  9035  9004  9000  9037  8998  8997  9006  9003  8984
TBILIS 1972 11 20 1  9018  9013  8989  9018  8977  9010  8969  8982  8950  8970  9005  9002
TBILIS 1972 11 20 2  9066  9092  9079  9087  9089  9092  9062  9111  9109  9095  9082  9062
TBILIS 1972 11 21 1  9047  9046  9017  9028  9005  9004  9015  8960  8947  8981  8980  8969
TBILIS 1972 11 21 2  9004  8986  8986  8980  8987  9010  8999  9002  8968  8955  8951  8962
TBILIS 1972 11 22 1  8924  9005  8961  9009  8981  8934  8958  8947  8957  8958  8992  8971
TBILIS 1972 11 22 2  8963  9008  9054  9028  9058  9046  9066  9061  9030  9024  9018  9011
TBILIS 1972 11 23 1  9036  8994  8994  9025  9007  8953  8967  8964  8906  8938  8959  8977
TBILIS 1972 11 23 2  9007  9020  8964  9001  8971  8980  8952  8956  8901  8940  8910  8941
TBILIS 1972 11 24 1  8923  8930  8955  8933  8880  8916  8898  8836  8883  8890  8911  8968
TBILIS 1972 11 24 2  8915  8926  8956  8914  8911  8903  8914  8933  8941  8912  8909  8870
TBILIS 1972 11 25 1  8917  8927  8901  8943  8908  8923  8936  8849  8876  8901  8923  8907
TBILIS 1972 11 25 2  8876  8842  8819  8849  8790  8819  8835  8811  8781  8777  8808  8849
TBILIS 1972 11 26 1  8825  8863  8894  8893  8842  8847  8858  8816  8830  8855  8849  8848
TBILIS 1972 11 26 2  8843  8796  8807  8791  8834  8825  8811  8845  8793  8829  8771  8767
TBILIS 1972 11 27 1  8811  8839  8799  8824  8796  8788  8832  8838  8873  8847  8888  8855
TBILIS 1972 11 27 2 99999  8892  8932  8875  8927  8946  8915  8890  8876  8904  8894  8896
TBILIS 1972 11 28 1  8868  8901  8907  8877  8918  8852  8919  8875  8824  8800  8833  8801
TBILIS 1972 11 28 2  8821  8842  8936  8867  8877  8886  8924  8895  8901  8923  8896  8882
TBILIS 1972 11 29 1  8893  8930  8876  8919  8881  8866  8812  8832  8847  8800  8868  8862
TBILIS 1972 11 29 2  8877  8882  8855  8911  8936  8880  8901  8915  8889  8877  8915  8934
TBILIS 1972 11 30 1  8918  8900  8914  8874  8883  8896  8879  8832  8869  8852  8843  8874
TBILIS 1972 11 30 2  8853  8879  8864  8882  8900  8906  8878  8905  8887  8851  8861  8898
TBILIS 1972 11 31 1 99999 99999 99999 99999 99999 99999 99999 99999 99999 99999 99999 99999
TBILIS 1972 11 31 2 99999 99999 99999 99999 99999 99999 99999 99999 99999 99999 99999 99999
Cosmic-Ray Neutron Monitor Data (Hourly, Pressure-Corrected and Scale-Adjusted Counts)
Collections: WDC for Cosmic Rays, Solar-Terrestrial Environment Laboratory, Nagoya Univ.
Data Access: http://center.stelab.nagoya-u.ac.jp/WDCCR/index.html
Project: ICSU WDC
Citation: WDC for Cosmic Rays, Solar-Terrestrial Environment Laboratory, Nagoya University
Station ID: TBILIS
Station:  TBILISI,GIORGIA,INSTITUT GEOPHYSIKY (IG), GIORGIAN ACADEMY OF SCIENCES,GIORGIA 
Instrument: 18-NM-64 NEUTRON MONITOR, CORRECTED FOR PRESSURE TO 950.0 MB, COEF. =           
Latitude (deg.):   41.72  Longitude (deg.):   44.80  Altitude (m):  510.00
Cut-Off Rigidity (GV):    6.91
Year: 1972  Month:  12
Scaling Factor (SF):    64.0   Constant (CONST):     0.0  Real Counts = (DATA + CONST)*SF
Temporal Resolution: 1 hour
UTC Start Hour:     0.0
                                                                                
                                                        
Monthly Average:  8873.9
Updated (YYYY MM DD): 1977 11 28
*******************************************************************************************
ID     YYYY MM DD 1     0     1     2     3     4     5     6     7     8     9    10    11
ID     YYYY MM DD 2    12    13    14    15    16    17    18    19    20    21    22    23
*******************************************************************************************
TBILIS 1972 12 01 1  8872  8894  8905  8874  8879  8861  8842  8852  8832  8870  8883  8871
TBILIS 1972 12 01 2  8880  8883  8880  8904  8851  8900  8883  8894  8914  8909  8928  8932
TBILIS 1972 12 02 1  8934  8865  8861  8873  8862 99999  8829  8845  8856  8898  8871  8868
TBILIS 1972 12 02 2  8870  8956  8947  8953  8945  8959  8978  8960  8970  8948  8961  8946
TBILIS 1972 12 03 1  8911  8868  8910  8907  8868  8872  8889  8891  8823  8901  8901  8943
TBILIS 1972 12 03 2  8927  8925  8890  8973  8916  8904  8889  8917  8897  8882  8921  8866
TBILIS 1972 12 04 1 99999 99999 99999 99999 99999 99999 99999 99999 99999 99999  8923  8929
TBILIS 1972 12 04 2  8943  8922  8949  8920  8922  8926  8906  8900  8921  8950  8941  8913
TBILIS 1972 12 05 1  8914  8937  8918  8949  8908  8897  8894  8918  8936  8925  8907  8919
TBILIS 1972 12 05 2  8924  8949  8925  8904  8943  8937  8911  8939  8925  8936  8895  8888
TBILIS 1972 12 06 1  8894  8902  8884  8853  8888  8838  8857  8856  8828  8923  8910  8913
TBILIS 1972 12 06 2  8879  8927  8910  8930  8948  8944  8951  8977  8944  8894  8935  8929
TBILIS 1972 12 07 1  8904  8844 99999 99999  8846  8851  8867  8834  8839  8841  8867  8883
TBILIS 1972 12 07 2  8897  8880  8947  8995  8978  8963  8945  8892  8863  8804  8824  8835
TBILIS 1972 12 08 1  8836  8880  8872  8911  8898  8878  8876  8838  8868  8859  8867  8897
TBILIS 1972 12 08 2  8831  8876  8856  8878  8926  8848  8888  8868  8871  8868  8859  8848
TBILIS 1972 12 09 1  8815  8888  8869  8875  8931  8870  8894  8877  8877  8904  8927  8899
TBILIS 1972 12 09 2  8872  8856  8871  8882  8912  8859  8811  8827  8845  8866  8872  8864
TBILIS 1972 12 10 1  8857  8898  8885  8912  8890  8880  8925  8907  8858  8926  8928  8912
TBILIS 1972 12 10 2  8892  8903  8919  8918  8949  8924  8961  8938  8963  8945  8976  8958
TBILIS 1972 12 11 1  8957  8926  8954  8923  8944  8923  8972  8935  8912  8879  8926  8928
TBILIS 1972 12 11 2  8929  8947  8953  8986  8924  8983  8991  8948  8951  8963  8961  8965
TBILIS 1972 12 12 1  8934  9016  8968  8971  8947  8946  8933  8924  8931  8889  8909  8973
TBILIS 1972 12 12 2  8898  8962  8966  8938  8941  8915  8943  8938  8931  8912  8879  8881
TBILIS 1972 12 13 1  8877  8895  8901  8877  8864  8874  8881  8879  8835  8886  8949  8977
TBILIS 1972 12 13 2  9014  8998  8960  9001  8957  8954  9000  8967  8943  8920  8952  8899
TBILIS 1972 12 14 1  8903  8824  8803  8799  8808  8876  8815  8850  8835  8825  8787  8808
TBILIS 1972 12 14 2  8901  8903  8889  8954  8925  8896  8884  8841  8794  8761  8726  8734
TBILIS 1972 12 15 1  8705  8711  8727  8716  8694  8688  8806  8643  8717  8809  8926  9017
TBILIS 1972 12 15 2  9039  9024  8930  8934  8981  8910  8853  8835  8813  8794  8815  8803
TBILIS 1972 12 16 1  8823  8806  8823  8884  8839  8826  8858  8810  8875  8866  8878  8904
TBILIS 1972 12 16 2  8900  8838  8814  8758  8775  8843  8808  8801  8849  8834  8888  8830
TBILIS 1972 12 17 1  8834  8844  8828  8860  8849  8802  8792  8773  8777  8786  8829  8833
TBILIS 1972 12 17 2  8822  8758  8747  8736  8775  8827  8842  8830  8789  8718  8749  8772
TBILIS 1972 12 18 1  8707  8677  8671  8807  8778  8746  8751  8729  8812  8775  8781  8829
TBILIS 1972 12 18 2  8755  8730  8762  8754  8838  8865  8816  8797  8803  8803  8842  8789
TBILIS 1972 12 19 1  8821  8831  8826  8831  8848  8833  8819  8812  8836  8871  8892  8923
TBILIS 1972 12 19 2  8911  8915  8859  8867  8880  8896  8939  8923  8896  8884  8854  8845
TBILIS 1972 12 20 1  8817  8839  8873  8826  8819  8838  8868  8885  8905  8878  8933  8953
TBILIS 1972 12 20 2  8939  8910  8957  8964  8925  8930  8940  8925  8891  8928  8906  8901
TBILIS 1972 12 21 1  8892  8927  8879  8950  8874  8911  8938  8945  8933  8949  8971  8930
TBILIS 1972 12 21 2  8915  8942  8942  8921  8919  8906  8889  8896  8885  8879  8919  8875
TBILIS 1972 12 22 1  8895  8872  8902  8909  8917  8996  9023  9009  8979  8957  8934  8956
TBILIS 1972 12 22 2  8927  8975  8973  8865  8886  8830  8841  8841  8805  8790  8798  8754
TBILIS 1972 12 23 1  8734  8754  8768  8790  8837  8824  8825  8876  8814  8857  8852  8826
TBILIS 1972 12 23 2  8818  8811  8824  8818  8793  8818  8831  8806  8786  8810  8814  8810
TBILIS 1972 12 24 1  8797  8801  8741  8790  8780  8782  8796  8796  8771  8833  8860  8868
TBILIS 1972 12 24 2  8875  8878  8858  8874  8881  8855  8861  8890  8899  8853  8868  8898
TBILIS 1972 12 25 1  8856  8874  8831  8811  8786  8834  8829  8807  8775  8793  8841 99999
TBILIS 1972 12 25 2  8855  8834  8843  8864  8875  8912  8916  8925  8962  8963  8950  8931
TBILIS 1972 12 26 1  8935  8893  8882  8891  8858  8886  8885  8881  8810  8871  8869  8865
TBILIS 1972 12 26 2  8860  8867  8882  8928  8915  8916  8967  8996  8957  8923  8950  8919
TBILIS 1972 12 27 1  8938  8886  8860  8859  8849  8824  8851  8818  8825  8851  8866  8875
TBILIS 1972 12 27 2  8865  8848  8860  8847  8829  8846  8836  8837  8855  8819  8829  8806
TBILIS 1972 12 28 1  8777  8760  8740  8729  8735  8749  8694  8696  8706  8707  8765  8739
TBILIS 1972 12 28 2  8749  8780  8793  8764  8798  8781  8849  8815  8819  8776  8827  8736
TBILIS 1972 12 29 1  8776  8814  8813  8820  8811  8808  8828  8825  8792  8813  8800  8853
TBILIS 1972 12 29 2  8829  8761  8840  8845  8896  8888  8852  8811  8868  8851  8804  8839
TBILIS 1972 12 30 1  8835  8797  8869  8845  8872  8862  8858  8877  8879  8916 99999 99999
TBILIS 1972 12 30 2  8907  8935  8919  8963  8976  8973  8978  8938  8913  8949  8916  8900
TBILIS 1972 12 31 1  8911  8948  8837  8902  8881  8856  8935  8928  8905  8909  8976  8951
TBILIS 1972 12 31 2  8937  8903  8913  8899  8921  8922  8906  8887  8850  8825  8893  8837
