Cosmic-Ray Neutron Monitor Data (Hourly, Pressure-Corrected and Scale-Adjusted Counts)
Collections: WDC for Cosmic Rays, Solar-Terrestrial Environment Laboratory, Nagoya Univ.
Data Access: http://center.stelab.nagoya-u.ac.jp/WDCCR/index.html
Project: ICSU WDC
Citation: WDC for Cosmic Rays, Solar-Terrestrial Environment Laboratory, Nagoya University
Station ID: TBILIS
Station:  TBILISI,GIORGIA,INSTITUT GEOPHYSIKY (IG), GIORGIAN ACADEMY OF SCIENCES,GIORGIA 
Instrument: 18-NM-64 NEUTRON MONITOR, CORRECTED FOR PRESSURE TO 950.0 MB, COEF. =           
Latitude (deg.):   41.72  Longitude (deg.):   44.80  Altitude (m):  510.00
Cut-Off Rigidity (GV):    6.91
Year: 1971  Month:   1
Scaling Factor (SF):    64.0   Constant (CONST):     0.0  Real Counts = (DATA + CONST)*SF
Temporal Resolution: 1 hour
UTC Start Hour:     0.0
                                                                                
                                                        
Monthly Average:  6729.3
Updated (YYYY MM DD): 1976 12 06
*******************************************************************************************
ID     YYYY MM DD 1     0     1     2     3     4     5     6     7     8     9    10    11
ID     YYYY MM DD 2    12    13    14    15    16    17    18    19    20    21    22    23
*******************************************************************************************
TBILIS 1971 01 01 1  6697  6712  6694  6725  6719  6689  6694  6732  6705  6703  6742  6711
TBILIS 1971 01 01 2  6674  6666  6671  6637  6670  6658  6665  6650  6640  6640  6621  6590
TBILIS 1971 01 02 1  6612  6626  6650  6630  6654  6673  6637  6614  6653  6648  6676  6709
TBILIS 1971 01 02 2  6686  6695  6709  6701  6687  6684  6698  6730  6750  6719  6705  6707
TBILIS 1971 01 03 1  6691  6689  6702  6711  6723  6709  6712  6702  6744  6756  6758  6739
TBILIS 1971 01 03 2  6743  6725  6745  6708  6692  6701  6748  6697  6711  6701  6712  6704
TBILIS 1971 01 04 1  6673  6681  6699  6724  6688  6701  6730  6737  6709  6717  6745  6739
TBILIS 1971 01 04 2  6700  6717  6750  6751  6769  6755  6720  6748  6741  6751  6727  6721
TBILIS 1971 01 05 1  6710  6693  6727  6710  6712 99999 99999  6737  6734  6763  6756  6762
TBILIS 1971 01 05 2  6736  6732  6746  6746  6702  6724  6744  6731  6693  6745  6724  6714
TBILIS 1971 01 06 1  6716  6708  6699  6722  6718  6715  6730  6725  6746  6747  6775  6778
TBILIS 1971 01 06 2  6742  6703  6729  6725  6734  6705  6740  6721  6732  6724  6724  6744
TBILIS 1971 01 07 1  6723  6733  6718  6750  6733  6756  6746  6792  6766  6762  6717  6767
TBILIS 1971 01 07 2  6755  6704  6703  6703  6716  6759  6762  6781  6796  6784  6860  6858
TBILIS 1971 01 08 1  6806  6797  6836  6786  6805  6844  6851  6810  6820  6833  6805  6830
TBILIS 1971 01 08 2  6838  6815  6794  6824  6809  6809  6808  6788  6788  6773  6788  6844
TBILIS 1971 01 09 1  6809  6849  6831  6824  6865  6840  6824  6831  6799  6847  6827  6828
TBILIS 1971 01 09 2  6805  6799  6804  6812  6803  6839  6833  6820  6795  6816  6805  6824
TBILIS 1971 01 10 1  6841  6815  6849  6831  6795  6760  6776  6779  6772  6763  6835  6845
TBILIS 1971 01 10 2  6807  6834  6826  6829  6828  6834  6841  6843  6815  6874  6859  6839
TBILIS 1971 01 11 1  6833  6816  6813  6803  6817  6845  6800  6802  6809  6828  6836  6851
TBILIS 1971 01 11 2  6810  6848  6861  6842  6826  6808  6831  6845  6847  6851  6843  6810
TBILIS 1971 01 12 1  6822  6819  6839  6842  6822  6814  6842  6825  6826  6860  6851  6782
TBILIS 1971 01 12 2  6767  6814  6792  6790  6803  6805  6846  6867  6821  6852  6826  6782
TBILIS 1971 01 13 1  6788  6855  6848  6860  6856  6883  6840  6859  6863  6939  6929  6858
TBILIS 1971 01 13 2  6893  6849  6825  6799  6779  6784  6762  6742  6749  6668  6712  6708
TBILIS 1971 01 14 1  6709  6719  6727  6758  6805  6789  6808  6802  6892  6861  6861  6854
TBILIS 1971 01 14 2  6875  6806  6799  6832  6841  6840  6823  6791  6807  6826  6806  6805
TBILIS 1971 01 15 1  6809  6841  6835  6835  6811  6857  6874  6881  6886  6852  6884  6864
TBILIS 1971 01 15 2  6894  6862  6856  6830  6857  6817  6770  6769  6739  6735  6727  6741
TBILIS 1971 01 16 1  6739  6723  6763  6730  6727  6785  6774  6814  6776  6821  6796  6790
TBILIS 1971 01 16 2  6809  6822  6806  6794  6791  6787  6760  6795  6760  6745  6738  6773
TBILIS 1971 01 17 1  6715  6729  6710  6686  6735  6713  6723  6743  6742  6762  6757  6707
TBILIS 1971 01 17 2  6703  6689  6711  6685  6674  6696  6648  6669  6707  6672  6689  6681
TBILIS 1971 01 18 1  6708  6716  6703  6678  6741  6732  6737  6728  6635  6673  6675  6711
TBILIS 1971 01 18 2  6732  6711  6724  6780  6719  6698  6717  6725  6694  6678  6658  6693
TBILIS 1971 01 19 1  6701  6677  6688  6690  6665  6697  6654  6642  6627  6639  6657  6688
TBILIS 1971 01 19 2  6673  6672  6726  6751  6692  6665  6679  6704  6669  6679  6690  6692
TBILIS 1971 01 20 1  6658  6650  6660  6623  6636  6654  6650 99999  6647  6655  6663  6682
TBILIS 1971 01 20 2  6655  6648  6622  6651  6646  6613  6624  6613  6601  6605  6605  6615
TBILIS 1971 01 21 1  6619  6609  6616  6638  6597  6568  6609  6619  6627  6661  6690  6680
TBILIS 1971 01 21 2  6654  6661  6652  6664  6644  6676  6634  6657  6635  6598  6616  6632
TBILIS 1971 01 22 1  6600  6612  6603  6616  6623  6623  6593  6645  6588  6614  6645  6679
TBILIS 1971 01 22 2  6625  6654  6637  6648  6660  6696  6685  6693  6648  6659  6647  6652
TBILIS 1971 01 23 1  6662  6659  6661  6639  6652  6647  6641  6643  6678  6666  6681  6663
TBILIS 1971 01 23 2  6676  6690  6693  6667  6660  6691  6677  6702  6690  6686  6702  6676
TBILIS 1971 01 24 1  6677  6650  6683  6670  6666  6715  6704  6710  6696  6695  6665  6702
TBILIS 1971 01 24 2  6684  6717  6744  6747  6747  6732  6740  6717  6722  6683  6702  6739
TBILIS 1971 01 25 1  6752  6738  6707  6729  6762  6761  6750  6734  6694  6716  6738  6731
TBILIS 1971 01 25 2  6762  6693  6718  6750  6749  6747  6728  6713  6749  6763  6765  6704
TBILIS 1971 01 26 1  6692  6720  6728  6713  6719  6727  6728  6724  6753  6762  6747  6752
TBILIS 1971 01 26 2  6737  6757  6708  6756  6765  6788  6754  6713  6737  6739  6724  6705
TBILIS 1971 01 27 1  6644  6707  6689  6631  6636  6671  6662  6688  6714  6710  6709  6717
TBILIS 1971 01 27 2  6710  6674  6672  6671  6635  6634  6572  6553  6584  6630  6642  6612
TBILIS 1971 01 28 1  6626  6667  6696  6718  6668  6660  6622  6634  6630  6665  6690  6666
TBILIS 1971 01 28 2  6662  6698  6649  6697  6653  6657  6700  6733  6782  6739  6575  6541
TBILIS 1971 01 29 1  6541  6530  6538  6558  6498  6523  6552  6529  6521  6567  6576  6618
TBILIS 1971 01 29 2  6612  6575  6606  6642  6677  6698  6683  6694  6693  6664  6636  6663
TBILIS 1971 01 30 1  6681  6691  6710  6659  6686  6730  6722  6677  6713  6722  6755  6775
TBILIS 1971 01 30 2  6751  6711  6739  6707  6699  6701  6728  6750  6737  6709  6707  6736
TBILIS 1971 01 31 1  6725  6745  6747  6763  6760  6775  6763  6782  6766  6761  6805  6783
TBILIS 1971 01 31 2  6833  6807  6807  6789  6783 99999 99999 99999 99999 99999 99999 99999
Cosmic-Ray Neutron Monitor Data (Hourly, Pressure-Corrected and Scale-Adjusted Counts)
Collections: WDC for Cosmic Rays, Solar-Terrestrial Environment Laboratory, Nagoya Univ.
Data Access: http://center.stelab.nagoya-u.ac.jp/WDCCR/index.html
Project: ICSU WDC
Citation: WDC for Cosmic Rays, Solar-Terrestrial Environment Laboratory, Nagoya University
Station ID: TBILIS
Station:  TBILISI,GIORGIA,INSTITUT GEOPHYSIKY (IG), GIORGIAN ACADEMY OF SCIENCES,GIORGIA 
Instrument: 18-NM-64 NEUTRON MONITOR, CORRECTED FOR PRESSURE TO 950.0 MB, COEF. =           
Latitude (deg.):   41.72  Longitude (deg.):   44.80  Altitude (m):  510.00
Cut-Off Rigidity (GV):    6.91
Year: 1971  Month:   2
Scaling Factor (SF):    64.0   Constant (CONST):     0.0  Real Counts = (DATA + CONST)*SF
Temporal Resolution: 1 hour
UTC Start Hour:     0.0
                                                                                
                                                        
Monthly Average:  6798.7
Updated (YYYY MM DD): 1976 12 06
*******************************************************************************************
ID     YYYY MM DD 1     0     1     2     3     4     5     6     7     8     9    10    11
ID     YYYY MM DD 2    12    13    14    15    16    17    18    19    20    21    22    23
*******************************************************************************************
TBILIS 1971 02 01 1 99999 99999 99999 99999 99999  6841  6832  6842  6806  6822  6836  6794
TBILIS 1971 02 01 2  6819  6805  6795  6758  6776  6726  6749  6756  6737  6753  6716  6731
TBILIS 1971 02 02 1  6737  6760  6805  6826  6794  6808  6808  6791  6815  6801  6826  6841
TBILIS 1971 02 02 2  6819  6804  6832  6817  6815  6815  6800  6815  6811  6784  6793  6768
TBILIS 1971 02 03 1  6799  6780  6790  6798  6795  6810  6810  6795  6765  6769  6773  6778
TBILIS 1971 02 03 2  6789  6809  6776  6771  6731  6740  6760  6760  6785  6796  6785  6767
TBILIS 1971 02 04 1  6790  6784  6789  6783  6803  6782  6798  6777  6753  6763  6767  6776
TBILIS 1971 02 04 2  6747  6768  6773  6795  6775  6811  6794  6826  6769  6790  6795  6834
TBILIS 1971 02 05 1  6802  6794  6794  6797  6821  6800  6843  6812  6817  6825  6871  6865
TBILIS 1971 02 05 2  6900  6893  6826  6802  6802  6815  6818  6843  6851  6841  6829  6806
TBILIS 1971 02 06 1  6837  6798  6804  6827  6796  6787  6826  6788  6771  6780  6806  6800
TBILIS 1971 02 06 2  6812  6801  6785  6808  6820  6782  6763  6734  6776  6748  6766  6777
TBILIS 1971 02 07 1  6755  6760  6776  6827  6826  6820  6838  6855  6819  6849  6845  6854
TBILIS 1971 02 07 2  6850  6792  6840  6838  6817  6813  6891  6905  6955  6921  6870  6883
TBILIS 1971 02 08 1 99999 99999 99999 99999 99999 99999 99999 99999 99999  6796  6808  6865
TBILIS 1971 02 08 2  6837  6807  6800  6830  6807  6819  6819  6809  6806  6777  6799  6804
TBILIS 1971 02 09 1  6790  6786  6813  6810  6780  6774  6751  6735  6694  6709  6716  6732
TBILIS 1971 02 09 2  6742  6726  6763  6713  6676  6739  6701  6709  6677  6676  6691  6672
TBILIS 1971 02 10 1 99999 99999 99999 99999 99999 99999 99999 99999 99999 99999 99999  6797
TBILIS 1971 02 10 2  6786  6795  6753  6772  6785  6765  6784  6766  6789  6810  6827  6789
TBILIS 1971 02 11 1  6791  6846  6838  6872  6850  6794  6818  6805  6842  6838  6803  6805
TBILIS 1971 02 11 2  6816  6791  6796  6810  6823  6836  6835  6838  6838  6794  6776  6791
TBILIS 1971 02 12 1  6805  6775  6797  6804  6777  6787  6802  6773  6740  6775  6801  6759
TBILIS 1971 02 12 2  6780  6766  6781  6788  6770  6752  6811  6779  6789  6776  6784  6778
TBILIS 1971 02 13 1 99999 99999 99999 99999 99999 99999 99999 99999 99999 99999 99999 99999
TBILIS 1971 02 13 2 99999 99999 99999 99999 99999 99999 99999 99999 99999 99999 99999 99999
TBILIS 1971 02 14 1 99999 99999 99999 99999 99999 99999 99999 99999 99999 99999 99999 99999
TBILIS 1971 02 14 2 99999 99999 99999 99999 99999 99999 99999 99999 99999 99999 99999 99999
TBILIS 1971 02 15 1 99999 99999 99999 99999 99999 99999 99999 99999 99999 99999 99999 99999
TBILIS 1971 02 15 2 99999 99999 99999 99999 99999 99999 99999 99999 99999 99999 99999 99999
TBILIS 1971 02 16 1 99999 99999 99999 99999 99999 99999  6831  6799  6846  6817  6795  6829
TBILIS 1971 02 16 2  6816  6841  6810  6801  6809  6806  6809  6820  6793  6770  6799  6802
TBILIS 1971 02 17 1  6834  6801  6771  6826  6801  6805  6812  6787  6804  6808  6801  6830
TBILIS 1971 02 17 2  6835  6865  6842  6844  6856  6852  6844  6831  6821  6813  6807  6802
TBILIS 1971 02 18 1  6811  6818  6802  6795  6824  6812  6821  6811  6817  6836  6832  6852
TBILIS 1971 02 18 2  6817  6810  6863  6845  6893  6874  6860  6847  6874  6869  6848  6814
TBILIS 1971 02 19 1  6854  6847  6835  6863  6863  6855  6876  6848  6840  6846  6861  6838
TBILIS 1971 02 19 2  6838  6824  6794  6852  6807  6868  6889  6852  6890  6902  6878  6855
TBILIS 1971 02 20 1  6854  6842  6874  6867  6912  6841  6849  6845  6823  6821  6830  6820
TBILIS 1971 02 20 2  6868  6872  6891  6934  6872  6904  6891  6900  6876  6859  6862  6843
TBILIS 1971 02 21 1  6860  6837  6795  6808  6798  6816  6817  6771  6834  6837  6868  6880
TBILIS 1971 02 21 2  6858  6858  6856  6851  6858  6884  6863  6873  6884  6884  6854  6855
TBILIS 1971 02 22 1  6847  6790  6835  6803  6802 99999  6826  6857  6837  6812  6829  6806
TBILIS 1971 02 22 2  6831  6794  6794  6837  6819  6817  6777  6815  6811  6786  6781  6742
TBILIS 1971 02 23 1  6735  6770  6750  6763  6788  6761  6773  6832  6848  6835  6814  6790
TBILIS 1971 02 23 2  6815  6823  6807  6835  6772  6789  6820  6827  6824  6850  6852  6840
TBILIS 1971 02 24 1  6809  6781  6736  6738  6760  6752  6732  6766  6747  6771  6773  6766
TBILIS 1971 02 24 2  6800  6746  6780  6765  6758  6758  6765  6806  6880  6808  6827  6788
TBILIS 1971 02 25 1  6780  6822  6802  6803  6814  6829  6821  6786  6786  6814  6798  6808
TBILIS 1971 02 25 2  6816  6757  6848  6854  6817  6857  6822  6803  6800  6796  6776  6776
TBILIS 1971 02 26 1  6763  6748  6771  6780  6812  6831  6826  6884  6840  6832  6751  6725
TBILIS 1971 02 26 2  6735  6728  6736  6703  6689  6701  6683  6652  6617  6627  6628  6621
TBILIS 1971 02 27 1  6629  6659  6681  6669  6672  6719  6719  6727  6675  6697  6719  6696
TBILIS 1971 02 27 2  6712  6711  6744  6751  6741  6746  6737  6730  6716  6691  6696  6670
TBILIS 1971 02 28 1  6743  6729  6725  6755  6760  6765  6774  6782  6751  6722  6711  6741
TBILIS 1971 02 28 2  6741  6744  6739  6734  6755  6735  6751  6743  6771  6788  6789  6806
TBILIS 1971 02 29 1 99999 99999 99999 99999 99999 99999 99999 99999 99999 99999 99999 99999
TBILIS 1971 02 29 2 99999 99999 99999 99999 99999 99999 99999 99999 99999 99999 99999 99999
TBILIS 1971 02 30 1 99999 99999 99999 99999 99999 99999 99999 99999 99999 99999 99999 99999
TBILIS 1971 02 30 2 99999 99999 99999 99999 99999 99999 99999 99999 99999 99999 99999 99999
TBILIS 1971 02 31 1 99999 99999 99999 99999 99999 99999 99999 99999 99999 99999 99999 99999
TBILIS 1971 02 31 2 99999 99999 99999 99999 99999 99999 99999 99999 99999 99999 99999 99999
Cosmic-Ray Neutron Monitor Data (Hourly, Pressure-Corrected and Scale-Adjusted Counts)
Collections: WDC for Cosmic Rays, Solar-Terrestrial Environment Laboratory, Nagoya Univ.
Data Access: http://center.stelab.nagoya-u.ac.jp/WDCCR/index.html
Project: ICSU WDC
Citation: WDC for Cosmic Rays, Solar-Terrestrial Environment Laboratory, Nagoya University
Station ID: TBILIS
Station:  TBILISI,GIORGIA,INSTITUT GEOPHYSIKY (IG), GIORGIAN ACADEMY OF SCIENCES,GIORGIA 
Instrument: 18-NM-64 NEUTRON MONITOR, CORRECTED FOR PRESSURE TO 950.0 MB, COEF. =           
Latitude (deg.):   41.72  Longitude (deg.):   44.80  Altitude (m):  510.00
Cut-Off Rigidity (GV):    6.91
Year: 1971  Month:   3
Scaling Factor (SF):    64.0   Constant (CONST):     0.0  Real Counts = (DATA + CONST)*SF
Temporal Resolution: 1 hour
UTC Start Hour:     0.0
                                                                                
                                                        
Monthly Average:  6809.8
Updated (YYYY MM DD): 1976 12 06
*******************************************************************************************
ID     YYYY MM DD 1     0     1     2     3     4     5     6     7     8     9    10    11
ID     YYYY MM DD 2    12    13    14    15    16    17    18    19    20    21    22    23
*******************************************************************************************
TBILIS 1971 03 01 1  6809  6810  6826  6794  6800  6793  6826  6820  6841  6793  6795  6791
TBILIS 1971 03 01 2  6782  6741  6771  6762  6728  6756  6760  6787  6771  6802  6791  6753
TBILIS 1971 03 02 1  6743  6777  6770  6769  6790  6777  6772  6756  6759  6721  6720  6727
TBILIS 1971 03 02 2  6714  6704  6725  6676  6719  6688  6730  6710  6740  6765  6756  6752
TBILIS 1971 03 03 1  6761  6772  6812  6774  6744  6761  6821  6756  6713  6768  6765  6799
TBILIS 1971 03 03 2  6790  6825  6766  6796  6745  6776  6813  6786  6778  6800  6762  6789
TBILIS 1971 03 04 1  6767  6772  6758  6787  6816  6800  6781  6788  6789  6773  6833  6805
TBILIS 1971 03 04 2  6842  6872  6847  6840  6886  6878  6861  6812  6881  6860  6880  6878
TBILIS 1971 03 05 1  6843  6832  6795  6841  6890  6831  6851  6869  6857  6856  6890  6851
TBILIS 1971 03 05 2  6854  6881  6833  6877  6897  6910  6912  6907  6932  6907  6912  6874
TBILIS 1971 03 06 1  6844  6854  6849  6873  6854  6905  6896  6881  6904  6902  6914  6878
TBILIS 1971 03 06 2  6903  6895  6885  6878  6897  6894  6895  6909  6847  6817  6821  6840
TBILIS 1971 03 07 1  6860  6861  6850  6865  6881  6868  6881  6855  6835  6849  6866  6864
TBILIS 1971 03 07 2  6867  6846  6909  6893  6920  6880  6862  6854  6837  6845  6799  6803
TBILIS 1971 03 08 1  6848  6849  6867  6849  6860  6880  6875  6899  6862  6888  6898  6917
TBILIS 1971 03 08 2  6898  6897  6892  6867  6881  6899  6869  6847  6845  6811  6834  6846
TBILIS 1971 03 09 1  6807  6806  6838  6829  6855  6831  6881  6861  6891  6866  6874  6875
TBILIS 1971 03 09 2  6887  6884  6820  6842  6784  6850  6843  6805  6816  6820  6771  6798
TBILIS 1971 03 10 1  6798  6803  6770  6815  6782  6781  6805  6838  6868  6815  6849  6821
TBILIS 1971 03 10 2  6810  6809  6817  6822  6788  6776  6790  6781  6754  6744  6706  6714
TBILIS 1971 03 11 1  6758  6734  6770  6732  6781  6806  6754  6786  6765  6739  6734  6760
TBILIS 1971 03 11 2  6731  6735  6808  6774  6768  6791  6772  6757  6715  6726  6714  6756
TBILIS 1971 03 12 1  6718  6701  6728  6763  6787  6745  6758  6766  6753  6744  6793  6758
TBILIS 1971 03 12 2  6804  6794  6799  6772  6809  6832  6849  6882  6880  6858  6823  6783
TBILIS 1971 03 13 1  6763  6737  6704  6754  6755  6704  6717  6736  6747  6761  6755  6722
TBILIS 1971 03 13 2  6753  6777  6737  6767  6792  6815  6821  6832  6814  6799  6788  6755
TBILIS 1971 03 14 1  6751  6786  6747  6782  6783  6776  6760  6740  6787  6813  6787  6844
TBILIS 1971 03 14 2  6844  6820  6797  6797  6778  6804  6824  6822  6835  6793  6788  6783
TBILIS 1971 03 15 1  6799  6844  6828  6821  6779  6832  6815  6819  6796  6820  6838  6852
TBILIS 1971 03 15 2  6797  6780  6775  6749  6773  6729  6770  6835  6831  6802  6784  6774
TBILIS 1971 03 16 1  6792  6786  6759  6734  6768  6792  6773  6738  6775  6801  6773  6796
TBILIS 1971 03 16 2  6785  6782  6760  6752  6735  6727  6779  6807  6761  6760  6756  6758
TBILIS 1971 03 17 1  6749  6730  6727  6766  6741  6739  6752  6766  6745  6729  6738  6738
TBILIS 1971 03 17 2  6748  6751  6722  6749  6769  6774  6782  6816  6780  6783  6790  6761
TBILIS 1971 03 18 1  6753  6775  6798  6774  6774  6766  6769  6805  6795  6775  6794  6792
TBILIS 1971 03 18 2  6794  6790  6800  6786  6777  6813  6821  6776  6797  6805  6759  6814
TBILIS 1971 03 19 1  6802  6770  6790  6815  6841  6834  6823  6829  6846  6814  6826  6780
TBILIS 1971 03 19 2  6830  6831  6881  6866  6837  6863  6868  6828  6834  6820  6818  6829
TBILIS 1971 03 20 1  6766  6796  6776  6780  6790  6836  6789  6833  6806  6800  6812  6835
TBILIS 1971 03 20 2  6792  6807  6840  6764  6772  6815  6846  6845  6851  6877  6901  6897
TBILIS 1971 03 21 1  6886  6878  6874  6856  6874  6847  6820  6833  6830  6821  6891  6852
TBILIS 1971 03 21 2  6831  6823  6857  6851  6862  6951  6944  6932  6919  6927  6923  6910
TBILIS 1971 03 22 1  6887  6873  6865  6884  6883  6930  6936  6917  6907  6891  6910  6882
TBILIS 1971 03 22 2  6912  6882  6884  6878  6926  6942  6922  6913  6921  6872  6864  6875
TBILIS 1971 03 23 1  6868  6894  6914  6903  6914  6969  6912  6907  6898  6896  6852  6858
TBILIS 1971 03 23 2  6871  6879  6865  6826  6829  6845  6857  6827  6875  6875  6847  6882
TBILIS 1971 03 24 1  6821  6812  6815  6801  6810  6839  6809  6784  6859  6829  6839  6804
TBILIS 1971 03 24 2  6827  6793  6781  6787  6760  6806  6779  6792  6778  6800  6796  6763
TBILIS 1971 03 25 1  6731  6781  6762  6750  6773  6747  6755  6769  6791  6772  6770  6742
TBILIS 1971 03 25 2  6752  6752  6763  6773  6740  6746  6780  6779  6767  6754  6758  6741
TBILIS 1971 03 26 1  6769  6765  6726  6734  6703  6731  6747  6700  6743  6693  6741  6741
TBILIS 1971 03 26 2  6733  6734  6722  6730  6742  6709  6703  6696  6696  6698  6692  6683
TBILIS 1971 03 27 1  6691  6682  6730  6700  6735  6781  6800  6793  6772  6860  6850  6820
TBILIS 1971 03 27 2  6834  6802  6815  6831  6815  6811  6807  6825  6822  6791  6763  6762
TBILIS 1971 03 28 1  6803  6802  6794  6768  6775  6821  6852  6831  6832  6858  6851  6833
TBILIS 1971 03 28 2  6838  6826  6846  6846  6838  6811  6793  6798  6787  6817  6795  6749
TBILIS 1971 03 29 1  6768  6783  6769  6796  6793  6767  6812  6810  6811  6783  6793  6828
TBILIS 1971 03 29 2  6787  6780  6798  6852  6836  6808  6811  6824  6805  6792  6805  6811
TBILIS 1971 03 30 1  6801  6817  6827  6798  6781  6844  6892  6870  6834  6911  6902  6914
TBILIS 1971 03 30 2  6896  6896  6895  6864  6805  6810  6810  6818  6826  6817  6802  6809
TBILIS 1971 03 31 1  6807  6811  6848  6832  6800  6779  6790  6815  6833  6795  6799  6793
TBILIS 1971 03 31 2  6795  6799  6830  6856  6867  6807  6830  6852  6838  6859  6807  6832
Cosmic-Ray Neutron Monitor Data (Hourly, Pressure-Corrected and Scale-Adjusted Counts)
Collections: WDC for Cosmic Rays, Solar-Terrestrial Environment Laboratory, Nagoya Univ.
Data Access: http://center.stelab.nagoya-u.ac.jp/WDCCR/index.html
Project: ICSU WDC
Citation: WDC for Cosmic Rays, Solar-Terrestrial Environment Laboratory, Nagoya University
Station ID: TBILIS
Station:  TBILISI,GIORGIA,INSTITUT GEOPHYSIKY (IG), GIORGIAN ACADEMY OF SCIENCES,GIORGIA 
Instrument: 18-NM-64 NEUTRON MONITOR, CORRECTED FOR PRESSURE TO 950.0 MB, COEF. =           
Latitude (deg.):   41.72  Longitude (deg.):   44.80  Altitude (m):  510.00
Cut-Off Rigidity (GV):    6.91
Year: 1971  Month:   4
Scaling Factor (SF):    64.0   Constant (CONST):     0.0  Real Counts = (DATA + CONST)*SF
Temporal Resolution: 1 hour
UTC Start Hour:     0.0
                                                                                
                                                        
Monthly Average:  6497.1
Updated (YYYY MM DD): 1976 12 06
*******************************************************************************************
ID     YYYY MM DD 1     0     1     2     3     4     5     6     7     8     9    10    11
ID     YYYY MM DD 2    12    13    14    15    16    17    18    19    20    21    22    23
*******************************************************************************************
TBILIS 1971 04 01 1  5218  5215  5213  5222  5201  5220  5239  5257  5250  5231  5255  5281
TBILIS 1971 04 01 2  5283  5283  5307  5304  5307  5301  5294  5304  5257  5259  5268  5278
TBILIS 1971 04 02 1  5282  5251  5249  5224  5232  5233  5227  5233  5266  5245  5219  5224
TBILIS 1971 04 02 2  5230  5247  5227  5217  5242  5251  5224  5218  5194  5223  5202  5227
TBILIS 1971 04 03 1  5213  5221  5215  5180  5232  5207  5225  5234  5236  5241  5263  5252
TBILIS 1971 04 03 2  5243  5257  5262  5286  5259  5268  5289  5291  5276  5260  5230  5269
TBILIS 1971 04 04 1  5245  5279  5265  5281  5271  5277  5235  5249  5245  5228  5211  5214
TBILIS 1971 04 04 2  5195  5221  5201  5224  5219  5232  5241  5220  5208  5187  5231  5242
TBILIS 1971 04 05 1  5212  5231  5223  5211  5213  5190  5267  5238  5206  5231  5208  5213
TBILIS 1971 04 05 2  5197  5205  5223  5225  5193  5213  5233  5234  5211  5210  5209  5232
TBILIS 1971 04 06 1  5214  5195  5233  5215  5275  5231  5194  5222  5210  5234  5248  5210
TBILIS 1971 04 06 2  5232  5223  5230  5241  5228  5207  5215  5223  5231  5226  5219  5246
TBILIS 1971 04 07 1  6810  6849  6829  6804  6782  6768 99999 99999 99999  6840  6825  6822
TBILIS 1971 04 07 2  6801  6825  6809  6823  6839  6838  6802  6830  6824  6865  6843  6816
TBILIS 1971 04 08 1  6838  6823  6831  6801  6808  6806  6829  6839  6873  6877  6856  6862
TBILIS 1971 04 08 2  6861  6887  6895  6881  6867  6866  6930  6920  6928  6923  6874  6932
TBILIS 1971 04 09 1  6915  6934  6942  6940  6926  6935  6939  6893  6923  6939  6961  6956
TBILIS 1971 04 09 2  6933  6914  6925  6917  6961  6943  6904  6917  6909  6884  6877  6933
TBILIS 1971 04 10 1  6895  6898  6875  6880  6899  6876  6865  6869  6865  6945  6937  6928
TBILIS 1971 04 10 2  6864  6869  6864  6890  6895  6879  6860  6884  6869  6857  6846  6835
TBILIS 1971 04 11 1  6883  6844  6887  6851  6872  6879  6868  6841  6852  6871  6879  6886
TBILIS 1971 04 11 2  6825  6870  6858  6846  6839  6851  6847  6825  6803  6813  6809  6837
TBILIS 1971 04 12 1  6824  6830  6787  6819  6831  6856  6834  6825  6873  6831  6825  6851
TBILIS 1971 04 12 2  6845  6838  6815  6844  6873  6828  6822  6837  6847  6841  6863  6850
TBILIS 1971 04 13 1  6857  6875  6820  6820  6800  6830  6842  6852  6867  6863  6810  6809
TBILIS 1971 04 13 2  6857  6818  6827  6867  6873  6859  6860  6870  6840  6811  6820  6817
TBILIS 1971 04 14 1  6787  6805  6854  6852  6857  6855  6863  6845  6875  6894  6840  6866
TBILIS 1971 04 14 2  6811  6798  6766  6701  6751  6760  6736  6741  6747  6721  6764  6705
TBILIS 1971 04 15 1  6757  6786  6747  6743  6712  6676  6664  6614  6603  6697  6663  6653
TBILIS 1971 04 15 2  6669  6666  6656  6660  6670  6708  6663  6664  6695  6672  6713  6699
TBILIS 1971 04 16 1  6656  6706  6680  6720  6699  6696  6671  6700  6659  6696  6673  6692
TBILIS 1971 04 16 2  6635  6671  6632  6661  6637  6668  6624  6675  6671  6720  6720  6714
TBILIS 1971 04 17 1  6717  6698  6740  6743  6729  6702  6723  6753  6720  6739  6715  6701
TBILIS 1971 04 17 2  6752  6772  6746  6755  6760  6750  6745  6777  6811  6814  6838  6835
TBILIS 1971 04 18 1  6797  6804  6822  6790  6799  6793  6780  6733  6737  6778  6793  6799
TBILIS 1971 04 18 2  6770  6795  6791  6763  6824  6863  6860  6840  6862  6856  6861  6891
TBILIS 1971 04 19 1  6872  6865  6854  6840  6819  6753  6787  6794  6799  6816  6786  6769
TBILIS 1971 04 19 2  6774  6798  6811  6808  6793  6778  6852  6890  6893  6873  6870  6886
TBILIS 1971 04 20 1  6869  6847  6843  6861  6840  6830  6817  6792  6821  6828  6819  6804
TBILIS 1971 04 20 2  6799  6819  6792  6821  6791  6789  6774  6798  6779  6773  6825  6795
TBILIS 1971 04 21 1  6803  6767  6784  6806  6825  6833  6815  6826  6843  6880  6854  6805
TBILIS 1971 04 21 2  6824  6825  6840  6817  6810  6823  6838  6859  6864  6873  6895  6856
TBILIS 1971 04 22 1  6831  6834  6859  6847  6811  6874  6925  6854  6921  6959  6957  6964
TBILIS 1971 04 22 2  6967  6928  6926  6939  6884  6890  6892  6945  6852  6843  6830  6793
TBILIS 1971 04 23 1  6814  6797  6791  6797  6781  6785  6759  6783  6802  6813  6756  6786
TBILIS 1971 04 23 2  6784  6765  6771  6783  6829  6719  6731  6745  6756  6739  6731  6714
TBILIS 1971 04 24 1  6722  6743  6712  6747  6739  6767  6768  6738  6770  6767  6789  6819
TBILIS 1971 04 24 2  6799  6775  6802  6782  6754  6772  6789  6782  6798  6776  6766  6753
TBILIS 1971 04 25 1  6768  6785  6792  6813  6808  6830  6830  6823  6816  6801  6814  6754
TBILIS 1971 04 25 2  6761  6797  6742  6752  6743  6730  6722  6729  6736  6755  6728  6747
TBILIS 1971 04 26 1  6742  6741  6758  6809  6789  6819 99999 99999 99999  6831  6834  6832
TBILIS 1971 04 26 2  6798  6831  6849  6835  6816  6802  6792  6787  6813  6777  6778  6761
TBILIS 1971 04 27 1  6748  6796  6795  6857  6841  6852  6847  6867  6879  6896  6886  6864
TBILIS 1971 04 27 2  6860  6838  6824  6866  6863  6822  6847  6890  6852  6852  6865  6854
TBILIS 1971 04 28 1  6862  6886  6818  6907  6859  6903  6856  6881  6858  6881  6931  6892
TBILIS 1971 04 28 2  6840  6859  6868  6869  6847  6810  6777  6782  6768  6809  6818  6763
TBILIS 1971 04 29 1  6789  6855  6812  6846  6832  6804  6776  6783  6786  6769  6782  6756
TBILIS 1971 04 29 2  6804  6789  6798  6780  6789  6779  6821  6802  6790  6816  6807  6829
TBILIS 1971 04 30 1  6839  6781  6816  6831  6844  6868  6863  6851  6846  6821  6831  6849
TBILIS 1971 04 30 2  6878  6850  6850  6870  6900  6905  6929  6888  6885  6892  6897  6869
TBILIS 1971 04 31 1 99999 99999 99999 99999 99999 99999 99999 99999 99999 99999 99999 99999
TBILIS 1971 04 31 2 99999 99999 99999 99999 99999 99999 99999 99999 99999 99999 99999 99999
Cosmic-Ray Neutron Monitor Data (Hourly, Pressure-Corrected and Scale-Adjusted Counts)
Collections: WDC for Cosmic Rays, Solar-Terrestrial Environment Laboratory, Nagoya Univ.
Data Access: http://center.stelab.nagoya-u.ac.jp/WDCCR/index.html
Project: ICSU WDC
Citation: WDC for Cosmic Rays, Solar-Terrestrial Environment Laboratory, Nagoya University
Station ID: TBILIS
Station:  TBILISI,GIORGIA,INSTITUT GEOPHYSIKY (IG), GIORGIAN ACADEMY OF SCIENCES,GIORGIA 
Instrument: 18-NM-64 NEUTRON MONITOR, CORRECTED FOR PRESSURE TO 950.0 MB, COEF. =           
Latitude (deg.):   41.72  Longitude (deg.):   44.80  Altitude (m):  510.00
Cut-Off Rigidity (GV):    6.91
Year: 1971  Month:   5
Scaling Factor (SF):    64.0   Constant (CONST):     0.0  Real Counts = (DATA + CONST)*SF
Temporal Resolution: 1 hour
UTC Start Hour:     0.0
                                                                                
                                                        
Monthly Average:  6853.0
Updated (YYYY MM DD): 1976 12 06
*******************************************************************************************
ID     YYYY MM DD 1     0     1     2     3     4     5     6     7     8     9    10    11
ID     YYYY MM DD 2    12    13    14    15    16    17    18    19    20    21    22    23
*******************************************************************************************
TBILIS 1971 05 01 1  6879  6833  6860  6876  6906  6886  6890  6858  6855  6860  6846  6821
TBILIS 1971 05 01 2  6864  6822  6786  6812  6810  6834  6835  6860  6832  6899  6881  6885
TBILIS 1971 05 02 1  6858  6903  6869  6862  6852  6888  6889  6891  6884  6870  6847  6871
TBILIS 1971 05 02 2  6868  6875  6896  6885  6879  6897  6884  6886  6874  6873  6860  6867
TBILIS 1971 05 03 1  6875  6874  6889  6871  6858  6891  6872  6850  6816  6863  6847  6829
TBILIS 1971 05 03 2  6815  6833  6844  6837  6807  6815  6812  6829  6852  6817  6834  6821
TBILIS 1971 05 04 1  6816  6797  6786  6807  6875  6850  6840  6851  6850  6848  6804  6824
TBILIS 1971 05 04 2  6852  6849  6828  6870  6877  6852  6857  6844  6866  6848  6861  6843
TBILIS 1971 05 05 1  6869  6826  6861  6823  6840  6852  6859  6852  6829  6895  6875  6875
TBILIS 1971 05 05 2  6857  6870  6874  6860  6876  6866  6897  6879  6861  6840  6888  6892
TBILIS 1971 05 06 1  6863  6908  6875  6822  6882  6848  6845  6869  6893  6859  6877  6893
TBILIS 1971 05 06 2  6893  6928  6884  6915  6859  6916  6912  6920  6888  6874  6876  6829
TBILIS 1971 05 07 1  6831  6867  6879  6869  6884  6884  6869  6932  6905  6879  6894  6883
TBILIS 1971 05 07 2  6891  6875  6908  6863  6841  6849  6862  6851  6871  6857  6860  6908
TBILIS 1971 05 08 1  6859  6852  6864  6849  6831  6862  6879  6869  6877  6920  6889  6899
TBILIS 1971 05 08 2  6907  6892  6871  6896  6876  6909  6839  6886  6856  6871  6861  6852
TBILIS 1971 05 09 1  6841  6836  6861  6864  6855  6830  6845  6854  6832  6855  6875  6866
TBILIS 1971 05 09 2  6891  6859  6908  6920  6875  6919  6900  6914  6930  6903  6907  6849
TBILIS 1971 05 10 1  6850  6862  6852  6834  6826  6836  6830  6843  6830  6914  6859  6923
TBILIS 1971 05 10 2  6875  6899  6844  6911  6955  6865  6933  6914  6924  6865  6916  6849
TBILIS 1971 05 11 1  6847  6874  6834  6877  6845  6878  6896  6856  6869  6912  6902  6859
TBILIS 1971 05 11 2  6881  6820  6877  6902  6902  6878  6849  6901  6832  6875  6887  6829
TBILIS 1971 05 12 1  6869  6831  6799  6833  6875  6852  6883  6909  6879  6900  6859  6860
TBILIS 1971 05 12 2  6816  6829  6823  6817  6817  6824  6784  6814  6792  6823  6799  6787
TBILIS 1971 05 13 1  6790  6812  6803  6855  6830  6886  6866  6863  6862  6893  6896  6878
TBILIS 1971 05 13 2  6876  6855  6841  6854  6825  6793  6828  6841  6806  6827  6817  6820
TBILIS 1971 05 14 1  6789  6814  6854  6822  6868  6894  6830  6848  6881  6869  6838  6849
TBILIS 1971 05 14 2  6859  6860  6824  6793  6785  6834  6890  6937  6916  6868  6821  6817
TBILIS 1971 05 15 1  6797  6765  6767  6753  6762  6795  6805  6823  6809  6797  6817  6807
TBILIS 1971 05 15 2  6802  6837  6768  6800  6782  6809  6781  6771  6829  6778  6776  6817
TBILIS 1971 05 16 1  6805  6818  6772  6785  6773  6753  6772  6727  6727  6750  6726  6733
TBILIS 1971 05 16 2  6722  6746  6701  6700  6698  6680  6678  6687  6687  6685  6701  6752
TBILIS 1971 05 17 1  6706  6733  6772  6792  6830  6890  6925  6892  6857  6870  6861  6899
TBILIS 1971 05 17 2  6829  6819  6798  6815  6793  6803  6760  6758  6776  6770  6781  6770
TBILIS 1971 05 18 1  6808  6775  6835  6817  6805  6767  6795  6774  6814  6805  6795  6820
TBILIS 1971 05 18 2  6834  6835  6824  6846  6776  6790  6774  6766  6758  6746  6780  6807
TBILIS 1971 05 19 1  6794  6825  6782  6891  6800  6778  6819  6790  6803  6817  6845  6817
TBILIS 1971 05 19 2  6786  6769  6782  6790  6798  6750  6773  6757  6802  6792  6745  6772
TBILIS 1971 05 20 1  6784  6770  6815  6802  6758  6792  6792 99999  6814  6832  6833  6815
TBILIS 1971 05 20 2  6826  6815  6773  6768  6800  6789  6782  6824  6810  6839  6805  6788
TBILIS 1971 05 21 1  6775  6795  6799  6802  6788  6790  6787  6806  6754  6809  6799  6805
TBILIS 1971 05 21 2  6845  6807  6840  6881  6830  6799  6829  6801  6813  6814  6796  6792
TBILIS 1971 05 22 1  6802  6809  6790  6819  6798  6787  6777  6786  6812  6839  6850  6836
TBILIS 1971 05 22 2  6863  6852  6839  6867  6850  6804  6848  6828  6804  6776  6808  6807
TBILIS 1971 05 23 1  6818  6842  6841  6848  6838  6848  6859  6859  6884  6900  6872  6904
TBILIS 1971 05 23 2  6857  6924  6911  6967  6943  6944  6974  6939  6947  6950  6966  6954
TBILIS 1971 05 24 1  6973  6941  6968  6932  6918  6874  6869  6855  6880  6902  6916  6877
TBILIS 1971 05 24 2  6855  6868  6862  6851  6873  6829  6852  6867  6875  6925  6890  6879
TBILIS 1971 05 25 1  6903  6862  6879  6864  6874  6912  6871  6887  6935  6903  6930  6920
TBILIS 1971 05 25 2  6917  6880  6883  6890  6883  6878  6842  6855  6862  6842  6848  6846
TBILIS 1971 05 26 1  6834  6830  6827  6845  6874  6840  6875  6900  6894  6906  6875  6875
TBILIS 1971 05 26 2  6873  6871  6883  6868  6907  6881  6867  6854  6867  6859  6858  6836
TBILIS 1971 05 27 1  6814  6833  6825  6810  6862  6845  6841  6829  6850  6931  6873  6833
TBILIS 1971 05 27 2  6884  6876  6897  6866  6867  6861  6899  6897  6888  6881  6883  6885
TBILIS 1971 05 28 1  6868  6897  6908  6911  6916  6908  6933  6949  6889  6936  6925  6919
TBILIS 1971 05 28 2  6895  6902  6890  6904  6911  6922  6947  6969  6925  6911  6920  6928
TBILIS 1971 05 29 1  6918  6918  6916  6918  6924  6936  6919  6903  6927  6932  6892  6904
TBILIS 1971 05 29 2  6882  6919  6937  6939  6920  6931  6905  6904  6924  6932  6913  6933
TBILIS 1971 05 30 1  6961  6903  6945  6936  6912  6922  6908  6909  6884  6889  6919  6884
TBILIS 1971 05 30 2  6911  6896  6859  6852  6824  6832  6866  6841  6877  6857  6857  6840
TBILIS 1971 05 31 1  6866  6835  6872  6880  6920  6916  6929  6918  6942  6961  6902  6893
TBILIS 1971 05 31 2  6902  6937  6899  6885  6878  6922  6911  6943  6907  6935  6905  6892
Cosmic-Ray Neutron Monitor Data (Hourly, Pressure-Corrected and Scale-Adjusted Counts)
Collections: WDC for Cosmic Rays, Solar-Terrestrial Environment Laboratory, Nagoya Univ.
Data Access: http://center.stelab.nagoya-u.ac.jp/WDCCR/index.html
Project: ICSU WDC
Citation: WDC for Cosmic Rays, Solar-Terrestrial Environment Laboratory, Nagoya University
Station ID: TBILIS
Station:  TBILISI,GIORGIA,INSTITUT GEOPHYSIKY (IG), GIORGIAN ACADEMY OF SCIENCES,GIORGIA 
Instrument: 18-NM-64 NEUTRON MONITOR, CORRECTED FOR PRESSURE TO 950.0 MB, COEF. =           
Latitude (deg.):   41.72  Longitude (deg.):   44.80  Altitude (m):  510.00
Cut-Off Rigidity (GV):    6.91
Year: 1971  Month:   6
Scaling Factor (SF):    64.0   Constant (CONST):     0.0  Real Counts = (DATA + CONST)*SF
Temporal Resolution: 1 hour
UTC Start Hour:     0.0
                                                                                
                                                        
Monthly Average:  6916.5
Updated (YYYY MM DD): 1977 05 25
*******************************************************************************************
ID     YYYY MM DD 1     0     1     2     3     4     5     6     7     8     9    10    11
ID     YYYY MM DD 2    12    13    14    15    16    17    18    19    20    21    22    23
*******************************************************************************************
TBILIS 1971 06 01 1  6848  6818  6867  6823  6850  6851  6854  6865  6897  6931  6929  6917
TBILIS 1971 06 01 2  6924  6838  6871  6892  6903  6874  6854  6858  6863  6835  6859  6851
TBILIS 1971 06 02 1  6846  6845  6827  6867  6846  6866  6864  6858  6894  6895  6926  6941
TBILIS 1971 06 02 2  6920  6933  6899  6923  6912  6912  6876  6876  6912  6953  6930  6927
TBILIS 1971 06 03 1  6939  6946  6932  6931  6915  6920  6923  6970  6968  6982  6969  7026
TBILIS 1971 06 03 2 99999 99999 99999 99999 99999  6842  6855  6860  6879  6878  6865  6860
TBILIS 1971 06 04 1  6888  6885  6832  6865  6859  6903  6872  6883  6869  6873  6869  6835
TBILIS 1971 06 04 2  6842  6864  6880  6874  6880  6878  6856  6844  6846  6867  6888  6768
TBILIS 1971 06 05 1  6905  6946  6934  6891  6868  6869  6891  6869  6881  6830  6857  6855
TBILIS 1971 06 05 2  6878  6876  6867  6859  6811  6832  6820  6808  6838  6840  6869  6859
TBILIS 1971 06 06 1  6869  6852  6852  6821  6864  6895  6881  6885  6883  6884  6869  6878
TBILIS 1971 06 06 2  6880  6857  6864  6887  6908  6891  6876  6905  6865  6891  6883  6887
TBILIS 1971 06 07 1  6882  6856 99999 99999 99999 99999  6856  6884  6846  6863  6891  6874
TBILIS 1971 06 07 2  6862  6839  6839  6865  6854  6839  6825  6821  6871  6871  6855  6866
TBILIS 1971 06 08 1  6880  6870  6857  6865  6884  6893  6863  6871  6907  6867  6863  6859
TBILIS 1971 06 08 2  6859  6885  6859  6852  6868  6890  6852  6844  6889  6832  6842  6884
TBILIS 1971 06 09 1  6859  6888  6875  6881  6880  6859  6878  6911  6841  6903  6941  6965
TBILIS 1971 06 09 2  6942  6908  6894  6886  6905  6887  6872  6860  6877  6894  6890  6886
TBILIS 1971 06 10 1  6907  6864  6885  6873  6862  6860  6892  6926  6986  6994  6930  6902
TBILIS 1971 06 10 2  6947  6886  6927  6903  6910  6937  6917  6934  6917  6902  6848  6867
TBILIS 1971 06 11 1  6875  6887  6878  6900  6881  6894  6859  6882  6828  6910  6949  6935
TBILIS 1971 06 11 2  6915  6912  6908  6945  6919  6924  6934  6959  6947  6921  6940  6969
TBILIS 1971 06 12 1  6977  6939  6932  6907  6933  6922  6914  6922  6905  6909  6900  6887
TBILIS 1971 06 12 2  6883  6899  6908  6902  6900  6942  6892  6931  6928  6909  6950  6916
TBILIS 1971 06 13 1  6965  6927  6934  6931  6977  6927  6963  6947  6920  6909  6928  6912
TBILIS 1971 06 13 2  6925  6927  6965  6981  7013  7025  6974  6983  6978  6967  6937  6954
TBILIS 1971 06 14 1  6936  6914  6889  6914  6951  6989 99999  6899  6925  6918  6948  6941
TBILIS 1971 06 14 2  6949  6966  6971  6943  6987  7001  7007  6970  6966  6903  6967  6953
TBILIS 1971 06 15 1  6976  6994  6991  6971  6947  6926  6862  6878  6969  7037  7041  6998
TBILIS 1971 06 15 2  7014  7041  7032  6994  7049  7002  6985  7012  6990  6993  7004  7016
TBILIS 1971 06 16 1  6997  7005  7018  6987  6964  6933  6962  6959  6987  6980  6994  7021
TBILIS 1971 06 16 2  6997  7026  7025  6951  6955  6946  6957  6934  6920  6944  6937  6958
TBILIS 1971 06 17 1  6945  6919  6934  6963  6946  6941  6903  6917  6907  6925  6940  6930
TBILIS 1971 06 17 2  6938  6965  6956  6955  6941  6955  6910  6895  6863  6835  6876  6859
TBILIS 1971 06 18 1  6886  6915  6906  6898  6916  6938  6917  6878  6911  6954  6891  6892
TBILIS 1971 06 18 2  6886  6866  6860  6912  6938  6938 99999  6916  6861  6864  6872  6939
TBILIS 1971 06 19 1  6898  6917  6895  6917  6916  6908  6940  6961  6930  6915  6918  6905
TBILIS 1971 06 19 2  6871  6885  6917  6885  6889  6895  6883  6866  6882  6920  6943  6904
TBILIS 1971 06 20 1  6899  6894  6887  6889  6865  6888  6895  6892  6875  6886  6903  6920
TBILIS 1971 06 20 2  6887  6884  6882  6858  6882  6860  6826  6840  6897  6910  6915  6869
TBILIS 1971 06 21 1  6880  6902  6872  6924  6921  6904  6987  7009  7001  6914  6896  6936
TBILIS 1971 06 21 2  6953  7002  6937  6938  6938  6852  6827  6802  6876  6867  6978  6964
TBILIS 1971 06 22 1  6949  6903  6962  6949  6913  6924  6914  6932  6944  6909  6932  6933
TBILIS 1971 06 22 2  6910  6917  6946  6905  6938  6920  6892  6877  6866  6910  6941  6912
TBILIS 1971 06 23 1  6942  6952  6955  6922  6927  6933  6961  6952  6894  6911  6924  6934
TBILIS 1971 06 23 2  6948  6941  6953  6939  6968  6954  6941  6918  6952  6959  6953  6968
TBILIS 1971 06 24 1  6985  6978  6954  6936  6924  6919  6919  6898  6909  6925  6877  6912
TBILIS 1971 06 24 2  6895  6910  6943  6912  6933  6934  6915  6825  6861  6925  6901  6918
TBILIS 1971 06 25 1  6954  6904  6914  6946  6923  6941  6954  6914  6924  6988  7005  6985
TBILIS 1971 06 25 2  7021  7036  7005  6968  7061  7005  6984  6959  6983  6907  6940  6945
TBILIS 1971 06 26 1  6935  6974  6981  6952  6985  6940  6961  6955  6945  6968  6975  6953
TBILIS 1971 06 26 2  6936  6963  6954  6946  6981  6960  6957  6942  6934  6959  6925  6925
TBILIS 1971 06 27 1  6960  6970  6927  6932  6937  6970  7011  6965  6948  6988  6991  6988
TBILIS 1971 06 27 2  6988  6988  6969  6929  6921  6887  6881  6905  6936  6912  6938  6879
TBILIS 1971 06 28 1  6919  6915  6949  6945  6916  6932  6935  6939  6904  6904  6938  6974
TBILIS 1971 06 28 2  6928  6952  6953  6949  6934  6985  6927  6947  6954  6986  6978  7013
TBILIS 1971 06 29 1  7005  6996  6974  6963  6975  6929  6957  6962  6931  6913  6933  6898
TBILIS 1971 06 29 2  6966  6949  6950  6919  6944  6951  6947  6940  6948  6960  6946  6934
TBILIS 1971 06 30 1  6928  6911  6900  6876  6872  6901  6889  6882  6961  6961  6951  6949
TBILIS 1971 06 30 2  6966  6946  6980  6909  6926  6917  6893  6904  6873  6873  6842  6861
TBILIS 1971 06 31 1 99999 99999 99999 99999 99999 99999 99999 99999 99999 99999 99999 99999
TBILIS 1971 06 31 2 99999 99999 99999 99999 99999 99999 99999 99999 99999 99999 99999 99999
Cosmic-Ray Neutron Monitor Data (Hourly, Pressure-Corrected and Scale-Adjusted Counts)
Collections: WDC for Cosmic Rays, Solar-Terrestrial Environment Laboratory, Nagoya Univ.
Data Access: http://center.stelab.nagoya-u.ac.jp/WDCCR/index.html
Project: ICSU WDC
Citation: WDC for Cosmic Rays, Solar-Terrestrial Environment Laboratory, Nagoya University
Station ID: TBILIS
Station:  TBILISI,GIORGIA,INSTITUT GEOPHYSIKY (IG), GIORGIAN ACADEMY OF SCIENCES,GIORGIA 
Instrument: 18-NM-64 NEUTRON MONITOR, CORRECTED FOR PRESSURE TO 950.0 MB, COEF. =           
Latitude (deg.):   41.72  Longitude (deg.):   44.80  Altitude (m):  510.00
Cut-Off Rigidity (GV):    6.91
Year: 1971  Month:   7
Scaling Factor (SF):    64.0   Constant (CONST):     0.0  Real Counts = (DATA + CONST)*SF
Temporal Resolution: 1 hour
UTC Start Hour:     0.0
                                                                                
                                                        
Monthly Average:  8932.6
Updated (YYYY MM DD): 1977 05 25
*******************************************************************************************
ID     YYYY MM DD 1     0     1     2     3     4     5     6     7     8     9    10    11
ID     YYYY MM DD 2    12    13    14    15    16    17    18    19    20    21    22    23
*******************************************************************************************
TBILIS 1971 07 01 1 99999 99999 99999 99999 99999 99999 99999 99999 99999 99999 99999 99999
TBILIS 1971 07 01 2 99999 99999 99999 99999 99999 99999 99999 99999 99999 99999 99999 99999
TBILIS 1971 07 02 1 99999 99999 99999 99999 99999 99999 99999 99999 99999 99999 99999 99999
TBILIS 1971 07 02 2 99999 99999 99999 99999 99999 99999 99999 99999 99999 99999 99999 99999
TBILIS 1971 07 03 1 99999 99999 99999 99999 99999 99999 99999 99999 99999 99999 99999 99999
TBILIS 1971 07 03 2 99999 99999 99999 99999 99999 99999 99999 99999 99999 99999 99999 99999
TBILIS 1971 07 04 1 99999 99999 99999 99999 99999 99999 99999 99999 99999 99999 99999 99999
TBILIS 1971 07 04 2 99999 99999 99999 99999 99999 99999 99999 99999 99999 99999 99999 99999
TBILIS 1971 07 05 1 99999 99999 99999 99999 99999 99999 99999 99999 99999 99999 99999 99999
TBILIS 1971 07 05 2 99999 99999  8909  8929  8967  9009  8960  8932  8928  8929  8914  8885
TBILIS 1971 07 06 1  8901  8923  8914  8898  8915  8888  8932  8936  8892  8920  8886  8866
TBILIS 1971 07 06 2  8889  8953  8878  8862  8869  8895  8907  8872  8848  8892  8872  8805
TBILIS 1971 07 07 1  8835  8844  8851  8827  8747  8781  8766  8808  8836  8876  8871  8819
TBILIS 1971 07 07 2  8864  8888  8855  8890  8864  8850  8862  8875  8863  8907  8927  8963
TBILIS 1971 07 08 1  8976  8997  8957  8920  8931  8947  8956  8926  8974  8983  8923  8925
TBILIS 1971 07 08 2  8898  8923  8896  8903  8890  8906  8914  8954  8927  8951  8991  8947
TBILIS 1971 07 09 1  8930  8942  8917  8952  8962  8978  8989  9000  8939  8960  8957  8926
TBILIS 1971 07 09 2  8927  8938  8907  8888  8902  8871  8849  8875  8862  8874  8926  8870
TBILIS 1971 07 10 1  8881  8951  8898 99999 99999  8897  8932  8935  8934  8965  8906  8934
TBILIS 1971 07 10 2  8940  8966  8978  8982  8895 99999 99999 99999 99999 99999 99999 99999
TBILIS 1971 07 11 1 99999 99999 99999 99999 99999 99999  8942  8909  8920  8925  8926  8960
TBILIS 1971 07 11 2  8942  8947  8943  8955  8956  8983  8934  8911  8877  8895  8896  8889
TBILIS 1971 07 12 1  8916  8958  8977  8973  8946  9003  8975  9007  9012  8972  8956  8930
TBILIS 1971 07 12 2  9010  8945  8906  8899  8884  8857  8872  8881  8868  8918  8919  8865
TBILIS 1971 07 13 1  8864  8867  8888  8868  8909  8893  8850  8905  8876  8917  8897  8909
TBILIS 1971 07 13 2  8893  8845  8911  8905  8868  8839  8847  8829  8842  8900  8948  8958
TBILIS 1971 07 14 1  8946  8989  8925  8917  8929  8892  8869  8933  8870  8907  8927  8947
TBILIS 1971 07 14 2  8920  8972  8932  8930  8866  8940  8868  8878  8889  8838 99999 99999
TBILIS 1971 07 15 1 99999 99999 99999 99999  8868  8894  8891  8910  8895  8912  8897 99999
TBILIS 1971 07 15 2  8954  8903  8920  8891  8926  8902  8916  8921  8902  8889  8941  8956
TBILIS 1971 07 16 1  8927  8940  9002  8976  8931  8955  8909  8876  8899  8895  8950  8934
TBILIS 1971 07 16 2  8960  8972  8942  8918  8959  8926  8904  8940  8908  8859  8873  8888
TBILIS 1971 07 17 1  8908  8888  8892  8899  8912  8922 99999 99999 99999 99999 99999  8917
TBILIS 1971 07 17 2  8932  8940 99999 99999 99999  8949  8917  8917  8923  8958  9000  8991
TBILIS 1971 07 18 1  9022  8984  9019  9000  8976  8961  8970  8973  8931  8947  8970  8951
TBILIS 1971 07 18 2  8973  8958  8959  8964 99999  8934  8945  8933  8896  8936  8900  8932
TBILIS 1971 07 19 1  8905  8882  8908  8932  8948  8938  8978  8932  8960  8982 99999 99999
TBILIS 1971 07 19 2 99999  8942  9000  8986  8965  8927  8869  8864  8799  8822  8822  8844
TBILIS 1971 07 20 1  8829  8885  8889  8846  8834  8886  8914  8956  8951  8946  8908  8913
TBILIS 1971 07 20 2  8893  8886  8926  8903  8931  8857  8846  8832  8774  8815  8807  8797
TBILIS 1971 07 21 1 99999 99999 99999 99999  8937  8950  8918  8905  8879  8871  8834  8781
TBILIS 1971 07 21 2  8815  8811  8838  8887  8889  8935  8869  8923  8916  8988  8929  8949
TBILIS 1971 07 22 1  8898  8918  8928  8963  8918  8913  8888  8914  8908  8944  8918  8880
TBILIS 1971 07 22 2  8843  8817  8776  8788  8773  8862  8896  8920  8888  8938  8942 99999
TBILIS 1971 07 23 1 99999 99999 99999 99999 99999 99999 99999 99999 99999 99999 99999 99999
TBILIS 1971 07 23 2 99999 99999 99999  8903  8997  8914  8879  8917  8877  8911  8921  8980
TBILIS 1971 07 24 1  8981  8978  8926  8933  8954  8962  8916  8886  8932  8953  8916  8907
TBILIS 1971 07 24 2  8980  8923  8968  8998  8980  8957  8953  8973  8972  8952  8945  8975
TBILIS 1971 07 25 1  8988  8985  8991  8991  8987  8983  8942  8957  8953  8937  8965  8964
TBILIS 1971 07 25 2  8959  9003  9027  9014  9001  9013  8943  8874  8920  8957 99999  9013
TBILIS 1971 07 26 1  8988  8995 99999  8978  9003  8974 99999  9021  9046  9030  9034  9027
TBILIS 1971 07 26 2  9037  9047  8990  9068  9043  9003  9029  9053  9070  9000  9047  9053
TBILIS 1971 07 27 1  9039  9010  8964  8975  8942  8929  8982  9058  8993  9062  8968  9016
TBILIS 1971 07 27 2  9008  8979 99999 99999 99999  9075  8999  8963  8965  8990  8970  8983
TBILIS 1971 07 28 1  8967  8959  8913  8876  8964 99999 99999 99999  9037  8965 99999  8934
TBILIS 1971 07 28 2 99999  9008  9019  9005  8974  8942  8996  8988  9021  9030  9014  9061
TBILIS 1971 07 29 1  9016  8986  8988  9002  8996 99999 99999 99999  8927  8994  9007  8969
TBILIS 1971 07 29 2  9004  8994  8955  8978  9021  8991  9018  9000  8997  9000  9021  8962
TBILIS 1971 07 30 1  8950  8947  8933  8989  8965  9018  8947  8976  8959  8856  8994  8994
TBILIS 1971 07 30 2  9016  9065  9051  9016  8947  8972  8932  8929  8960  8937  8883  8923
TBILIS 1971 07 31 1  8942  8972  8966  8962  8960  8970  8991  8985  9002  8980  8987  8970
TBILIS 1971 07 31 2  8972  8973 99999  8973  8971  8979  8856 99999 99999 99999 99999 99999
Cosmic-Ray Neutron Monitor Data (Hourly, Pressure-Corrected and Scale-Adjusted Counts)
Collections: WDC for Cosmic Rays, Solar-Terrestrial Environment Laboratory, Nagoya Univ.
Data Access: http://center.stelab.nagoya-u.ac.jp/WDCCR/index.html
Project: ICSU WDC
Citation: WDC for Cosmic Rays, Solar-Terrestrial Environment Laboratory, Nagoya University
Station ID: TBILIS
Station:  TBILISI,GIORGIA,INSTITUT GEOPHYSIKY (IG), GIORGIAN ACADEMY OF SCIENCES,GIORGIA 
Instrument: 18-NM-64 NEUTRON MONITOR, CORRECTED FOR PRESSURE TO 950.0 MB, COEF. =           
Latitude (deg.):   41.72  Longitude (deg.):   44.80  Altitude (m):  510.00
Cut-Off Rigidity (GV):    6.91
Year: 1971  Month:   8
Scaling Factor (SF):    64.0   Constant (CONST):     0.0  Real Counts = (DATA + CONST)*SF
Temporal Resolution: 1 hour
UTC Start Hour:     0.0
                                                                                
                                                        
Monthly Average:  8959.8
Updated (YYYY MM DD): 1976 12 06
*******************************************************************************************
ID     YYYY MM DD 1     0     1     2     3     4     5     6     7     8     9    10    11
ID     YYYY MM DD 2    12    13    14    15    16    17    18    19    20    21    22    23
*******************************************************************************************
TBILIS 1971 08 01 1  8809  8866  8888  8885  8845  8910  8908  8918  8892  8860  8868  8846
TBILIS 1971 08 01 2  8830  8845  8866  8935  8968  8926  8852  8817  8850  8834  8823  8818
TBILIS 1971 08 02 1  8846  8850  8952  8991  8977  9052  9052  9019  8973  8909  8910  8880
TBILIS 1971 08 02 2  8883  8891  8858  8868  8898  8874  8842  8947  9046  9028  9022  9022
TBILIS 1971 08 03 1  9041  9042  9006  9009  9006  9030  9003  9026  9018  9018  9016  9063
TBILIS 1971 08 03 2  9063  9059  9057  9098  9006  8980  9054  9008  9006  9015  9036  9040
TBILIS 1971 08 04 1  9011  9007  8997  8997  9018  9028  8989  8993  9000  9030  8989  8975
TBILIS 1971 08 04 2  8999  8960  9044  9027  9018  8988  9047  8996  9053  9030  8947  9000
TBILIS 1971 08 05 1  8976  9003  9058  9067  9033  9067  9111 99999 99999 99999  9057  9119
TBILIS 1971 08 05 2 99999 99999 99999 99999 99999 99999  9017  9040  9042  9018  9050  9026
TBILIS 1971 08 06 1  9077  9069  9062  9079  9115  9101  9123  9064  9107  9038  9062  9040
TBILIS 1971 08 06 2  9052  9043  9042  9017  8997  8991  8972  9001  9008  9030  9073  9021
TBILIS 1971 08 07 1  9026  9017  9054  9080  9107  9113  9109  9082  9061  9030  9041  9000
TBILIS 1971 08 07 2  9006  9016  8995  8973  8982  8977  8951  8951  8975  8971  8994  9015
TBILIS 1971 08 08 1  8996  9006  9039  8993  8998  9020  9056  9060  9040  9046  9091  9066
TBILIS 1971 08 08 2  9085  9086 99999 99999 99999 99999 99999 99999 99999 99999 99999 99999
TBILIS 1971 08 09 1 99999 99999 99999 99999  8973  9013  8986  8960  8993  9016  9011  8988
TBILIS 1971 08 09 2  8973  8981  8971  8963  8976  8921  8935  8923  8896  8888  8905  8893
TBILIS 1971 08 10 1  8936  8929  8966  8906  8962  8974  8961  8976  8960  8949  8956  8927
TBILIS 1971 08 10 2  8946  8938  8946  8942  8918  8895  8907  8894  8878  8890  8894  8908
TBILIS 1971 08 11 1  8940  8934  8903  8909  8910  8902  8940  8900  8886  8905  8914  8880
TBILIS 1971 08 11 2  8964  8994  8982  8916  8896  8985  8950  8919  8912  8961  8923  8918
TBILIS 1971 08 12 1  8878  8857  8864  8865  8878  8875  8856  8871  8890  8829  8867  8834
TBILIS 1971 08 12 2 99999 99999 99999 99999 99999 99999 99999 99999 99999 99999 99999 99999
TBILIS 1971 08 13 1 99999 99999 99999 99999 99999 99999 99999 99999 99999 99999 99999 99999
TBILIS 1971 08 13 2 99999 99999 99999 99999 99999 99999 99999 99999  8860  8844  8876  8892
TBILIS 1971 08 14 1  8884  8916  8911  8888  8970  8959  8955 99999 99999 99999 99999 99999
TBILIS 1971 08 14 2 99999 99999  8878  8910  8885  8898  8835  8874  8875  8856  8891  8893
TBILIS 1971 08 15 1  8875  8944  8922  8910  8879  8858  8858  8861  8868  8934  8889  8888
TBILIS 1971 08 15 2  8842  8885  8865  8863  8869  8843  8850  8857  8804  8831  8855  8861
TBILIS 1971 08 16 1  8909  8870  9009  8945  8990  8962  8944  8985 99999  8904  8914  8859
TBILIS 1971 08 16 2  8912  8950  8948  8885  8905  8910  8911  8886  8870  8868  8900  8909
TBILIS 1971 08 17 1  8970  8951  8958  8994  8960  8927  8882  8943  8916  8911  8877  8931
TBILIS 1971 08 17 2  8905  8936  8967  8903  8926  8901  8967  8939  8868  8883  8862  8861
TBILIS 1971 08 18 1  8937  8979  9028  9025  8989  8998  9027  9016  8973  8931  8908  8917
TBILIS 1971 08 18 2  8921  8895  8911  8890  8921  8913  8914  8917  8944  8950  8945  8910
TBILIS 1971 08 19 1  8915  8916  8978  8951  8978  8998  8959  9015  9068  9033  9025  9017
TBILIS 1971 08 19 2  9039  9027  9023  8978  9027  8971  8985  8951  8987  8972  8978  8996
TBILIS 1971 08 20 1  8995  9033  9056  9008  9014  8963  8932  8949  8983  8965  8970  8953
TBILIS 1971 08 20 2  8993  8944  8957  8960  8937  8927  8981  8938  8977  8936  8946  8941
TBILIS 1971 08 21 1  8966  8951  8932  8966  8996  8983  8978  8960  8974  9022  9014  8996
TBILIS 1971 08 21 2  9003  8988  8970  9004  9021  8986  8981  8985  8974  8979  8946  8938
TBILIS 1971 08 22 1  8981  8963  8952  8952  8948  8998  8992  9018  9015  9043  9021  9009
TBILIS 1971 08 22 2  9035  9025  9046  9009  9018  8983  8973  9036  8987  9019  9063  9080
TBILIS 1971 08 23 1  9010  9023  9022  9016  9029  9057  9057  9005  9009  8973  8980  8955
TBILIS 1971 08 23 2  9004  9006  9008  9060  8931  8909  8848  8887  8903  8921  8952  9008
TBILIS 1971 08 24 1  8986  8998  8977  8967  8991  8960  8975  8997  8984  8988  8936  8984
TBILIS 1971 08 24 2  8958  8957  8890  8889  8850  8853  8890  8842  8871  8874  8931  8945
TBILIS 1971 08 25 1  8933  8972  8971  9004  8941  8972  9004  9008  9037  9011  9023  9023
TBILIS 1971 08 25 2  8993  8987  8971  8953  8981  9007  8897  8885  8867  8872  8907  8870
TBILIS 1971 08 26 1  8894  8920  8919  8954  8986  9018  8953  8983  8985  9032  9044  9043
TBILIS 1971 08 26 2  9060  9057  8989  9034  9046  9033  9068  9043  8988  8980  9012  9012
TBILIS 1971 08 27 1  9001  8991  8993  8978  8988  8982  9003  9001  9022  8998  9023  9007
TBILIS 1971 08 27 2  8998  8999  9000  8984  8974  8988  8963  8954  8974  8965  8990  9037
TBILIS 1971 08 28 1  9085  9038  8971  8978  9014  9058  9022  9043  9008  9018  9069  8982
TBILIS 1971 08 28 2  8976  8960  8972  8991  8971  8904  8919  8919  8939  8962  8984  8970
TBILIS 1971 08 29 1  8997  9010  9020  8990  8999  9020  8994  8956 99999  8928  8961  8956
TBILIS 1971 08 29 2  8990  8964  8937  8963  8913  8872  8874  8911  8892  8901  8893  8873
TBILIS 1971 08 30 1  8910  8890  8912  8910  8977  8921  8969  8972  8971  8977  8909  8988
TBILIS 1971 08 30 2  8949  8960  8901  8873  8906  8915  8869  8912  8906  8872  8874  8871
TBILIS 1971 08 31 1  8893  8871  8904  8909  8929  8989  8990  9008  9003  8953  8928  8935
TBILIS 1971 08 31 2  8906  8849  8797  8740  8814  8781 99999  8719  8752  8813  8872  8825
Cosmic-Ray Neutron Monitor Data (Hourly, Pressure-Corrected and Scale-Adjusted Counts)
Collections: WDC for Cosmic Rays, Solar-Terrestrial Environment Laboratory, Nagoya Univ.
Data Access: http://center.stelab.nagoya-u.ac.jp/WDCCR/index.html
Project: ICSU WDC
Citation: WDC for Cosmic Rays, Solar-Terrestrial Environment Laboratory, Nagoya University
Station ID: TBILIS
Station:  TBILISI,GIORGIA,INSTITUT GEOPHYSIKY (IG), GIORGIAN ACADEMY OF SCIENCES,GIORGIA 
Instrument: 18-NM-64 NEUTRON MONITOR, CORRECTED FOR PRESSURE TO 950.0 MB, COEF. =           
Latitude (deg.):   41.72  Longitude (deg.):   44.80  Altitude (m):  510.00
Cut-Off Rigidity (GV):    6.91
Year: 1971  Month:   9
Scaling Factor (SF):    64.0   Constant (CONST):     0.0  Real Counts = (DATA + CONST)*SF
Temporal Resolution: 1 hour
UTC Start Hour:     0.0
                                                                                
                                                        
Monthly Average:  8977.3
Updated (YYYY MM DD): 1976 12 06
*******************************************************************************************
ID     YYYY MM DD 1     0     1     2     3     4     5     6     7     8     9    10    11
ID     YYYY MM DD 2    12    13    14    15    16    17    18    19    20    21    22    23
*******************************************************************************************
TBILIS 1971 09 01 1  8902  8931  8921  8912  8942  8930  8929  8946  9038  8984  8996  8989
TBILIS 1971 09 01 2  8998  9005  8998  8978  8963  8963  8991  8963  8961  8960  8983  8965
TBILIS 1971 09 02 1  8967  8968  8971  8947  8934  9015  9022  9026  9065  9062  9057  9006
TBILIS 1971 09 02 2 99999 99999  8984  8942  8962  8968  8975  8992  8950  8913  8944  8962
TBILIS 1971 09 03 1  8927  8943  8932  8938  8926  8935  8960  8992  9011  9022  9012  9051
TBILIS 1971 09 03 2  9024  8986  9011  9014  9031  8980  9023  9014  9021  9028  8982  8980
TBILIS 1971 09 04 1  8989  8962  8983  9003  9038  9015  9055  9044  9009  9044  9054 99999
TBILIS 1971 09 04 2 99999 99999 99999 99999 99999 99999 99999 99999 99999 99999 99999 99999
TBILIS 1971 09 05 1 99999 99999 99999 99999 99999 99999 99999 99999  9045  9016  8972  8999
TBILIS 1971 09 05 2  8973  8976  8986  8983  9045 99999 99999 99999 99999 99999  8985  9045
TBILIS 1971 09 06 1  8995  9007  9012  8983  9006 99999 99999 99999 99999  8991  8991 99999
TBILIS 1971 09 06 2  9002  9008  8997  9039  9009  9024  9003  8998  8979  9006  9011  9017
TBILIS 1971 09 07 1  8957  8968  8997  8956  8984  8921  8929  8943  8978  8979  8976  8945
TBILIS 1971 09 07 2  8918  8986  8993  8985  8972  8995  9019  8973  8991  8999  8973  8987
TBILIS 1971 09 08 1  9033  8983  8972  8977  8981  8939  8943  8889  8890  8921  8894  8903
TBILIS 1971 09 08 2  8915  8921  8883  8878  8904  8926  8938  8953  8966  8948  8909  8941
TBILIS 1971 09 09 1  8916  8937  8901  8912  8909  8873  8927  8883  8925  8931  8901  8933
TBILIS 1971 09 09 2  8934  8946  8931  8946  8901  8935  8930  8938  8917  8910  8909  8913
TBILIS 1971 09 10 1  8871  8893  8912  8918  8926  8939  8945  8925  8897  8899  8915  8914
TBILIS 1971 09 10 2  8908  8922  8929  8950  8953  8927  8903  8891 99999 99999 99999 99999
TBILIS 1971 09 11 1 99999 99999 99999 99999 99999 99999 99999 99999 99999 99999 99999 99999
TBILIS 1971 09 11 2 99999  8915  8915  8936  8976  8968  8970  8923  8979  8949  8944  8925
TBILIS 1971 09 12 1  8923  8958  8977  8988  8990  8951  8939  8923  8968  8930  8931  8943
TBILIS 1971 09 12 2  8915  8948  8960  8962  8989  8988  8992  9002  8958  8966  8961  8906
TBILIS 1971 09 13 1  8915  8914  8956  8950  8952  8977  8967  8976  8930  8907  8928  8911
TBILIS 1971 09 13 2  8908  8902  8902  8952  8914  8911  8886  8915  8886  8827  8826  8840
TBILIS 1971 09 14 1  8890  8856  8900  8931  8932  8897  8906  8946  8941  8909  8920  8925
TBILIS 1971 09 14 2  8932  8920  8944  8948  8954  8930  8899  8875  8910  8924  8931  8899
TBILIS 1971 09 15 1  8873  8896  8942  8943  8941  8907  8896  8922  8874  8923  8933  8972
TBILIS 1971 09 15 2  8970  8929  8872  8922  8935  8970  8946  8947  8944  8938  8987  8979
TBILIS 1971 09 16 1  8980  8966  8993  8987  9036  9038  9016  8998  8944  8980  8950  8943
TBILIS 1971 09 16 2  9002  8957  8969  8947  8950  8907  8899  8937  8899  8911  8902  8945
TBILIS 1971 09 17 1  8953  8911  8892  8911  8924  8939  8962  8941  8974  8954  8923  8944
TBILIS 1971 09 17 2  8936  8927  8887  8881  8888  8907  8887  8929  8940  8934  8924  8961
TBILIS 1971 09 18 1  9010  9011  8983  9017  9000  9049  8979  8991  8975  9001  9072  9029
TBILIS 1971 09 18 2  9036  9047  9029  9029  9050  9030  9015  9001  9011  9001  9005  8994
TBILIS 1971 09 19 1  8946  8995  8945  8937  8948  8945  8959  8958  8998  8993  8962  8973
TBILIS 1971 09 19 2  8967  8984  8993  8948  8960  8964  8968  8979  8998  8954  8980  8966
TBILIS 1971 09 20 1  8976  8919  9000  8994  8981  8993  9015  8992  9058  9088  9059  9018
TBILIS 1971 09 20 2  8984  9009  9015  9044  9049  9047  9030  8985  9018  9003  9036  8962
TBILIS 1971 09 21 1  9006  9039  9016  9017  8990  8958  8984  8977  8975  8954  8982  8991
TBILIS 1971 09 21 2  8940  8996  9018  9041  9014  9039  9010  9013  9027  8995  8962  8949
TBILIS 1971 09 22 1  8934  8954  8950  8937  8969  8911  8950  8943  8936  8986  8964  9007
TBILIS 1971 09 22 2  9014  8997  9037  9000  9010  9047  8993  8963  8979  9005  8982  8964
TBILIS 1971 09 23 1  8957  8996  8959  9009  8972  9006  8976  9020  9011  8982  9007  8967
TBILIS 1971 09 23 2  9035  9021 99999 99999 99999 99999 99999 99999 99999 99999 99999 99999
TBILIS 1971 09 24 1 99999 99999 99999 99999  9121  9078  9026  9068  9050  9021  9028  9044
TBILIS 1971 09 24 2  9060  9049  9007  8997  8988  9027  9024  9064  9003  9005  9005  8992
TBILIS 1971 09 25 1  9015  9042  9087  9093  9089  9101  9188  9124  9146  9113  9155  9182
TBILIS 1971 09 25 2  9152  9155  9152  9227  9076  9082  9053  9004  9007  9017  9024  9011
TBILIS 1971 09 26 1  9018  9029  9076  9020  9011  9047  9057  9029  9014 99999  9022  8996
TBILIS 1971 09 26 2  8958  8964  8918  8914  8901  8905  8850  8854  8890  8921  8919  8957
TBILIS 1971 09 27 1  8994  8974  8988  8988  9038  9042  9011  9071  9100  9114  9072  9120
TBILIS 1971 09 27 2  9106  9071  9068  9071  9054  9044  9067  9048  9007  8987  8982  9000
TBILIS 1971 09 28 1  8986  8992  8985  8983  9004  8993  9017  8990  8978  8965  8986  8965
TBILIS 1971 09 28 2  8975  9014  9013  8968  8993  8981  9031  9000  8997  8996  9046  9027
TBILIS 1971 09 29 1  8999  9002  8996  8980  8974  8974  8986  8986  8957  8959  8995  9047
TBILIS 1971 09 29 2  8971  8981  8982  8992  8979  8988  9007  8965  8970  8928  8966  8928
TBILIS 1971 09 30 1  8950  8973  9001  8966  8999  8961  8985  8937  8999  9058  9051  9026
TBILIS 1971 09 30 2  9033  9116  9115  9109  9094  9078  9054  9040  8997  8970  8971  9008
TBILIS 1971 09 31 1 99999 99999 99999 99999 99999 99999 99999 99999 99999 99999 99999 99999
TBILIS 1971 09 31 2 99999 99999 99999 99999 99999 99999 99999 99999 99999 99999 99999 99999
Cosmic-Ray Neutron Monitor Data (Hourly, Pressure-Corrected and Scale-Adjusted Counts)
Collections: WDC for Cosmic Rays, Solar-Terrestrial Environment Laboratory, Nagoya Univ.
Data Access: http://center.stelab.nagoya-u.ac.jp/WDCCR/index.html
Project: ICSU WDC
Citation: WDC for Cosmic Rays, Solar-Terrestrial Environment Laboratory, Nagoya University
Station ID: TBILIS
Station:  TBILISI,GIORGIA,INSTITUT GEOPHYSIKY (IG), GIORGIAN ACADEMY OF SCIENCES,GIORGIA 
Instrument: 18-NM-64 NEUTRON MONITOR, CORRECTED FOR PRESSURE TO 950.0 MB, COEF. =           
Latitude (deg.):   41.72  Longitude (deg.):   44.80  Altitude (m):  510.00
Cut-Off Rigidity (GV):    6.91
Year: 1971  Month:  10
Scaling Factor (SF):    64.0   Constant (CONST):     0.0  Real Counts = (DATA + CONST)*SF
Temporal Resolution: 1 hour
UTC Start Hour:     0.0
                                                                                
                                                        
Monthly Average:  8875.3
Updated (YYYY MM DD): 1976 12 06
*******************************************************************************************
ID     YYYY MM DD 1     0     1     2     3     4     5     6     7     8     9    10    11
ID     YYYY MM DD 2    12    13    14    15    16    17    18    19    20    21    22    23
*******************************************************************************************
TBILIS 1971 10 01 1  8956  8991  8973  8966  9017  8988  9034  9022  9062  9034  9028  9053
TBILIS 1971 10 01 2  9018 99999 99999 99999 99999 99999  9034  9056  9089  9030  9057  9071
TBILIS 1971 10 02 1  8989  9027  9071  9020  9010  8995  8981  8980  8993  9015  8971  8978
TBILIS 1971 10 02 2  8918  8969  9005  9017  8972  8980  8994  8953  8959  8979  8956  8988
TBILIS 1971 10 03 1  9017  8993  9032  8971  9020  9016  9017  9047  9070  9056  9013  9016
TBILIS 1971 10 03 2  9006  9017  9058  9060  9041  9020  9033  9037  9053  9040  9015  9044
TBILIS 1971 10 04 1  9033  9022  9015  8968  8985  8999  9007  8959  8937  8982  8984  8965
TBILIS 1971 10 04 2  8985  9000  9022  9033  9056  9022  9076  9020  9012  9046  9035 99999
TBILIS 1971 10 05 1  9025  9006  8961  8982  8963  8966  8951  8929  8957  8975  8988  8993
TBILIS 1971 10 05 2  9006  9024  9042  9061  9045  9029  9007  9021  8987  8949  8909  8914
TBILIS 1971 10 06 1  8876  8795  8799  8813  8826 99999 99999 99999 99999 99999 99999 99999
TBILIS 1971 10 06 2 99999 99999 99999 99999 99999 99999 99999 99999 99999 99999 99999 99999
TBILIS 1971 10 07 1 99999 99999 99999 99999 99999 99999 99999 99999 99999 99999 99999 99999
TBILIS 1971 10 07 2 99999 99999 99999  8582  8619  8591  8599  8570  8590  8579  8665  8621
TBILIS 1971 10 08 1  8610  8601  8643  8706  8631  8601  8599 99999 99999  8722  8688  8688
TBILIS 1971 10 08 2  8670  8664  8679  8701  8708  8684  8737  8717  8667  8652  8707  8692
TBILIS 1971 10 09 1 99999 99999 99999 99999 99999 99999 99999  8798  8768  8754  8744  8770
TBILIS 1971 10 09 2  8755  8803  8759  8755  8744  8719 99999  8704  8726  8752  8716  8730
TBILIS 1971 10 10 1  8747  8690 99999  8744 99999 99999 99999  8714 99999  8721  8706  8708
TBILIS 1971 10 10 2  8683  8671  8680  8656  8736  8682  8700  8706  8677  8744  8714  8692
TBILIS 1971 10 11 1  8736  8736  8725  8750  8745  8710  8749  8718  8713  8712  8756  8708
TBILIS 1971 10 11 2  8703  8771  8775  8811  8798  8890  8832  8823  8830  8818  8817  8841
TBILIS 1971 10 12 1  8817  8745  8791  8790  8778  8784  8785  8806  8772  8783  8780  8829
TBILIS 1971 10 12 2  8814  8820  8789  8821  8837  8851  8843  8868  8906  8857  8887  8865
TBILIS 1971 10 13 1  8901  8915  8876  8902  8901  8892  8907  8805  8870  8838  8809  8854
TBILIS 1971 10 13 2  8787  8797  8800  8763  8782  8814  8800  8829  8784  8794  8788  8789
TBILIS 1971 10 14 1  8873  8865  8864  8860  8832  8883  8823  8847  8771  8762  8740  8757
TBILIS 1971 10 14 2  8740  8788  8813  8751  8734  8725  8760  8791  8778  8756  8771  8793
TBILIS 1971 10 15 1  8791  8800  8762  8741  8779  8850  8803  8810  8828  8791  8829  8852
TBILIS 1971 10 15 2  8838  8858  8879  8840  8813  8838  8838  8833  8823  8816  8833  8832
TBILIS 1971 10 16 1  8839  8834  8831  8868  8846  8882  8850  8792  8812  8800  8857  8804
TBILIS 1971 10 16 2  8834  8851  8824  8789  8800  8811  8781  8817  8826  8780  8808  8806
TBILIS 1971 10 17 1  8827  8820  8814  8814  8894  8852  8843  8864  8842  8835  8829  8848
TBILIS 1971 10 17 2  8828  8792  8842  8822  8807  8814  8824  8814  8808  8796  8793  8836
TBILIS 1971 10 18 1  8833  8842  8829  8895  8882  8869  8927  8898  8891  8933  8956  8983
TBILIS 1971 10 18 2  8977  8959  8991  8941  8979  8955  8921  8933  8973  8948  8941  8972
TBILIS 1971 10 19 1  9002  8997  9012  9013  8997  8976  8953  8888  8893  8905  8859  8911
TBILIS 1971 10 19 2  8896  8883  8871  8869  8854  8916  8903  8903  8882  8866  8866  8867
TBILIS 1971 10 20 1  8863  8881  8866  8904  8896  8900  8897  8848  8886  8890  8954  9001
TBILIS 1971 10 20 2  9012  8983  9002  8975  8980  8990  8974  8993  8983  8948  8955  8917
TBILIS 1971 10 21 1  8928  8930  8882  8889  8899  8917  8845  8870  8906  8918  8985  8956
TBILIS 1971 10 21 2  8927  8978  8940  8962  8945  8932  8919  8926  8958  8953  8923  8943
TBILIS 1971 10 22 1  8918  8935  8944  8952  8967  8976  8942 99999 99999 99999 99999  8940
TBILIS 1971 10 22 2  8950  8940  8995  8953  8924  8974  9010  9004  8970  8957  8895  8920
TBILIS 1971 10 23 1  8926  8901  8939  8930  8910  8894  8876  8895  8914  8935  8960  8919
TBILIS 1971 10 23 2  8915  8922  8861  8903  8884  8890  8866  8902  8884  8880  8888  8885
TBILIS 1971 10 24 1  8919  8961  8928  8927  8946  8930  8927  8972  8946 99999  8971  8933
TBILIS 1971 10 24 2  8896  8921  8930  8890  8817  8942  8891  8949  8929  8818  8848  8807
TBILIS 1971 10 25 1  8753  8799  8790  8870  8884  8957  8972  8900  8889  8912  8897  8970
TBILIS 1971 10 25 2  8965  8913  8896  8934  8865  8917  8921  8888  8883  8931  8948  8841
TBILIS 1971 10 26 1  8862  8860  8879  8888  8939  8939  8920  8872  8897  8857  8880  8894
TBILIS 1971 10 26 2  8866  8845  8853  8852  8842  8809  8884  8861  8851  8832  8881  8832
TBILIS 1971 10 27 1  8850  8865  8851  8843  8822  8827  8859  8852 99999 99999 99999 99999
TBILIS 1971 10 27 2 99999 99999 99999 99999 99999 99999 99999 99999 99999 99999 99999 99999
TBILIS 1971 10 28 1 99999 99999 99999 99999 99999 99999 99999 99999 99999 99999 99999 99999
TBILIS 1971 10 28 2 99999 99999 99999 99999 99999 99999 99999 99999 99999 99999 99999 99999
TBILIS 1971 10 29 1 99999 99999 99999 99999 99999 99999 99999 99999 99999 99999 99999 99999
TBILIS 1971 10 29 2 99999 99999 99999 99999 99999 99999 99999 99999 99999 99999 99999 99999
TBILIS 1971 10 30 1 99999 99999 99999 99999 99999 99999 99999 99999 99999 99999 99999 99999
TBILIS 1971 10 30 2 99999 99999 99999 99999 99999 99999 99999 99999 99999 99999 99999 99999
TBILIS 1971 10 31 1 99999 99999 99999 99999 99999 99999 99999 99999 99999 99999 99999 99999
TBILIS 1971 10 31 2 99999 99999 99999 99999 99999 99999 99999 99999 99999 99999 99999 99999
Cosmic-Ray Neutron Monitor Data (Hourly, Pressure-Corrected and Scale-Adjusted Counts)
Collections: WDC for Cosmic Rays, Solar-Terrestrial Environment Laboratory, Nagoya Univ.
Data Access: http://center.stelab.nagoya-u.ac.jp/WDCCR/index.html
Project: ICSU WDC
Citation: WDC for Cosmic Rays, Solar-Terrestrial Environment Laboratory, Nagoya University
Station ID: TBILIS
Station:  TBILISI,GIORGIA,INSTITUT GEOPHYSIKY (IG), GIORGIAN ACADEMY OF SCIENCES,GIORGIA 
Instrument: 18-NM-64 NEUTRON MONITOR, CORRECTED FOR PRESSURE TO 950.0 MB, COEF. =           
Latitude (deg.):   41.72  Longitude (deg.):   44.80  Altitude (m):  510.00
Cut-Off Rigidity (GV):    6.91
Year: 1971  Month:  11
Scaling Factor (SF):    64.0   Constant (CONST):     0.0  Real Counts = (DATA + CONST)*SF
Temporal Resolution: 1 hour
UTC Start Hour:     0.0
                                                                                
                                                        
Monthly Average:  8709.6
Updated (YYYY MM DD): 1976 12 06
*******************************************************************************************
ID     YYYY MM DD 1     0     1     2     3     4     5     6     7     8     9    10    11
ID     YYYY MM DD 2    12    13    14    15    16    17    18    19    20    21    22    23
*******************************************************************************************
TBILIS 1971 11 01 1  8498  8536  8517 99999  8543  8552  8523  8522  8495  8527  8533  8500
TBILIS 1971 11 01 2  8679  8707  8688  8720  8729  8734  8689  8656  8661  8662  8694  8671
TBILIS 1971 11 02 1  8712  8676  8669  8665  8691  8684  8704  8659  8700 99999  8656  8672
TBILIS 1971 11 02 2  8656  8658  8692  8700  8793  8825  8825  8801  8809  8831 99999  8766
TBILIS 1971 11 03 1  8789  8729 99999  8797  8810  8808  8804  8815  8815  8813  8817  8762
TBILIS 1971 11 03 2  8801  8789  8775  8821  8794  8806  8791  8795 99999  8790  8813  8815
TBILIS 1971 11 04 1 99999  8809  8785  8767 99999 99999  8801 99999 99999 99999  8844  8793
TBILIS 1971 11 04 2  8769  8762  8715  8792  8726  8736  8764  8781  8724  8717  8676  8624
TBILIS 1971 11 05 1  8603  8621  8642  8648  8702  8741  8709  8735  8771  8789  8816  8796
TBILIS 1971 11 05 2  8881  8871  8873  8821  8824  8856  8846  8842  8863  8896  8833  8851
TBILIS 1971 11 06 1  8846  8835  8846  8788  8770  8853  8884  8840  8855  8847  8818  8846
TBILIS 1971 11 06 2  8829  8798  8786  8792  8756  8806  8857  8796  8745 99999  8761  8762
TBILIS 1971 11 07 1  8799 99999 99999  8790  8818 99999  8788  8813  8843  8809  8818  8783
TBILIS 1971 11 07 2  8796  8818  8813 99999  8787 99999  8831 99999  8781  8813  8824  8845
TBILIS 1971 11 08 1  8804  8817  8754  8786  8821  8821  8750  8741  8720  8789  8727  8768
TBILIS 1971 11 08 2  8756  8729  8744  8787  8758  8794  8801  8777  8767  8764  8746  8789
TBILIS 1971 11 09 1  8759  8762  8779  8816  8814  8826  8803  8812  8774  8803  8811  8820
TBILIS 1971 11 09 2  8802  8783  8842  8833  8806  8770  8822  8814  8851  8854  8887  8828
TBILIS 1971 11 10 1  8884  8912  8884  8937  8848  8827  8843  8818  8796  8818  8842  8823
TBILIS 1971 11 10 2  8867  8832  8821  8793  8798  8828  8802  8782  8835  8787  8788  8790
TBILIS 1971 11 11 1  8835  8844  8893  8893  8884  8888  8858  8850  8797  8806  8770  8825
TBILIS 1971 11 11 2  8819  8797  8783  8823  8801  8919  8920  8968  8959  8934  8937  8961
TBILIS 1971 11 12 1  8936  8973  8971  8987  8973  8979  8946  8914  8903  8849  8867  8849
TBILIS 1971 11 12 2  8824  8864  8807  8757  8800  8743  8786  8832  8803  8776  8794  8782
TBILIS 1971 11 13 1  8802  8830  8785  8833  8834  8842  8831  8828  8776  8773  8810  8836
TBILIS 1971 11 13 2  8830  8879  8901  8872  8814  8816  8806  8803  8807  8780  8790  8760
TBILIS 1971 11 14 1  8777  8783  8797  8779  8806  8854  8818  8779  8778  8780  8806  8802
TBILIS 1971 11 14 2  8752  8812  8748  8790  8801  8779  8819  8783  8791  8836  8782  8815
TBILIS 1971 11 15 1  8781  8824  8837  8836  8848  8823  8807  8757  8746  8815  8826  8896
TBILIS 1971 11 15 2  8821  8800  8757  8774  8739  8772  8778  8794  8800  8767  8773  8746
TBILIS 1971 11 16 1  8767  8791  8785  8840  8866  8900  8946  8872  8893  8855  8854  8865
TBILIS 1971 11 16 2  8846  8858  8871  8858  8856  8867  8858  8873  8862  8808  8806  8798
TBILIS 1971 11 17 1  8818  8798  8822  8841  8878  8863  8819  8769  8760  8782 99999 99999
TBILIS 1971 11 17 2 99999  8849  8809  8810  8862  8801  8816  8829  8821  8799  8839  8895
TBILIS 1971 11 18 1  8864  8852  8894  8884  8896  8914  8870  8805  8855  8850  8903  8917
TBILIS 1971 11 18 2  8848  8895  8878  8909  8843  8906  8910  8837  8890  8840  8871  8920
TBILIS 1971 11 19 1  8924  8920  8943  8902  8908  8912  8898  8845  8798  8769  8800  8796
TBILIS 1971 11 19 2  8781  8813  8851  8880  8876  8887  8912  8884  8856  8899  8888  8885
TBILIS 1971 11 20 1  8904  8881  8869  8950 99999  8875 99999  8829  8792  8785  8779  8815
TBILIS 1971 11 20 2  8787  8726  8724  8714  8726  8693  8733  8768  8709  8724  8780  8735
TBILIS 1971 11 21 1  8736  8695  8772  8737  8730  8698  8665  8630  8664  8618  8624  8626
TBILIS 1971 11 21 2  8616  8627  8601  8591  8585  8584  8591  8615  8626  8579  8577  8584
TBILIS 1971 11 22 1  8599  8569  8578  8597  8601  8591  8580  8600  8666  8655  8649  8648
TBILIS 1971 11 22 2  8634  8481  8474  8499  8484  8461  8441  8436  8464  8438  8390  8398
TBILIS 1971 11 23 1  8370  8370  8377  8383  8352  8350  8403 99999  8462  8518  8461  8479
TBILIS 1971 11 23 2  8494  8499  8465  8400  8448  8406  8461  8444  8499  8422  8390  8384
TBILIS 1971 11 24 1  8401  8429  8446  8426  8448  8491 99999  8448  8424  8447  8465  8420
TBILIS 1971 11 24 2  8413  8410  8414  8423  8447  8378  8402  8419  8425  8458  8456  8374
TBILIS 1971 11 25 1  8408  8455  8415  8411  8417  8362  8383  8388  8372  8393  8456  8535
TBILIS 1971 11 25 2  8528  8534  8518  8493  8476  8479  8469  8488  8503  8525  8478  8487
TBILIS 1971 11 26 1  8477  8494  8497  8456  8452  8421  8416  8385  8362  8387  8443  8434
TBILIS 1971 11 26 2  8464  8460  8420  8450  8489  8514  8558  8547  8543  8537  8594  8544
TBILIS 1971 11 27 1  8543  8582  8567  8545  8468  8493  8473  8446  8463  8467  8477  8467
TBILIS 1971 11 27 2  8491  8472  8523  8516  8535  8523  8521  8562  8557  8569  8560  8564
TBILIS 1971 11 28 1  8554  8557  8549  8535  8521  8517  8489  8558  8565  8591  8542  8555
TBILIS 1971 11 28 2  8529  8584  8582  8537  8522  8571  8491  8496  8514  8512  8493  8489
TBILIS 1971 11 29 1  8510  8592  8570  8607  8600  8590  8626  8603  8597  8678  8630  8600
TBILIS 1971 11 29 2  8630  8649  8567  8583  8550  8589  8612  8620  8602  8598  8598  8584
TBILIS 1971 11 30 1  8589  8601  8640  8614  8573  8653  8716  8651  8619  8650  8652  8686
TBILIS 1971 11 30 2  8637  8683  8711  8649  8658  8639  8727  8736  8723  8714  8747  8778
TBILIS 1971 11 31 1 99999 99999 99999 99999 99999 99999 99999 99999 99999 99999 99999 99999
TBILIS 1971 11 31 2 99999 99999 99999 99999 99999 99999 99999 99999 99999 99999 99999 99999
Cosmic-Ray Neutron Monitor Data (Hourly, Pressure-Corrected and Scale-Adjusted Counts)
Collections: WDC for Cosmic Rays, Solar-Terrestrial Environment Laboratory, Nagoya Univ.
Data Access: http://center.stelab.nagoya-u.ac.jp/WDCCR/index.html
Project: ICSU WDC
Citation: WDC for Cosmic Rays, Solar-Terrestrial Environment Laboratory, Nagoya University
Station ID: TBILIS
Station:  TBILISI,GIORGIA,INSTITUT GEOPHYSIKY (IG), GIORGIAN ACADEMY OF SCIENCES,GIORGIA 
Instrument: 18-NM-64 NEUTRON MONITOR, CORRECTED FOR PRESSURE TO 950.0 MB, COEF. =           
Latitude (deg.):   41.72  Longitude (deg.):   44.80  Altitude (m):  510.00
Cut-Off Rigidity (GV):    6.91
Year: 1971  Month:  12
Scaling Factor (SF):    64.0   Constant (CONST):     0.0  Real Counts = (DATA + CONST)*SF
Temporal Resolution: 1 hour
UTC Start Hour:     0.0
                                                                                
                                                        
Monthly Average:  8809.1
Updated (YYYY MM DD): 1978 06 07
*******************************************************************************************
ID     YYYY MM DD 1     0     1     2     3     4     5     6     7     8     9    10    11
ID     YYYY MM DD 2    12    13    14    15    16    17    18    19    20    21    22    23
*******************************************************************************************
TBILIS 1971 12 01 1  8749  8771  8776  8802  8823  8798  8756  8726  8651  8662  8671  8687
TBILIS 1971 12 01 2  8659  8699  8684  8678  8718  8740  8741  8762  8768  8809  8757  8793
TBILIS 1971 12 02 1  8776  8787  8839  8785  8758  8748  8796  8755  8773  8745  8748  8747
TBILIS 1971 12 02 2  8709  8713  8719  8744  8690  8730  8733  8725  8668  8686  8686  8698
TBILIS 1971 12 03 1  8628  8664  8644  8732  8739  8737  8735  8808  8740  8768  8776  8733
TBILIS 1971 12 03 2  8740  8724  8699  8714  8716  8722  8726  8722  8754  8749  8785  8736
TBILIS 1971 12 04 1  8736  8731  8761  8796  8757  8752  8838  8771  8771  8791  8788  8792
TBILIS 1971 12 04 2  8741  8773  8791  8790  8736  8764  8776  8786  8746  8775  8753  8769
TBILIS 1971 12 05 1  8724  8744  8760  8792  8786  8834  8851  8782  8791  8790  8808  8807
TBILIS 1971 12 05 2  8850  8848  8856  8796  8825  8849  8861  8819  8838  8879  8844  8842
TBILIS 1971 12 06 1  8847  8825  8800  8848  8837  8863  8842  8811  8841  8842  8827  8823
TBILIS 1971 12 06 2  8822  8813  8813  8841  8866  8868  8876  8848  8871  8861  8824  8831
TBILIS 1971 12 07 1  8787  8813  8801  8789  8845  8779  8809  8785  8812  8795  8825  8819
TBILIS 1971 12 07 2  8763  8760  8769  8788  8801  8802  8821  8748  8806  8777  8787  8761
TBILIS 1971 12 08 1  8762  8792  8799  8797  8824  8827  8882  8859  8861  8878  8918  8881
TBILIS 1971 12 08 2 99999 99999 99999 99999 99999 99999 99999 99999 99999 99999 99999 99999
TBILIS 1971 12 09 1 99999 99999 99999 99999  8879  8949  8912  8906  8945  8918  8904  8888
TBILIS 1971 12 09 2  8923  8870  8869  8910  8957  8961  9000  8884  8892  8851  8858  8867
TBILIS 1971 12 10 1  8828  8860  8808  8844  8807  8798  8813  8825  8841  8834  8822  8843
TBILIS 1971 12 10 2  8835  8826  8793  8791  8749  8758  8813  8796  8770  8774  8748  8699
TBILIS 1971 12 11 1  8660  8719  8733  8719  8772  8744  8754  8767  8802  8819  8800  8793
TBILIS 1971 12 11 2  8801  8727  8764  8786  8808  8813  8848  8833  8787  8755  8828  8766
TBILIS 1971 12 12 1  8783  8836  8771  8835  8888  8865  8841  8839  8830  8828  8811  8734
TBILIS 1971 12 12 2  8772  8819  8731  8808  8824  8820  8890  8843  8797  8871  8897  8871
TBILIS 1971 12 13 1  8915  8914  8962  8902  8911  8903  8852  8868  8868  8820  8859  8856
TBILIS 1971 12 13 2  8854  8847  8858  8889  8887  8868  8904  8902  8893  8875  8855  8853
TBILIS 1971 12 14 1  8862  8857  8860  8852  8904  8887  8907  8853  8890  8884  8887  8925
TBILIS 1971 12 14 2  8957  8952  8959  8984  8928  9003  8981  8966  8953  8921  8925  8860
TBILIS 1971 12 15 1  8865  8890  8918  8908  8989  8963  8975  8996 99999 99999 99999 99999
TBILIS 1971 12 15 2 99999 99999 99999  9066  9060  9076  9087  9065  9025  9054  9038  9025
TBILIS 1971 12 16 1  9003  8960  8967  9004  8999  9033  9052  9029  9043  9050  9101  9063
TBILIS 1971 12 16 2  9013  9053  9057  9084  9134  9104  9103  9070  9084  9006  8985  8939
TBILIS 1971 12 17 1  9011  8934  8953  8916  8950  8911  8927  8905  8949  8920  8930  8921
TBILIS 1971 12 17 2  8892  8957  8935  8913  8871  8919  8994  8928  8870  8843  8721  8631
TBILIS 1971 12 18 1  8625  8615  8641  8703  8702  8717  8710  8750  8773  8757  8797  8807
TBILIS 1971 12 18 2  8756  8791  8806  8806  8823  8875  8882  8839  8892  8919  8902  8932
TBILIS 1971 12 19 1  8906  8927  8897  8910  8907  8912  8830  8840  8873  8842  8872  8956
TBILIS 1971 12 19 2  8910  8852  8831  8833  8811  8764  8811  8835  8738  8693  8695  8691
TBILIS 1971 12 20 1  8666  8653  8660  8625  8681  8671  8709  8740  8748  8770  8735  8705
TBILIS 1971 12 20 2  8692  8744  8755  8812  8774  8785 99999  8791  8884 99999  8807  8764
TBILIS 1971 12 21 1  8774  8747  8732  8730  8720  8748  8681  8709  8732  8727  8735  8739
TBILIS 1971 12 21 2  8764  8675  8752  8714  8733  8713  8741  8732  8759  8755  8746  8695
TBILIS 1971 12 22 1  8692  8671  8704  8678  8681  8722  8745  8768  8697  8719  8714  8706
TBILIS 1971 12 22 2  8717  8791  8750  8731  8749  8786  8772  8700  8727  8694  8694  8653
TBILIS 1971 12 23 1 99999 99999  8695  8721  8757  8725  8726  8757  8779  8777  8732  8774
TBILIS 1971 12 23 2  8764  8788  8697  8742  8730  8777  8738  8744  8739  8751  8717  8750
TBILIS 1971 12 24 1  8743  8715  8712  8726  8773  8790  8784  8792  8808  8839  8848  8796
TBILIS 1971 12 24 2  8853  8854  8850  8861  8809  8925  8901  8895  8891  8858  8803  8748
TBILIS 1971 12 25 1  8751  8711  8688  8692  8748  8799  8785  8785  8809  8800  8840  8808
TBILIS 1971 12 25 2  8818  8768  8775  8825  8821  8823  8816  8822  8753  8752  8713  8669
TBILIS 1971 12 26 1  8674  8680  8677  8719  8761  8757  8763  8732  8780  8804  8788  8792
TBILIS 1971 12 26 2  8746  8774  8740  8746  8763  8764  8842  8820  8805  8826  8850  8797
TBILIS 1971 12 27 1  8770  8797  8802  8806  8802  8875  8791  8805  8806  8826  8786  8835
TBILIS 1971 12 27 2  8797  8832  8762  8764  8775  8816  8785  8762  8845  8824  8820  8768
TBILIS 1971 12 28 1  8774  8752  8784  8790  8790  8790  8782  8787  8818  8742  8742  8740
TBILIS 1971 12 28 2  8731  8743  8757  8768  8850  8810  8802  8843  8857  8823  8860  8864
TBILIS 1971 12 29 1  8897  8908  8901  8886  8896  8833  8848  8831  8804  8805  8775  8810
TBILIS 1971 12 29 2  8810  8774  8773  8755  8770  8806  8824  8855  8784  8751  8663  8724
TBILIS 1971 12 30 1  8691  8738  8729  8756  8807  8790  8770  8775  8790  8773  8793  8741
TBILIS 1971 12 30 2  8744  8706  8697  8681  8742  8718  8788  8777  8793  8712  8776  8740
TBILIS 1971 12 31 1  8748  8791  8790  8801  8806  8798  8838  8755  8750  8785  8789  8781
TBILIS 1971 12 31 2  8769  8765  8720  8732  8724  8771  8796  8775  8787  8787  8810  8840
