Cosmic-Ray Neutron Monitor Data (Hourly, Pressure-Corrected and Scale-Adjusted Counts)
Collections: WDC for Cosmic Rays, Solar-Terrestrial Environment Laboratory, Nagoya Univ.
Data Access: http://center.stelab.nagoya-u.ac.jp/WDCCR/index.html
Project: ICSU WDC
Citation: WDC for Cosmic Rays, Solar-Terrestrial Environment Laboratory, Nagoya University
Station ID: TBILIS
Station:  TBILISI,GIORGIA,INSTITUT GEOPHYSIKY (IG), GIORGIAN ACADEMY OF SCIENCES,GIORGIA 
Instrument: 18-NM-64 NEUTRON MONITOR, CORRECTED FOR PRESSURE TO 950.0 MB, COEF. =           
Latitude (deg.):   41.72  Longitude (deg.):   44.80  Altitude (m):  510.00
Cut-Off Rigidity (GV):    6.66
Year: 1978  Month:   1
Scaling Factor (SF):    64.0   Constant (CONST):     0.0  Real Counts = (DATA + CONST)*SF
Temporal Resolution: 1 hour
UTC Start Hour:     0.0
                                                                                
                                                        
Monthly Average:  8630.1
Updated (YYYY MM DD): 1984 09 19
*******************************************************************************************
ID     YYYY MM DD 1     0     1     2     3     4     5     6     7     8     9    10    11
ID     YYYY MM DD 2    12    13    14    15    16    17    18    19    20    21    22    23
*******************************************************************************************
TBILIS 1978 01 01 1  8610  8601  8607  8586  8580  8634  8619  8608  8657  8694  8687  8696
TBILIS 1978 01 01 2  8699  8607  8609  8599  8648  8643  8615  8641  8665  8672  8709  8675
TBILIS 1978 01 02 1  8627  8644  8628  8705  8671  8671  8694  8646  8647  8655  8621  8641
TBILIS 1978 01 02 2  8618  8624  8617  8602  8628  8609  8627  8570  8625  8634  8611  8606
TBILIS 1978 01 03 1  8594  8595  8625  8594  8610  8606  8644  8621  8660  8623  8670  8649
TBILIS 1978 01 03 2  8668  8665  8629  8662  8680  8643  8694  8672  8571  8542  8445  8378
TBILIS 1978 01 04 1  8457  8387  8461  8506  8493  8605  8617  8576  8563  8484  8516  8577
TBILIS 1978 01 04 2  8647  8662  8566  8515  8463  8488  8549  8518  8553  8503  8507  8519
TBILIS 1978 01 05 1  8505  8509  8531  8538  8536  8506  8526  8480  8509  8570  8635  8607
TBILIS 1978 01 05 2  8571  8573  8542  8537  8506  8558  8501  8477  8506  8518  8544  8512
TBILIS 1978 01 06 1  8525  8519  8548  8545  8582  8561  8554  8553  8524  8569  8527  8530
TBILIS 1978 01 06 2  8521  8562  8541  8536  8559  8562  8654  8661  8646  8678  8663  8658
TBILIS 1978 01 07 1  8657  8622  8574  8600  8616  8675  8638  8644  8652  8676  8668  8693
TBILIS 1978 01 07 2  8667  8663  8651  8619  8648  8655  8665  8653  8655  8685  8654  8633
TBILIS 1978 01 08 1  8638  8658  8675  8683  8668  8644  8634  8602  8599  8584  8644  8651
TBILIS 1978 01 08 2  8640  8664  8621  8636  8682  8632  8646  8646  8687  8634  8681  8679
TBILIS 1978 01 09 1  8707  8683  8659  8632  8692  8683  8709  8733  8731  8731  8692  8715
TBILIS 1978 01 09 2  8660  8645  8648  8654  8651  8641  8599  8581  8598  8581  8602  8667
TBILIS 1978 01 10 1  8654  8710  8676  8645  8690  8705  8698  8647  8644  8633  8655  8645
TBILIS 1978 01 10 2  8616  8622  8652  8672  8670  8608  8603  8626  8652  8583  8617  8598
TBILIS 1978 01 11 1  8616  8621  8578  8560  8624  8607  8639  8664  8713  8656  8637  8644
TBILIS 1978 01 11 2  8618  8640  8635  8650  8639  8629  8598  8551  8517  8569  8544  8526
TBILIS 1978 01 12 1  8533  8526  8601  8645  8646  8621  8646  8637  8651  8634  8640  8654
TBILIS 1978 01 12 2  8632  8657  8649  8581  8578  8570  8557  8602  8619  8581  8590  8611
TBILIS 1978 01 13 1  8622  8622  8624  8664  8640  8636  8669  8696  8709  8665  8597  8602
TBILIS 1978 01 13 2  8658  8641  8639  8630  8620  8656  8584  8670  8598  8634  8600  8609
TBILIS 1978 01 14 1  8632  8599  8708  8668  8678  8657  8676  8657  8639  8675  8696  8699
TBILIS 1978 01 14 2  8655  8667  8615  8587  8587  8601  8630  8577  8632  8601  8674  8621
TBILIS 1978 01 15 1  8642  8633  8644  8682  8688  8705  8675  8672  8681  8707  8666  8765
TBILIS 1978 01 15 2  8684  8712  8676  8691  8746  8748  8715  8754  8749  8749  8716  8734
TBILIS 1978 01 16 1  8750  8714  8741  8718  8671  8720  8712  8693  8741  8697  8738  8703
TBILIS 1978 01 16 2  8707  8735  8807  8792  8793  8799  8830  8815  8738  8731  8708  8731
TBILIS 1978 01 17 1  8679  8727  8711  8672  8694  8672  8653  8678  8663  8628  8677  8674
TBILIS 1978 01 17 2  8658  8658  8694  8713  8725  8743  8736  8710  8686  8730  8751  8718
TBILIS 1978 01 18 1  8667  8660  8640  8629  8627  8637  8640  8662  8635  8657  8696  8643
TBILIS 1978 01 18 2  8617  8652  8683 99999 99999 99999  8668  8657  8635  8647  8628  8660
TBILIS 1978 01 19 1  8658  8649  8707  8650  8664  8635  8599  8626  8651  8630  8689  8713
TBILIS 1978 01 19 2  8701  8662  8671  8675  8656  8681  8661  8713  8690  8646  8643  8628
TBILIS 1978 01 20 1  8609  8621  8598  8596  8616  8573  8633  8617  8577  8652  8599  8601
TBILIS 1978 01 20 2  8636  8615  8608  8625  8620  8649  8675  8652  8612  8627  8670  8642
TBILIS 1978 01 21 1  8644  8628  8652  8642 99999 99999 99999 99999 99999 99999 99999 99999
TBILIS 1978 01 21 2 99999 99999 99999 99999 99999 99999 99999 99999 99999 99999 99999 99999
TBILIS 1978 01 22 1 99999 99999 99999 99999 99999 99999 99999 99999 99999 99999 99999  8616
TBILIS 1978 01 22 2  8598  8541  8588  8579  8578  8597  8615  8638  8605  8615  8623  8616
TBILIS 1978 01 23 1  8636  8647  8581  8593  8584  8653  8611  8654  8671  8663  8700  8687
TBILIS 1978 01 23 2  8697  8705  8716  8710  8698  8703  8696  8733  8723  8708  8724  8698
TBILIS 1978 01 24 1  8715  8690  8613  8679  8706  8659  8678  8678  8643  8676  8651  8677
TBILIS 1978 01 24 2  8652  8679  8633  8630  8650  8681  8641  8661  8661  8656  8659  8577
TBILIS 1978 01 25 1  8597  8628  8663  8615  8622  8697  8658  8610  8690  8725  8725  8700
TBILIS 1978 01 25 2  8713  8674  8703  8725  8673  8690  8652  8632  8633  8635  8653  8642
TBILIS 1978 01 26 1  8678  8649  8662  8599  8634  8632  8661  8612  8658  8675  8699  8634
TBILIS 1978 01 26 2  8692  8661  8671  8641  8713  8716  8697  8716  8746  8742  8722  8708
TBILIS 1978 01 27 1  8695  8633  8646  8632  8657  8678  8684  8646  8670  8692  8675  8685
TBILIS 1978 01 27 2  8663  8669  8633  8626  8633  8635  8647  8631  8650  8640  8677  8618
TBILIS 1978 01 28 1  8598  8549  8587  8578  8580  8622  8620  8616  8622  8670  8700  8637
TBILIS 1978 01 28 2  8637  8622  8606  8635  8663  8678  8668  8667  8650  8650  8657  8655
TBILIS 1978 01 29 1  8641  8628  8611  8615  8569  8633  8639  8612  8631  8686  8647  8638
TBILIS 1978 01 29 2  8628  8600  8605  8596  8590  8562  8557  8569  8491  8436  8558  8504
TBILIS 1978 01 30 1  8530  8447  8448  8437  8476  8422  8448  8411  8410  8491  8516  8449
TBILIS 1978 01 30 2  8472  8490  8557  8532  8557  8588  8587  8563  8552  8504  8497  8468
TBILIS 1978 01 31 1  8507  8480  8500  8452  8465  8490  8491  8510  8519  8488  8538  8562
TBILIS 1978 01 31 2  8558  8550  8579  8504  8559  8569  8622  8601  8585  8600  8564  8575
Cosmic-Ray Neutron Monitor Data (Hourly, Pressure-Corrected and Scale-Adjusted Counts)
Collections: WDC for Cosmic Rays, Solar-Terrestrial Environment Laboratory, Nagoya Univ.
Data Access: http://center.stelab.nagoya-u.ac.jp/WDCCR/index.html
Project: ICSU WDC
Citation: WDC for Cosmic Rays, Solar-Terrestrial Environment Laboratory, Nagoya University
Station ID: TBILIS
Station:  TBILISI,GIORGIA,INSTITUT GEOPHYSIKY (IG), GIORGIAN ACADEMY OF SCIENCES,GIORGIA 
Instrument: 18-NM-64 NEUTRON MONITOR, CORRECTED FOR PRESSURE TO 950.0 MB, COEF. =           
Latitude (deg.):   41.72  Longitude (deg.):   44.80  Altitude (m):  510.00
Cut-Off Rigidity (GV):    6.66
Year: 1978  Month:   2
Scaling Factor (SF):    64.0   Constant (CONST):     0.0  Real Counts = (DATA + CONST)*SF
Temporal Resolution: 1 hour
UTC Start Hour:     0.0
                                                                                
                                                        
Monthly Average:  8631.3
Updated (YYYY MM DD): 1984 09 19
*******************************************************************************************
ID     YYYY MM DD 1     0     1     2     3     4     5     6     7     8     9    10    11
ID     YYYY MM DD 2    12    13    14    15    16    17    18    19    20    21    22    23
*******************************************************************************************
TBILIS 1978 02 01 1  8544  8526  8561  8544  8535  8552  8540  8547  8564  8601  8608  8643
TBILIS 1978 02 01 2  8657  8631  8650  8691  8624  8619  8672  8647  8622  8616  8620  8638
TBILIS 1978 02 02 1  8619  8607  8620  8603  8578  8651  8596  8612  8623  8652  8683  8688
TBILIS 1978 02 02 2  8672  8658  8665  8697  8687  8699  8694  8725  8723  8707  8675  8688
TBILIS 1978 02 03 1  8643  8581  8637  8630  8596  8589  8589  8595  8607  8635  8648  8658
TBILIS 1978 02 03 2  8665  8666  8675  8690  8730  8715  8815  8761  8760  8743  8737  8725
TBILIS 1978 02 04 1  8726  8708  8667  8672  8699  8677  8667  8679  8667  8651  8651  8656
TBILIS 1978 02 04 2  8686  8677  8672  8690  8672  8664  8620  8652  8664  8611  8642  8634
TBILIS 1978 02 05 1  8634  8654  8632  8695  8651  8684  8678  8666  8635  8636  8645  8653
TBILIS 1978 02 05 2  8642  8680  8670  8655  8648  8709  8719  8676  8700  8717  8703  8736
TBILIS 1978 02 06 1  8676  8703  8714  8706  8676  8690  8693  8699  8664  8709  8730  8763
TBILIS 1978 02 06 2  8763  8722  8795  8731  8745  8768  8715  8779  8692  8661  8632  8673
TBILIS 1978 02 07 1  8620  8646  8660  8631  8633  8629  8554  8576  8557  8580  8506  8614
TBILIS 1978 02 07 2  8640  8611  8696  8646  8672  8685  8649  8665  8676  8660  8632  8617
TBILIS 1978 02 08 1  8609  8617  8604  8617  8649  8603  8618  8563  8578  8630  8647  8607
TBILIS 1978 02 08 2  8641  8610  8641  8687  8693  8709  8709  8744  8727  8729  8733  8724
TBILIS 1978 02 09 1  8755  8750  8703  8721  8756  8739  8746  8691  8731  8670  8707  8693
TBILIS 1978 02 09 2  8703  8696  8739  8723  8719  8723  8730  8706  8688  8726  8700  8722
TBILIS 1978 02 10 1  8738  8723  8744  8731  8740  8692  8693  8678  8689  8704  8688  8678
TBILIS 1978 02 10 2  8654  8702  8685  8670  8711  8697  8727  8696  8732  8722  8725  8679
TBILIS 1978 02 11 1  8728  8715  8722  8680  8687  8683  8682  8650  8672  8669  8697  8620
TBILIS 1978 02 11 2  8633  8649  8686  8651  8648  8696  8661  8635  8633  8608  8624  8670
TBILIS 1978 02 12 1  8674  8676  8673  8675  8690  8692  8725  8696  8695  8740  8732  8729
TBILIS 1978 02 12 2  8689  8669  8704  8687  8668  8646  8667  8698  8756  8732  8706  8733
TBILIS 1978 02 13 1  8710  8727  8714  8726  8703  8750  8731  8743  8729  8736  8696  8720
TBILIS 1978 02 13 2  8704  8680  8649  8600  8631  8665  8654  8709  8654  8641  8599  8608
TBILIS 1978 02 14 1  8619  8647  8678  8691  8719  8711  8707  8713  8708  8732  8743  8709
TBILIS 1978 02 14 2  8700  8683  8695  8680  8701  8673  8649  8651  8648  8543  8538  8529
TBILIS 1978 02 15 1  8563  8539  8503  8475  8485  8436  8416  8386  8484  8472  8446  8378
TBILIS 1978 02 15 2  8113  7876  7662  7557  7540  7506  7681  7934  8263  8341  8378  8404
TBILIS 1978 02 16 1  8468  8526  8447  8420  8463  8509  8472  8420  8414  8479  8517  8566
TBILIS 1978 02 16 2  8403  8381  8387  8406  8462  8472  8501  8506  8525  8484  8467  8512
TBILIS 1978 02 17 1  8530  8506  8494  8568  8630  8620  8646  8615  8650  8674  8683  8667
TBILIS 1978 02 17 2  8619  8622  8635  8692  8667  8695  8704  8740 99999 99999 99999 99999
TBILIS 1978 02 18 1 99999 99999 99999 99999 99999  8579  8559  8608  8573  8620  8601  8656
TBILIS 1978 02 18 2  8653  8651  8657  8669  8647  8669  8633  8715  8673  8648  8652  8656
TBILIS 1978 02 19 1  8651  8571  8553  8619  8621  8584  8639  8618  8627  8652  8652  8682
TBILIS 1978 02 19 2  8673  8672  8682  8674  8679  8701  8699  8671  8687  8641  8620  8611
TBILIS 1978 02 20 1  8668  8669  8685  8658  8649  8661  8674  8673  8662  8711  8726  8770
TBILIS 1978 02 20 2  8755  8785  8819  8760  8751  8765  8733  8725  8710  8704  8662  8627
TBILIS 1978 02 21 1  8642  8666  8631  8694  8661  8695  8701  8719  8702  8704  8757  8780
TBILIS 1978 02 21 2  8757  8706  8843  8852  8844  8889  8903  8947  8956  8906  8902  8894
TBILIS 1978 02 22 1  8891  8838  8783  8766  8813  8891  8728  8695  8665  8613  8621  8594
TBILIS 1978 02 22 2  8572  8609  8572  8596  8585  8619  8578  8573  8613  8603  8568  8646
TBILIS 1978 02 23 1  8647  8635  8606  8633  8601  8634  8619  8569  8652  8673  8656  8661
TBILIS 1978 02 23 2  8648  8641  8643  8606  8628  8638  8535  8504  8531  8516  8519  8552
TBILIS 1978 02 24 1  8576  8552  8551  8510  8556  8509  8521  8554  8576  8535  8575  8566
TBILIS 1978 02 24 2  8491  8546  8570  8552  8519  8553  8611  8567  8519  8517  8485  8492
TBILIS 1978 02 25 1  8501  8554  8568  8567  8568  8568  8576  8521  8556  8565  8618  8626
TBILIS 1978 02 25 2  8653  8677  8644  8655  8656  8621  8578  8599  8580  8637  8601  8612
TBILIS 1978 02 26 1  8633  8586  8563  8588  8553  8575  8573  8580  8572  8679  8673  8584
TBILIS 1978 02 26 2  8615  8609  8630  8556  8607  8570  8599  8621  8572  8625  8639  8595
TBILIS 1978 02 27 1  8536  8592  8594  8566  8591  8618  8581  8535  8550  8592  8585  8539
TBILIS 1978 02 27 2  8577  8591  8539  8586  8550  8638  8592  8544  8600  8564  8511  8581
TBILIS 1978 02 28 1  8599  8620  8628  8571  8589  8554  8584  8602  8604  8590  8662  8617
TBILIS 1978 02 28 2  8653  8617  8633  8595  8469  8584  8631  8694  8664  8619  8649  8665
TBILIS 1978 02 29 1 99999 99999 99999 99999 99999 99999 99999 99999 99999 99999 99999 99999
TBILIS 1978 02 29 2 99999 99999 99999 99999 99999 99999 99999 99999 99999 99999 99999 99999
TBILIS 1978 02 30 1 99999 99999 99999 99999 99999 99999 99999 99999 99999 99999 99999 99999
TBILIS 1978 02 30 2 99999 99999 99999 99999 99999 99999 99999 99999 99999 99999 99999 99999
TBILIS 1978 02 31 1 99999 99999 99999 99999 99999 99999 99999 99999 99999 99999 99999 99999
TBILIS 1978 02 31 2 99999 99999 99999 99999 99999 99999 99999 99999 99999 99999 99999 99999
Cosmic-Ray Neutron Monitor Data (Hourly, Pressure-Corrected and Scale-Adjusted Counts)
Collections: WDC for Cosmic Rays, Solar-Terrestrial Environment Laboratory, Nagoya Univ.
Data Access: http://center.stelab.nagoya-u.ac.jp/WDCCR/index.html
Project: ICSU WDC
Citation: WDC for Cosmic Rays, Solar-Terrestrial Environment Laboratory, Nagoya University
Station ID: TBILIS
Station:  TBILISI,GIORGIA,INSTITUT GEOPHYSIKY (IG), GIORGIAN ACADEMY OF SCIENCES,GIORGIA 
Instrument: 18-NM-64 NEUTRON MONITOR, CORRECTED FOR PRESSURE TO 950.0 MB, COEF. =           
Latitude (deg.):   41.72  Longitude (deg.):   44.80  Altitude (m):  510.00
Cut-Off Rigidity (GV):    6.66
Year: 1978  Month:   3
Scaling Factor (SF):    64.0   Constant (CONST):     0.0  Real Counts = (DATA + CONST)*SF
Temporal Resolution: 1 hour
UTC Start Hour:     0.0
                                                                                
                                                        
Monthly Average:  8664.8
Updated (YYYY MM DD): 1984 09 19
*******************************************************************************************
ID     YYYY MM DD 1     0     1     2     3     4     5     6     7     8     9    10    11
ID     YYYY MM DD 2    12    13    14    15    16    17    18    19    20    21    22    23
*******************************************************************************************
TBILIS 1978 03 01 1  8666  8648  8639  8624  8620  8656  8688  8653  8626  8684  8717  8664
TBILIS 1978 03 01 2  8736  8718  8724  8677  8671  8633  8677  8717  8687  8678  8705  8717
TBILIS 1978 03 02 1  8694  8696  8710  8638  8645  8645  8647  8670  8683  8670  8707  8696
TBILIS 1978 03 02 2  8684  8679  8681  8700  8686  8664  8676  8689  8725  8710  8687  8666
TBILIS 1978 03 03 1  8648  8680  8681  8619  8631  8618  8682  8647  8683  8625  8668  8671
TBILIS 1978 03 03 2  8706  8700  8702  8732  8663  8674  8624  8706  8676  8664  8689  8631
TBILIS 1978 03 04 1  8609  8648  8645  8639  8664  8662  8656  8645  8679  8699  8706  8685
TBILIS 1978 03 04 2  8700  8688  8656  8644  8670  8681  8691  8688  8717  8719  8745  8723
TBILIS 1978 03 05 1  8702  8691  8719  8707  8703  8677  8695  8671  8642  8669  8656  8644
TBILIS 1978 03 05 2  8672  8711  8707  8712  8680  8729  8717  8750  8750  8731  8744  8743
TBILIS 1978 03 06 1  8777  8704  8756  8745  8753  8761  8759  8749  8756  8748  8718  8772
TBILIS 1978 03 06 2  8771  8813  8825  8740  8782  8770  8735  8687  8746  8711  8713  8657
TBILIS 1978 03 07 1  8670  8713  8711  8743  8709  8735  8743  8744  8745  8757  8762  8682
TBILIS 1978 03 07 2  8703  8700  8718  8690  8698  8653  8686  8689  8688  8715  8699  8715
TBILIS 1978 03 08 1  8717  8706  8730  8676  8716  8709  8711  8725  8709  8722  8699  8673
TBILIS 1978 03 08 2  8722  8704  8707  8677  8658  8586  8566  8544  8548  8481  8477  8472
TBILIS 1978 03 09 1  8443  8424  8453  8464  8454  8511  8501  8507  8525  8573  8632  8602
TBILIS 1978 03 09 2  8600  8559  8515  8470  8425  8419  8349  8320  8301  8299  8258  8281
TBILIS 1978 03 10 1  8354  8337  8325  8351  8409  8435  8488  8452  8438  8393  8369  8385
TBILIS 1978 03 10 2  8373  8317  8305  8308  8354  8343  8396  8374  8358  8334  8356  8354
TBILIS 1978 03 11 1  8376  8370  8353  8345  8350  8384  8390  8389  8377  8396  8403  8398
TBILIS 1978 03 11 2  8429  8411  8439  8437  8448  8492  8491  8491  8451  8416  8393  8377
TBILIS 1978 03 12 1  8428  8451  8459  8484  8459  8423  8495  8521  8527  8520  8546  8564
TBILIS 1978 03 12 2  8561  8554  8535  8547  8561  8546  8574  8508  8530  8498  8506  8553
TBILIS 1978 03 13 1  8518  8536  8599  8569  8554  8572  8548  8547  8596  8590  8602  8648
TBILIS 1978 03 13 2  8622  8616  8613  8553  8574  8559  8575  8605  8569  8555  8592  8546
TBILIS 1978 03 14 1  8562  8587  8554  8575  8580  8582  8573  8575  8605  8615  8638  8582
TBILIS 1978 03 14 2  8624  8634  8578  8560  8582  8565  8630  8584  8603  8528  8560  8584
TBILIS 1978 03 15 1  8574  8548  8550  8538  8574  8590  8582  8561  8549  8634  8672  8597
TBILIS 1978 03 15 2  8605  8566  8583  8597  8581  8595  8603  8582  8625  8630  8603  8599
TBILIS 1978 03 16 1  8623  8626  8605  8586  8628  8626  8635  8622  8657  8669  8637  8677
TBILIS 1978 03 16 2  8696  8677  8736  8748  8722  8698  8715  8725  8696  8726  8691  8639
TBILIS 1978 03 17 1  8682  8696  8701  8699  8759  8714  8710  8717  8733  8705  8701  8694
TBILIS 1978 03 17 2  8689  8698  8681  8694  8636  8658  8652  8656  8672  8668  8675  8640
TBILIS 1978 03 18 1  8621  8667  8660  8690  8731  8714  8677  8705  8695  8654  8697  8681
TBILIS 1978 03 18 2  8742  8777  8740  8773  8787  8737  8745  8740  8720  8737  8723  8700
TBILIS 1978 03 19 1  8698  8757  8717  8739  8701  8717  8665  8729  8709  8717  8705  8736
TBILIS 1978 03 19 2  8735  8711  8691  8712  8713  8686  8710  8738  8712  8748  8727  8712
TBILIS 1978 03 20 1  8734  8739  8740  8728  8741  8748  8755  8748  8759  8785  8771  8771
TBILIS 1978 03 20 2  8747  8747  8735  8737  8750  8769  8737  8727  8780  8803  8774  8796
TBILIS 1978 03 21 1  8791  8825  8809  8824  8792  8765  8803  8768  8778  8810  8812  8844
TBILIS 1978 03 21 2  8832  8900  8877  8791  8854  8837  8805  8812  8852  8794  8792  8748
TBILIS 1978 03 22 1  8727  8752  8745  8754  8743  8746  8767  8823  8805  8876  8828  8838
TBILIS 1978 03 22 2  8871  8838  8803  8816  8831  8833  8798  8826  8869  8874  8841  8837
TBILIS 1978 03 23 1  8822  8847  8784  8811  8807  8819  8789  8777  8778  8810  8788  8796
TBILIS 1978 03 23 2  8789  8835  8837  8851  8766  8818  8793  8820  8823  8784  8792  8767
TBILIS 1978 03 24 1  8779  8794  8832  8802  8811  8775  8800  8834  8820  8875  8810  8830
TBILIS 1978 03 24 2  8810  8773  8779  8760  8703  8687  8660  8676  8735  8684  8683  8673
TBILIS 1978 03 25 1  8728  8775  8722  8722  8739  8735  8741  8715  8668  8657  8685  8656
TBILIS 1978 03 25 2  8635  8643  8577  8544  8531  8582  8618  8582  8552  8543  8593  8553
TBILIS 1978 03 26 1  8617  8640  8647  8677  8644  8665  8678  8667  8667  8676  8649 99999
TBILIS 1978 03 26 2 99999 99999 99999 99999  8644  8661  8696  8729  8659  8674  8667  8671
TBILIS 1978 03 27 1  8635  8677  8671  8687  8699  8704  8683  8720  8700  8740  8729  8728
TBILIS 1978 03 27 2  8732  8739  8690  8728  8758  8731  8741  8697  8709  8707  8695  8696
TBILIS 1978 03 28 1  8675  8739  8681  8700  8702  8728  8662  8669  8727  8701  8720  8667
TBILIS 1978 03 28 2  8682  8711  8694  8683  8751  8713  8726  8676  8692  8666  8667  8661
TBILIS 1978 03 29 1  8694  8667  8657  8687  8657  8703  8691  8682  8683  8758  8736  8726
TBILIS 1978 03 29 2  8704  8708  8667  8669  8681  8683  8680  8715  8669  8684  8700  8710
TBILIS 1978 03 30 1  8702  8670  8705  8744  8720  8741  8751  8773  8737  8806  8774  8769
TBILIS 1978 03 30 2  8758  8748  8756  8711  8752  8683  8661  8695  8699  8684  8701  8762
TBILIS 1978 03 31 1  8754  8728  8783 99999 99999 99999 99999  8791  8794  8711  8706  8802
TBILIS 1978 03 31 2  8769  8758  8739  8729  8722  8722  8717  8726  8687  8704  8693  8683
Cosmic-Ray Neutron Monitor Data (Hourly, Pressure-Corrected and Scale-Adjusted Counts)
Collections: WDC for Cosmic Rays, Solar-Terrestrial Environment Laboratory, Nagoya Univ.
Data Access: http://center.stelab.nagoya-u.ac.jp/WDCCR/index.html
Project: ICSU WDC
Citation: WDC for Cosmic Rays, Solar-Terrestrial Environment Laboratory, Nagoya University
Station ID: TBILIS
Station:  TBILISI,GIORGIA,INSTITUT GEOPHYSIKY (IG), GIORGIAN ACADEMY OF SCIENCES,GIORGIA 
Instrument: 18-NM-64 NEUTRON MONITOR, CORRECTED FOR PRESSURE TO 950.0 MB, COEF. =           
Latitude (deg.):   41.72  Longitude (deg.):   44.80  Altitude (m):  510.00
Cut-Off Rigidity (GV):    6.66
Year: 1978  Month:   4
Scaling Factor (SF):    64.0   Constant (CONST):     0.0  Real Counts = (DATA + CONST)*SF
Temporal Resolution: 1 hour
UTC Start Hour:     0.0
                                                                                
                                                        
Monthly Average:  8520.3
Updated (YYYY MM DD): 1984 09 19
*******************************************************************************************
ID     YYYY MM DD 1     0     1     2     3     4     5     6     7     8     9    10    11
ID     YYYY MM DD 2    12    13    14    15    16    17    18    19    20    21    22    23
*******************************************************************************************
TBILIS 1978 04 01 1  8661  8689  8701  8655  8687  8721  8756  8712  8774  8843  8811  8797
TBILIS 1978 04 01 2  8826  8813  8817  8799  8819  8823  8858  8805  8764  8773  8804  8817
TBILIS 1978 04 02 1  8784  8731  8756  8756  8720  8804  8813  8824  8807  8774  8821  8765
TBILIS 1978 04 02 2  8835  8804  8749  8745  8739  8753  8771  8738  8723  8665  8625  8622
TBILIS 1978 04 03 1  8565  8587  8571  8609  8672  8748  8701  8694  8743  8711  8716  8684
TBILIS 1978 04 03 2  8664  8642  8649  8640  8612  8607  8616  8564  8592  8688  8732  8748
TBILIS 1978 04 04 1  8743  8748  8736  8647  8622  8620  8600  8562  8533  8583  8514  8590
TBILIS 1978 04 04 2  8588  8636  8646  8650  8672  8701  8741  8735  8695  8656  8654  8654
TBILIS 1978 04 05 1  8663  8694  8658  8646  8604  8572  8576  8606  8580  8582  8548  8474
TBILIS 1978 04 05 2  8524  8554  8553  8590  8572  8574  8537  8565  8546  8547  8510  8530
TBILIS 1978 04 06 1  8579 99999 99999 99999  8606  8600  8591  8615  8649  8676  8654  8634
TBILIS 1978 04 06 2  8627  8663  8669  8675  8708  8654  8651  8670  8679  8652  8618  8613
TBILIS 1978 04 07 1  8620  8638  8609  8614  8613  8607  8623  8619  8666  8648  8637  8625
TBILIS 1978 04 07 2  8594  8612  8605  8619  8675  8597  8529  8485  8605  8528  8546  8499
TBILIS 1978 04 08 1  8452  8447  8410  8436  8458  8490  8497  8523  8523  8549  8548  8569
TBILIS 1978 04 08 2  8557  8582  8540  8530  8521  8483  8469  8455  8448  8428  8432  8426
TBILIS 1978 04 09 1  8425  8458  8450  8461  8480  8506  8455  8477  8482  8503  8560  8410
TBILIS 1978 04 09 2  8512  8507  8529  8607  8526  8537  8531  8515  8504  8526  8467  8459
TBILIS 1978 04 10 1  8519  8525  8487  8420  8478  8447  8465  8497  8538  8552  8560  8510
TBILIS 1978 04 10 2  8501  8390  8462  8452  8437  8386  8374  8273  8270  8333  8429  8358
TBILIS 1978 04 11 1  8298  8399  8429  8410  8379  8410  8418  8481  8448  8400  8398  8354
TBILIS 1978 04 11 2  8381  8324  8381  8377  8425  8422  8427  8493  8501  8444  8527  8545
TBILIS 1978 04 12 1  8438  8509  8506  8475  8451  8453  8449  8494  8474  8498  8518  8479
TBILIS 1978 04 12 2  8413  8411  8437  8476  8476  8441  8468  8495  8509  8449  8448  8469
TBILIS 1978 04 13 1  8486  8491  8465  8512  8524  8512  8515  8496  8509  8552  8547  8509
TBILIS 1978 04 13 2  8468  8497  8458  8502  8506  8482  8445  8408  8421  8411  8452  8463
TBILIS 1978 04 14 1  8476  8469  8433  8470  8556  8549  8517  8510  8527  8530  8568  8568
TBILIS 1978 04 14 2  8556  8587  8523  8483  8518  8538  8547  8468  8466  8451  8438  8444
TBILIS 1978 04 15 1  8446  8477  8489  8572  8559  8570  8610  8606  8664  8622  8607  8634
TBILIS 1978 04 15 2  8612  8560  8621  8549  8583  8580  8614  8637  8584  8604  8579  8581
TBILIS 1978 04 16 1  8582  8572  8561  8582  8587  8595  8587  8613  8657  8652  8634  8629
TBILIS 1978 04 16 2  8642  8645  8597  8628  8537  8644  8608  8675  8636  8642  8658  8626
TBILIS 1978 04 17 1  8646  8638  8626  8649  8694  8662  8696  8727  8702  8730  8764  8802
TBILIS 1978 04 17 2  8768  8781  8672  8710  8695  8720  8732  8684  8629  8629  8635  8579
TBILIS 1978 04 18 1  8545  8608  8628  8648  8651  8601  8617  8593  8617  8634  8628  8622
TBILIS 1978 04 18 2  8608  8607  8581  8567  8587  8551  8609  8636  8591  8587  8634  8585
TBILIS 1978 04 19 1  8540  8591  8561  8556  8526  8520  8506  8533  8536  8566  8556  8576
TBILIS 1978 04 19 2  8609  8608  8558  8610  8613  8571  8579  8468  8479  8459  8462  8432
TBILIS 1978 04 20 1  8409  8458  8449  8378  8422  8476  8431  8433  8413  8494  8540  8521
TBILIS 1978 04 20 2  8483  8494  8504  8450  8428  8413  8414  8419  8396  8397  8396  8423
TBILIS 1978 04 21 1  8395  8399  8437  8407  8429  8396  8420  8434  8370  8427  8441  8415
TBILIS 1978 04 21 2  8448  8431  8468  8450  8446  8465  8445  8476  8452  8454  8458  8503
TBILIS 1978 04 22 1  8471  8459  8467  8489  8463  8465  8467  8474  8371  8395  8411  8444
TBILIS 1978 04 22 2  8380  8369  8453  8421  8428  8466  8460  8484  8442  8416  8480  8454
TBILIS 1978 04 23 1  8464  8470  8441  8418  8469  8448  8483  8452  8476  8454  8483  8457
TBILIS 1978 04 23 2  8506  8445  8459  8461  8455  8403  8451  8464  8414  8452  8435  8401
TBILIS 1978 04 24 1  8414  8427  8478  8439  8423  8490  8497  8500  8506  8521  8521  8544
TBILIS 1978 04 24 2  8503  8497  8458  8477  8446  8480  8484  8502  8498  8496  8525  8515
TBILIS 1978 04 25 1  8551  8567  8593  8604  8555  8547  8531  8569  8552  8632  8617  8662
TBILIS 1978 04 25 2  8639  8605  8495  8482  8478  8467  8517  8513  8474  8493  8416  8377
TBILIS 1978 04 26 1  8413  8357  8365  8354  8361  8356  8441  8434  8381  8406  8378  8368
TBILIS 1978 04 26 2  8402  8427  8406  8408  8434  8382  8387  8459  8441  8340  8334  8349
TBILIS 1978 04 27 1  8310  8335  8302  8311  8340  8352  8288  8292  8326  8338  8387  8309
TBILIS 1978 04 27 2  8413  8371  8373  8387  8408  8432  8414  8416  8422  8414  8379  8363
TBILIS 1978 04 28 1  8386  8400  8379  8351  8380  8368  8345  8326  8387  8458  8421  8398
TBILIS 1978 04 28 2  8372  8402  8369  8388  8367  8401  8395  8384  8367  8409  8376  8381
TBILIS 1978 04 29 1  8364  8387  8383  8398  8386  8402  8395  8368  8407  8395  8375  8401
TBILIS 1978 04 29 2  8424  8427  8436  8409  8422  8463  8418  8450  8449  8451  8443  8423
TBILIS 1978 04 30 1  8456  8433  8434  8385  8404  8419  8444  8415  8372  8335  8382  8313
TBILIS 1978 04 30 2  8338  8260  8134  8163  8173  8093  8063  8142  8085  8191  8208  8148
TBILIS 1978 04 31 1 99999 99999 99999 99999 99999 99999 99999 99999 99999 99999 99999 99999
TBILIS 1978 04 31 2 99999 99999 99999 99999 99999 99999 99999 99999 99999 99999 99999 99999
Cosmic-Ray Neutron Monitor Data (Hourly, Pressure-Corrected and Scale-Adjusted Counts)
Collections: WDC for Cosmic Rays, Solar-Terrestrial Environment Laboratory, Nagoya Univ.
Data Access: http://center.stelab.nagoya-u.ac.jp/WDCCR/index.html
Project: ICSU WDC
Citation: WDC for Cosmic Rays, Solar-Terrestrial Environment Laboratory, Nagoya University
Station ID: TBILIS
Station:  TBILISI,GIORGIA,INSTITUT GEOPHYSIKY (IG), GIORGIAN ACADEMY OF SCIENCES,GIORGIA 
Instrument: 18-NM-64 NEUTRON MONITOR, CORRECTED FOR PRESSURE TO 950.0 MB, COEF. =           
Latitude (deg.):   41.72  Longitude (deg.):   44.80  Altitude (m):  510.00
Cut-Off Rigidity (GV):    6.66
Year: 1978  Month:   5
Scaling Factor (SF):    64.0   Constant (CONST):     0.0  Real Counts = (DATA + CONST)*SF
Temporal Resolution: 1 hour
UTC Start Hour:     0.0
                                                                                
                                                        
Monthly Average:  8472.4
Updated (YYYY MM DD): 1984 09 19
*******************************************************************************************
ID     YYYY MM DD 1     0     1     2     3     4     5     6     7     8     9    10    11
ID     YYYY MM DD 2    12    13    14    15    16    17    18    19    20    21    22    23
*******************************************************************************************
TBILIS 1978 05 01 1  8165  8178  8137  8187  8192  8234  8215  8270  8219  8209  8153  8137
TBILIS 1978 05 01 2  8024  7938  7901  7883  7852  7835  7762  7492  7534  7585  7551  7587
TBILIS 1978 05 02 1  7563  7553  7437  7425  7439  7439  7494  7507  7517  7546  7545  7576
TBILIS 1978 05 02 2  7586 99999 99999 99999 99999 99999 99999 99999 99999 99999 99999 99999
TBILIS 1978 05 03 1 99999 99999 99999 99999 99999  7504  7536  7655  7724  7707  7725  7729
TBILIS 1978 05 03 2  7654  7648  7644  7614  7671  7669  7662  7683  7657  7732  7783  7768
TBILIS 1978 05 04 1  7762  7802  7782  7882  7918  7961  7962  7971  7940  7955  7971  7983
TBILIS 1978 05 04 2  7942  7983  7941  7968  7986  7928  7919  7931  7978  7945  7932  7998
TBILIS 1978 05 05 1  8008  8040  8025  8038  8040  8035  8017  8045  8044  8089  8123  8100
TBILIS 1978 05 05 2  8121  8050  8095  8139  8121  8146  8188  8168  8210  8170  8238  8236
TBILIS 1978 05 06 1  8228  8201  8170  8208  8170  8180  8185  8172  8157  8151  8148  8190
TBILIS 1978 05 06 2  8158  8155  8166  8208  8234  8260  8248  8227  8209  8182  8217  8234
TBILIS 1978 05 07 1  8229  8223  8210  8265  8239  8236  8224  8246  8221  8254  8290  8272
TBILIS 1978 05 07 2  8241  8246  8258  8272  8264  8317  8297  8266  8275  8267  8255  8287
TBILIS 1978 05 08 1  8294  8298  8248  8263  8307  8339  8297  8339  8307  8371  8336  8402
TBILIS 1978 05 08 2  8389  8388  8370  8375  8384  8405  8388  8399  8327  8376  8401  8339
TBILIS 1978 05 09 1  8395  8389  8394  8346  8346  8323  8304  8310  8363  8434  8432  8461
TBILIS 1978 05 09 2  8455  8445  8474  8479  8433  8495  8505  8513  8468  8504  8496  8448
TBILIS 1978 05 10 1  8455  8473  8472  8457  8452  8495  8490  8466  8466  8472  8539  8474
TBILIS 1978 05 10 2  8463  8492  8471  8466  8449  8443  8442  8456  8448  8402  8380  8407
TBILIS 1978 05 11 1  8464  8472  8473  8461  8467  8507  8565  8557  8542  8553  8594  8616
TBILIS 1978 05 11 2  8570  8569  8556  8597  8601  8605  8596  8587  8559  8518  8537  8535
TBILIS 1978 05 12 1  8531  8544  8527  8550  8578  8612  8588  8595  8573  8602  8658  8596
TBILIS 1978 05 12 2  8602  8624  8622  8619  8608  8578  8600  8575  8583  8570  8600  8572
TBILIS 1978 05 13 1  8572  8559  8597  8578  8587  8596  8602  8592  8620  8654  8740  8729
TBILIS 1978 05 13 2  8725  8702  8641  8624  8640  8638  8593  8641  8614  8626  8614  8633
TBILIS 1978 05 14 1  8621  8582  8649  8654  8627  8624  8624  8612  8658  8660  8645  8612
TBILIS 1978 05 14 2  8619  8609  8584  8562  8581  8600  8609  8623  8636  8644  8618  8580
TBILIS 1978 05 15 1  8598  8587  8609  8563  8543  8541  8563  8575  8578  8587  8600  8581
TBILIS 1978 05 15 2  8617  8589  8622  8526  8588  8584  8537  8571  8550  8609  8588  8608
TBILIS 1978 05 16 1  8574  8553  8585  8587  8595  8646  8637  8631  8597  8690  8652  8642
TBILIS 1978 05 16 2  8633  8625  8638  8634  8614  8618  8618  8663  8626  8601  8585  8592
TBILIS 1978 05 17 1  8580  8600  8582  8586  8599  8638  8640  8635  8629  8646  8707  8736
TBILIS 1978 05 17 2  8701  8703  8664  8658  8617  8661  8622  8630  8642  8583  8586  8585
TBILIS 1978 05 18 1  8576  8616  8596  8596  8621  8633  8669  8667  8700  8718  8726  8737
TBILIS 1978 05 18 2  8768  8760  8762  8718  8765  8660  8719  8674  8635  8657  8679  8614
TBILIS 1978 05 19 1  8652  8637  8685  8706  8689  8734  8735  8744  8734  8763  8768  8746
TBILIS 1978 05 19 2  8699  8690  8682  8680  8658  8652  8638  8656  8667  8637  8687  8684
TBILIS 1978 05 20 1  8700  8702  8733  8705  8697  8687  8723  8767  8699  8789  8799  8763
TBILIS 1978 05 20 2  8734  8717  8746  8755  8681  8710  8613  8653  8650  8669  8705  8705
TBILIS 1978 05 21 1  8745  8686  8707  8626  8643  8644  8615  8620  8641  8667  8682  8685
TBILIS 1978 05 21 2  8671  8686  8605  8515  8607  8612  8578  8616  8703  8673  8677  8607
TBILIS 1978 05 22 1  8632  8641  8674  8607  8630  8634  8615  8621  8652  8608  8634  8635
TBILIS 1978 05 22 2  8659  8644  8634  8677  8707  8784  8715  8785  8747  8679  8693  8663
TBILIS 1978 05 23 1  8694  8673  8660  8667  8648  8638  8701  8694  8694  8694  8672  8659
TBILIS 1978 05 23 2  8687  8678  8636  8615  8669  8679  8659  8670  8674  8652  8599  8617
TBILIS 1978 05 24 1  8576  8585  8567  8603  8570  8591  8601  8607  8652  8644  8653  8619
TBILIS 1978 05 24 2  8662  8619  8612  8608  8617  8631  8637  8643  8616  8577  8578  8531
TBILIS 1978 05 25 1  8558  8568  8544  8595  8638  8622  8608  8588  8630  8645  8631  8623
TBILIS 1978 05 25 2  8628  8614  8635  8639  8588  8599  8596  8603  8618  8582  8569  8597
TBILIS 1978 05 26 1  8592  8608  8650  8604  8611  8653  8658  8611  8606  8608  8696  8611
TBILIS 1978 05 26 2  8679  8643  8645  8679  8656  8674  8667  8613  8596  8648  8600  8572
TBILIS 1978 05 27 1  8592  8597  8601  8630  8606  8624  8666  8639  8666  8647  8664  8647
TBILIS 1978 05 27 2  8685  8662  8674  8656  8671  8615  8642  8603  8566  8588  8589  8589
TBILIS 1978 05 28 1  8565  8569  8601  8600  8611  8625  8618  8604  8640  8701  8734  8744
TBILIS 1978 05 28 2  8793  8753  8779  8792  8770  8803  8801  8769  8732  8702  8711  8703
TBILIS 1978 05 29 1  8698  8688  8718  8684  8684  8698  8697  8706  8686  8688  8696  8728
TBILIS 1978 05 29 2  8726  8733  8696  8713  8690  8665  8610  8539  8435  8509  8518  8517
TBILIS 1978 05 30 1  8540  8570  8573  8585  8555  8587  8554  8553  8579  8632  8630  8625
TBILIS 1978 05 30 2  8700  8622  8563  8560  8528  8523  8521  8490  8485  8519  8517  8480
TBILIS 1978 05 31 1  8536  8481  8484  8531  8499  8486  8501  8518  8512  8509  8501  8491
TBILIS 1978 05 31 2  8477  8482  8496  8497  8553  8555  8533  8520  8530  8459  8525  8471
Cosmic-Ray Neutron Monitor Data (Hourly, Pressure-Corrected and Scale-Adjusted Counts)
Collections: WDC for Cosmic Rays, Solar-Terrestrial Environment Laboratory, Nagoya Univ.
Data Access: http://center.stelab.nagoya-u.ac.jp/WDCCR/index.html
Project: ICSU WDC
Citation: WDC for Cosmic Rays, Solar-Terrestrial Environment Laboratory, Nagoya University
Station ID: TBILIS
Station:  TBILISI,GIORGIA,INSTITUT GEOPHYSIKY (IG), GIORGIAN ACADEMY OF SCIENCES,GIORGIA 
Instrument: 18-NM-64 NEUTRON MONITOR, CORRECTED FOR PRESSURE TO 950.0 MB, COEF. =           
Latitude (deg.):   41.72  Longitude (deg.):   44.80  Altitude (m):  510.00
Cut-Off Rigidity (GV):    6.66
Year: 1978  Month:   6
Scaling Factor (SF):    64.0   Constant (CONST):     0.0  Real Counts = (DATA + CONST)*SF
Temporal Resolution: 1 hour
UTC Start Hour:     0.0
                                                                                
                                                        
Monthly Average:  8555.4
Updated (YYYY MM DD): 1984 09 19
*******************************************************************************************
ID     YYYY MM DD 1     0     1     2     3     4     5     6     7     8     9    10    11
ID     YYYY MM DD 2    12    13    14    15    16    17    18    19    20    21    22    23
*******************************************************************************************
TBILIS 1978 06 01 1  8498  8497  8521  8509  8509  8520  8491  8489  8519  8516  8528  8594
TBILIS 1978 06 01 2  8561 99999 99999 99999 99999 99999 99999 99999 99999 99999 99999 99999
TBILIS 1978 06 02 1 99999 99999 99999 99999 99999 99999  8454  8506  8463  8481  8524  8563
TBILIS 1978 06 02 2  8519  8328  8360  8362  8160  8133  8150  8209  8158  8212  8201  8232
TBILIS 1978 06 03 1  8216  8182  8195  8187  8249  8299  8278  8258  8274  8217  8263  8310
TBILIS 1978 06 03 2  8315  8343  8300  8277  8330  8298  8303  8289  8294  8291  8353  8418
TBILIS 1978 06 04 1  8361  8349  8355  8353  8340  8327  8354  8316  8301  8324  8323  8398
TBILIS 1978 06 04 2  8344  8383  8308  8270  8283  8296  8255  8296  8264  8293  8329  8320
TBILIS 1978 06 05 1  8350  8376  8352  8351  8431  8415  8393  8391  8357 99999 99999 99999
TBILIS 1978 06 05 2  8328  8332  8327  8330  8341  8357  8384  8394  8459  8391  8471  8391
TBILIS 1978 06 06 1  8463  8473  8464  8481  8434  8452  8439  8424  8394  8432  8432  8476
TBILIS 1978 06 06 2  8421  8402  8422  8440  8401  8442  8448  8404  8416  8458  8467  8420
TBILIS 1978 06 07 1  8436  8457  8436  8456  8421  8470  8434  8451  8449  8473  8455  8431
TBILIS 1978 06 07 2  8497  8431  8463  8410  8416  8468  8475  8477  8506  8474  8487  8521
TBILIS 1978 06 08 1  8492  8525  8515  8524  8525  8538  8504  8522  8543  8562  8570  8554
TBILIS 1978 06 08 2  8516  8585  8571  8524  8523  8577  8578  8584  8561  8538  8568  8577
TBILIS 1978 06 09 1  8623  8581  8620  8580  8596  8657  8624  8570  8611  8636  8624  8585
TBILIS 1978 06 09 2  8581  8551  8590  8598  8594  8541  8584  8503  8547  8639  8616  8609
TBILIS 1978 06 10 1  8638  8603  8593  8592  8619  8642  8632  8679  8604  8525  8620  8644
TBILIS 1978 06 10 2  8599  8584  8531  8535  8579  8579  8472  8453  8522  8514  8519  8558
TBILIS 1978 06 11 1  8584  8565  8513  8550  8474  8501  8509  8567  8626  8644  8627  8614
TBILIS 1978 06 11 2  8577  8584  8582  8601  8555  8563  8527  8534  8557  8500  8514  8491
TBILIS 1978 06 12 1  8531  8532  8577  8524  8577  8583  8605  8650  8671  8642  8717  8686
TBILIS 1978 06 12 2  8666  8601  8652  8641  8633  8629  8609  8585  8590  8573  8579  8617
TBILIS 1978 06 13 1  8578  8619  8633  8590  8626  8655  8650  8685  8666  8654  8638  8620
TBILIS 1978 06 13 2  8623  8602  8598  8616  8627  8582  8554  8587  8599  8602  8606  8585
TBILIS 1978 06 14 1  8627  8617  8618  8620  8608  8623  8583  8595  8590  8677  8661  8668
TBILIS 1978 06 14 2  8653  8563  8622  8629  8639  8625  8636  8596  8604  8620  8610  8624
TBILIS 1978 06 15 1  8596  8623  8632  8628  8612  8648  8687  8692  8732  8730  8724  8685
TBILIS 1978 06 15 2  8689  8667  8659  8687  8706  8683  8649  8621  8604  8610  8612  8590
TBILIS 1978 06 16 1  8565  8614  8650  8603  8634  8650  8648  8672  8625  8668  8657  8650
TBILIS 1978 06 16 2  8633  8624  8598  8601  8630  8611  8633  8644  8631  8625  8658  8662
TBILIS 1978 06 17 1  8726  8642  8627  8689  8621  8607  8623  8635  8602  8633  8689  8691
TBILIS 1978 06 17 2  8613  8629  8665  8645  8626  8654  8594  8642  8591  8584  8658  8622
TBILIS 1978 06 18 1  8647  8630  8653  8566  8557  8582  8596  8585  8628  8609  8661  8631
TBILIS 1978 06 18 2  8686  8668  8678  8642  8662  8652  8644  8626  8647  8657  8638  8636
TBILIS 1978 06 19 1  8631  8660  8628  8644  8649  8641  8643  8614  8624  8704  8715  8681
TBILIS 1978 06 19 2  8694  8684  8672  8688  8648  8650  8696  8696  8671  8698  8715  8640
TBILIS 1978 06 20 1  8692  8660  8655  8601  8664  8634  8631  8680  8702  8722  8761  8724
TBILIS 1978 06 20 2  8763  8727  8732  8729  8731  8689  8725  8720  8659  8689  8672  8725
TBILIS 1978 06 21 1  8726  8713  8652  8779  8725  8713  8729  8735  8742  8776  8770  8789
TBILIS 1978 06 21 2  8757  8740  8735  8720  8700  8708  8675  8681  8680  8674  8683  8714
TBILIS 1978 06 22 1  8656  8693  8707  8701  8637  8694  8680  8704  8695  8747  8709  8694
TBILIS 1978 06 22 2  8722  8708  8684  8674  8653  8663  8659  8621  8694  8689  8689  8651
TBILIS 1978 06 23 1  8627  8616  8645  8671  8673  8643  8616  8679  8647  8717  8688  8756
TBILIS 1978 06 23 2  8696  8685  8687  8665  8695  8718  8644  8636  8666  8678  8661  8672
TBILIS 1978 06 24 1  8612  8621  8608  8637  8654  8690  8674  8656  8710  8727  8736  8723
TBILIS 1978 06 24 2  8664  8704  8733  8659  8645  8687  8659  8653  8614  8633  8580  8587
TBILIS 1978 06 25 1  8576  8575  8585  8619  8615  8689  8688  8715  8696  8704  8723  8682
TBILIS 1978 06 25 2  8655  8511  8546  8491  8467  8433  8413  8435  8404  8435  8425  8502
TBILIS 1978 06 26 1  8465  8491  8443  8473  8498  8508  8489  8466  8433  8421  8419  8404
TBILIS 1978 06 26 2  8368  8328  8324  8395  8420  8447  8411  8433  8434  8417  8439  8476
TBILIS 1978 06 27 1  8443  8400  8348  8358  8350  8372  8384  8415  8429  8434  8455  8453
TBILIS 1978 06 27 2  8474  8477  8500  8515  8498  8538  8487  8464  8431  8395  8429  8455
TBILIS 1978 06 28 1  8506  8523  8507  8452  8478  8424  8429  8460  8479  8532  8556  8546
TBILIS 1978 06 28 2  8574  8593  8595  8566  8551  8597  8577  8584  8580  8566  8585  8602
TBILIS 1978 06 29 1  8540  8603  8560  8566  8568  8570  8574  8632  8603  8596  8642  8585
TBILIS 1978 06 29 2  8603  8589  8566  8547  8530  8456  8473  8459  8439  8450  8472  8491
TBILIS 1978 06 30 1  8517  8517  8523  8500  8486  8551  8517  8527  8543  8536  8524  8542
TBILIS 1978 06 30 2  8575  8595  8557  8537  8532  8539  8527  8534  8560  8566  8557  8580
TBILIS 1978 06 31 1 99999 99999 99999 99999 99999 99999 99999 99999 99999 99999 99999 99999
TBILIS 1978 06 31 2 99999 99999 99999 99999 99999 99999 99999 99999 99999 99999 99999 99999
Cosmic-Ray Neutron Monitor Data (Hourly, Pressure-Corrected and Scale-Adjusted Counts)
Collections: WDC for Cosmic Rays, Solar-Terrestrial Environment Laboratory, Nagoya Univ.
Data Access: http://center.stelab.nagoya-u.ac.jp/WDCCR/index.html
Project: ICSU WDC
Citation: WDC for Cosmic Rays, Solar-Terrestrial Environment Laboratory, Nagoya University
Station ID: TBILIS
Station:  TBILISI,GIORGIA,INSTITUT GEOPHYSIKY (IG), GIORGIAN ACADEMY OF SCIENCES,GIORGIA 
Instrument: 18-NM-64 NEUTRON MONITOR, CORRECTED FOR PRESSURE TO 950.0 MB, COEF. =           
Latitude (deg.):   41.72  Longitude (deg.):   44.80  Altitude (m):  510.00
Cut-Off Rigidity (GV):    6.66
Year: 1978  Month:   7
Scaling Factor (SF):    64.0   Constant (CONST):     0.0  Real Counts = (DATA + CONST)*SF
Temporal Resolution: 1 hour
UTC Start Hour:     0.0
                                                                                
                                                        
Monthly Average:  8608.7
Updated (YYYY MM DD): 1984 09 19
*******************************************************************************************
ID     YYYY MM DD 1     0     1     2     3     4     5     6     7     8     9    10    11
ID     YYYY MM DD 2    12    13    14    15    16    17    18    19    20    21    22    23
*******************************************************************************************
TBILIS 1978 07 01 1  8542  8572  8544  8574  8591  8557  8514  8556  8556  8563  8578  8547
TBILIS 1978 07 01 2  8584  8609  8605  8568  8547  8637  8603  8636  8603  8652  8660  8644
TBILIS 1978 07 02 1  8632  8616  8593  8625  8559  8601  8591  8599  8571  8604  8577  8588
TBILIS 1978 07 02 2  8596  8550  8531  8558  8524  8516  8458  8464  8466  8444  8495  8483
TBILIS 1978 07 03 1  8465  8501  8530  8534  8526  8482  8556  8518  8546  8558  8576  8541
TBILIS 1978 07 03 2  8563  8553  8593  8556  8562  8551  8525  8581  8610  8604  8629  8598
TBILIS 1978 07 04 1  8625  8590  8620  8594  8546  8540  8599  8580  8609  8554  8548  8515
TBILIS 1978 07 04 2  8524  8544  8621  8670  8660  8640  8633  8597  8626  8610  8571  8561
TBILIS 1978 07 05 1  8574  8575  8606  8620  8623  8606  8673  8633  8608  8587  8559  8560
TBILIS 1978 07 05 2  8542  8557  8584  8541  8533  8498  8535  8547  8528  8572  8554  8567
TBILIS 1978 07 06 1  8522  8538  8562  8568  8536  8521  8536  8551  8561  8583  8558  8563
TBILIS 1978 07 06 2  8523  8491  8502  8514  8517  8498  8529  8573  8547  8532  8522  8557
TBILIS 1978 07 07 1  8584  8568  8521  8547  8563  8549  8556  8543  8589  8540  8590  8590
TBILIS 1978 07 07 2  8575  8594  8550  8562  8520  8588  8546  8555  8550  8552  8578  8574
TBILIS 1978 07 08 1  8558  8557  8549  8575  8608  8623  8642  8616  8640  8626  8636  8617
TBILIS 1978 07 08 2  8587  8596  8541  8544  8573  8603  8583  8590  8619  8611  8611  8584
TBILIS 1978 07 09 1  8632  8683  8619  8633  8616  8625  8623  8648  8597  8629  8643  8600
TBILIS 1978 07 09 2  8648  8614  8618  8634  8637  8641  8585  8585  8556  8530  8569  8580
TBILIS 1978 07 10 1  8548  8562  8550  8571  8564  8613  8591  8625  8637  8692  8646  8664
TBILIS 1978 07 10 2  8624  8657  8634  8607  8654  8622  8609  8635  8646  8597  8585  8581
TBILIS 1978 07 11 1  8605  8594  8621  8606  8629  8642  8600  8632  8645  8659  8662  8682
TBILIS 1978 07 11 2  8643  8672  8709  8696  8678  8710  8683  8658  8668  8664  8670  8654
TBILIS 1978 07 12 1  8638  8639  8640  8626  8624  8637  8672  8618  8649  8655  8720  8686
TBILIS 1978 07 12 2  8674  8699  8665  8660  8666  8677  8679  8695  8639  8581  8593  8582
TBILIS 1978 07 13 1  8572  8559  8596  8591  8613  8642  8653  8681  8682  8620  8586  8520
TBILIS 1978 07 13 2  8480  8504  8481  8527  8503  8486  8485  8470 99999 99999 99999 99999
TBILIS 1978 07 14 1 99999 99999 99999 99999 99999 99999 99999  8284  8326  8361  8416  8428
TBILIS 1978 07 14 2  8388  8423  8441  8418  8423 99999 99999 99999 99999 99999 99999 99999
TBILIS 1978 07 15 1 99999 99999 99999 99999  8298  8330  8319  8300  8325  8354  8370  8369
TBILIS 1978 07 15 2 99999 99999 99999 99999 99999  8386  8398  8387  8373  8372  8367  8351
TBILIS 1978 07 16 1  8375  8378  8363  8388  8366  8345  8344  8373  8396  8424  8406  8462
TBILIS 1978 07 16 2  8443  8457  8495  8493  8500  8485  8478  8498  8500  8427  8447  8426
TBILIS 1978 07 17 1  8462  8463  8426  8471  8477  8470  8486  8531  8558  8521  8509  8496
TBILIS 1978 07 17 2  8522  8483  8492  8498  8548  8540  8553  8581  8561  8572  8637  8608
TBILIS 1978 07 18 1  8596  8630  8572  8621  8616  8642  8638  8610  8625  8605  8624  8602
TBILIS 1978 07 18 2  8603  8570  8582  8618  8607  8640  8673  8650  8638  8679  8635  8630
TBILIS 1978 07 19 1  8597  8550  8624  8658  8590  8557  8589  8590  8549  8566  8586  8574
TBILIS 1978 07 19 2  8600  8559  8603  8649  8677  8671  8656  8681  8662  8668  8644  8660
TBILIS 1978 07 20 1  8629  8601  8614  8618  8635  8597  8629  8590  8614  8635  8630  8607
TBILIS 1978 07 20 2  8678  8703  8716  8687  8717  8724  8737  8743  8741  8714  8740  8708
TBILIS 1978 07 21 1  8657  8674  8640  8667  8638  8638  8615  8623  8602  8673  8637  8608
TBILIS 1978 07 21 2  8624  8642  8679  8723  8694  8703  8728  8679  8691  8673  8616  8636
TBILIS 1978 07 22 1  8604  8641  8671  8657  8655  8659  8670  8651  8643  8670  8684  8626
TBILIS 1978 07 22 2  8620  8610  8668  8626  8620  8655  8653  8643  8625  8645  8660  8635
TBILIS 1978 07 23 1  8619  8631  8619  8635  8632  8622  8648  8665  8642  8689  8685  8720
TBILIS 1978 07 23 2  8683  8652  8642  8593  8646  8621  8626  8662  8634  8656  8676  8660
TBILIS 1978 07 24 1  8673  8687  8680  8628  8626  8616  8637  8642  8631  8631  8613  8633
TBILIS 1978 07 24 2  8636  8651  8605  8616  8611  8653  8627  8672  8643  8666  8682  8678
TBILIS 1978 07 25 1  8675  8672  8614  8656  8639  8661  8597  8676  8634  8642  8645  8645
TBILIS 1978 07 25 2  8676  8629  8654  8652  8721  8715  8675  8699  8674  8707  8714  8729
TBILIS 1978 07 26 1  8719  8724  8721  8656  8631  8665  8668  8659  8663  8660  8647  8685
TBILIS 1978 07 26 2  8639  8691  8640  8675  8621  8588  8627  8648  8617  8670  8641  8646
TBILIS 1978 07 27 1  8640  8651  8662  8683  8648  8695  8667  8695  8679  8653  8646  8709
TBILIS 1978 07 27 2  8667  8646  8646  8677  8649  8649  8645  8673  8645  8653  8640  8633
TBILIS 1978 07 28 1  8646  8653  8636  8659  8665  8691  8714  8677  8669  8702  8718  8687
TBILIS 1978 07 28 2  8702  8655  8683  8681  8671  8660  8640  8660  8712  8717  8731  8690
TBILIS 1978 07 29 1  8697  8666  8667  8662  8652  8684  8687  8653  8676  8739  8710  8702
TBILIS 1978 07 29 2  8683  8712  8712  8703  8701  8684  8678  8650  8662  8673  8639  8671
TBILIS 1978 07 30 1  8654  8695  8715  8742  8735  8732  8734  8744  8721  8776  8742  8756
TBILIS 1978 07 30 2  8734  8744  8711  8743  8756  8725  8736  8700  8692  8695  8727  8707
TBILIS 1978 07 31 1  8724  8734  8700  8719  8743  8706  8730  8738  8739  8753  8734  8745
TBILIS 1978 07 31 2  8754  8758  8717  8749  8747  8738  8745  8757  8729  8730  8725  8754
Cosmic-Ray Neutron Monitor Data (Hourly, Pressure-Corrected and Scale-Adjusted Counts)
Collections: WDC for Cosmic Rays, Solar-Terrestrial Environment Laboratory, Nagoya Univ.
Data Access: http://center.stelab.nagoya-u.ac.jp/WDCCR/index.html
Project: ICSU WDC
Citation: WDC for Cosmic Rays, Solar-Terrestrial Environment Laboratory, Nagoya University
Station ID: TBILIS
Station:  TBILISI,GIORGIA,INSTITUT GEOPHYSIKY (IG), GIORGIAN ACADEMY OF SCIENCES,GIORGIA 
Instrument: 18-NM-64 NEUTRON MONITOR, CORRECTED FOR PRESSURE TO 950.0 MB, COEF. =           
Latitude (deg.):   41.72  Longitude (deg.):   44.80  Altitude (m):  510.00
Cut-Off Rigidity (GV):    6.66
Year: 1978  Month:   8
Scaling Factor (SF):    64.0   Constant (CONST):     0.0  Real Counts = (DATA + CONST)*SF
Temporal Resolution: 1 hour
UTC Start Hour:     0.0
                                                                                
                                                        
Monthly Average:  8725.0
Updated (YYYY MM DD): 1984 09 19
*******************************************************************************************
ID     YYYY MM DD 1     0     1     2     3     4     5     6     7     8     9    10    11
ID     YYYY MM DD 2    12    13    14    15    16    17    18    19    20    21    22    23
*******************************************************************************************
TBILIS 1978 08 01 1  8768  8754  8758  8759  8752  8792  8786  8759  8796  8804  8811  8804
TBILIS 1978 08 01 2  8806  8823  8832  8759  8776  8770  8748  8768  8758  8788  8790  8794
TBILIS 1978 08 02 1  8780  8769  8770  8776  8781  8746  8733  8749  8740  8776  8779  8717
TBILIS 1978 08 02 2  8742  8760  8775  8790  8758  8754  8724  8742  8719  8676  8754  8738
TBILIS 1978 08 03 1  8707  8717  8696  8710  8718  8706  8729  8762  8745  8741  8742  8752
TBILIS 1978 08 03 2  8792  8776  8770  8755  8763  8786  8806  8757  8728  8741  8749  8750
TBILIS 1978 08 04 1  8756  8785  8748  8735  8756  8748  8736  8729  8729  8786  8812  8781
TBILIS 1978 08 04 2  8743  8747  8758  8776  8744  8776  8800  8783  8743  8786  8773  8746
TBILIS 1978 08 05 1  8739  8757  8725  8718  8767  8754  8831  8826  8843  8719  8732  8718
TBILIS 1978 08 05 2  8710  8794  8742  8697  8729  8732  8713  8729  8678  8690  8706  8679
TBILIS 1978 08 06 1  8707  8692  8688  8709  8724  8724  8695  8781  8721  8766  8715  8704
TBILIS 1978 08 06 2  8693  8750  8771  8771  8769  8756  8716  8793  8700  8707  8710  8712
TBILIS 1978 08 07 1  8726  8691  8644  8648  8681  8694  8704  8728  8725  8759  8759  8746
TBILIS 1978 08 07 2  8753  8799  8747  8750  8766  8733  8725  8726  8750  8740  8735  8768
TBILIS 1978 08 08 1  8728  8718  8709  8732  8754  8716  8703  8721  8702  8769  8731  8751
TBILIS 1978 08 08 2  8784  8766  8723  8730  8749  8687  8716  8654  8687  8721  8714  8711
TBILIS 1978 08 09 1  8710  8722  8737  8705  8718  8748  8762  8740  8713  8710  8717  8734
TBILIS 1978 08 09 2  8742  8731  8781  8787  8764  8770  8709  8725  8755  8714  8717  8715
TBILIS 1978 08 10 1  8763  8752  8737  8724  8699  8695  8731  8688  8726  8699  8745  8766
TBILIS 1978 08 10 2  8725  8727  8801  8762  8815  8789  8782  8763  8820  8788  8770  8744
TBILIS 1978 08 11 1  8736  8720  8787  8720  8727  8709  8739  8755  8710  8736  8749  8744
TBILIS 1978 08 11 2  8737  8783  8800  8816  8802  8812  8774  8839  8742  8761  8730  8726
TBILIS 1978 08 12 1  8717  8726  8765  8710  8740  8776  8798  8806  8736  8752  8781  8790
TBILIS 1978 08 12 2  8753  8788  8692  8738  8753  8688  8719  8698  8704  8706  8698  8747
TBILIS 1978 08 13 1  8743  8745  8740  8799  8767  8771  8735  8790  8792  8808  8857  8843
TBILIS 1978 08 13 2  8873  8829  8867  8814  8833  8798  8773  8809  8838  8803  8843  8828
TBILIS 1978 08 14 1  8814  8777  8757  8779  8722  8783  8793  8761  8798  8837  8807  8795
TBILIS 1978 08 14 2  8811  8839  8786  8764  8759  8759  8795  8734  8784  8764  8785  8754
TBILIS 1978 08 15 1  8783  8805  8781  8759  8799  8798  8767  8778  8767  8807  8807  8800
TBILIS 1978 08 15 2  8775  8765  8744  8769  8740  8733  8719  8714  8736  8682  8675  8709
TBILIS 1978 08 16 1  8674  8738  8756  8756  8803  8779  8846  8820  8818  8813  8903  8846
TBILIS 1978 08 16 2  8843  8856  8834  8842  8820  8787  8794  8748  8783  8756  8745  8737
TBILIS 1978 08 17 1  8764  8727  8726  8723  8762  8756  8793  8754  8772  8773  8789  8829
TBILIS 1978 08 17 2  8842  8813  8771  8756  8751  8762  8792  8768  8770  8747  8725  8682
TBILIS 1978 08 18 1  8747  8706  8691  8721  8740  8762  8794  8757  8786  8768  8791  8836
TBILIS 1978 08 18 2  8748  8739  8704  8703  8658  8603  8628  8577  8593  8601  8578  8579
TBILIS 1978 08 19 1  8551  8577  8615  8576  8564  8557  8554  8539  8537  8527  8575  8559
TBILIS 1978 08 19 2  8638  8606  8631  8658  8609  8627  8630  8603  8568  8612  8588  8555
TBILIS 1978 08 20 1  8592  8594  8614  8624  8616  8630  8590  8612  8651  8643  8666  8700
TBILIS 1978 08 20 2  8646  8639  8639  8653  8572  8585  8588  8580  8573  8564  8563  8528
TBILIS 1978 08 21 1  8502  8556  8560  8545  8545  8574  8579  8577  8587  8592  8599  8608
TBILIS 1978 08 21 2  8646  8670  8606  8617  8583  8612  8597  8634  8614  8631  8620  8624
TBILIS 1978 08 22 1  8608  8585  8605  8593  8638  8642  8612  8614  8644  8657  8628  8650
TBILIS 1978 08 22 2  8642  8633  8628  8627  8635  8569  8529  8532  8547  8552  8556  8552
TBILIS 1978 08 23 1  8564  8577  8558  8592  8575  8581  8608  8584  8625  8644  8600  8592
TBILIS 1978 08 23 2  8664  8610  8607  8635  8632  8589  8616  8611  8584  8669  8641  8673
TBILIS 1978 08 24 1  8637  8652  8630  8661  8663  8631  8596  8597  8616  8650  8706  8707
TBILIS 1978 08 24 2  8666  8674  8688  8646  8662  8680  8688  8718  8677  8729  8692  8705
TBILIS 1978 08 25 1  8707  8716  8722  8706  8736  8722  8660  8706  8699  8738  8746  8730
TBILIS 1978 08 25 2  8757  8731  8730  8721  8723  8709  8699  8700  8721  8709  8703  8736
TBILIS 1978 08 26 1  8738  8758  8726  8709  8747  8781  8774  8774  8761  8786  8752  8791
TBILIS 1978 08 26 2  8757  8771  8709  8701  8682  8690  8646  8691  8606  8641  8658  8638
TBILIS 1978 08 27 1  8668  8689  8687  8699  8698  8734  8732  8765  8777  8787  8797  8806
TBILIS 1978 08 27 2  8794  8831  8835  8801  8804  8756  8737  8738  8713  8679  8674  8710
TBILIS 1978 08 28 1  8720  8729  8757  8734  8757  8792  8849  8886  8944  8962  8961  8960
TBILIS 1978 08 28 2  8898  8932  8959  8897  8882  8893  8858  8871  8839  8832  8821  8783
TBILIS 1978 08 29 1  8784  8828  8751  8803  8773  8820  8780  8749  8731  8742  8771  8810
TBILIS 1978 08 29 2  8798  8798  8805  8726  8745  8645  8691  8688  8700 99999 99999  8653
TBILIS 1978 08 30 1  8664  8714  8689  8658  8654  8658  8719  8728  8727  8747  8716  8723
TBILIS 1978 08 30 2  8717  8782  8738  8753  8734  8738  8718  8721  8690  8732  8728  8737
TBILIS 1978 08 31 1  8742  8714  8712  8729  8741  8727  8718  8778  8827  8848  8825  8791
TBILIS 1978 08 31 2  8788  8778  8822  8763  8765  8759  8715  8718  8706  8682  8691  8671
Cosmic-Ray Neutron Monitor Data (Hourly, Pressure-Corrected and Scale-Adjusted Counts)
Collections: WDC for Cosmic Rays, Solar-Terrestrial Environment Laboratory, Nagoya Univ.
Data Access: http://center.stelab.nagoya-u.ac.jp/WDCCR/index.html
Project: ICSU WDC
Citation: WDC for Cosmic Rays, Solar-Terrestrial Environment Laboratory, Nagoya University
Station ID: TBILIS
Station:  TBILISI,GIORGIA,INSTITUT GEOPHYSIKY (IG), GIORGIAN ACADEMY OF SCIENCES,GIORGIA 
Instrument: 18-NM-64 NEUTRON MONITOR, CORRECTED FOR PRESSURE TO 950.0 MB, COEF. =           
Latitude (deg.):   41.72  Longitude (deg.):   44.80  Altitude (m):  510.00
Cut-Off Rigidity (GV):    6.66
Year: 1978  Month:   9
Scaling Factor (SF):    64.0   Constant (CONST):     0.0  Real Counts = (DATA + CONST)*SF
Temporal Resolution: 1 hour
UTC Start Hour:     0.0
                                                                                
                                                        
Monthly Average:  8724.3
Updated (YYYY MM DD): 1984 09 19
*******************************************************************************************
ID     YYYY MM DD 1     0     1     2     3     4     5     6     7     8     9    10    11
ID     YYYY MM DD 2    12    13    14    15    16    17    18    19    20    21    22    23
*******************************************************************************************
TBILIS 1978 09 01 1  8678  8669  8687  8714  8713  8702  8762  8764  8735  8781  8786  8806
TBILIS 1978 09 01 2  8792  8790  8772  8802  8803  8789  8771  8778  8757  8757  8731  8731
TBILIS 1978 09 02 1  8756  8723  8744  8747  8756  8777  8727  8753  8770  8744  8777  8792
TBILIS 1978 09 02 2  8777  8801  8774  8766  8752  8758  8767  8768  8770  8756  8740  8725
TBILIS 1978 09 03 1  8793  8791  8769  8751  8729  8762  8793  8813  8817  8826  8777  8759
TBILIS 1978 09 03 2  8771  8774  8779  8769  8760  8777  8780  8735  8767  8731  8702  8717
TBILIS 1978 09 04 1  8697  8739  8726  8737  8733  8733  8756  8738  8812  8789  8810  8822
TBILIS 1978 09 04 2  8867  8804  8816  8873  8833  8865  8818  8811  8767  8798  8803  8784
TBILIS 1978 09 05 1  8773  8754  8810  8786  8768  8803  8746  8821  8768  8781  8782  8798
TBILIS 1978 09 05 2  8838  8810  8873  8863  8856  8817  8837  8809  8815  8804  8820  8755
TBILIS 1978 09 06 1  8788  8760  8752  8723  8666  8714  8736  8730  8756  8770  8760  8705
TBILIS 1978 09 06 2  8728  8711  8689  8702  8760  8741  8744  8760  8779  8779  8744  8769
TBILIS 1978 09 07 1  8766  8737  8769  8744  8781  8746  8785  8708  8755  8814  8790  8785
TBILIS 1978 09 07 2  8803  8841  8849  8861  8838  8845  8868  8863  8831  8797  8752  8788
TBILIS 1978 09 08 1  8756  8776  8832  8785  8797  8763  8728  8766  8725  8739  8742  8675
TBILIS 1978 09 08 2  8702  8724  8711  8752  8738  8786  8758  8794  8746  8744  8729  8733
TBILIS 1978 09 09 1  8720  8723  8689  8670  8650  8686  8745  8621  8715  8726  8771  8748
TBILIS 1978 09 09 2  8737  8795  8763  8756  8742  8746  8749  8713  8712  8724  8728  8769
TBILIS 1978 09 10 1  8807  8830  8740  8771  8760  8802  8742  8754  8751  8741  8764  8726
TBILIS 1978 09 10 2  8768  8762  8745  8719  8751  8755  8770  8759  8764  8760  8765  8751
TBILIS 1978 09 11 1  8756  8773  8748  8719  8674  8680  8695  8707  8737  8752  8751  8747
TBILIS 1978 09 11 2  8765  8763  8776  8871  8810  8809  8796  8824  8796  8797  8799  8782
TBILIS 1978 09 12 1  8801  8773  8758  8807  8802  8797  8796  8802  8818  8835  8858  8897
TBILIS 1978 09 12 2  8935  8915  8872  8887  8901  8860  8855  8864  8867  8828  8788  8828
TBILIS 1978 09 13 1  8818  8849  8820  8805  8826  8832  8829  8824  8879  8918  8870  8837
TBILIS 1978 09 13 2  8849  8803  8805  8835  8806  8869  8829  8859  8814  8788  8771  8721
TBILIS 1978 09 14 1  8757  8740  8763  8773  8727  8733  8713  8724  8736  8735  8812  8766
TBILIS 1978 09 14 2  8777  8786  8795  8794  8756  8736  8705  8687  8753  8686  8689  8681
TBILIS 1978 09 15 1  8690  8699  8721  8674  8702  8741  8793  8766  8788  8810  8802  8836
TBILIS 1978 09 15 2  8808  8811  8771  8806  8768  8779  8715  8706  8703  8706  8703  8697
TBILIS 1978 09 16 1  8711  8736  8684  8673  8687  8719  8722  8701  8687  8729  8748  8736
TBILIS 1978 09 16 2  8755  8700  8689  8712  8696  8701  8718  8763  8740  8744  8732  8733
TBILIS 1978 09 17 1  8689  8705  8724  8711  8717  8694  8715  8739  8757  8790  8790  8766
TBILIS 1978 09 17 2  8749  8718  8728  8748  8762  8735  8815  8704  8731  8720  8688  8703
TBILIS 1978 09 18 1  8698  8708  8726  8735  8692  8721  8696  8682  8737  8747  8739  8840
TBILIS 1978 09 18 2  8788  8797  8729  8713  8742  8680  8731  8770  8750  8733  8731  8767
TBILIS 1978 09 19 1  8781  8792  8748  8711  8765  8734  8710  8745  8752  8785  8780  8747
TBILIS 1978 09 19 2  8734  8705  8767  8760  8689  8713  8733  8683  8683  8667  8629  8703
TBILIS 1978 09 20 1  8671  8688  8689  8675  8674  8721  8712  8672  8734  8713  8753  8713
TBILIS 1978 09 20 2  8751  8740  8712  8752  8730  8708  8727  8690  8690  8709  8720  8671
TBILIS 1978 09 21 1  8615  8682  8650  8719  8721  8670  8738  8720  8732  8733  8786  8761
TBILIS 1978 09 21 2  8751  8786  8735  8735  8744  8737  8740  8683  8696  8692  8667  8654
TBILIS 1978 09 22 1  8628  8656  8649  8650  8720  8712  8734  8786  8765  8783  8734  8797
TBILIS 1978 09 22 2  8834  8810  8864  8828  8821  8822  8852  8809  8800  8777  8765  8776
TBILIS 1978 09 23 1  8753  8750  8787  8803  8798  8746  8772  8768  8772  8837  8826  8813
TBILIS 1978 09 23 2  8847  8864  8814  8815  8804  8788  8815  8815  8818  8768  8814  8775
TBILIS 1978 09 24 1  8787  8835  8775  8783  8778  8781  8755  8819  8810  8813  8886  8826
TBILIS 1978 09 24 2  8861  8870  8841  8853  8770  8814  8708  8716  8702  8697  8706  8645
TBILIS 1978 09 25 1  8661  8655  8682  8628  8672  8660  8673  8619  8670  8644  8674  8745
TBILIS 1978 09 25 2  8758  8845  8753  8769  8742  8644  8710  8698  8760  8737  8652  8643
TBILIS 1978 09 26 1  8633  8603  8623  8581  8537  8537  8550  8547  8655  8685  8677  8674
TBILIS 1978 09 26 2  8640  8653  8634  8714  8672  8656  8589  8593  8605  8621  8558  8655
TBILIS 1978 09 27 1  8599  8641  8640  8614  8612  8653  8672  8655  8625  8631  8619  8644
TBILIS 1978 09 27 2  8611  8582  8614  8629  8649  8606  8617  8653  8631  8619  8647  8544
TBILIS 1978 09 28 1  8533  8577  8535  8584  8573  8649  8640  8604  8664  8681  8695  8722
TBILIS 1978 09 28 2  8671  8681  8650  8651  8637  8607  8618  8626  8616  8645  8620  8614
TBILIS 1978 09 29 1  8586  8542  8583  8487  8579  8571  8510  8628  8574  8474  8516  8526
TBILIS 1978 09 29 2  8531  8439  8370  8317  8402  8399  8430  8441  8427  8432  8431  8505
TBILIS 1978 09 30 1  8481  8446  8421  8400  8411  8361  8390  8405  8446  8492  8526  8492
TBILIS 1978 09 30 2  8471  8501  8441  8491  8440  8417  8353  8295  8283  8306  8343  8339
TBILIS 1978 09 31 1 99999 99999 99999 99999 99999 99999 99999 99999 99999 99999 99999 99999
TBILIS 1978 09 31 2 99999 99999 99999 99999 99999 99999 99999 99999 99999 99999 99999 99999
Cosmic-Ray Neutron Monitor Data (Hourly, Pressure-Corrected and Scale-Adjusted Counts)
Collections: WDC for Cosmic Rays, Solar-Terrestrial Environment Laboratory, Nagoya Univ.
Data Access: http://center.stelab.nagoya-u.ac.jp/WDCCR/index.html
Project: ICSU WDC
Citation: WDC for Cosmic Rays, Solar-Terrestrial Environment Laboratory, Nagoya University
Station ID: TBILIS
Station:  TBILISI,GIORGIA,INSTITUT GEOPHYSIKY (IG), GIORGIAN ACADEMY OF SCIENCES,GIORGIA 
Instrument: 18-NM-64 NEUTRON MONITOR, CORRECTED FOR PRESSURE TO 950.0 MB, COEF. =           
Latitude (deg.):   41.72  Longitude (deg.):   44.80  Altitude (m):  510.00
Cut-Off Rigidity (GV):    6.66
Year: 1978  Month:  10
Scaling Factor (SF):    64.0   Constant (CONST):     0.0  Real Counts = (DATA + CONST)*SF
Temporal Resolution: 1 hour
UTC Start Hour:     0.0
                                                                                
                                                        
Monthly Average:  8581.3
Updated (YYYY MM DD): 1984 09 19
*******************************************************************************************
ID     YYYY MM DD 1     0     1     2     3     4     5     6     7     8     9    10    11
ID     YYYY MM DD 2    12    13    14    15    16    17    18    19    20    21    22    23
*******************************************************************************************
TBILIS 1978 10 01 1  8374  8301  8336  8415  8452  8421  8484  8486  8437  8504  8510  8475
TBILIS 1978 10 01 2  8448  8481  8455  8458  8503  8508  8475  8447  8452  8416  8422  8468
TBILIS 1978 10 02 1  8452  8460  8502  8455  8459  8483  8539  8495  8523  8531  8469  8503
TBILIS 1978 10 02 2  8522  8507  8522  8519  8513  8520  8530  8536  8484  8463  8526  8563
TBILIS 1978 10 03 1  8537  8530  8534  8540  8554  8566  8565  8548  8586  8595  8538  8610
TBILIS 1978 10 03 2  8630  8624  8634  8592  8631  8585  8617  8646  8639  8617  8610  8654
TBILIS 1978 10 04 1  8650  8614  8618  8610  8646  8627  8607  8633  8616  8647  8624  8575
TBILIS 1978 10 04 2  8610  8538  8557  8509  8493  8488  8518  8524  8532  8552  8573  8561
TBILIS 1978 10 05 1  8553  8585  8610  8552  8583  8550  8563  8538  8591  8526  8549  8571
TBILIS 1978 10 05 2  8527  8555  8507  8522  8544  8536  8558  8593  8554  8551  8572  8580
TBILIS 1978 10 06 1  8618  8597  8611  8605  8579  8631  8621  8593  8593  8559  8644  8596
TBILIS 1978 10 06 2  8599  8578  8549  8585  8554  8575  8595  8566  8543  8568  8553  8571
TBILIS 1978 10 07 1  8608  8608  8617  8598  8609  8598  8607  8622  8645  8647  8678  8613
TBILIS 1978 10 07 2  8641  8613  8596  8603  8691  8668  8626  8642  8687  8700  8708  8682
TBILIS 1978 10 08 1  8683  8638  8652  8635  8667  8668  8649  8635  8632  8610  8646  8646
TBILIS 1978 10 08 2  8622  8656  8626  8546  8576  8594  8643  8634  8682  8710  8672  8665
TBILIS 1978 10 09 1  8665  8646  8655  8672  8632  8575  8588  8616  8602  8699  8689  8679
TBILIS 1978 10 09 2  8666  8691  8696  8669  8637  8666  8652  8676  8658  8705  8677  8667
TBILIS 1978 10 10 1  8699  8708  8691  8664  8677  8752  8657  8637  8641  8647  8678  8731
TBILIS 1978 10 10 2  8653  8672  8680  8664  8656  8662  8641  8611  8687  8678  8634  8649
TBILIS 1978 10 11 1  8646  8666  8667  8663  8630  8640  8649  8667  8669  8642  8724  8680
TBILIS 1978 10 11 2  8699  8692  8681  8626  8623  8594  8624  8621  8659  8645  8624  8622
TBILIS 1978 10 12 1  8670  8689  8659  8671  8623  8643  8598  8565  8549  8579  8557  8618
TBILIS 1978 10 12 2  8627  8640  8626  8602  8609  8611  8620  8598  8617  8584  8597  8602
TBILIS 1978 10 13 1  8644  8660  8598  8569  8562  8501  8561  8549  8551  8556  8542  8598
TBILIS 1978 10 13 2  8600  8589  8604  8545  8559  8532  8552  8597  8611  8584  8538  8488
TBILIS 1978 10 14 1  8502  8485  8473  8510  8481  8472  8489  8531  8529  8525  8560  8576
TBILIS 1978 10 14 2  8538  8536  8531  8512  8469  8508  8529  8466  8484  8509  8465  8493
TBILIS 1978 10 15 1  8513  8501  8539  8526  8504  8445  8516  8474  8471  8484  8536  8519
TBILIS 1978 10 15 2  8528  8534  8509  8516  8515  8523  8548  8497  8485  8500  8492  8473
TBILIS 1978 10 16 1  8514  8473  8482  8510  8476  8506  8499  8497  8501  8531  8540  8550
TBILIS 1978 10 16 2  8536  8552  8550  8533  8518  8543  8538  8510  8542  8531  8563  8491
TBILIS 1978 10 17 1  8508  8517  8566  8562  8558  8547  8557  8559  8543  8557  8583  8549
TBILIS 1978 10 17 2  8572  8586  8571  8538  8628  8616  8594  8558  8569  8516  8497  8565
TBILIS 1978 10 18 1  8552  8545  8623  8634  8624  8625  8629  8616  8631  8662  8681  8643
TBILIS 1978 10 18 2  8606  8626  8662  8584  8625  8553  8590  8613  8584  8626  8607  8637
TBILIS 1978 10 19 1  8631  8629  8653  8600  8594  8581  8576  8659  8627  8633  8622  8657
TBILIS 1978 10 19 2  8616  8625  8608  8585  8553  8562  8550  8622  8525  8573  8542  8618
TBILIS 1978 10 20 1  8604  8532  8642  8594  8621  8610  8636  8623  8647  8690  8682  8696
TBILIS 1978 10 20 2  8679  8664  8635  8652  8638  8647  8660  8663  8667  8633  8676  8595
TBILIS 1978 10 21 1  8647  8639  8644  8652  8693  8694  8688  8676  8681  8683  8746  8750
TBILIS 1978 10 21 2  8749  8731  8785  8714  8722  8726  8746  8705  8690  8716  8655  8657
TBILIS 1978 10 22 1  8706  8665  8621  8697  8688  8659  8725  8713  8711  8713  8722  8729
TBILIS 1978 10 22 2  8700  8738  8727  8726  8746  8789  8754  8757  8734  8711  8731  8726
TBILIS 1978 10 23 1  8728  8739  8714  8738  8760  8717  8712  8677 99999 99999 99999 99999
TBILIS 1978 10 23 2 99999 99999 99999 99999 99999 99999 99999 99999 99999 99999 99999 99999
TBILIS 1978 10 24 1 99999 99999 99999 99999 99999  8582  8544  8561  8581  8629  8661  8671
TBILIS 1978 10 24 2  8649  8635  8621  8615  8616  8630  8646  8628  8596  8635  8632  8584
TBILIS 1978 10 25 1  8558  8593  8558  8591  8570  8532  8512  8516  8501  8534  8600  8618
TBILIS 1978 10 25 2  8624  8641  8584  8603  8616  8601  8643  8636  8631  8599  8613  8589
TBILIS 1978 10 26 1  8591  8604  8631  8581  8615  8554  8541  8555  8540  8540  8635  8543
TBILIS 1978 10 26 2  8561  8571  8616  8634  8632  8650  8685  8622  8548  8541  8515  8481
TBILIS 1978 10 27 1  8501  8540  8551  8570  8495  8490  8461  8483  8487  8449  8516  8523
TBILIS 1978 10 27 2  8563  8499  8512  8538  8568  8558  8559  8513  8439  8470  8495  8471
TBILIS 1978 10 28 1  8536  8520  8492  8505  8475  8472  8465  8446  8451  8477  8437  8420
TBILIS 1978 10 28 2  8446  8426  8482  8498  8521  8494  8517  8528  8481  8501  8553  8521
TBILIS 1978 10 29 1  8538  8494  8482  8492  8417  8450  8409  8451  8452  8441  8461  8483
TBILIS 1978 10 29 2  8490  8518  8491  8567  8537  8545  8549  8542  8488  8528  8472  8492
TBILIS 1978 10 30 1  8496  8497  8494  8507  8452  8500  8502  8445  8471  8505  8495  8491
TBILIS 1978 10 30 2  8525  8509  8493  8518  8557  8543  8535  8478  8491  8515  8510  8501
TBILIS 1978 10 31 1  8576  8531  8574  8530  8567  8548  8547  8536  8580  8599  8568  8581
TBILIS 1978 10 31 2  8538  8585  8563  8548  8524  8541  8483  8527  8532  8528  8542  8543
Cosmic-Ray Neutron Monitor Data (Hourly, Pressure-Corrected and Scale-Adjusted Counts)
Collections: WDC for Cosmic Rays, Solar-Terrestrial Environment Laboratory, Nagoya Univ.
Data Access: http://center.stelab.nagoya-u.ac.jp/WDCCR/index.html
Project: ICSU WDC
Citation: WDC for Cosmic Rays, Solar-Terrestrial Environment Laboratory, Nagoya University
Station ID: TBILIS
Station:  TBILISI,GIORGIA,INSTITUT GEOPHYSIKY (IG), GIORGIAN ACADEMY OF SCIENCES,GIORGIA 
Instrument: 18-NM-64 NEUTRON MONITOR, CORRECTED FOR PRESSURE TO 950.0 MB, COEF. =           
Latitude (deg.):   41.72  Longitude (deg.):   44.80  Altitude (m):  510.00
Cut-Off Rigidity (GV):    6.66
Year: 1978  Month:  11
Scaling Factor (SF):    64.0   Constant (CONST):     0.0  Real Counts = (DATA + CONST)*SF
Temporal Resolution: 1 hour
UTC Start Hour:     0.0
                                                                                
                                                        
Monthly Average:  8591.2
Updated (YYYY MM DD): 1984 09 19
*******************************************************************************************
ID     YYYY MM DD 1     0     1     2     3     4     5     6     7     8     9    10    11
ID     YYYY MM DD 2    12    13    14    15    16    17    18    19    20    21    22    23
*******************************************************************************************
TBILIS 1978 11 01 1  8516  8462  8499  8540  8528  8564  8525  8494  8524  8530  8515  8553
TBILIS 1978 11 01 2  8489  8465  8482  8534  8500  8519  8558  8527  8487  8527  8514  8547
TBILIS 1978 11 02 1  8521  8562  8488  8489  8508  8457  8456  8431  8496  8518  8571  8560
TBILIS 1978 11 02 2  8531  8612  8488  8529  8558  8482  8483  8505  8446  8452  8465  8457
TBILIS 1978 11 03 1  8493  8468  8544  8518  8562  8541  8573  8559  8504  8506  8514  8469
TBILIS 1978 11 03 2  8484  8473  8516  8534  8576  8581  8564  8548  8562  8601  8567  8523
TBILIS 1978 11 04 1  8549  8558  8518  8537  8574  8554  8614  8552  8531  8568  8560  8592
TBILIS 1978 11 04 2  8544  8545  8528  8504  8513  8506  8493  8522  8538  8511  8523  8538
TBILIS 1978 11 05 1  8529  8588  8601  8575  8596  8623  8578  8595  8570  8610  8634  8621
TBILIS 1978 11 05 2  8620  8615  8576  8575  8583  8604  8548  8568  8583  8554  8560  8626
TBILIS 1978 11 06 1  8624  8587  8613  8602  8614  8629  8585  8623  8632  8667  8680  8663
TBILIS 1978 11 06 2  8675  8656  8701  8658  8666  8694  8724  8726  8704  8655  8724  8682
TBILIS 1978 11 07 1  8680  8691  8711  8690  8689  8685  8739  8689  8685  8761  8743  8718
TBILIS 1978 11 07 2  8723  8721  8702  8681  8736  8765  8746  8774  8788  8771  8809  8808
TBILIS 1978 11 08 1  8878  8854  8814  8802  8785  8754  8723  8744  8711  8738  8757  8736
TBILIS 1978 11 08 2  8710  8717  8669  8676  8630  8696  8692  8668  8660  8667  8641  8630
TBILIS 1978 11 09 1  8665  8661  8633  8659  8691  8677  8694  8687  8688  8710  8706  8715
TBILIS 1978 11 09 2  8722  8709  8675  8703  8696  8713  8656  8646  8704  8702  8704  8679
TBILIS 1978 11 10 1  8719  8614  8562  8641  8610  8642  8667  8655  8660  8701  8713  8722
TBILIS 1978 11 10 2  8714  8717  8700  8700  8670  8786  8788  8774  8771  8793  8727  8705
TBILIS 1978 11 11 1  8710  8692  8704  8726  8698  8707  8682  8681  8703  8709  8756  8690
TBILIS 1978 11 11 2  8695  8679  8677  8737  8693  8680  8682  8685  8686  8672  8713  8744
TBILIS 1978 11 12 1  8719  8632  8661  8606  8579  8536  8467  8456  8505  8516  8524  8553
TBILIS 1978 11 12 2  8521  8537  8499  8478  8536  8510  8601  8542  8508  8535  8550  8540
TBILIS 1978 11 13 1  8538  8555  8547  8556  8563  8514  8527  8546  8542  8577  8489  8508
TBILIS 1978 11 13 2  8532  8504  8517  8518  8548  8520  8580  8592  8633  8631  8652  8629
TBILIS 1978 11 14 1  8594  8608  8569  8556  8575  8555  8565  8494  8528  8553  8544  8568
TBILIS 1978 11 14 2  8565  8561  8561  8479  8541  8549  8504  8511  8552  8549  8530  8533
TBILIS 1978 11 15 1  8503  8507  8516  8566  8601  8606  8593  8592  8581  8568  8578  8546
TBILIS 1978 11 15 2  8558  8531  8503  8541  8500  8548  8534  8552  8583  8540  8574  8589
TBILIS 1978 11 16 1  8594  8552  8585  8621  8627  8601  8606  8615  8617  8624  8553  8557
TBILIS 1978 11 16 2  8521  8503  8525  8506  8480  8479  8524  8519  8537  8580  8572  8549
TBILIS 1978 11 17 1  8578  8607  8564  8619  8607  8621  8630  8637  8673  8670  8696  8681
TBILIS 1978 11 17 2  8681  8644  8610  8625  8618  8595  8614  8607  8605  8572  8605  8637
TBILIS 1978 11 18 1  8643  8671  8660  8641  8658  8661  8694  8657  8642  8713  8685  8671
TBILIS 1978 11 18 2  8662  8684  8642  8626  8609  8636  8654  8606  8629  8615  8627  8635
TBILIS 1978 11 19 1  8650  8651  8660  8693  8661  8632  8620  8613  8609  8635  8704  8678
TBILIS 1978 11 19 2  8688  8698  8620  8685  8688  8642  8634  8616  8626  8660  8623  8527
TBILIS 1978 11 20 1  8526  8556  8544  8571  8573  8526  8538  8621  8606  8622  8614  8608
TBILIS 1978 11 20 2  8624  8591  8553  8591  8555  8586  8541  8554  8536  8535  8537  8548
TBILIS 1978 11 21 1  8526  8560  8563  8537  8576  8608  8600  8600  8620  8600  8640  8618
TBILIS 1978 11 21 2  8576  8529  8516  8537  8544  8483  8449  8464  8451  8445  8473  8455
TBILIS 1978 11 22 1  8451  8481  8502  8521  8572  8599  8624  8632  8631  8676  8658  8676
TBILIS 1978 11 22 2  8665  8672  8689  8630  8639  8613  8541  8533  8525  8487  8535  8496
TBILIS 1978 11 23 1  8604  8576  8577  8582  8632  8622  8582  8612  8532  8573  8619  8542
TBILIS 1978 11 23 2  8531  8504  8516  8462  8537  8542  8503  8506  8499  8482  8480  8516
TBILIS 1978 11 24 1  8557  8493  8537  8490  8509  8497  8510  8429  8470  8510  8505  8455
TBILIS 1978 11 24 2  8551  8400  8474  8458  8523  8487  8509  8563  8576  8505  8389  8304
TBILIS 1978 11 25 1  8332  8322  8326  8384  8462  8485  8515  8519  8525  8542  8556  8553
TBILIS 1978 11 25 2  8531  8559  8578  8573  8614  8644  8624  8552  8551  8522  8503  8516
TBILIS 1978 11 26 1  8546  8538  8540  8491  8506  8458  8476  8494  8548  8577  8671  8636
TBILIS 1978 11 26 2  8553  8588  8582  8547  8569  8549  8548  8540  8537  8506  8528  8504
TBILIS 1978 11 27 1  8489  8489  8477  8491  8507  8566  8558  8584  8609  8627  8627  8628
TBILIS 1978 11 27 2  8615  8624  8646  8638  8576  8595  8605  8559  8562  8526  8510  8533
TBILIS 1978 11 28 1  8558  8573  8582  8594  8613  8602  8619  8640  8633  8665  8711  8684
TBILIS 1978 11 28 2  8675  8620  8607  8641  8574  8586  8607  8649  8640  8640  8688  8662
TBILIS 1978 11 29 1  8621  8670  8653  8669  8616 99999 99999 99999 99999 99999 99999 99999
TBILIS 1978 11 29 2 99999 99999 99999 99999 99999 99999 99999 99999 99999 99999 99999 99999
TBILIS 1978 11 30 1 99999 99999 99999 99999 99999 99999 99999 99999 99999 99999 99999 99999
TBILIS 1978 11 30 2 99999 99999 99999 99999 99999 99999 99999 99999 99999 99999 99999 99999
TBILIS 1978 11 31 1 99999 99999 99999 99999 99999 99999 99999 99999 99999 99999 99999 99999
TBILIS 1978 11 31 2 99999 99999 99999 99999 99999 99999 99999 99999 99999 99999 99999 99999
Cosmic-Ray Neutron Monitor Data (Hourly, Pressure-Corrected and Scale-Adjusted Counts)
Collections: WDC for Cosmic Rays, Solar-Terrestrial Environment Laboratory, Nagoya Univ.
Data Access: http://center.stelab.nagoya-u.ac.jp/WDCCR/index.html
Project: ICSU WDC
Citation: WDC for Cosmic Rays, Solar-Terrestrial Environment Laboratory, Nagoya University
Station ID: TBILIS
Station:  TBILISI,GIORGIA,INSTITUT GEOPHYSIKY (IG), GIORGIAN ACADEMY OF SCIENCES,GIORGIA 
Instrument: 18-NM-64 NEUTRON MONITOR, CORRECTED FOR PRESSURE TO 950.0 MB, COEF. =           
Latitude (deg.):   41.72  Longitude (deg.):   44.80  Altitude (m):  510.00
Cut-Off Rigidity (GV):    6.66
Year: 1978  Month:  12
Scaling Factor (SF):    64.0   Constant (CONST):     0.0  Real Counts = (DATA + CONST)*SF
Temporal Resolution: 1 hour
UTC Start Hour:     0.0
                                                                                
                                                        
Monthly Average:  8605.5
Updated (YYYY MM DD): 1984 09 19
*******************************************************************************************
ID     YYYY MM DD 1     0     1     2     3     4     5     6     7     8     9    10    11
ID     YYYY MM DD 2    12    13    14    15    16    17    18    19    20    21    22    23
*******************************************************************************************
TBILIS 1978 12 01 1  8724  8742  8698  8765  8711  8710  8707  8704  8716  8747  8760  8757
TBILIS 1978 12 01 2  8731  8769  8772  8839  8793  8736  8740  8747  8754  8740  8731  8732
TBILIS 1978 12 02 1  8786  8733  8735  8690  8665  8655  8749  8696  8750  8765  8810  8784
TBILIS 1978 12 02 2  8764  8733  8762  8718  8717  8759  8779  8742  8731  8690  8707  8725
TBILIS 1978 12 03 1  8734  8703  8745  8739  8727  8791  8804  8749  8758  8749  8720  8752
TBILIS 1978 12 03 2  8729  8701  8704  8705  8716  8663  8710  8709  8707  8670  8705  8691
TBILIS 1978 12 04 1  8650  8672  8704  8711  8738  8742  8761  8717  8748  8701  8736  8713
TBILIS 1978 12 04 2  8711  8712  8703  8639  8650  8658  8590  8621  8638  8630  8627  8644
TBILIS 1978 12 05 1  8624  8641  8648  8626  8660  8685  8662  8646  8633  8631  8668  8648
TBILIS 1978 12 05 2  8620  8623  8634  8582  8578  8606  8572  8631  8611  8578  8544  8542
TBILIS 1978 12 06 1  8570  8567  8581  8573  8605  8599  8564  8615  8595  8600  8618  8663
TBILIS 1978 12 06 2  8603  8499  8602  8569  8573  8569  8583  8620  8577  8593  8608  8645
TBILIS 1978 12 07 1  8640  8657  8619  8598  8628  8624  8624  8621  8635  8673  8684  8657
TBILIS 1978 12 07 2  8670  8681  8687  8711  8644  8684  8701  8741  8718  8691  8719  8690
TBILIS 1978 12 08 1  8658  8683  8680  8663  8672  8686  8703  8660  8657  8681  8663  8665
TBILIS 1978 12 08 2  8684  8674  8687  8707  8669  8643  8699  8672  8695  8675  8707  8690
TBILIS 1978 12 09 1  8687  8697  8721  8723  8711  8677  8706  8666  8637  8693  8728  8677
TBILIS 1978 12 09 2  8669  8651  8660  8662  8658  8657  8673  8689  8697  8719  8774  8744
TBILIS 1978 12 10 1  8773  8748  8732  8707  8667  8646  8608  8633  8608  8615  8684  8631
TBILIS 1978 12 10 2  8620  8611  8639  8576  8617  8651  8687  8663  8728  8706  8685  8655
TBILIS 1978 12 11 1  8671  8638  8652  8633  8651  8633  8616  8623  8626  8648  8626  8622
TBILIS 1978 12 11 2  8614  8669  8674  8725  8712  8716  8760  8699  8745  8739  8740  8706
TBILIS 1978 12 12 1  8679  8661  8614  8606  8618  8647  8653  8600  8661  8639  8670  8709
TBILIS 1978 12 12 2  8689  8675  8752  8727  8728  8746  8674  8752  8757  8724  8765  8702
TBILIS 1978 12 13 1  8749  8736  8744  8767  8743  8751  8746  8690  8688  8670  8701  8686
TBILIS 1978 12 13 2  8664  8650  8687  8705  8688  8716  8704  8754  8692  8709  8715  8691
TBILIS 1978 12 14 1  8682  8761  8688  8690  8556  8567  8596  8594  8605  8594  8600  8507
TBILIS 1978 12 14 2  8594  8594  8596  8599  8581  8555  8571  8549  8552  8604  8614  8617
TBILIS 1978 12 15 1  8601  8621  8584  8680  8675  8663  8678  8649  8661  8700  8719  8694
TBILIS 1978 12 15 2  8705  8678  8633  8670  8671  8660  8725  8662  8696  8681  8689  8642
TBILIS 1978 12 16 1  8611  8643  8682  8622  8647  8640  8602  8608  8628  8641  8633  8640
TBILIS 1978 12 16 2  8615  8616  8632  8610  8636  8665  8692  8729  8629  8584  8589  8549
TBILIS 1978 12 17 1  8580  8612  8635  8628  8611  8615  8623  8576  8610  8626  8640  8633
TBILIS 1978 12 17 2  8660  8609  8628  8642  8658  8640  8607  8620  8607  8619  8602  8615
TBILIS 1978 12 18 1  8590  8632  8613  8624  8610  8631  8672  8701  8701  8685  8696  8749
TBILIS 1978 12 18 2  8800  8776  8810  8716  8735  8741  8732  8742  8708  8641  8645  8658
TBILIS 1978 12 19 1  8624  8619  8683  8660  8606  8659  8629  8660  8674  8724  8698  8751
TBILIS 1978 12 19 2  8736  8725  8740  8714  8596  8664  8657  8625  8593  8557  8585  8557
TBILIS 1978 12 20 1  8549  8527  8566  8565  8602  8598  8618  8597  8595  8636  8615  8629
TBILIS 1978 12 20 2  8612  8560  8607  8621  8584  8580  8562  8554  8523  8521  8511  8493
TBILIS 1978 12 21 1  8429  8477  8434  8458  8495  8566  8537  8526  8521  8482  8563  8550
TBILIS 1978 12 21 2  8512  8445  8516  8512  8558  8497  8510  8489  8459  8491  8446  8411
TBILIS 1978 12 22 1  8360  8367  8342  8342  8388  8384  8279  8272  8304  8359  8372  8418
TBILIS 1978 12 22 2  8412  8408  8412  8425  8452  8448  8451  8522  8509  8512  8497  8477
TBILIS 1978 12 23 1  8519  8511  8505  8438  8454  8420  8455  8415  8490  8510  8537  8532
TBILIS 1978 12 23 2  8503  8492  8514  8485  8435  8445  8462  8469  8492  8449  8496  8473
TBILIS 1978 12 24 1  8449  8437  8450  8470  8434  8495  8453  8436  8426  8490  8441  8455
TBILIS 1978 12 24 2  8443  8426  8404  8394  8418  8359  8448  8357  8395  8444  8508  8448
TBILIS 1978 12 25 1  8442  8452  8427  8412  8429  8421  8446  8390  8382  8479  8511  8538
TBILIS 1978 12 25 2  8476  8539  8553  8587  8555  8520  8517  8493  8481  8499  8526  8503
TBILIS 1978 12 26 1  8521  8532  8546  8530  8534  8503  8518  8560  8507  8500  8529  8557
TBILIS 1978 12 26 2  8509  8510  8498  8559  8519  8509  8496  8533  8511  8458  8450  8543
TBILIS 1978 12 27 1  8439  8536  8532  8590  8563  8587  8596  8601  8591  8554  8517  8547
TBILIS 1978 12 27 2  8564  8514  8569  8569  8598  8591  8625  8628  8623  8623  8641  8644
TBILIS 1978 12 28 1  8600  8620  8657  8586  8602  8638  8670  8624  8575  8606  8588  8602
TBILIS 1978 12 28 2  8549  8540  8531  8554  8589  8599  8614  8627  8649  8606  8653  8655
TBILIS 1978 12 29 1  8682  8642  8633  8636  8640  8684  8639  8633  8593  8620  8574  8594
TBILIS 1978 12 29 2  8584  8575  8538  8504  8552  8551  8518  8524  8470  8430  8460  8419
TBILIS 1978 12 30 1  8455  8487  8468  8479  8481  8504  8486  8522  8521  8553  8552  8515
TBILIS 1978 12 30 2  8533  8475  8484  8436  8433  8450  8435  8437  8411  8471  8460  8455
TBILIS 1978 12 31 1  8428  8443  8405  8382  8355  8422  8391  8375  8381  8418  8473  8416
TBILIS 1978 12 31 2  8447  8422  8476  8455  8393  8421  8436  8408  8403  8420  8372  8388
