Cosmic-Ray Neutron Monitor Data (Hourly, Pressure-Corrected and Scale-Adjusted Counts)
Collections: WDC for Cosmic Rays, Solar-Terrestrial Environment Laboratory, Nagoya Univ.
Data Access: http://center.stelab.nagoya-u.ac.jp/WDCCR/index.html
Project: ICSU WDC
Citation: WDC for Cosmic Rays, Solar-Terrestrial Environment Laboratory, Nagoya University
Station ID: TBILIS
Station:  TBILISI,GIORGIA,INSTITUT GEOPHYSIKY (IG), GIORGIAN ACADEMY OF SCIENCES,GIORGIA 
Instrument: 18-NM-64 NEUTRON MONITOR, CORRECTED FOR PRESSURE TO 950.0 MB, COEF. = -0.69 %/MB
Latitude (deg.):   41.72  Longitude (deg.):   44.80  Altitude (m):  510.00
Cut-Off Rigidity (GV):    6.66
Year: 1982  Month:   1
Scaling Factor (SF):    64.0   Constant (CONST):     0.0  Real Counts = (DATA + CONST)*SF
Temporal Resolution: 1 hour
UTC Start Hour:     0.0
                                                                                
                                                        
Monthly Average:  8361.5
Updated (YYYY MM DD): 1986 09 26
*******************************************************************************************
ID     YYYY MM DD 1     0     1     2     3     4     5     6     7     8     9    10    11
ID     YYYY MM DD 2    12    13    14    15    16    17    18    19    20    21    22    23
*******************************************************************************************
TBILIS 1982 01 01 1  8191  8254  8248  8202  8213  8194  8222  8192  8188  8211  8245  8225
TBILIS 1982 01 01 2  8200  8213  8243  8202  8208  8280  8264  8249  8260  8234  8254  8238
TBILIS 1982 01 02 1  8238  8191  8203  8175  8139  8118  8104  8144  8146  8199  8216  8228
TBILIS 1982 01 02 2  8173  8200  8235  8194  8237  8227  8254  8254  8269  8239  8228  8193
TBILIS 1982 01 03 1  8172  8208  8203  8188  8183  8180  8214  8208  8195  8249  8258  8250
TBILIS 1982 01 03 2  8217  8210  8229  8233  8240  8203  8228  8228  8258  8275  8224  8220
TBILIS 1982 01 04 1  8206  8166  8196  8202  8173  8202  8214  8202  8171  8221  8176  8196
TBILIS 1982 01 04 2  8161  8192  8176  8174  8250  8222  8224  8262  8244  8253  8230  8220
TBILIS 1982 01 05 1  8195  8234  8235  8247  8270  8242  8325  8259  8291  8306  8263  8272
TBILIS 1982 01 05 2  8286  8269  8225  8275  8274  8250  8269  8302  8267  8290  8253  8255
TBILIS 1982 01 06 1  8307  8330  8334  8307  8339  8333  8370  8365  8377  8359  8359  8358
TBILIS 1982 01 06 2  8347  8379  8326  8338  8343  8345  8370  8371  8349  8330  8348  8300
TBILIS 1982 01 07 1  8270  8325  8310  8297  8359  8363  8326  8335  8364  8388  8418  8370
TBILIS 1982 01 07 2  8355  8385  8367  8367  8313  8365  8357  8357  8349  8330  8323  8362
TBILIS 1982 01 08 1  8350  8348  8323  8331  8347  8369  8378  8360 99999 99999 99999 99999
TBILIS 1982 01 08 2 99999 99999 99999 99999 99999 99999 99999 99999 99999 99999 99999 99999
TBILIS 1982 01 09 1 99999 99999 99999 99999  8373  8392  8389  8371  8411  8418  8470  8448
TBILIS 1982 01 09 2  8411  8457  8423  8382  8379  8392  8413  8420  8407  8418  8414  8426
TBILIS 1982 01 10 1  8404  8438  8450  8421  8423  8471  8467  8440  8397  8445  8427  8397
TBILIS 1982 01 10 2  8435  8434  8382  8392  8406  8386  8379  8384  8388  8408  8412  8359
TBILIS 1982 01 11 1  8355  8448  8407  8380  8420  8427  8449  8422  8461  8468  8477  8509
TBILIS 1982 01 11 2  8437  8453  8509  8470  8405  8401  8446  8423  8353  8318  8332  8353
TBILIS 1982 01 12 1  8386  8357  8439  8445  8414  8426  8432  8425  8466  8462  8488  8482
TBILIS 1982 01 12 2  8454  8504  8439  8457  8396  8453  8425  8394  8396  8317  8343  8276
TBILIS 1982 01 13 1  8362  8329  8357  8354  8445  8442  8452  8429  8481  8488  8513  8490
TBILIS 1982 01 13 2  8474  8468  8464  8433  8413  8391  8451  8485  8394  8424  8399  8446
TBILIS 1982 01 14 1  8435  8437  8444  8372  8446  8431  8475  8447  8432  8388  8412  8412
TBILIS 1982 01 14 2  8368  8374  8372  8298  8307  8317  8327  8320  8346  8356  8372  8380
TBILIS 1982 01 15 1  8363  8381  8390  8365  8347  8435  8419  8409  8448  8402  8448  8432
TBILIS 1982 01 15 2  8441  8416  8462  8460  8440  8461  8418  8400  8445  8408  8401  8389
TBILIS 1982 01 16 1  8408  8415  8414  8405  8387  8430  8354  8415  8456  8485  8440  8425
TBILIS 1982 01 16 2  8447  8465  8433  8499  8430  8326  8350  8360  8405  8402  8385  8356
TBILIS 1982 01 17 1  8329  8380  8412  8439  8509  8452  8473  8441  8465  8526  8461  8445
TBILIS 1982 01 17 2  8349  8472  8436  8399  8433  8459  8484  8443  8392  8377  8427  8454
TBILIS 1982 01 18 1  8401  8388  8451  8362  8321  8354  8361  8430  8414  8406  8382  8482
TBILIS 1982 01 18 2  8492  8485  8444  8467  8495  8475  8476  8483  8508  8500  8470  8505
TBILIS 1982 01 19 1  8477  8465  8468  8475  8489  8428  8442  8450  8426  8439  8456  8453
TBILIS 1982 01 19 2  8453  8504 99999  8417  8445  8440  8417  8460  8467  8503  8450  8437
TBILIS 1982 01 20 1  8427  8449  8416  8411  8437  8431  8445  8416  8460  8442  8422  8461
TBILIS 1982 01 20 2  8443  8404  8468  8397  8462  8400  8447  8420  8445  8483  8454  8394
TBILIS 1982 01 21 1  8443  8475  8449  8478  8453  8487  8466  8448  8446  8406  8384  8319
TBILIS 1982 01 21 2  8300  8317  8303  8295  8297  8306  8316  8262  8248  8205  8223  8241
TBILIS 1982 01 22 1  8248  8233  8259  8277  8296  8282  8260  8260  8268  8302  8313  8363
TBILIS 1982 01 22 2  8300  8343  8333  8417  8378  8399  8385  8402  8396  8377  8399  8310
TBILIS 1982 01 23 1  8282  8312  8315  8299  8276  8300  8311  8330  8303  8351  8353  8380
TBILIS 1982 01 23 2  8395  8344  8343  8361  8359  8288  8350  8370  8355  8330  8305  8358
TBILIS 1982 01 24 1  8330  8341  8307  8372  8350  8361  8365  8376  8391  8324  8376  8372
TBILIS 1982 01 24 2  8399  8399  8448  8436  8417  8396  8362  8370  8374  8365  8389  8395
TBILIS 1982 01 25 1  8377  8422  8373  8418  8400  8364  8415  8412  8379  8394  8386  8447
TBILIS 1982 01 25 2  8434  8455  8458  8437  8427  8442  8471  8466  8430  8452  8432  8459
TBILIS 1982 01 26 1  8435  8443  8386  8375  8459  8468  8434  8408  8405  8410  8401  8437
TBILIS 1982 01 26 2  8416  8445  8443  8414  8412  8439  8474  8474  8460  8452  8467  8483
TBILIS 1982 01 27 1  8501  8440  8401  8406  8395  8437  8423  8403  8365  8394  8408  8436
TBILIS 1982 01 27 2  8478  8470  8452  8456  8460  8426  8419  8371  8375  8389  8391  8348
TBILIS 1982 01 28 1  8365  8350  8393  8383  8354  8360  8319  8283  8272  8347  8355  8348
TBILIS 1982 01 28 2  8363  8395  8360  8305  8301  8294  8307  8301  8303  8328  8307  8298
TBILIS 1982 01 29 1  8311  8344  8309  8329  8356  8366  8355  8356  8382  8344  8376  8371
TBILIS 1982 01 29 2  8330  8354  8335  8343  8345  8313  8374  8333  8346  8367  8397  8371
TBILIS 1982 01 30 1  8394  8432  8422  8415  8381  8416  8409  8384  8411  8473  8477  8485
TBILIS 1982 01 30 2  8458  8447  8469  8484  8432  8466  8449  8483  8446  8375  8388  8342
TBILIS 1982 01 31 1  8343  8315  8359  8311  8269  8237  8185  8160  8163  8219  8231  8215
TBILIS 1982 01 31 2  8213  8248  8205  8212  8212  8148  8054  8057  7993  8061  8128  8112
Cosmic-Ray Neutron Monitor Data (Hourly, Pressure-Corrected and Scale-Adjusted Counts)
Collections: WDC for Cosmic Rays, Solar-Terrestrial Environment Laboratory, Nagoya Univ.
Data Access: http://center.stelab.nagoya-u.ac.jp/WDCCR/index.html
Project: ICSU WDC
Citation: WDC for Cosmic Rays, Solar-Terrestrial Environment Laboratory, Nagoya University
Station ID: TBILIS
Station:  TBILISI,GIORGIA,INSTITUT GEOPHYSIKY (IG), GIORGIAN ACADEMY OF SCIENCES,GIORGIA 
Instrument: 18-NM-64 NEUTRON MONITOR, CORRECTED FOR PRESSURE TO 950.0 MB, COEF. = -0.69 %/MB
Latitude (deg.):   41.72  Longitude (deg.):   44.80  Altitude (m):  510.00
Cut-Off Rigidity (GV):    6.66
Year: 1982  Month:   2
Scaling Factor (SF):    64.0   Constant (CONST):     0.0  Real Counts = (DATA + CONST)*SF
Temporal Resolution: 1 hour
UTC Start Hour:     0.0
                                                                                
                                                        
Monthly Average:  8183.4
Updated (YYYY MM DD): 1985 11 22
*******************************************************************************************
ID     YYYY MM DD 1     0     1     2     3     4     5     6     7     8     9    10    11
ID     YYYY MM DD 2    12    13    14    15    16    17    18    19    20    21    22    23
*******************************************************************************************
TBILIS 1982 02 01 1  8134  8155  8160  8119  8166  8175  8177  8152  8139  8100  8100  8061
TBILIS 1982 02 01 2  8110  8074  8004  7961  7940  7955  8024  8070  8055  8028  8047  8092
TBILIS 1982 02 02 1  8043  8072  8120  8076  8037  8044  8025  7995  7985  7996  7994  7991
TBILIS 1982 02 02 2  7985  7985  7953  7981  7930  7990  7988  8016  8032  8030  8040  8008
TBILIS 1982 02 03 1  7992  7980  7959  7994  7976  8038  8049  8085  8024  8053  8034  7984
TBILIS 1982 02 03 2  7995  8011  7990  7887  7898  7889  7917  7959  7945  7982  7985  8030
TBILIS 1982 02 04 1  8064  8112  8103  8098  8112  8092  8061  8093  8107  8077  8109  8112
TBILIS 1982 02 04 2  8110  8082  8027  7993  8029  8045  7975 99999 99999  8077  8088  8087
TBILIS 1982 02 05 1  8079  8057  8031  8063  8073  8050  8043  8056  8084  8069  8089  8053
TBILIS 1982 02 05 2  8079  8097  8100  8099  8108  8085  8070  8059  8014  7947  7974  7938
TBILIS 1982 02 06 1  7930  7982  7978  7970  7969  7960  8002  8000  7979  7980  8084  8073
TBILIS 1982 02 06 2  8118  8088  8084 99999 99999  8104  8187  8184  8169  8140  8079  8146
TBILIS 1982 02 07 1  8176  8228  8198  8210  8212  8153  8123  8124  8148  8105  8106  8156
TBILIS 1982 02 07 2  8115  8129  8123  8146  8147  8157  8110  8163  8153  8170  8215  8139
TBILIS 1982 02 08 1  8147  8171  8141  8154  8140  8133  8133  8149  8109  8141  8178  8177
TBILIS 1982 02 08 2  8184  8226  8213  8238  8215  8224  8208  8244  8206  8179  8178  8196
TBILIS 1982 02 09 1  8217  8248  8211  8224  8243  8228  8217  8246  8263  8290  8265  8253
TBILIS 1982 02 09 2  8288  8307  8249  8237  8273  8248  8230  8266  8237  8225  8233  8240
TBILIS 1982 02 10 1  8209  8241  8233  8227  8241  8271  8224  8220  8199  8184  8268  8253
TBILIS 1982 02 10 2  8322  8292  8333  8309  8338  8296  8344  8330  8295  8277  8331  8265
TBILIS 1982 02 11 1  8262  8284  8247  8263  8297  8290  8285  8284  8320  8301  8305  8316
TBILIS 1982 02 11 2  8356  8339  8368  8330  8309  8284  8299  8301  8276  8200  8250  8225
TBILIS 1982 02 12 1  8148  8069  8002  7967  7968  7973  8057  7974  7904  7962  8005  8049
TBILIS 1982 02 12 2  8075  8021  8078  8105  8109  8104  8109  8048  8123  8125  8099  8140
TBILIS 1982 02 13 1  8128  8160  8090  8124  8124  8121  8098  8085  8121  8149  8155  8153
TBILIS 1982 02 13 2  8163  8156  8169  8182  8165  8151  8138  8193  8163  8171  8177  8158
TBILIS 1982 02 14 1  8183  8198  8157  8139  8130  8137  8126  8198  8177  8254  8230  8208
TBILIS 1982 02 14 2  8204  8280  8236  8220  8199  8210  8214  8187  8129  8145  8131  8124
TBILIS 1982 02 15 1  8079  8112  8138  8115  8064  8147  8140  8211  8212  8202  8203  8210
TBILIS 1982 02 15 2  8255  8214  8233  8173  8181  8188  8147  8142  8189  8191  8184  8187
TBILIS 1982 02 16 1  8170  8180  8240  8240  8240  8235  8222  8199  8206  8195  8251  8239
TBILIS 1982 02 16 2  8241  8274  8247  8213  8197  8225  8266  8253  8254  8266  8260  8253
TBILIS 1982 02 17 1  8233  8219  8226  8187  8245  8258  8242  8278  8206  8265  8284  8274
TBILIS 1982 02 17 2  8287  8279  8282  8269  8317  8317  8311 99999 99999 99999 99999 99999
TBILIS 1982 02 18 1 99999 99999 99999 99999 99999 99999 99999 99999 99999 99999 99999 99999
TBILIS 1982 02 18 2 99999 99999 99999 99999 99999 99999 99999 99999 99999 99999 99999 99999
TBILIS 1982 02 19 1 99999 99999 99999 99999 99999 99999 99999 99999 99999 99999 99999 99999
TBILIS 1982 02 19 2  8047  8046  8084  8078  8090  8105  8104  8110  8122  8088  8092  8114
TBILIS 1982 02 20 1  8137  8123  8100  8114  8126  8112  8092  8133  8107  8116  8150  8163
TBILIS 1982 02 20 2  8107  8122  8124  8172  8156  8135  8162  8181  8164  8110  8145  8095
TBILIS 1982 02 21 1  8140  8140  8148  8140  8130  8112  8128  8137  8137  8072  8138  8162
TBILIS 1982 02 21 2  8120  8197  8133  8116  8118  8121  8066  8094  8100  8113  8096  8065
TBILIS 1982 02 22 1  8044  8044  8013  8045  8044  8070  8074  8112  8108  8144  8185  8226
TBILIS 1982 02 22 2  8254  8225  8300  8277  8198  8238  8305  8300  8241  8245  8237  8237
TBILIS 1982 02 23 1  8243  8252  8231  8270  8242  8256  8260  8190  8188  8227  8234  8250
TBILIS 1982 02 23 2  8255  8260  8285  8323  8283  8313  8307  8341  8297  8329  8276  8268
TBILIS 1982 02 24 1  8331  8330  8276  8285  8296  8229  8295  8289  8288  8273  8292  8284
TBILIS 1982 02 24 2  8315  8305  8334  8311  8307  8285  8352  8328  8314  8298  8325  8298
TBILIS 1982 02 25 1  8322  8358  8374  8347  8318  8331  8284  8340  8325  8357  8352  8351
TBILIS 1982 02 25 2  8341  8348  8368  8387  8308  8344  8335  8310  8315  8307  8262  8305
TBILIS 1982 02 26 1  8263  8286  8249  8312  8323  8307  8312  8370  8365  8351  8407  8354
TBILIS 1982 02 26 2  8392  8350  8387  8382  8346  8331  8315  8311  8370  8362  8350  8354
TBILIS 1982 02 27 1  8359  8357  8352  8353  8348  8347  8368  8305  8354  8371  8351  8378
TBILIS 1982 02 27 2  8364  8335  8377  8365  8364  8337  8357  8349  8352  8321  8375  8384
TBILIS 1982 02 28 1  8361  8345  8362  8355  8356  8336  8324  8318  8330  8339  8346  8356
TBILIS 1982 02 28 2  8336  8341  8358  8360  8356  8393  8342  8382  8335  8325 99999 99999
TBILIS 1982 02 29 1 99999 99999 99999 99999 99999 99999 99999 99999 99999 99999 99999 99999
TBILIS 1982 02 29 2 99999 99999 99999 99999 99999 99999 99999 99999 99999 99999 99999 99999
TBILIS 1982 02 30 1 99999 99999 99999 99999 99999 99999 99999 99999 99999 99999 99999 99999
TBILIS 1982 02 30 2 99999 99999 99999 99999 99999 99999 99999 99999 99999 99999 99999 99999
TBILIS 1982 02 31 1 99999 99999 99999 99999 99999 99999 99999 99999 99999 99999 99999 99999
TBILIS 1982 02 31 2 99999 99999 99999 99999 99999 99999 99999 99999 99999 99999 99999 99999
Cosmic-Ray Neutron Monitor Data (Hourly, Pressure-Corrected and Scale-Adjusted Counts)
Collections: WDC for Cosmic Rays, Solar-Terrestrial Environment Laboratory, Nagoya Univ.
Data Access: http://center.stelab.nagoya-u.ac.jp/WDCCR/index.html
Project: ICSU WDC
Citation: WDC for Cosmic Rays, Solar-Terrestrial Environment Laboratory, Nagoya University
Station ID: TBILIS
Station:  TBILISI,GIORGIA,INSTITUT GEOPHYSIKY (IG), GIORGIAN ACADEMY OF SCIENCES,GIORGIA 
Instrument: 18-NM-64 NEUTRON MONITOR, CORRECTED FOR PRESSURE TO 950.0 MB, COEF. = -0.69 %/MB
Latitude (deg.):   41.72  Longitude (deg.):   44.80  Altitude (m):  510.00
Cut-Off Rigidity (GV):    6.66
Year: 1982  Month:   3
Scaling Factor (SF):    64.0   Constant (CONST):     0.0  Real Counts = (DATA + CONST)*SF
Temporal Resolution: 1 hour
UTC Start Hour:     0.0
                                                                                
                                                        
Monthly Average:  8343.2
Updated (YYYY MM DD): 1985 11 22
*******************************************************************************************
ID     YYYY MM DD 1     0     1     2     3     4     5     6     7     8     9    10    11
ID     YYYY MM DD 2    12    13    14    15    16    17    18    19    20    21    22    23
*******************************************************************************************
TBILIS 1982 03 01 1 99999 99999 99999 99999 99999 99999 99999 99999 99999 99999 99999 99999
TBILIS 1982 03 01 2 99999 99999 99999 99999 99999 99999 99999 99999 99999 99999 99999 99999
TBILIS 1982 03 02 1 99999 99999 99999 99999  8164  8152  8153  8190  8124  8196  8169  8221
TBILIS 1982 03 02 2  8210  8254  8229  8204  8186  8108  8137  8144  8117  8169  8192  8207
TBILIS 1982 03 03 1  8215  8229  8239  8202  8223  8215  8213  8152  8146  8181  8189  8180
TBILIS 1982 03 03 2  8185  8196  8191  8201  8193  8138  8155  8149  8161  8166  8190  8182
TBILIS 1982 03 04 1  8254  8244  8208  8234  8216  8219  8236  8209  8194  8246  8218  8226
TBILIS 1982 03 04 2  8190  8243  8235  8207  8233  8235  8217  8264  8220  8269  8263  8288
TBILIS 1982 03 05 1  8307  8293  8293  8287  8277 99999 99999 99999 99999 99999 99999 99999
TBILIS 1982 03 05 2 99999 99999 99999 99999 99999 99999 99999 99999 99999 99999 99999 99999
TBILIS 1982 03 06 1 99999 99999 99999 99999 99999 99999 99999 99999 99999 99999 99999 99999
TBILIS 1982 03 06 2 99999 99999 99999 99999 99999 99999 99999 99999 99999 99999 99999 99999
TBILIS 1982 03 07 1 99999 99999 99999 99999 99999 99999 99999 99999 99999 99999 99999 99999
TBILIS 1982 03 07 2 99999 99999 99999 99999 99999 99999 99999 99999 99999 99999 99999 99999
TBILIS 1982 03 08 1 99999 99999 99999 99999 99999 99999 99999 99999 99999 99999 99999 99999
TBILIS 1982 03 08 2 99999 99999 99999 99999 99999 99999 99999 99999 99999 99999 99999 99999
TBILIS 1982 03 09 1 99999 99999 99999 99999 99999 99999 99999 99999 99999 99999 99999 99999
TBILIS 1982 03 09 2 99999  8312  8363  8397  8375  8337  8388  8376  8370  8385  8387  8336
TBILIS 1982 03 10 1  8359  8328  8351  8423  8370  8360  8392  8397  8381  8409  8405  8416
TBILIS 1982 03 10 2  8436  8389  8397  8402  8331  8356  8363  8342  8345  8367  8365  8351
TBILIS 1982 03 11 1  8323  8357  8303  8338  8339  8345  8301  8335  8319  8302  8323  8355
TBILIS 1982 03 11 2  8423  8411  8412  8392  8363  8330  8337  8363  8364  8336  8333  8336
TBILIS 1982 03 12 1  8294  8347  8356  8298  8345  8313  8310  8334  8309  8288  8328  8323
TBILIS 1982 03 12 2  8347  8353  8340  8341  8357  8374  8334  8331  8322  8326  8296  8313
TBILIS 1982 03 13 1  8324  8334  8306  8296  8334  8357  8295  8324  8316  8351  8380  8366
TBILIS 1982 03 13 2  8361  8390  8362  8351  8365  8347  8358  8367  8325  8331  8300  8260
TBILIS 1982 03 14 1  8274  8317  8308  8311  8328  8351  8341  8352  8331  8370  8399  8371
TBILIS 1982 03 14 2  8413  8423  8428  8436  8385  8427  8433  8371  8388  8369  8356  8341
TBILIS 1982 03 15 1  8361  8383  8409  8381  8415  8406  8416  8419  8417  8410  8411  8396
TBILIS 1982 03 15 2  8413  8436  8445  8418  8435  8446  8434  8426  8417  8417  8383  8405
TBILIS 1982 03 16 1  8389  8400  8417  8402  8355  8386  8368  8311  8349  8405  8420  8474
TBILIS 1982 03 16 2  8414  8431  8397  8374  8401  8412  8414  8407  8404  8384  8406  8396
TBILIS 1982 03 17 1  8371  8400  8383  8403  8415  8381  8384  8408  8427  8426  8385  8442
TBILIS 1982 03 17 2  8432  8476  8442  8412  8426  8422  8368  8342  8292  8315  8349  8340
TBILIS 1982 03 18 1  8342  8414  8386  8399  8368  8433  8425  8431  8397  8419  8453  8422
TBILIS 1982 03 18 2  8425  8451  8390  8402  8408  8379  8380  8416  8390  8403  8407  8464
TBILIS 1982 03 19 1  8457  8460  8437  8453  8463  8481  8438  8441  8501  8452  8521  8504
TBILIS 1982 03 19 2  8512  8495  8492  8471  8489  8451  8447  8414  8417  8420  8421  8380
TBILIS 1982 03 20 1  8383  8353  8403  8338  8402  8400  8403  8395  8434  8410  8385  8404
TBILIS 1982 03 20 2  8446  8454  8445  8475  8446  8415  8443  8410  8379  8366  8393  8361
TBILIS 1982 03 21 1  8393  8447  8417  8452  8443  8421  8363  8340  8331  8345  8375  8402
TBILIS 1982 03 21 2  8386  8421  8444  8416  8418  8412  8420  8428  8376  8396  8405  8388
TBILIS 1982 03 22 1  8379  8370  8344  8376  8398  8396  8406  8392  8397  8365  8333  8286
TBILIS 1982 03 22 2  8253  8230  8232  8231  8230  8218  8229  8275  8287  8316  8313  8320
TBILIS 1982 03 23 1  8325  8294  8300  8291  8243  8234  8213  8217  8240  8249  8280  8274
TBILIS 1982 03 23 2  8291  8323  8292  8332  8242  8254  8239  8246  8229  8255  8195  8262
TBILIS 1982 03 24 1  8284  8297  8269  8303  8262  8248  8272  8282  8248  8278  8242  8261
TBILIS 1982 03 24 2  8239  8236  8247  8241  8265  8251  8218  8230  8219  8226  8216  8251
TBILIS 1982 03 25 1  8278  8225  8286  8253  8271  8294  8259  8293  8313  8323  8378  8384
TBILIS 1982 03 25 2  8371  8363  8418  8366  8375  8348  8331  8346  8341  8337  8323  8354
TBILIS 1982 03 26 1  8349  8335  8325  8333  8295  8299  8281  8300  8292  8285  8312  8356
TBILIS 1982 03 26 2  8349  8350  8308  8285  8331  8268  8277  8290  8279  8327  8264  8292
TBILIS 1982 03 27 1  8299  8326  8310  8305  8328  8294  8333  8365  8342  8364  8385  8373
TBILIS 1982 03 27 2  8343  8342  8344  8373  8361  8330  8341  8368  8352  8342  8326  8321
TBILIS 1982 03 28 1  8283  8307  8295  8283  8349  8339  8334  8372  8360  8396  8353  8381
TBILIS 1982 03 28 2  8414  8297  8354  8377  8371  8340  8306  8388  8331  8291  8316  8270
TBILIS 1982 03 29 1  8337  8364  8288  8330  8280  8389  8402  8389  8392  8443  8469  8414
TBILIS 1982 03 29 2  8446  8430  8460  8426  8455  8426  8404  8420  8410  8380  8403  8404
TBILIS 1982 03 30 1  8391  8396  8378  8407  8373  8341  8334  8333  8361  8379  8344  8339
TBILIS 1982 03 30 2  8365  8404  8405  8406  8397  8434  8415  8380  8388  8397  8429  8400
TBILIS 1982 03 31 1  8380  8375  8383  8402  8399  8395  8388  8379  8384  8414  8359  8341
TBILIS 1982 03 31 2  8358  8412  8411  8391  8382  8366  8434  8461  8435  8376  8433  8435
Cosmic-Ray Neutron Monitor Data (Hourly, Pressure-Corrected and Scale-Adjusted Counts)
Collections: WDC for Cosmic Rays, Solar-Terrestrial Environment Laboratory, Nagoya Univ.
Data Access: http://center.stelab.nagoya-u.ac.jp/WDCCR/index.html
Project: ICSU WDC
Citation: WDC for Cosmic Rays, Solar-Terrestrial Environment Laboratory, Nagoya University
Station ID: TBILIS
Station:  TBILISI,GIORGIA,INSTITUT GEOPHYSIKY (IG), GIORGIAN ACADEMY OF SCIENCES,GIORGIA 
Instrument: 18-NM-64 NEUTRON MONITOR, CORRECTED FOR PRESSURE TO 950.0 MB, COEF. = -0.69 %/MB
Latitude (deg.):   41.72  Longitude (deg.):   44.80  Altitude (m):  510.00
Cut-Off Rigidity (GV):    6.66
Year: 1982  Month:   4
Scaling Factor (SF):    64.0   Constant (CONST):     0.0  Real Counts = (DATA + CONST)*SF
Temporal Resolution: 1 hour
UTC Start Hour:     0.0
                                                                                
                                                        
Monthly Average:  8357.0
Updated (YYYY MM DD): 1985 11 22
*******************************************************************************************
ID     YYYY MM DD 1     0     1     2     3     4     5     6     7     8     9    10    11
ID     YYYY MM DD 2    12    13    14    15    16    17    18    19    20    21    22    23
*******************************************************************************************
TBILIS 1982 04 01 1  8397  8387  8423  8407  8436  8402  8382  8390  8360  8370  8382  8426
TBILIS 1982 04 01 2  8411  8338  8357  8366  8325  8264  8232  8215  8206  8244  8223  8182
TBILIS 1982 04 02 1  8251  8207  8307  8279  8316  8251  8286  8255  8308  8296  8229  8276
TBILIS 1982 04 02 2  8272  8302  8308  8313  8301  8321  8319  8304  8381  8368  8371  8408
TBILIS 1982 04 03 1  8337  8264  8291  8257  8325  8382  8395  8373  8336  8320  8346  8408
TBILIS 1982 04 03 2  8386  8358  8391  8378  8325  8344  8350  8330  8299  8288  8300  8353
TBILIS 1982 04 04 1  8292  8381  8348  8348  8384  8364  8375  8440  8448  8470  8442  8455
TBILIS 1982 04 04 2  8476  8456  8468  8422  8480  8381  8481  8437  8423  8450  8460  8474
TBILIS 1982 04 05 1  8453  8479  8491  8502  8493  8488  8485  8473  8459  8437  8466  8470
TBILIS 1982 04 05 2  8495  8501  8463  8421  8448  8431  8443  8415  8423  8407  8404  8409
TBILIS 1982 04 06 1  8468  8381  8391  8386  8354  8394  8434  8476  8430  8448  8457  8448
TBILIS 1982 04 06 2  8484  8410  8431  8426  8404  8410  8409  8383  8410  8380  8387  8357
TBILIS 1982 04 07 1  8367  8358  8356  8355  8350  8378  8385  8425  8460  8433  8428  8423
TBILIS 1982 04 07 2  8402  8369  8401  8307  8372  8401  8384  8454  8408  8381  8426  8414
TBILIS 1982 04 08 1  8408  8398  8419  8391  8397  8403  8466  8420  8441  8456  8463  8456
TBILIS 1982 04 08 2  8458  8503  8465  8457  8441  8477  8492  8462  8422  8404  8394  8392
TBILIS 1982 04 09 1  8403  8390  8414  8423  8434  8457  8468  8478  8472  8497  8427  8447
TBILIS 1982 04 09 2  8458  8426  8403  8376  8351  8348  8345  8367  8337  8316  8314  8266
TBILIS 1982 04 10 1  8268  8267  8312  8288  8315  8314  8337  8351  8349  8328  8393  8378
TBILIS 1982 04 10 2  8454  8437  8481  8486  8460  8440  8491  8557  8533  8550  8479  8426
TBILIS 1982 04 11 1  8461  8478  8423  8429  8470  8449  8489  8502  8484  8525  8483  8481
TBILIS 1982 04 11 2  8391  8402  8372  8383  8417  8393  8429  8432  8423  8400  8416  8408
TBILIS 1982 04 12 1  8364  8358  8315  8285  8357  8352  8362  8387  8400  8421  8448  8418
TBILIS 1982 04 12 2  8421  8404  8426  8435  8437  8427  8411  8403  8409  8371  8356  8364
TBILIS 1982 04 13 1  8386  8368  8373  8405  8467  8393  8410  8411  8407  8418  8427  8424
TBILIS 1982 04 13 2  8497  8424  8438  8451  8455  8421  8408  8429  8359  8350  8346  8331
TBILIS 1982 04 14 1  8360  8394  8328  8294  8339  8344  8340  8420  8409  8405  8432  8401
TBILIS 1982 04 14 2  8460  8382  8387  8364  8319  8366  8372  8377  8373  8403  8394  8402
TBILIS 1982 04 15 1  8376  8361  8340  8332  8340  8349  8358  8392  8425  8450  8420  8381
TBILIS 1982 04 15 2  8442  8448  8422  8456  8434  8400  8407  8412  8440  8431  8399  8364
TBILIS 1982 04 16 1  8352  8416  8402  8384  8347  8357  8355  8330  8392  8364  8381  8372
TBILIS 1982 04 16 2  8403  8378  8400  8421  8371  8340  8373  8310  8236  8255  8259  8203
TBILIS 1982 04 17 1  8158  8245  8252  8275  8279  8248  8314  8340  8398  8440  8483  8419
TBILIS 1982 04 17 2  8473  8410  8371  8303  8323  8290  8283  8309  8373  8383  8356  8358
TBILIS 1982 04 18 1  8346  8322  8362  8338  8332  8346  8328  8343  8350  8319  8313  8309
TBILIS 1982 04 18 2  8336  8334  8321  8313  8311  8321  8399  8374  8356  8322  8380  8308
TBILIS 1982 04 19 1  8320  8313  8333  8306  8311  8300  8335  8336  8363  8399  8364  8363
TBILIS 1982 04 19 2  8333  8304  8293  8287  8298  8273  8339  8315  8314  8282  8274  8278
TBILIS 1982 04 20 1  8286  8257  8222  8241  8276  8280  8329  8374  8327  8400  8339  8358
TBILIS 1982 04 20 2  8376  8355  8310  8305  8308  8269  8271  8266  8261  8225  8253  8242
TBILIS 1982 04 21 1  8281  8240  8259  8285  8189  8241  8251  8301  8327  8311  8337  8371
TBILIS 1982 04 21 2  8398  8370  8357  8401  8311  8319  8333  8326  8278  8305  8312  8330
TBILIS 1982 04 22 1  8350  8325  8258  8282  8282  8302  8295  8359  8400  8357  8411  8402
TBILIS 1982 04 22 2  8375  8372  8352  8341  8317  8318  8362  8347  8354  8349  8382  8374
TBILIS 1982 04 23 1  8378  8370  8365  8340  8367  8363  8385  8418  8454  8389  8421  8408
TBILIS 1982 04 23 2  8404  8436  8327  8410  8367  8365  8405  8372  8385  8347  8340  8370
TBILIS 1982 04 24 1  8366  8368  8316  8345  8369  8369  8393  8469  8462  8453  8499  8496
TBILIS 1982 04 24 2  8508  8473  8432  8405  8444  8458  8452  8443  8338  8290  8225  8178
TBILIS 1982 04 25 1  8146  8165  8202  8253  8319  8361  8289  8331  8401  8450  8507  8453
TBILIS 1982 04 25 2  8451  8404  8330  8260  8200  8204  8226  8220  8236  8236  8261  8264
TBILIS 1982 04 26 1  8261  8309  8227  8278  8231  8224  8227  8228  8296  8310  8263  8283
TBILIS 1982 04 26 2  8275  8245  8249  8246  8235  8207  8223  8260  8297  8250  8362  8365
TBILIS 1982 04 27 1  8331  8311  8314  8327  8302  8274  8304  8295  8273  8266  8272  8319
TBILIS 1982 04 27 2  8288  8281  8248  8261  8273  8292  8260  8298  8318  8359  8322  8314
TBILIS 1982 04 28 1  8325  8320  8302  8311  8318  8272  8286  8351  8307  8354  8346  8330
TBILIS 1982 04 28 2  8308  8275  8280  8248  8258  8311  8315  8313  8298  8289  8300  8297
TBILIS 1982 04 29 1  8249  8221  8245  8260  8241  8300  8291  8345  8312  8293  8264  8289
TBILIS 1982 04 29 2  8264  8292  8208  8249  8229  8254  8264  8310  8335  8274  8270  8276
TBILIS 1982 04 30 1  8219  8298  8256  8230  8217  8276  8307  8274  8315  8285  8326  8317
TBILIS 1982 04 30 2  8317  8311  8290  8292  8272  8233  8249  8243  8252  8296  8330  8302
TBILIS 1982 04 31 1 99999 99999 99999 99999 99999 99999 99999 99999 99999 99999 99999 99999
TBILIS 1982 04 31 2 99999 99999 99999 99999 99999 99999 99999 99999 99999 99999 99999 99999
Cosmic-Ray Neutron Monitor Data (Hourly, Pressure-Corrected and Scale-Adjusted Counts)
Collections: WDC for Cosmic Rays, Solar-Terrestrial Environment Laboratory, Nagoya Univ.
Data Access: http://center.stelab.nagoya-u.ac.jp/WDCCR/index.html
Project: ICSU WDC
Citation: WDC for Cosmic Rays, Solar-Terrestrial Environment Laboratory, Nagoya University
Station ID: TBILIS
Station:  TBILISI,GIORGIA,INSTITUT GEOPHYSIKY (IG), GIORGIAN ACADEMY OF SCIENCES,GIORGIA 
Instrument: 18-NM-64 NEUTRON MONITOR, CORRECTED FOR PRESSURE TO 950.0 MB, COEF. = -0.69 %/MB
Latitude (deg.):   41.72  Longitude (deg.):   44.80  Altitude (m):  510.00
Cut-Off Rigidity (GV):    6.66
Year: 1982  Month:   5
Scaling Factor (SF):    64.0   Constant (CONST):     0.0  Real Counts = (DATA + CONST)*SF
Temporal Resolution: 1 hour
UTC Start Hour:     0.0
                                                                                
                                                        
Monthly Average:  8393.1
Updated (YYYY MM DD): 1985 11 22
*******************************************************************************************
ID     YYYY MM DD 1     0     1     2     3     4     5     6     7     8     9    10    11
ID     YYYY MM DD 2    12    13    14    15    16    17    18    19    20    21    22    23
*******************************************************************************************
TBILIS 1982 05 01 1  8300  8295  8291  8249  8291  8268  8316  8312  8305  8321  8343  8341
TBILIS 1982 05 01 2  8386  8373  8393  8399  8367  8354  8295  8285  8307  8311  8306  8277
TBILIS 1982 05 02 1  8269  8284  8297  8313  8315  8368  8389  8346  8416  8401  8395  8446
TBILIS 1982 05 02 2  8427  8406  8432  8428  8398  8397  8403  8417  8393  8380  8388  8366
TBILIS 1982 05 03 1  8376  8356  8369  8353  8374  8399  8390  8467  8432  8469  8482  8524
TBILIS 1982 05 03 2  8518  8514  8480  8460  8438  8463  8460  8464  8435  8419  8446  8411
TBILIS 1982 05 04 1  8402  8421  8388  8437  8424  8372  8393  8439  8457  8438  8504  8429
TBILIS 1982 05 04 2  8437  8417  8450  8428  8440  8362  8365  8397  8338  8388  8330  8345
TBILIS 1982 05 05 1  8330  8339  8316  8327  8385  8406  8318  8339  8405  8396  8404  8446
TBILIS 1982 05 05 2  8410  8405  8409  8397  8380  8364  8350  8335  8356  8333  8341  8319
TBILIS 1982 05 06 1  8311  8318  8285  8346  8347  8335  8361  8341  8385  8365  8382  8343
TBILIS 1982 05 06 2  8353  8359  8369  8361  8347  8383  8397  8337  8341  8342  8377  8358
TBILIS 1982 05 07 1  8401  8359  8396  8379  8404  8407  8402  8431  8414  8409  8425  8425
TBILIS 1982 05 07 2  8458  8448  8446  8448  8424  8413  8399  8427  8418  8438  8406  8378
TBILIS 1982 05 08 1  8355  8361  8381  8352  8354  8331  8367  8388  8397  8375  8404  8396
TBILIS 1982 05 08 2  8416  8444  8417  8416  8422  8381  8367  8326  8355  8344  8368  8318
TBILIS 1982 05 09 1  8335  8342  8320  8351  8328  8353  8393  8403  8394  8398  8410  8423
TBILIS 1982 05 09 2  8418  8427  8434  8416  8400  8385  8404  8368  8366  8381  8364  8328
TBILIS 1982 05 10 1  8372  8333  8312  8366  8370  8398  8369  8352  8399  8379  8429  8409
TBILIS 1982 05 10 2  8407  8373  8374  8335  8375  8393  8358  8328  8325  8355  8295  8345
TBILIS 1982 05 11 1  8366  8338  8347  8344  8334  8359  8375  8362  8337  8353  8373  8344
TBILIS 1982 05 11 2  8330  8367  8375  8374  8361  8369  8338  8426  8363  8377  8365  8354
TBILIS 1982 05 12 1  8324  8370  8366  8295  8356  8300  8332  8379  8386  8438  8425  8431
TBILIS 1982 05 12 2  8416  8432  8428  8442  8405  8397  8443  8433  8394  8406  8399  8377
TBILIS 1982 05 13 1  8416  8378  8426  8368  8366  8364  8360  8386  8401  8436  8452  8447
TBILIS 1982 05 13 2  8458  8445  8449  8463  8431  8463  8491  8485  8416  8432  8469  8492
TBILIS 1982 05 14 1  8437  8420  8440  8450  8443  8439  8453  8442  8466  8460  8457  8474
TBILIS 1982 05 14 2  8439  8489  8513  8450  8477  8473  8479  8442  8397  8387  8342  8381
TBILIS 1982 05 15 1  8415  8429  8406  8450  8458  8442  8432  8440  8419  8414  8475  8508
TBILIS 1982 05 15 2  8437  8446  8434  8376  8369  8347  8366  8344  8363  8349  8358  8349
TBILIS 1982 05 16 1  8342  8372  8319  8300  8303  8366  8364  8357  8386  8371  8396  8399
TBILIS 1982 05 16 2  8415  8384  8436  8390  8442  8393  8393  8414  8375  8378  8408  8380
TBILIS 1982 05 17 1  8389  8361  8397  8345  8370  8373  8388  8389  8385  8402  8411  8446
TBILIS 1982 05 17 2  8439  8446  8462  8453  8421  8425  8449  8428  8402  8386  8351  8411
TBILIS 1982 05 18 1  8395  8382  8362  8358  8408  8390  8366  8352  8379  8370  8411  8402
TBILIS 1982 05 18 2  8397  8357  8371  8365  8412  8397  8344  8359  8312  8316  8313  8380
TBILIS 1982 05 19 1  8324  8330  8337  8355  8377  8345  8351  8353  8378  8350  8364  8365
TBILIS 1982 05 19 2  8352  8378  8432  8374  8358  8341  8357  8395  8387  8363  8381  8366
TBILIS 1982 05 20 1  8373  8373  8368  8361  8365  8355  8370  8375  8359  8389  8373  8394
TBILIS 1982 05 20 2  8403  8421  8439  8406  8382  8414  8401  8337  8380  8377  8376  8337
TBILIS 1982 05 21 1  8348  8393  8376  8379  8362  8360  8385  8378  8380  8402  8416  8454
TBILIS 1982 05 21 2  8489  8431  8397  8416  8452  8442  8404  8389  8408  8388  8369  8391
TBILIS 1982 05 22 1  8359  8352  8367  8379  8366  8336  8305  8294  8324  8372  8389  8401
TBILIS 1982 05 22 2  8427  8416  8411  8431  8432  8460  8445  8461  8444  8441  8452  8439
TBILIS 1982 05 23 1  8442  8435  8443  8419  8464  8437  8448  8434  8428  8444  8415  8421
TBILIS 1982 05 23 2  8463  8448  8434  8477  8486  8481  8514  8455  8448  8488  8476  8456
TBILIS 1982 05 24 1  8480  8397  8405  8447  8475  8425  8430  8413  8449  8459  8435  8458
TBILIS 1982 05 24 2  8497  8462  8457  8448  8463  8453  8404  8435  8415  8417  8403  8419
TBILIS 1982 05 25 1  8442  8423  8441  8405  8437  8413  8429  8423  8386  8421  8406  8443
TBILIS 1982 05 25 2  8427  8434  8457  8478  8461  8478  8454  8445  8392  8415  8413  8422
TBILIS 1982 05 26 1  8390  8424  8425  8445  8412  8447  8455  8452  8461  8433  8432  8409
TBILIS 1982 05 26 2  8430  8432  8434  8438  8472  8434  8416  8379  8395  8357  8349  8306
TBILIS 1982 05 27 1  8294  8307  8307  8274  8330  8317  8329  8332  8363  8372  8391  8388
TBILIS 1982 05 27 2  8388  8444  8410  8379  8369  8370  8311  8338  8282  8320  8294  8324
TBILIS 1982 05 28 1  8366  8327  8316  8313  8301  8289  8362  8397  8348  8401  8382  8442
TBILIS 1982 05 28 2  8444  8447  8460  8425  8407  8440  8424  8461  8414  8384  8395  8368
TBILIS 1982 05 29 1  8366  8354  8352  8346  8367  8380  8397  8447  8442  8503  8488  8477
TBILIS 1982 05 29 2  8493  8434  8449  8412  8424  8405  8373  8381  8398  8382  8373  8404
TBILIS 1982 05 30 1  8387  8370  8336  8333  8401  8327  8385  8385  8406  8417  8434  8430
TBILIS 1982 05 30 2  8467  8437  8430  8427  8386  8365  8383  8387  8344  8319  8356  8316
TBILIS 1982 05 31 1  8325  8291  8377  8327  8299  8374  8412  8398  8405  8466  8440  8439
TBILIS 1982 05 31 2  8426  8410  8432  8453  8429  8414  8396  8397  8386  8372  8384  8408
Cosmic-Ray Neutron Monitor Data (Hourly, Pressure-Corrected and Scale-Adjusted Counts)
Collections: WDC for Cosmic Rays, Solar-Terrestrial Environment Laboratory, Nagoya Univ.
Data Access: http://center.stelab.nagoya-u.ac.jp/WDCCR/index.html
Project: ICSU WDC
Citation: WDC for Cosmic Rays, Solar-Terrestrial Environment Laboratory, Nagoya University
Station ID: TBILIS
Station:  TBILISI,GIORGIA,INSTITUT GEOPHYSIKY (IG), GIORGIAN ACADEMY OF SCIENCES,GIORGIA 
Instrument: 18-NM-64 NEUTRON MONITOR, CORRECTED FOR PRESSURE TO 950.0 MB, COEF. = -0.69 %/MB
Latitude (deg.):   41.72  Longitude (deg.):   44.80  Altitude (m):  510.00
Cut-Off Rigidity (GV):    6.66
Year: 1982  Month:   6
Scaling Factor (SF):    64.0   Constant (CONST):     0.0  Real Counts = (DATA + CONST)*SF
Temporal Resolution: 1 hour
UTC Start Hour:     0.0
                                                                                
                                                        
Monthly Average:  8112.9
Updated (YYYY MM DD): 1985 11 22
*******************************************************************************************
ID     YYYY MM DD 1     0     1     2     3     4     5     6     7     8     9    10    11
ID     YYYY MM DD 2    12    13    14    15    16    17    18    19    20    21    22    23
*******************************************************************************************
TBILIS 1982 06 01 1  8411  8381  8354  8410  8385  8379  8354  8421  8394  8384  8391  8380
TBILIS 1982 06 01 2  8349  8382  8371  8392  8418  8430  8454  8399  8394  8398  8377  8384
TBILIS 1982 06 02 1  8345  8329  8415  8373  8378  8422  8423  8391  8432  8430  8445  8418
TBILIS 1982 06 02 2  8438  8424  8416  8370  8396  8373  8359  8365  8377  8348  8380  8377
TBILIS 1982 06 03 1  8355  8386  8367  8363  8398  8387  8387  8381  8371  8403  8393  8438
TBILIS 1982 06 03 2  8427  8422  8395  8362  8390  8364  8342  8389  8350  8360  8349  8326
TBILIS 1982 06 04 1  8343  8345  8355  8327  8351  8349  8340  8324  8402  8378  8395  8409
TBILIS 1982 06 04 2  8379  8382  8412  8362  8365  8422  8343  8333  8341  8344  8345  8381
TBILIS 1982 06 05 1  8338  8371  8368  8329  8332  8345  8347  8335  8411  8415  8400  8431
TBILIS 1982 06 05 2  8428  8444  8379  8392  8416  8429  8342  8359  8331  8370  8362  8399
TBILIS 1982 06 06 1  8384  8347  8358  8330  8326  8340  8320  8345  8338  8327  8378  8401
TBILIS 1982 06 06 2  8357  8370  8391  8355  8370  8377  8342  8342  8327  8318  8262  8276
TBILIS 1982 06 07 1  8282  8306  8291  8300  8309  8318  8297  8312  8271  8285  8328  8370
TBILIS 1982 06 07 2  8347  8364  8365  8336  8372  8370  8336  8356  8338  8359  8327  8338
TBILIS 1982 06 08 1  8328  8349  8296  8334  8325  8281  8324  8316  8276  8283  8289  8300
TBILIS 1982 06 08 2  8295  8312  8322  8391  8337  8320  8328  8292  8290  8348  8338  8177
TBILIS 1982 06 09 1  8170  8141  8112  8157  8110  8113  8125  8069  8084  8129  8129  8187
TBILIS 1982 06 09 2  8205  8258  8225  8235  8151  8106  8064  8036  7997  7964  7975  8013
TBILIS 1982 06 10 1  7988  7984  8015  8028  8036  8040  8017  8017  8040  8005  8039  8088
TBILIS 1982 06 10 2  8012  8040  8125  8114  8072  8023  7979  7996  8003  7995  8008  7979
TBILIS 1982 06 11 1  7964  7943  7969  7954  7964  7981  8012  8012  8041  8056  8014  8010
TBILIS 1982 06 11 2  7999  8037  7985  7956  8001  7957  7961  7962  7970  8002  7964  7989
TBILIS 1982 06 12 1  7997  7987  8027  7986  7983  7981  7995  8020  8068  8093  8091  8107
TBILIS 1982 06 12 2  8075  8050  8093  8064  8019  8001  7983  7923  7891  7799  7824  7891
TBILIS 1982 06 13 1  7853  7850  7861  7878  7867  7846  7862  7875  7916  7888  7918  7909
TBILIS 1982 06 13 2  7909  7897  7903  7881  7892  7911  7873  7888  7888  7802  7787  7758
TBILIS 1982 06 14 1  7792  7769  7755  7725  7779  7760  7766  7787  7830  7818  7834  7910
TBILIS 1982 06 14 2  7917  7928  7912  7863  7864  7812  7817  7826  7821  7848  7835  7801
TBILIS 1982 06 15 1  7810  7817  7809  7760  7831  7855  7836  7843  7859  7819  7800  7802
TBILIS 1982 06 15 2  7777  7808  7819  7792  7816  7779  7807  7809  7784  7804  7806  7788
TBILIS 1982 06 16 1  7795  7818  7826  7851  7810  7811  7807  7795  7825  7826  7811  7844
TBILIS 1982 06 16 2  7837  7848  7853  7849  7878  7894  7873  7880  7883  7882  7893  7886
TBILIS 1982 06 17 1  7920  7873  7886  7905  7884  7817  7849  7881  7852  7890  7862  7916
TBILIS 1982 06 17 2  7912  7976  7929  7968  7933  7973  7971  7968  7981  8011  8009  8020
TBILIS 1982 06 18 1  7971  7986  7915  7948  7936  7956  7966  7983  7958  7960  7981  7980
TBILIS 1982 06 18 2  8003  7980  8016  8040  8041  8087  8069  8072  8114  8080  8050  8035
TBILIS 1982 06 19 1  8040  7990  7954  7939  7962  8004  7971  8026  8014  7998  8038  8063
TBILIS 1982 06 19 2  8040  8057  8062  8048  8090  8070  8079  8047  8065  8042  8016  7992
TBILIS 1982 06 20 1  8031  8041  8002  8003  8002  8025  8038  8029  8051  8060  8056  8075
TBILIS 1982 06 20 2  8029  8052  8026  8014  8055  7985  7978  7945  7941  7943  7916  8007
TBILIS 1982 06 21 1  7988  7977  7984  7924  7953  7981  7995  8007  8028  8000  8058  8011
TBILIS 1982 06 21 2  8005  8055  8027  8009  7984  7976  7994  7977  7983  7970  7989  7972
TBILIS 1982 06 22 1  7972  8022  7953  7972  8015  7943  8011  7985  7972  7972  7975  8027
TBILIS 1982 06 22 2  8045  8044  8049  8042  8049  7995  8025  8088  8018  8035  8040  8074
TBILIS 1982 06 23 1  8076  8057  8012  8037  8049  8094  8057  8090  8110  8121  8117  8127
TBILIS 1982 06 23 2  8100  8109  8146  8103  8116  8143  8098  8126  8092  8097  8061  8084
TBILIS 1982 06 24 1  8044  8068  8064  8044  8034  8039  8059  8049  8102  8111  8141  8145
TBILIS 1982 06 24 2  8135  8145  8140  8139  8161  8150  8137  8117  8132  8116  8096  8118
TBILIS 1982 06 25 1  8114  8078  8059  8074  8091  8097  8048  8126  8168  8165  8161  8126
TBILIS 1982 06 25 2  8150  8140  8174  8179  8184  8137  8168  8089  8067  8089  8085  8127
TBILIS 1982 06 26 1  8121  8047  8060  8111  8093  8114  8143  8116  8153  8159  8129  8174
TBILIS 1982 06 26 2  8184  8238  8218  8187  8210  8197  8179  8186  8218  8187  8138  8143
TBILIS 1982 06 27 1  8141  8152  8153  8170  8125  8178  8182  8177  8204  8223  8216  8215
TBILIS 1982 06 27 2  8211  8215  8205  8196  8195  8158  8156  8148  8187  8165  8145  8149
TBILIS 1982 06 28 1  8142  8176  8125  8145  8174  8150  8145  8153  8148  8172  8170  8220
TBILIS 1982 06 28 2  8199  8196  8222  8219  8187  8160  8150  8174  8098  8095  8112  8102
TBILIS 1982 06 29 1  8151  8118  8114  8125  8103  8125  8166  8141  8122  8140  8160  8139
TBILIS 1982 06 29 2  8125  8149  8114  8128  8099  8137  8104  8067  8090  8078  8073  8011
TBILIS 1982 06 30 1  8046  8063  8030  8045  8145  8087  8094  8136  8129  8136  8130  8165
TBILIS 1982 06 30 2  8168  8160  8182  8177  8130  8194  8108  8142  8119  8101  8132  8105
TBILIS 1982 06 31 1 99999 99999 99999 99999 99999 99999 99999 99999 99999 99999 99999 99999
TBILIS 1982 06 31 2 99999 99999 99999 99999 99999 99999 99999 99999 99999 99999 99999 99999
Cosmic-Ray Neutron Monitor Data (Hourly, Pressure-Corrected and Scale-Adjusted Counts)
Collections: WDC for Cosmic Rays, Solar-Terrestrial Environment Laboratory, Nagoya Univ.
Data Access: http://center.stelab.nagoya-u.ac.jp/WDCCR/index.html
Project: ICSU WDC
Citation: WDC for Cosmic Rays, Solar-Terrestrial Environment Laboratory, Nagoya University
Station ID: TBILIS
Station:  TBILISI,GIORGIA,INSTITUT GEOPHYSIKY (IG), GIORGIAN ACADEMY OF SCIENCES,GIORGIA 
Instrument: 18-NM-64 NEUTRON MONITOR, CORRECTED FOR PRESSURE TO 950.0 MB, COEF. = -0.69 %/MB
Latitude (deg.):   41.72  Longitude (deg.):   44.80  Altitude (m):  510.00
Cut-Off Rigidity (GV):    6.66
Year: 1982  Month:   7
Scaling Factor (SF):    64.0   Constant (CONST):     0.0  Real Counts = (DATA + CONST)*SF
Temporal Resolution: 1 hour
UTC Start Hour:     0.0
                                                                                
                                                        
Monthly Average:  7870.0
Updated (YYYY MM DD): 1985 11 22
*******************************************************************************************
ID     YYYY MM DD 1     0     1     2     3     4     5     6     7     8     9    10    11
ID     YYYY MM DD 2    12    13    14    15    16    17    18    19    20    21    22    23
*******************************************************************************************
TBILIS 1982 07 01 1  8117  8138  8081  8125  8092  8115  8109  8154  8115  8105  8168  8116
TBILIS 1982 07 01 2  8170  8138  8199  8155  8085  8113  8119  8098  8074  8076  8066  8039
TBILIS 1982 07 02 1  8047  8045  8056  8031  8070  8071  8096  8092  8109  8141  8117  8147
TBILIS 1982 07 02 2  8170  8178  8132  8156  8108  8112  8092  8119  8065  8089  8110  8089
TBILIS 1982 07 03 1  8067  8062  8060  8077  8089  8122  8144  8092  8143  8132  8157  8121
TBILIS 1982 07 03 2  8131  8128  8125  8097  8114  8093  8060  8089  8074  8070  8044  8012
TBILIS 1982 07 04 1  7961  7971  7954  7976  8028  8044  8061  8076  8084  8072  8092  8103
TBILIS 1982 07 04 2  8098  8083  8137  8154  8176  8077  8123  8067  8032  8014  8027  8018
TBILIS 1982 07 05 1  8007  8031  8040  8091  8112  8096  8073  8114  8093  8105  8120  8130
TBILIS 1982 07 05 2  8193  8242  8146  8131  8163  8178  8138  8124  8085  8100  8068  8064
TBILIS 1982 07 06 1  8078  8044  8026  8010  8020  7985  7979  8008  8035  8046  8075  8029
TBILIS 1982 07 06 2  7979  8009  7971  8020  8033  8088  8124  8123  8140  8080  8062  8029
TBILIS 1982 07 07 1  8067  8106  8091  8110  8134  8092  8157  8130  8133  8132  8126  8125
TBILIS 1982 07 07 2  8153  8148  8160  8172  8151  8176  8104  8115  8116  8150  8094  8083
TBILIS 1982 07 08 1  8094  8103  8101  8067  8163  8110  8112  8111  8136  8160  8111  8158
TBILIS 1982 07 08 2  8115  8148  8125  8101  8149  8104  8085  8115  8098  8116  8096  8122
TBILIS 1982 07 09 1  8121  8124  8084  8106  8091  8095  8063  8107  8125  8113  8156  8122
TBILIS 1982 07 09 2  8138  8177  8132  8185  8176  8171  8144  8109  8145  8110  8131  8117
TBILIS 1982 07 10 1  8118  8141  8134  8133  8130  8124  8124  8143  8125  8099  8135  8108
TBILIS 1982 07 10 2  8115  8082  8115  8132  8139  8116  8071  8055  8068  8068  8080  8030
TBILIS 1982 07 11 1  8031  7990  8030  7990  8004  8015  8001  8049  8061  8054  8009  8006
TBILIS 1982 07 11 2  8046  8013  8088  8054  7971  7876  7838  7871  7850  7800  7828  7826
TBILIS 1982 07 12 1  7831  7828  7810  7816  7830  7804  7804  7790  7797  7801  7800  7784
TBILIS 1982 07 12 2  7784  7765  7782  7790  7839  7794  7866  7842  7857  7850  7839  7860
TBILIS 1982 07 13 1  7821  7786  7836  7868  7811  7821  7843  7845  7829  7828  7893  7858
TBILIS 1982 07 13 2  7812  7785  7800  7808  7747  7587  7534  7379  7356  7257  7297  7152
TBILIS 1982 07 14 1  7172  6950  6871  6820  6826  6846  6896  6935  6991  7054  7000  6934
TBILIS 1982 07 14 2  6904  6841  6816  6861  6984  7127  7179  7258  7256  7190  7115  7106
TBILIS 1982 07 15 1  7033  7000  7063  7098  7154  7110  7101  7120  7066  7067  7057  7052
TBILIS 1982 07 15 2  7119  7149  7198  7207  7252  7267  7322  7342  7320  7296  7286  7267
TBILIS 1982 07 16 1  7266  7290  7305  7296  7295  7295  7311  7303  7342  7360  7403  7394
TBILIS 1982 07 16 2  7400  7426  7403  7411  7346  7356  7290  7311  7274  7251  7289  7260
TBILIS 1982 07 17 1  7319  7329  7363  7360  7314  7329  7371  7395  7372  7308  7335  7362
TBILIS 1982 07 17 2  7359  7317  7368  7330  7322  7379  7383  7329  7329  7345  7335  7403
TBILIS 1982 07 18 1  7434  7459  7429  7429  7444  7430  7447  7480  7454  7451  7462  7455
TBILIS 1982 07 18 2  7472  7438  7448  7480  7469  7453  7472  7469  7454  7451  7466  7492
TBILIS 1982 07 19 1  7501  7510  7533  7561  7598  7589  7572  7552  7530  7530  7528  7545
TBILIS 1982 07 19 2  7537  7494  7515  7535  7570  7615  7632  7639  7628  7679  7659  7645
TBILIS 1982 07 20 1  7696  7690  7647  7661  7686  7759  7724  7733  7777  7785  7787  7802
TBILIS 1982 07 20 2  7812  7845  7880  7800  7799  7801  7807  7800  7805  7775  7762  7779
TBILIS 1982 07 21 1  7844  7792  7768  7767  7776  7838  7869  7836  7840  7833  7852  7809
TBILIS 1982 07 21 2  7821  7851  7786  7767  7836  7826  7782  7815  7817  7817  7826  7818
TBILIS 1982 07 22 1  7779  7744  7761  7806  7779  7785  7747  7715  7718  7719  7702  7714
TBILIS 1982 07 22 2  7718  7724  7759  7812  7789  7832  7824  7793  7813  7789  7806  7791
TBILIS 1982 07 23 1  7802  7840  7841  7833  7890  7919  7904  7946  7938  7923  7947  7943
TBILIS 1982 07 23 2  7913  7924  7956  7925  7921  7937  7910  7888  7915  7899  7914  7902
TBILIS 1982 07 24 1  7911  7922  7867  7909  7908  7908  7897  7955  8040  8045  8003  8014
TBILIS 1982 07 24 2  7996  7993  7994  7974  7971  7970  7844  7892  7906  7888  7860  7836
TBILIS 1982 07 25 1  7833  7785  7797  7790  7831  7871  7926  7945  7971  7987  7996  8036
TBILIS 1982 07 25 2  8008  8006  8045  8067  8020  7983  8007  7956  7959  7975  7979  7980
TBILIS 1982 07 26 1  7960  7972  7995  8027  8035  8027  8045  8071  8095  8125  8136  8168
TBILIS 1982 07 26 2  8172  8132  8124  8112  8120  8098  8071  8071  8058  8088  8094  8043
TBILIS 1982 07 27 1  8056  8079  7986  8050  8064  8079  8112  8109  8138  8164  8149  8186
TBILIS 1982 07 27 2  8180  8152  8176  8197  8162  8165  8106  8083  8068  8103  8065  8103
TBILIS 1982 07 28 1  8079  8077  8098  8111  8123  8149  8142  8134  8136  8200  8188  8198
TBILIS 1982 07 28 2  8183  8188  8176  8170  8155  8143  8158  8105  8110  8057  8056  8091
TBILIS 1982 07 29 1  8093  8085  8065  8098  8078  8124  8178  8227  8101  8147  8167  8145
TBILIS 1982 07 29 2  8143  8149  8183  8158  8119  8093  8040  8026  8056  8070  8099  8100
TBILIS 1982 07 30 1  8069  8074  8082  8096  8103  8098  8111  8102  8078  8112  8126  8133
TBILIS 1982 07 30 2  8116  8101  8085  8055  8013  8055  8007  7980  7942  7942  7932  7934
TBILIS 1982 07 31 1  7960  7954  7948  7914  7917  7876  7936  7999  8038  8097  8082  8054
TBILIS 1982 07 31 2  8041  8012  8028  7988  7982  8004  7977  8024  8012  7977  7991  7975
Cosmic-Ray Neutron Monitor Data (Hourly, Pressure-Corrected and Scale-Adjusted Counts)
Collections: WDC for Cosmic Rays, Solar-Terrestrial Environment Laboratory, Nagoya Univ.
Data Access: http://center.stelab.nagoya-u.ac.jp/WDCCR/index.html
Project: ICSU WDC
Citation: WDC for Cosmic Rays, Solar-Terrestrial Environment Laboratory, Nagoya University
Station ID: TBILIS
Station:  TBILISI,GIORGIA,INSTITUT GEOPHYSIKY (IG), GIORGIAN ACADEMY OF SCIENCES,GIORGIA 
Instrument: 18-NM-64 NEUTRON MONITOR, CORRECTED FOR PRESSURE TO 950.0 MB, COEF. = -0.69 %/MB
Latitude (deg.):   41.72  Longitude (deg.):   44.80  Altitude (m):  510.00
Cut-Off Rigidity (GV):    6.66
Year: 1982  Month:   8
Scaling Factor (SF):    64.0   Constant (CONST):     0.0  Real Counts = (DATA + CONST)*SF
Temporal Resolution: 1 hour
UTC Start Hour:     0.0
                                                                                
                                                        
Monthly Average:  7908.3
Updated (YYYY MM DD): 1985 11 22
*******************************************************************************************
ID     YYYY MM DD 1     0     1     2     3     4     5     6     7     8     9    10    11
ID     YYYY MM DD 2    12    13    14    15    16    17    18    19    20    21    22    23
*******************************************************************************************
TBILIS 1982 08 01 1  8009  8058  7973  7993  7946  7984  7989  8027  8040  8064  8065  8042
TBILIS 1982 08 01 2  8076  8078  8069  8059  8020  7985  8018  8022  8011  7998  7969  7950
TBILIS 1982 08 02 1  8012  8006  7980  7992  7965  7952  7942  8001  7966  8025  8041  8004
TBILIS 1982 08 02 2  8049  8031  8031  8020  8020  8029  8018  7996  7946  7975  7965  7946
TBILIS 1982 08 03 1  7943  7948  7908  7906  7946  7936  7908  7998  7980  7994  7958  8014
TBILIS 1982 08 03 2  7991  7984  8022  8003  7975  7976  7998  7987  7948  7911  7929  7906
TBILIS 1982 08 04 1  7914  7937  7906  7888  7898  7888  7916  7946  7939  7959  7968  7973
TBILIS 1982 08 04 2  7988  7976  7935  7967  7932  7965  7998  7918  7976  7984  7966  7975
TBILIS 1982 08 05 1  7944  7935  7933  7926  7957  7968  7920  7960  7997  8021  7993  7984
TBILIS 1982 08 05 2  8021  8010  7987  7949  7992  7977  8018  8007  7955  7931  7946  7959
TBILIS 1982 08 06 1  7952  7968  7934  7966  7989  7951  7946  7969  7963  8017  7985  7991
TBILIS 1982 08 06 2  8002  7986  7980  7973  7978  7974  7957  7952  7935  7905  7857  7802
TBILIS 1982 08 07 1  7797  7802 99999 99999 99999 99999 99999  7861  7906  7824  7827  7814
TBILIS 1982 08 07 2  7824  7791  7793  7787  7803  7807  7802  7826  7822  7815  7814  7787
TBILIS 1982 08 08 1  7815  7800  7812  7780  7781  7757  7799  7800  7780  7809  7823  7825
TBILIS 1982 08 08 2  7823  7772  7794  7764  7751  7774  7783  7779  7818  7814  7806  7774
TBILIS 1982 08 09 1  7769  7752  7770  7789  7774  7785  7796  7824  7811  7838  7804  7876
TBILIS 1982 08 09 2  7872  7865  7884  7849  7918  7907  7912  7888  7877  7848  7855  7855
TBILIS 1982 08 10 1  7839  7822  7795  7798  7756  7736  7745  7754  7775  7808  7757  7799
TBILIS 1982 08 10 2  7766  7792  7764  7783  7749  7708  7763  7749  7765  7759  7750  7753
TBILIS 1982 08 11 1  7763  7791  7737  7728  7794  7770  7781  7706  7771  7779  7753  7746
TBILIS 1982 08 11 2  7748  7740  7753  7762  7811  7828  7780  7772  7766  7724  7738  7746
TBILIS 1982 08 12 1  7717  7745  7753  7716  7720  7699  7710  7720  7739  7752  7774  7785
TBILIS 1982 08 12 2  7796  7787  7783  7822  7818  7827  7769  7798  7798  7754  7804  7748
TBILIS 1982 08 13 1  7760  7790  7792  7768  7806  7818  7856  7875  7881  7877  7848  7857
TBILIS 1982 08 13 2  7852  7841  7886  7878  7883  7896  7865  7887  7878  7847  7864  7886
TBILIS 1982 08 14 1  7875  7879  7859  7868  7875  7858  7870  7868  7872  7881  7895  7893
TBILIS 1982 08 14 2  7911  7883  7889  7939  7908  7933  7900  7920  7941  7963  7927  7954
TBILIS 1982 08 15 1  7961  7890  7923  7927  7883  7895  7884  7896  7919  7935  7974  7960
TBILIS 1982 08 15 2  7933  7954  7923  7926  7917  7936  7964  7911  7920  7969  7920  7892
TBILIS 1982 08 16 1  7891  7882  7919  7903  7895  7870  7919  7916  7940  7922  7945  7908
TBILIS 1982 08 16 2  7953  7926  7956  7926  7989  7955  7944  7918  7914  7919  7905  7889
TBILIS 1982 08 17 1  7926  7905  7948  7947  7957  7986  7969  7999  7980 99999 99999 99999
TBILIS 1982 08 17 2 99999 99999 99999 99999 99999 99999 99999 99999 99999 99999 99999 99999
TBILIS 1982 08 18 1 99999 99999 99999 99999 99999 99999 99999 99999 99999 99999 99999 99999
TBILIS 1982 08 18 2 99999 99999 99999 99999 99999 99999 99999 99999 99999 99999 99999 99999
TBILIS 1982 08 19 1 99999 99999 99999 99999 99999 99999 99999 99999 99999 99999 99999 99999
TBILIS 1982 08 19 2 99999 99999 99999 99999 99999 99999 99999 99999 99999 99999 99999 99999
TBILIS 1982 08 20 1 99999 99999 99999 99999 99999 99999 99999 99999 99999 99999 99999 99999
TBILIS 1982 08 20 2 99999 99999  7900  7950  7923  7904  7912  7931  7931  7875  7910  7878
TBILIS 1982 08 21 1  7886  7926  7917  7912  7908  7940  7951  7972  7964  7951  7991  7949
TBILIS 1982 08 21 2  7982  7968  7941  7949  7951  7902  7884  7879  7903  7903  7888  7885
TBILIS 1982 08 22 1  7865  7858  7899  7918  7938  7914  7886  7933  7938  7959  7969  8013
TBILIS 1982 08 22 2  8044  8018  8018  8034  8007  8022  7990  8038  7972  7978  7995  7930
TBILIS 1982 08 23 1  7962  7935  7974  7942  7939 99999 99999 99999  7983  7952  7974  7967
TBILIS 1982 08 23 2  7946  7936  7970  7979  7948  7954  7962  7956  7989  7953  7960  7918
TBILIS 1982 08 24 1  7933  7902  7930  7926  7924  7884  7884  7919  7918  7898  7934  7907
TBILIS 1982 08 24 2  7927  7928  7912  7944  7950  7940  7915  7911  7867  7894  7901  7894
TBILIS 1982 08 25 1  7908  7911  7961  7907  7895  7918  7903  7950  7961  7942  7973  7969
TBILIS 1982 08 25 2  7974  7951  7981  7940  7964  7991  7956  7960  7864  7914  7869  7842
TBILIS 1982 08 26 1  7890  7885  7902  7857  7900  7904  7930  7931  7985  7936  7968  7936
TBILIS 1982 08 26 2  7988  7983  7977  7994  7984  7959  7963  7952  7943  7973  7968  7970
TBILIS 1982 08 27 1  7968  7935  7918  7934 99999 99999 99999  7907  7893  7878  7879  7876
TBILIS 1982 08 27 2  7901  7920  7916  7924  7927  7951  7966  7942  7926  7947  7945  7892
TBILIS 1982 08 28 1  7940  7907  7936  7945  7939  7936  7952  7970  7953  7967  7956  7988
TBILIS 1982 08 28 2  7957  7935  7965  7947  7929  7888  7930  7958  7964  7924  7925  7911
TBILIS 1982 08 29 1  7895  7918  7898  7889  7905  7892  7905  7905  7910  7944  7977  7995
TBILIS 1982 08 29 2  7968  7975  8001  7984  7961  7966  7924  7956  7934  7949  7901  7901
TBILIS 1982 08 30 1  7922  7897  7910  7887  7892  7873  7906  7935  7931  7940  7920  7965
TBILIS 1982 08 30 2  7926  7935  7938  7934  7941  7910  7907  7959  7884  7919  7909  7877
TBILIS 1982 08 31 1  7891  7904  7919  7919  7890  7906  7937  7960  7988  7981  7974  8004
TBILIS 1982 08 31 2  7972  7994  8006  7957  7960  7959  7952  7960  7929  7921  7936  7915
Cosmic-Ray Neutron Monitor Data (Hourly, Pressure-Corrected and Scale-Adjusted Counts)
Collections: WDC for Cosmic Rays, Solar-Terrestrial Environment Laboratory, Nagoya Univ.
Data Access: http://center.stelab.nagoya-u.ac.jp/WDCCR/index.html
Project: ICSU WDC
Citation: WDC for Cosmic Rays, Solar-Terrestrial Environment Laboratory, Nagoya University
Station ID: TBILIS
Station:  TBILISI,GIORGIA,INSTITUT GEOPHYSIKY (IG), GIORGIAN ACADEMY OF SCIENCES,GIORGIA 
Instrument: 18-NM-64 NEUTRON MONITOR, CORRECTED FOR PRESSURE TO 950.0 MB, COEF. = -0.69 %/MB
Latitude (deg.):   41.72  Longitude (deg.):   44.80  Altitude (m):  510.00
Cut-Off Rigidity (GV):    6.66
Year: 1982  Month:   9
Scaling Factor (SF):    64.0   Constant (CONST):     0.0  Real Counts = (DATA + CONST)*SF
Temporal Resolution: 1 hour
UTC Start Hour:     0.0
                                                                                
                                                        
Monthly Average:  7767.9
Updated (YYYY MM DD): 1985 11 22
*******************************************************************************************
ID     YYYY MM DD 1     0     1     2     3     4     5     6     7     8     9    10    11
ID     YYYY MM DD 2    12    13    14    15    16    17    18    19    20    21    22    23
*******************************************************************************************
TBILIS 1982 09 01 1  7923  7915  7943  7929  7942  7928  7941  7936  7964  7945  7951  7981
TBILIS 1982 09 01 2  7954  7993  7993  7941  7970  7957  7924  7899  7897  7913  7918  7915
TBILIS 1982 09 02 1  7916  7909  7910  7907  7918  7916  7856  7948  7966  7988  7967  7962
TBILIS 1982 09 02 2  7980  7987  7962  7965  7949  7913  7954  7962  7925  7960  7949  7959
TBILIS 1982 09 03 1  7928  7962  7935  7932  7926  7915  7955  7949  7958  7960  8015  8006
TBILIS 1982 09 03 2  8046  7991  7994  7992  8008  7948  7952  7930  7891  7893  7933  7892
TBILIS 1982 09 04 1  7916  7916  7945  7913  7947  7950  7951  7946  7978  7975  8004  8044
TBILIS 1982 09 04 2  8013  8010  8039  8019  8034  7967  7944  7989  7920  7909  7890  7870
TBILIS 1982 09 05 1  7899  7916  7917  7940  7908  7957  7955  7967  7976  7981  8050  7969
TBILIS 1982 09 05 2  8021  8027  7988  8002  8021  7981  7985  7989  7970  7979  7932  7841
TBILIS 1982 09 06 1  7827  7888  7938  7902  7894  7850  7805  7756  7731  7698  7771  7820
TBILIS 1982 09 06 2  7885  7849  7805  7714  7694  7593  7497  7613  7667  7759  7721  7737
TBILIS 1982 09 07 1  7696  7674  7705  7683  7644  7581  7555  7604  7599  7603  7616  7611
TBILIS 1982 09 07 2  7594  7553  7557  7596  7602  7636  7652  7647  7630  7616  7636  7656
TBILIS 1982 09 08 1  7659  7616  7669  7662  7687  7685  7653  7655  7630  7649  7661  7676
TBILIS 1982 09 08 2  7692  7700  7669  7667  7723  7677  7677  7637  7683  7662  7664  7655
TBILIS 1982 09 09 1  7686  7690  7684  7654  7692  7677  7683  7680  7639  7669  7647  7624
TBILIS 1982 09 09 2  7657  7651  7653  7682  7714  7666  7661  7718  7720  7780  7744  7746
TBILIS 1982 09 10 1  7757  7769  7736  7710  7730  7728  7710  7761  7787  7772  7773  7805
TBILIS 1982 09 10 2  7823  7811  7802  7793  7812  7832  7814  7777  7813  7810  7780  7805
TBILIS 1982 09 11 1  7818  7759  7748  7755  7738  7796  7768  7801  7841  7794  7796  7807
TBILIS 1982 09 11 2  7851  7827  7823  7839  7795  7789  7808  7737  7776  7813  7795  7750
TBILIS 1982 09 12 1  7763  7732  7746  7742  7798  7768  7789  7772  7759  7786  7837  7800
TBILIS 1982 09 12 2  7817  7808  7866  7806  7831  7834  7813  7817  7799  7819  7791  7787
TBILIS 1982 09 13 1  7834  7844  7889  7873  7863  7876  7857  7849  7857  7897  7864  7904
TBILIS 1982 09 13 2  7878  7880  7878  7889  7848  7827  7810  7777  7763  7756  7747  7783
TBILIS 1982 09 14 1  7753  7779  7752  7785  7845  7826  7838  7842  7849  7826  7801  7853
TBILIS 1982 09 14 2  7802  7785  7779  7753  7783  7758  7768  7740  7733  7721  7699  7734
TBILIS 1982 09 15 1  7767  7742  7725  7748  7779  7806  7810  7801  7846  7885  7861  7834
TBILIS 1982 09 15 2  7850  7859  7839  7822  7825  7774  7792  7801  7819  7796  7790  7780
TBILIS 1982 09 16 1  7765  7698  7744  7762  7738  7727  7765  7766  7789  7762  7762  7744
TBILIS 1982 09 16 2  7790  7823  7816  7801  7790  7748  7729  7745  7745  7737  7748  7752
TBILIS 1982 09 17 1  7762  7763  7794  7796  7805  7815  7839  7825  7858  7855  7893  7839
TBILIS 1982 09 17 2  7843  7855  7880  7867  7879  7864  7875  7870  7836  7819  7803  7838
TBILIS 1982 09 18 1  7822  7821  7852 99999 99999 99999 99999 99999 99999 99999 99999 99999
TBILIS 1982 09 18 2 99999 99999 99999 99999 99999 99999 99999 99999 99999 99999 99999 99999
TBILIS 1982 09 19 1 99999 99999 99999 99999 99999 99999 99999 99999 99999 99999 99999 99999
TBILIS 1982 09 19 2 99999 99999 99999 99999 99999 99999 99999 99999 99999 99999 99999 99999
TBILIS 1982 09 20 1 99999 99999 99999 99999 99999 99999  7820  7835  7844  7816  7851  7844
TBILIS 1982 09 20 2  7800  7798  7785  7790  7782  7796  7807  7770  7741  7754  7760  7778
TBILIS 1982 09 21 1  7772  7803  7800  7781  7792  7802  7842  7793  7789  7765  7728  7659
TBILIS 1982 09 21 2  7626  7609  7523  7279  7283  7411  7436  7583  7575  7545  7492  7455
TBILIS 1982 09 22 1  7474  7419  7430  7441  7482  7567  7573  7573  7611  7589  7542  7532
TBILIS 1982 09 22 2  7509  7515  7475  7522  7537  7529  7561  7538  7523  7549  7578  7601
TBILIS 1982 09 23 1  7591  7624  7591  7612  7614  7630  7552  7567  7561  7580  7571  7545
TBILIS 1982 09 23 2  7514  7573  7583  7573  7567  7639  7604  7632  7620  7618  7671  7627
TBILIS 1982 09 24 1  7642  7694  7648  7669  7612  7645  7667  7630  7641  7642  7623  7643
TBILIS 1982 09 24 2  7660  7673  7650  7621  7668  7631  7639  7659  7654  7654  7667  7645
TBILIS 1982 09 25 1  7676  7659  7698  7713  7720  7692  7653  7683  7664  7728  7718  7734
TBILIS 1982 09 25 2  7733  7719  7721  7716  7726  7733  7699  7739  7712  7669  7575  7577
TBILIS 1982 09 26 1  7557  7547  7573  7589  7580  7589  7591  7613  7637  7633  7683  7643
TBILIS 1982 09 26 2  7662  7709  7787  7805  7778  7786  7767  7784  7748  7752  7735  7738
TBILIS 1982 09 27 1  7761  7769  7759  7800  7737  7766  7804  7769  7738  7718  7704  7706
TBILIS 1982 09 27 2  7690  7674  7667  7696  7724  7710  7750  7722  7730  7701  7709  7718
TBILIS 1982 09 28 1  7728  7732  7722  7759  7737  7736  7775  7781  7755  7758  7729  7734
TBILIS 1982 09 28 2  7708  7715  7687  7720  7721  7739  7734  7724  7723  7743  7735  7693
TBILIS 1982 09 29 1  7725  7750  7722  7740  7704  7706  7745  7690  7749  7706  7671  7762
TBILIS 1982 09 29 2  7740  7737  7748  7767  7734  7740  7740  7740  7738  7748  7731  7760
TBILIS 1982 09 30 1  7752  7741  7777  7746  7739  7755  7760  7770  7783  7801  7859  7894
TBILIS 1982 09 30 2  7875  7900  7897  7901  7875  7879  7885  7847  7843  7856  7838  7884
TBILIS 1982 09 31 1 99999 99999 99999 99999 99999 99999 99999 99999 99999 99999 99999 99999
TBILIS 1982 09 31 2 99999 99999 99999 99999 99999 99999 99999 99999 99999 99999 99999 99999
Cosmic-Ray Neutron Monitor Data (Hourly, Pressure-Corrected and Scale-Adjusted Counts)
Collections: WDC for Cosmic Rays, Solar-Terrestrial Environment Laboratory, Nagoya Univ.
Data Access: http://center.stelab.nagoya-u.ac.jp/WDCCR/index.html
Project: ICSU WDC
Citation: WDC for Cosmic Rays, Solar-Terrestrial Environment Laboratory, Nagoya University
Station ID: TBILIS
Station:  TBILISI,GIORGIA,INSTITUT GEOPHYSIKY (IG), GIORGIAN ACADEMY OF SCIENCES,GIORGIA 
Instrument: 18-NM-64 NEUTRON MONITOR, CORRECTED FOR PRESSURE TO 950.0 MB, COEF. = -0.69 %/MB
Latitude (deg.):   41.72  Longitude (deg.):   44.80  Altitude (m):  510.00
Cut-Off Rigidity (GV):    6.66
Year: 1982  Month:  10
Scaling Factor (SF):    64.0   Constant (CONST):     0.0  Real Counts = (DATA + CONST)*SF
Temporal Resolution: 1 hour
UTC Start Hour:     0.0
                                                                                
                                                        
Monthly Average:  7931.3
Updated (YYYY MM DD): 1985 11 22
*******************************************************************************************
ID     YYYY MM DD 1     0     1     2     3     4     5     6     7     8     9    10    11
ID     YYYY MM DD 2    12    13    14    15    16    17    18    19    20    21    22    23
*******************************************************************************************
TBILIS 1982 10 01 1  7856  7841  7831  7842  7842  7833  7841  7843  7860  7863  7861  7880
TBILIS 1982 10 01 2  7883  7945  7902  7830  7854  7890  7901  7861  7873  7851  7902  7867
TBILIS 1982 10 02 1  7855  7833  7870  7860  7870  7910  7889  7901  7898  7895  7894  7955
TBILIS 1982 10 02 2  7885  7904  7931  7877  7865  7853  7849  7816  7830  7820  7827  7879
TBILIS 1982 10 03 1  7900  7875  7836  7888  7858  7888  7863  7854  7849  7880  7885  7855
TBILIS 1982 10 03 2  7856  7823  7853  7835  7800  7800  7812  7823  7798  7790  7780  7802
TBILIS 1982 10 04 1  7819  7807  7762  7812  7799  7762  7814  7799  7848  7890  7853  7883
TBILIS 1982 10 04 2  7896  7912  7911  7857  7883  7841  7852  7858  7865  7844  7858  7822
TBILIS 1982 10 05 1  7809  7819  7863  7843  7862  7814  7861  7802  7826  7788  7861  7837
TBILIS 1982 10 05 2  7801  7794  7822  7825  7846  7870  7831  7808  7851  7838  7836  7828
TBILIS 1982 10 06 1  7848  7815  7789  7795  7869  7774  7790  7780  7761  7816  7835  7806
TBILIS 1982 10 06 2  7812  7798  7875  7833  7835  7779  7809  7822  7861  7848  7823  7784
TBILIS 1982 10 07 1  7826  7847  7846  7841  7890  7892  7870  7867  7896  7893  7898  7916
TBILIS 1982 10 07 2  7927  7897  7902  7903  7892  7925  7864  7891  7893  7877  7885  7867
TBILIS 1982 10 08 1  7864  7874  7850  7842  7865  7885  7909  7917  7890  7903  7896  7867
TBILIS 1982 10 08 2  7873  7843  7850  7887  7904  7911  7940  7868  7857  7832  7817  7832
TBILIS 1982 10 09 1  7843  7812  7843  7890  7870  7869  7878  7911  7904  7912  7916  7890
TBILIS 1982 10 09 2  7919  7905  7886  7897  7890  7885  7893  7867  7896  7882  7882  7849
TBILIS 1982 10 10 1  7837  7874  7885  7858  7873  7860  7912  7881  7881  7920  7936  7946
TBILIS 1982 10 10 2  7954  7907  7905  7856  7972  7825  7847  7896  7939  7859  7859  7810
TBILIS 1982 10 11 1  7866  7821  7804  7840  7835  7815  7894  7866  7887  7912  7931  7933
TBILIS 1982 10 11 2  7958  7977  7940  7903  7920  7893  7913  7863  7884  7856  7877  7860
TBILIS 1982 10 12 1  7868  7858  7823  7832  7929  7868  7863  7837  7858  7874  7904  7884
TBILIS 1982 10 12 2  7928  7906  7876  7885  7889  7894  7877  7854  7908  7900  7889  7904
TBILIS 1982 10 13 1  7862  7868  7867  7907  7880  7913  7902  7869  7893  7945  7878  7905
TBILIS 1982 10 13 2  7923  7948  7941  7919  7948  7921  7923  7974  7962  7949  7891  7927
TBILIS 1982 10 14 1  7961  7902  7913  7913  7905  7936  7896  7950  7975  7971  7965  7978
TBILIS 1982 10 14 2  8004  7993  8003  7980  7971  7979  7987  7959  7985  7985  7954  7961
TBILIS 1982 10 15 1  7945  7944  7973  7943  7974  7916  7901  7895  7905  7941  7970  7987
TBILIS 1982 10 15 2  7960  7952  7970  7967  7928  7945  7946  7925  7936  7968  7931  7953
TBILIS 1982 10 16 1  7927  7903  7931  7892  7908  7887  7912  7919  7942  7979  8012  7987
TBILIS 1982 10 16 2  8017  8035  8010  8013  8011  8025  8032  7996  8016  7998  7945  8010
TBILIS 1982 10 17 1  7967  7943  7990  7979  7980  7987  7993  8005  8019  8024  8006  8035
TBILIS 1982 10 17 2  7981  8005  8037  7988  7980  8025  7985  7983  8003  7975  8042  7978
TBILIS 1982 10 18 1  7955  7969  7975  7981  8013  7986  7978  7992  8014  8011  8007  7979
TBILIS 1982 10 18 2  7999  7987  7999  7959  8000  7934  7982  7957  7917  7926  7926  7936
TBILIS 1982 10 19 1  7946  7946  7911  7939  7901  7943  7951  7987  7951  7927  7961  7966
TBILIS 1982 10 19 2  7957  7975  7987  7973  7993  8009  8021  8017  8030  8008  7975  8012
TBILIS 1982 10 20 1  8012  8023  7987  8012  8002  8028  7927  7965  7950  7985  7981  8004
TBILIS 1982 10 20 2  7952  7966  7994  7999  7978  7983  8015  7951  7966  8007  8057  8054
TBILIS 1982 10 21 1  8041  8018  7965  7985  8014  8003  8023  8032  7996  8047  7991  7981
TBILIS 1982 10 21 2  7969  8009  7968  8013  7986  7979  8048  8026  8013  8030  8039  8046
TBILIS 1982 10 22 1  8035  7990  8035  7995  7945  7968  7903  7928  7926  7933  7954  7942
TBILIS 1982 10 22 2  7948  7943  7955  7977  7978  7997  7996  8012  7985  7992  8031  8051
TBILIS 1982 10 23 1  8011  8007  7998  7968  8029  7985  8010  7991  8002  8032  8071  8039
TBILIS 1982 10 23 2  8022  8034  8041  8059  8071  8061  8096  8051  8077  8079  8083  8086
TBILIS 1982 10 24 1  8083  8030  8074  8042  7996  8016  8018  8003  8027  7989  8017  8044
TBILIS 1982 10 24 2  8028  8012  8020  8037  8035  8045  8052  8098  8054  8108  8064  8083
TBILIS 1982 10 25 1  8077  8063  8062  8079  8059  8062  8050  7966  8044  8001  8042  8021
TBILIS 1982 10 25 2  8045  8042  8089  8056  8066  8056  8040  8089  8103  8084  8051  8104
TBILIS 1982 10 26 1  8075  7994  8018  8029  8003  8045  7997  8033  8012  8049  8028  8022
TBILIS 1982 10 26 2  8013  8012  8005  7973  8004  7956  7936  7964  7994  7990  7980  7991
TBILIS 1982 10 27 1  8001  7957  7993  7950  7915  7947  7929  7912  7918  7973  7969  7955
TBILIS 1982 10 27 2  7966  7969  7999  7929  7979  7972  7993  8028  7993  8053  8024  7994
TBILIS 1982 10 28 1  7991  7997  8006  8003  7977  7966  7960  7953  7948  8006  7973  7999
TBILIS 1982 10 28 2  7982  8003  8017  7960  7962  7941  7975  7992  7967  8006  8000  7899
TBILIS 1982 10 29 1  7919  7903  7927  7946  7947  7982  7923  7925  7902  7901  7933  7985
TBILIS 1982 10 29 2  7939  7953  7987  7995  7938  8010  7919  7875  7903  7849  7895  7905
TBILIS 1982 10 30 1  7914  7944  7932  7926  7895  7925  7906  7898  7904  7953  7902  7944
TBILIS 1982 10 30 2  7938  7907  7902  7872  7924  7861  7884  7910  7932  7877  7904  7880
TBILIS 1982 10 31 1  7880  7902  7899  7871  7872  7865  7840  7838  7904  7929  7949  7949
TBILIS 1982 10 31 2  7880  7916  7952  7906  7872  7800  7801  7823  7796  7805  7862  7787
Cosmic-Ray Neutron Monitor Data (Hourly, Pressure-Corrected and Scale-Adjusted Counts)
Collections: WDC for Cosmic Rays, Solar-Terrestrial Environment Laboratory, Nagoya Univ.
Data Access: http://center.stelab.nagoya-u.ac.jp/WDCCR/index.html
Project: ICSU WDC
Citation: WDC for Cosmic Rays, Solar-Terrestrial Environment Laboratory, Nagoya University
Station ID: TBILIS
Station:  TBILISI,GIORGIA,INSTITUT GEOPHYSIKY (IG), GIORGIAN ACADEMY OF SCIENCES,GIORGIA 
Instrument: 18-NM-64 NEUTRON MONITOR, CORRECTED FOR PRESSURE TO 950.0 MB, COEF. = -0.69 %/MB
Latitude (deg.):   41.72  Longitude (deg.):   44.80  Altitude (m):  510.00
Cut-Off Rigidity (GV):    6.66
Year: 1982  Month:  11
Scaling Factor (SF):    64.0   Constant (CONST):     0.0  Real Counts = (DATA + CONST)*SF
Temporal Resolution: 1 hour
UTC Start Hour:     0.0
                                                                                
                                                        
Monthly Average:  8028.2
Updated (YYYY MM DD): 1985 11 22
*******************************************************************************************
ID     YYYY MM DD 1     0     1     2     3     4     5     6     7     8     9    10    11
ID     YYYY MM DD 2    12    13    14    15    16    17    18    19    20    21    22    23
*******************************************************************************************
TBILIS 1982 11 01 1  7846  7875  7864  7848  7852  7831  7850  7883  7848  7853  7874  7874
TBILIS 1982 11 01 2  7893  7906  7924  7863  7879  7874  7933  7901  7913  7902  7905  7963
TBILIS 1982 11 02 1  7941  7920  7908  7973  7941  7950  7966  7895  7928  7962  7981  7936
TBILIS 1982 11 02 2  7963  8003  7956  7952  8037  7954  7981  8008  7957  7949  7996  7972
TBILIS 1982 11 03 1  7916  8000  7976  7976  7996  7980  7987  7984  8039  8056  8046  8072
TBILIS 1982 11 03 2  8109  8048  8034  8038  8003  8023  8012  7985  8013  7990  8006  7948
TBILIS 1982 11 04 1  7986  8022  7985  7989  8025  8014  8005  8023  8040  8024  8045  8071
TBILIS 1982 11 04 2  8081  8077  8049  8084  8077  8068  8098  8072  8030  8032  8038  8065
TBILIS 1982 11 05 1  8041  8007  8050  8032  8015  8039  8014  8015  8068  8090  8131  8098
TBILIS 1982 11 05 2  8125  8128  8096  8083  8102  8092  8043  8027  8004  8017  8027  8032
TBILIS 1982 11 06 1  8042  8012  8039  8047  8069  8064  8078  8087  8100  8073  8094  8092
TBILIS 1982 11 06 2  8146  8120  8094  8093  8123  8108  8067  8103  8101  8081  8095  8117
TBILIS 1982 11 07 1  8081  8074  8091  8100  8161  8151  8109  8163  8169  8130  8157  8176
TBILIS 1982 11 07 2  8114  8164  8099  8153  8160  8148  8135  8134  8125  8117  8102  8094
TBILIS 1982 11 08 1  8135  8163  8125  8130  8115  8053  8079  8110  8096  8120  8130  8087
TBILIS 1982 11 08 2  8068  8044  8034  7972  7955  7974  7959  7998  7990  7931  7955  7923
TBILIS 1982 11 09 1  7928  7985  7986  8033  8040  8024  8034  8008  7991  7959  7928  7943
TBILIS 1982 11 09 2  7933  7890  7913  7910  7904  7964  7900  7935  7947  7955  7934  7956
TBILIS 1982 11 10 1  7922  7936  7946  7875  7908  7925  7961  7918  7969  7907  7932  7973
TBILIS 1982 11 10 2  7983  8001  7973  7986  7923  7987  7985  7981  7979  7953  7948  7966
TBILIS 1982 11 11 1  7957  7958  7986  7979  7985  7986  8021  8018  8022  8044  8095  8059
TBILIS 1982 11 11 2  8068  8075  8024  8026  8012  8004  8062  8075  8037  8059  8030  8047
TBILIS 1982 11 12 1  8035  8033  8056  8046  8059  8121  8119  8025  8092  8114  8129  8102
TBILIS 1982 11 12 2  8064  8044  8043  8053  8059  8078  8030  8042  8027  8040  8056  8039
TBILIS 1982 11 13 1  8010  8021  8008  7996  8006  7998  7998  8033  8059  8065  8062  8045
TBILIS 1982 11 13 2  8040  8052  8072  8081  8061  8074  8106  8083  8047  8074  8063  8112
TBILIS 1982 11 14 1  7992  8023  8026  8075  8094  8054  8091  8071  8095  8081  8096  8074
TBILIS 1982 11 14 2  8120  8100  8057  8078  8055  8018  8027  7994  7973  7959  7968  7994
TBILIS 1982 11 15 1  7986  7973  8000  7973  7995  7975  8003  8016  8017  8062  8084  8053
TBILIS 1982 11 15 2  8033  8042  8018  8011  8009  7986  8006  7965  7969  7941  8015  7970
TBILIS 1982 11 16 1  7972  7981  7974  7975  7993  8008  8003  8022  8036  8052  8049  8031
TBILIS 1982 11 16 2  8033  8010  8028  8006  7976  7997  7959  7997  8015  7974  7991  7992
TBILIS 1982 11 17 1  7979  7971  7992  7999  7975  7975  7977  7966  7991  8002  7997  7996
TBILIS 1982 11 17 2  7949  7983  7975  7985  7950  7991  8043  7980  8025  8034  8032  8032
TBILIS 1982 11 18 1  8006  8027  7991  8007  7995  7992  7965  8016  7987  7986  8000  8005
TBILIS 1982 11 18 2  7993  8058  8066  8033  8053  8063  8075  8062  8063  8112  8096  8053
TBILIS 1982 11 19 1  8049  8082  8029  8054  8074  8057  8055  7996  8026  8058  8098  8086
TBILIS 1982 11 19 2  8093  8062  8095  8099  8105  8126  8131  8120  8111  8134  8157  8097
TBILIS 1982 11 20 1  8136  8169  8107  8118  8093  8106  8093  8132  8060  8095  8118  8106
TBILIS 1982 11 20 2  8125  8132  8123  8130  8136  8155  8160  8135  8177  8129  8158  8170
TBILIS 1982 11 21 1  8124  8178  8137  8134  8105  8116  8117  8082  8116  8159  8140  8185
TBILIS 1982 11 21 2  8227  8181  8145  8164  8154  8164  8177  8208  8206  8172  8205  8188
TBILIS 1982 11 22 1  8175  8175  8192  8193  8204  8221  8176  8215  8222  8274  8218  8268
TBILIS 1982 11 22 2  8251  8221  8206  8186  8144  8185  8135  8180  8210  8159  8167  8164
TBILIS 1982 11 23 1  8195  8152  8168  8189  8132  8182  8106  8127  8145  8145  8158  8102
TBILIS 1982 11 23 2  8110  8121  8156  8151  8167  8121  8157  8105  8107  8111  8074  8042
TBILIS 1982 11 24 1  7983  7968  8004  7998  8000  8033 99999 99999 99999 99999  7890  7914
TBILIS 1982 11 24 2  7900  7870  7881  7887  7946  7972  7882  7865  7913  7868  7765  7740
TBILIS 1982 11 25 1  7773  7800  7797  7795  7800  7787  7806  7768  7795  7801  7838  7870
TBILIS 1982 11 25 2  7889  7878  7885  7882  7885  7836  7796  7812  7828  7862  7899  7901
TBILIS 1982 11 26 1  7935  7954  7962  7962  7961  7925  7961  7910  7907  7994  7975  8008
TBILIS 1982 11 26 2  7975  8009  8009  8010  8032  8035  8053  8049  8059  7993  8023  8023
TBILIS 1982 11 27 1  8035  8047  8080  8031  8034  8059  8070  8069  8026  8045  8034  8103
TBILIS 1982 11 27 2  8105  8073  8109  8113  8120  8144  8095  8134  8117  8074  8080  8058
TBILIS 1982 11 28 1  8054  8069  8022  7985  8050  8029  8007  7992  8042  8017  8065  8087
TBILIS 1982 11 28 2  8041  8059  8085  8071  8060  8076  8047  8028  8008  8038  8054  8018
TBILIS 1982 11 29 1  7959  7961  7995  8041  8028  8055  8007  8064  8104  8092  8076  8045
TBILIS 1982 11 29 2  8001  8026  8013  7988  7981  8035  7990  8024  7971  7905  7920  7880
TBILIS 1982 11 30 1  7886  7903  7918  7932  7952  7983 99999 99999 99999 99999  8010  7957
TBILIS 1982 11 30 2  7958  7901  7972  7993  8027  8008  7942  7854  7801  7776  7733  7767
TBILIS 1982 11 31 1 99999 99999 99999 99999 99999 99999 99999 99999 99999 99999 99999 99999
TBILIS 1982 11 31 2 99999 99999 99999 99999 99999 99999 99999 99999 99999 99999 99999 99999
Cosmic-Ray Neutron Monitor Data (Hourly, Pressure-Corrected and Scale-Adjusted Counts)
Collections: WDC for Cosmic Rays, Solar-Terrestrial Environment Laboratory, Nagoya Univ.
Data Access: http://center.stelab.nagoya-u.ac.jp/WDCCR/index.html
Project: ICSU WDC
Citation: WDC for Cosmic Rays, Solar-Terrestrial Environment Laboratory, Nagoya University
Station ID: TBILIS
Station:  TBILISI,GIORGIA,INSTITUT GEOPHYSIKY (IG), GIORGIAN ACADEMY OF SCIENCES,GIORGIA 
Instrument: 18-NM-64 NEUTRON MONITOR, CORRECTED FOR PRESSURE TO 950.0 MB, COEF. = -0.69 %/MB
Latitude (deg.):   41.72  Longitude (deg.):   44.80  Altitude (m):  510.00
Cut-Off Rigidity (GV):    6.66
Year: 1982  Month:  12
Scaling Factor (SF):    64.0   Constant (CONST):     0.0  Real Counts = (DATA + CONST)*SF
Temporal Resolution: 1 hour
UTC Start Hour:     0.0
                                                                                
                                                        
Monthly Average:  7973.1
Updated (YYYY MM DD): 1986 09 12
*******************************************************************************************
ID     YYYY MM DD 1     0     1     2     3     4     5     6     7     8     9    10    11
ID     YYYY MM DD 2    12    13    14    15    16    17    18    19    20    21    22    23
*******************************************************************************************
TBILIS 1982 12 01 1  7788  7800  7860  7901  7954 99999 99999 99999 99999 99999 99999 99999
TBILIS 1982 12 01 2 99999 99999 99999 99999  7970  7908  7935  7863  7794  7842  7784  7777
TBILIS 1982 12 02 1  7866  7883  7961  7990  7987  8042  8076  8125  8080  8135  8068  8100
TBILIS 1982 12 02 2  8101  8007  7960  7960  7931  7879  7874  7911  7840  7866  7844  7841
TBILIS 1982 12 03 1  7910  7909  8002  7978  7970  7969  7933  7912  7943  7966  7964  8017
TBILIS 1982 12 03 2  8020  8039  8031  8046  8047  8044  8052  7983  7973  8008  8032  7973
TBILIS 1982 12 04 1  8047  8050  8107  8108  8167  8197  8192  8216  8270  8247  8206  8238
TBILIS 1982 12 04 2  8158  8181  8151  8140  8123  8089  7959  7921  8057  8062  8090  8119
TBILIS 1982 12 05 1  8115  8175  8153  8163  8187  8178  8194  8202  8202  8223  8248  8214
TBILIS 1982 12 05 2  8227  8234  8182  8166  8164  8167  8194  8164  8174  8124  8141  8114
TBILIS 1982 12 06 1  8158  8165  8189  8168  8217  8180  8206  8182  8172  8194  8231  8192
TBILIS 1982 12 06 2  8196  8206  8203  8156  8169  8136  8140  8110  8132  8081  8124  8087
TBILIS 1982 12 07 1  8087  8112  8128  8132  8118  8060  8017  7997  8037  8054  8031  8001
TBILIS 1982 12 07 2  8033  8050  8032  8123  8140  8103  8121  8073  8115  8097  8099  8097
TBILIS 1982 12 08 1  8112  8112  8088  8046  8067  8032  8022  8028  8056  8063  8073  8072
TBILIS 1982 12 08 2  8095  8143  8119  8048  8088  8074  8095  8068  8074  8055  8027  8022
TBILIS 1982 12 09 1  8027  8025  8048  8062  8098  8035  8022  8019  8047  8077  8023  8034
TBILIS 1982 12 09 2  8013  8038  8028  8022  8024  8002  8027  8024  8016  8012  8028  8028
TBILIS 1982 12 10 1  8019  8006  7979  7962  7997  8036  8039  8091  8117  8100  8094  8037
TBILIS 1982 12 10 2  7938  7877  7899  7880  7889  7919  7923  7923  7856  7829  7817  7848
TBILIS 1982 12 11 1  7838  7862  7866  7830  7848  7814  7799  7818  7793  7830  7826  7823
TBILIS 1982 12 11 2  7838  7824  7830  7849  7918  7915  7925  7906  7866  7832  7865  7864
TBILIS 1982 12 12 1  7829  7845  7801  7790  7763  7800  7781  7757  7763  7733  7816  7820
TBILIS 1982 12 12 2  7828  7828  7828  7813  7788  7810  7829  7810  7776  7805  7825  7765
TBILIS 1982 12 13 1  7820  7782  7811  7811  7799  7769  7792  7805  7751  7828  7829  7859
TBILIS 1982 12 13 2  7830  7872  7900  7862  7913  7890  7888  7864  7886  7879  7878  7887
TBILIS 1982 12 14 1  7890  7881  7851  7888  7826  7846  7838  7807  7864  7856  7887  7873
TBILIS 1982 12 14 2  7887  7896  7906  7907  7908  7870  7934  7897  7894  7866  7887  7888
TBILIS 1982 12 15 1  7883  7881  7919  7908  7937  7923  7926  7902  7861  7891  7883  7873
TBILIS 1982 12 15 2  7901  7861  7881  7857  7836  7856  7850  7870  7865  7873  7865  7841
TBILIS 1982 12 16 1  7855  7861  7879  7889  7864  7910  7870  7855  7898  7940  7979  7932
TBILIS 1982 12 16 2  7941  7981  7967  7981  7978  8006  7971  7969  7992  8010  8009  7947
TBILIS 1982 12 17 1  7975  8007  7995  8004  8072  8059  8049  8011  8018  7963  8049  8078
TBILIS 1982 12 17 2  8026  8047  8025  7892  7848  7854  7838  7827  7848  7841  7861  7856
TBILIS 1982 12 18 1  7839  7845  7875  7867  7883  7873  7881  7872  7876  7842  7886  7826
TBILIS 1982 12 18 2  7757  7749  7747  7644 99999 99999 99999 99999 99999 99999 99999 99999
TBILIS 1982 12 19 1 99999 99999 99999 99999 99999 99999 99999  7776  7765  7788  7829  7834
TBILIS 1982 12 19 2  7852  7855  7881  7861  7899  7890  7852  7819  7840  7855  7883  7805
TBILIS 1982 12 20 1  7812  7783  7836  7817  7854  7831  7840  7797  7799  7789  7828  7848
TBILIS 1982 12 20 2  7820  7833  7827  7855  7825  7818  7810  7819  7809  7788  7793  7784
TBILIS 1982 12 21 1  7757  7794  7784  7767  7776  7791  7813  7800  7835  7841  7903  7882
TBILIS 1982 12 21 2  7962  7890  7958  7927  7863  7908  7919  7905  7878  7897  7916  7877
TBILIS 1982 12 22 1  7937  7894  7869  7864  7967  7978  8015  7996  8020  8011  8008  7931
TBILIS 1982 12 22 2  7839  7850  7898  7928  7901  7952  7904  7937  7912  7859  7826  7766
TBILIS 1982 12 23 1  7819  7789  7784  7820  7766  7810  7825  7851  7884  7907  7924  7891
TBILIS 1982 12 23 2  7927  7955  7908  7994  8007  8033  8017  8006  8022  8010  8044  8079
TBILIS 1982 12 24 1  8058  8033  8032  8035  8070  8068  8108  8097  8129  8168  8155  8189
TBILIS 1982 12 24 2  8183  8169  8177  8172  8137  8167  8190  8195  8139  8139  8114  8071
TBILIS 1982 12 25 1  8122  8091  8136  8142  8133  8145  8136  8148  8129  8127  8139  8161
TBILIS 1982 12 25 2  8145  8204  8166  8166  8157  8110  8088  8057  8028  8034  8041  8025
TBILIS 1982 12 26 1  8046  8047  8055  8044  7995  8072  8081  8058  8069  8093  8106  8116
TBILIS 1982 12 26 2  8087  8106  8132  8132  8124  8111  8126  8099  8060  8068  8084  8074
TBILIS 1982 12 27 1  8071  8068  8038  8093  8101  8136  8098  8119  8069  8074  8116  8115
TBILIS 1982 12 27 2  8166  8144  8116  8061  8077  8053  7994  7966  8012  7975  7966  7948
TBILIS 1982 12 28 1  7896  7928  7923  7899  7910  7893  7873  7816  7844  7875  7834  7874
TBILIS 1982 12 28 2  7871  7864  7866  7876  7913  7924  7891  7941  7967  7897  7908  7888
TBILIS 1982 12 29 1  7922  7914  7911  7902  7904  7900  7906  7886  7937  7928  7926  7949
TBILIS 1982 12 29 2  7965  7949  7944  8017  7961  7903  7942  7940  7905  7921  7934  7933
TBILIS 1982 12 30 1  7958  7943  7938  7953  7962  7946  7935  7941  7994  7983  7948  7965
TBILIS 1982 12 30 2  7997  7976  7972  7992  8004  8030  8055  8019  8052  8058  8039  7992
TBILIS 1982 12 31 1  8035  7984  8043  8030  8015  8053  8032  8031  8042  8027  8096  8074
TBILIS 1982 12 31 2  8064  8064  8114  8089  8091  8116  8120  8104  8073  8094  8077  8089
