Cosmic-Ray Neutron Monitor Data (Hourly, Pressure-Corrected and Scale-Adjusted Counts)
Collections: WDC for Cosmic Rays, Solar-Terrestrial Environment Laboratory, Nagoya Univ.
Data Access: http://center.stelab.nagoya-u.ac.jp/WDCCR/index.html
Project: ICSU WDC
Citation: WDC for Cosmic Rays, Solar-Terrestrial Environment Laboratory, Nagoya University
Station ID: TBILIS
Station:  TBILISI,GIORGIA,INSTITUT GEOPHYSIKY (IG), GIORGIAN ACADEMY OF SCIENCES,GIORGIA 
Instrument: 18-NM-64 NEUTRON MONITOR, CORRECTED FOR PRESSURE TO 950.0 MB, COEF. = -0.69 %/MB
Latitude (deg.):   41.72  Longitude (deg.):   44.80  Altitude (m):  510.00
Cut-Off Rigidity (GV):    6.66
Year: 1980  Month:   1
Scaling Factor (SF):    64.0   Constant (CONST):     0.0  Real Counts = (DATA + CONST)*SF
Temporal Resolution: 1 hour
UTC Start Hour:     0.0
                                                                                
                                                        
Monthly Average:  8416.6
Updated (YYYY MM DD): 1984 11 08
*******************************************************************************************
ID     YYYY MM DD 1     0     1     2     3     4     5     6     7     8     9    10    11
ID     YYYY MM DD 2    12    13    14    15    16    17    18    19    20    21    22    23
*******************************************************************************************
TBILIS 1980 01 01 1  8442  8451  8461  8462  8430  8440  8469  8475  8419  8443  8473  8514
TBILIS 1980 01 01 2  8489  8457  8427  8451  8440  8471  8459  8478  8478  8489  8507  8481
TBILIS 1980 01 02 1  8469  8459  8431  8440  8478  8489  8497  8473  8506  8547  8573  8518
TBILIS 1980 01 02 2  8542  8528  8574  8565  8529  8559  8506  8465  8483  8435  8520  8534
TBILIS 1980 01 03 1  8478  8446  8494  8485  8463  8504  8483  8483  8459  8532  8465  8503
TBILIS 1980 01 03 2  8485  8509  8480  8472  8522  8492  8495  8480  8452  8476  8470  8413
TBILIS 1980 01 04 1  8466  8462  8458  8460  8492  8453  8485  8485  8464  8509  8545  8466
TBILIS 1980 01 04 2  8477  8448  8532  8454  8459  8508  8464  8472  8431  8424  8409  8367
TBILIS 1980 01 05 1  8379  8402  8379  8389  8395  8397  8402  8432  8424  8501  8474  8505
TBILIS 1980 01 05 2  8510  8504  8529  8534  8525  8529  8512  8518  8523  8535  8541  8520
TBILIS 1980 01 06 1  8525  8515  8511  8520  8542  8558  8583  8569  8572  8603  8614  8596
TBILIS 1980 01 06 2  8551  8544  8537  8581  8542  8598  8609  8568  8601  8546  8582  8567
TBILIS 1980 01 07 1  8593  8541  8572  8566  8572  8539  8614  8567  8538  8517  8527  8541
TBILIS 1980 01 07 2  8560  8553  8554  8557  8502  8479  8500  8470  8500  8478  8482  8470
TBILIS 1980 01 08 1  8510  8492  8509  8492  8534  8550  8575  8534  8547  8563  8589  8580
TBILIS 1980 01 08 2  8517  8511  8563  8488  8493  8453  8460  8476  8427  8401  8428  8433
TBILIS 1980 01 09 1  8425  8401  8442  8478  8457  8532  8500  8511  8476  8505  8504  8445
TBILIS 1980 01 09 2  8465  8472  8475  8447  8438  8423  8413  8420  8363  8380  8410  8455
TBILIS 1980 01 10 1  8381  8395  8428  8410  8420  8386  8410  8438  8461  8440  8474  8434
TBILIS 1980 01 10 2  8461  8429  8406  8369  8365  8378  8377  8413  8355  8440  8440  8406
TBILIS 1980 01 11 1  8410  8402  8393  8416  8418  8455  8436  8450  8423  8441  8502  8473
TBILIS 1980 01 11 2  8476  8429  8398  8424  8417  8381  8377  8375  8362  8388  8341  8325
TBILIS 1980 01 12 1  8345  8339  8351  8323  8344  8350  8415  8346  8342  8337  8330  8379
TBILIS 1980 01 12 2  8386  8345  8386  8357  8344  8364  8381  8390  8412  8405  8390  8460
TBILIS 1980 01 13 1  8440  8431  8459  8417  8437  8441  8410  8395  8394  8421  8346  8398
TBILIS 1980 01 13 2  8401  8408  8400  8389  8393  8387  8425  8400  8374  8354  8291  8289
TBILIS 1980 01 14 1  8299  8231  8224  8235  8216  8241  8194  8208  8296  8245  8232  8267
TBILIS 1980 01 14 2  8249  8249  8246  8269  8272  8305  8296  8244  8238  8269  8246  8217
TBILIS 1980 01 15 1  8265  8225  8193  8198  8202  8155  8172  8165  8210  8231  8202  8215
TBILIS 1980 01 15 2  8250  8205  8232  8226  8217  8214  8263  8260  8331  8276  8261  8262
TBILIS 1980 01 16 1  8349  8351  8372  8309  8337  8308  8324  8278  8302  8350  8360  8315
TBILIS 1980 01 16 2  8321  8361  8332  8315  8320  8319  8333  8359  8368  8375  8298  8283
TBILIS 1980 01 17 1  8298  8277  8284  8280  8303  8298  8327  8298  8297  8391  8344  8388
TBILIS 1980 01 17 2  8340  8338  8339  8321  8269  8384  8377  8368  8361  8363  8333  8319
TBILIS 1980 01 18 1  8409  8381  8357  8364  8363  8367  8354  8322  8373  8353  8336  8336
TBILIS 1980 01 18 2  8363  8376  8314  8349  8316  8325  8309  8343  8302  8328  8311  8318
TBILIS 1980 01 19 1  8315  8275  8283  8291  8286  8311  8294  8291  8292  8316  8348  8343
TBILIS 1980 01 19 2  8340  8363  8333  8382  8390  8318  8348  8354  8374  8345  8387  8362
TBILIS 1980 01 20 1  8354  8356  8357  8327  8345  8349  8348  8359  8378  8396  8331  8350
TBILIS 1980 01 20 2  8379  8412  8327  8385  8404  8371  8406  8371  8385  8413  8410  8398
TBILIS 1980 01 21 1  8381  8373  8385  8412  8352  8402  8362  8351  8359  8397  8399  8399
TBILIS 1980 01 21 2  8397  8425  8396  8435  8442  8460  8455  8429  8430  8392  8390  8411
TBILIS 1980 01 22 1  8382  8434  8414  8389  8413  8393  8380  8375  8355  8414  8440  8427
TBILIS 1980 01 22 2  8405  8410  8408  8443  8427  8398  8472  8437  8445  8397  8412  8413
TBILIS 1980 01 23 1  8422  8408  8362  8364  8390  8431  8432  8465  8445  8473  8454  8434
TBILIS 1980 01 23 2  8415  8424  8413  8400  8421  8415  8373  8426  8390  8400  8328  8323
TBILIS 1980 01 24 1  8333  8353  8360  8399  8370  8400  8382  8416  8429  8474  8441  8423
TBILIS 1980 01 24 2  8416  8431  8419  8439  8427  8393  8448  8414  8386  8428  8434  8417
TBILIS 1980 01 25 1  8427  8438  8465  8428  8415  8430  8435  8450  8464  8481  8450  8418
TBILIS 1980 01 25 2  8417  8449  8439  8396  8397  8406  8403  8437  8432  8376  8386  8406
TBILIS 1980 01 26 1  8396  8403  8378  8367  8399  8410  8411  8349  8402  8447  8413  8469
TBILIS 1980 01 26 2  8464  8401  8350  8387  8373  8392  8373  8368  8377  8395  8374  8392
TBILIS 1980 01 27 1  8386  8394  8408  8375  8415  8382  8428  8411  8423  8391  8488  8427
TBILIS 1980 01 27 2  8410  8423  8428  8473  8438  8429  8472  8462  8409  8495  8444  8475
TBILIS 1980 01 28 1  8429  8465  8461  8427  8435  8418  8436  8449  8457  8471  8457  8508
TBILIS 1980 01 28 2  8485  8530  8529  8512  8532  8490  8495  8464  8473  8425  8450  8451
TBILIS 1980 01 29 1  8493  8505  8502  8538 99999 99999 99999 99999 99999 99999 99999 99999
TBILIS 1980 01 29 2 99999 99999 99999 99999 99999 99999 99999  8384  8420  8375  8319  8346
TBILIS 1980 01 30 1  8417  8461  8360  8436  8457  8485  8519  8469  8480  8498  8510  8487
TBILIS 1980 01 30 2  8453  8495  8494  8525  8539  8496  8562  8517  8501  8508  8470  8468
TBILIS 1980 01 31 1  8463  8457  8461  8440  8429  8451  8463  8500  8457  8481  8547  8470
TBILIS 1980 01 31 2  8487  8452  8434  8413  8426  8408  8421  8398  8377  8424  8442  8387
Cosmic-Ray Neutron Monitor Data (Hourly, Pressure-Corrected and Scale-Adjusted Counts)
Collections: WDC for Cosmic Rays, Solar-Terrestrial Environment Laboratory, Nagoya Univ.
Data Access: http://center.stelab.nagoya-u.ac.jp/WDCCR/index.html
Project: ICSU WDC
Citation: WDC for Cosmic Rays, Solar-Terrestrial Environment Laboratory, Nagoya University
Station ID: TBILIS
Station:  TBILISI,GIORGIA,INSTITUT GEOPHYSIKY (IG), GIORGIAN ACADEMY OF SCIENCES,GIORGIA 
Instrument: 18-NM-64 NEUTRON MONITOR, CORRECTED FOR PRESSURE TO 950.0 MB, COEF. = -0.69 %/MB
Latitude (deg.):   41.72  Longitude (deg.):   44.80  Altitude (m):  510.00
Cut-Off Rigidity (GV):    6.66
Year: 1980  Month:   2
Scaling Factor (SF):    64.0   Constant (CONST):     0.0  Real Counts = (DATA + CONST)*SF
Temporal Resolution: 1 hour
UTC Start Hour:     0.0
                                                                                
                                                        
Monthly Average:  8410.0
Updated (YYYY MM DD): 1984 11 08
*******************************************************************************************
ID     YYYY MM DD 1     0     1     2     3     4     5     6     7     8     9    10    11
ID     YYYY MM DD 2    12    13    14    15    16    17    18    19    20    21    22    23
*******************************************************************************************
TBILIS 1980 02 01 1  8416  8450  8422  8380  8420  8432  8479  8496  8486  8469  8524  8481
TBILIS 1980 02 01 2  8438  8461  8446  8430  8398  8458  8401  8393  8359  8381  8347  8351
TBILIS 1980 02 02 1  8360  8379  8379  8427  8398  8417  8433  8411  8422  8414  8435  8434
TBILIS 1980 02 02 2  8445  8460  8457  8449  8383  8363  8398  8395  8381  8409  8424  8424
TBILIS 1980 02 03 1  8416  8435  8438  8456  8471  8462  8523  8501  8470  8459  8534  8500
TBILIS 1980 02 03 2  8513  8509  8477  8457  8458  8444  8466  8496  8475  8455  8467  8480
TBILIS 1980 02 04 1  8460  8479  8433  8448  8422  8451  8458  8451  8452  8467  8521  8460
TBILIS 1980 02 04 2  8499  8490  8489  8455  8460  8443  8437  8478  8416  8384  8418  8421
TBILIS 1980 02 05 1  8392  8413  8445  8460  8420  8442  8408  8438  8454  8433  8514  8474
TBILIS 1980 02 05 2  8499  8523  8512  8532  8495  8507  8555  8558  8595  8580  8556  8520
TBILIS 1980 02 06 1  8532  8502  8446  8498  8416  8381  8323  8331  8420  8431  8402  8395
TBILIS 1980 02 06 2  8340  8255  8245  8248  8289  8242  8239  8255  8248  8246  8204  8191
TBILIS 1980 02 07 1  8189  8139  8130  8133  8143  8157  8104  8104  8166  8216  8207  8193
TBILIS 1980 02 07 2  8271  8240  8221  8215  8197  8223  8165  8191  8204  8178  8163  8187
TBILIS 1980 02 08 1  8184  8201  8202  8181  8185  8191  8220  8186  8206  8197  8229  8215
TBILIS 1980 02 08 2  8246  8219  8252  8243  8294  8251  8276  8291  8270  8283  8262  8229
TBILIS 1980 02 09 1  8259  8242  8249  8216  8247  8270  8243  8271  8271  8299  8300  8280
TBILIS 1980 02 09 2  8249  8308  8291  8268  8248  8251  8264  8228  8259  8288  8241  8292
TBILIS 1980 02 10 1  8327  8261  8265  8305  8286  8274  8252  8265  8246  8270  8274  8263
TBILIS 1980 02 10 2  8256  8273  8289  8274  8318  8299  8355  8332  8290  8238  8194  8252
TBILIS 1980 02 11 1  8191  8218  8252  8262  8325  8336  8352  8291  8240  8276  8290  8295
TBILIS 1980 02 11 2  8322  8309  8290  8286  8294  8308  8286  8280  8268  8324  8317  8308
TBILIS 1980 02 12 1  8279  8367  8312  8328  8300  8324  8350  8291  8318  8339  8392  8363
TBILIS 1980 02 12 2  8384  8372  8346  8326  8343  8311  8352  8324  8306  8323  8336  8309
TBILIS 1980 02 13 1  8362  8351  8390  8320  8402  8379  8384  8361  8346  8394  8404  8361
TBILIS 1980 02 13 2  8393  8387  8411  8390  8335  8359  8330  8360  8366  8332  8408  8404
TBILIS 1980 02 14 1  8428  8419  8402  8392  8400  8344  8391  8347  8298  8285  8376  8398
TBILIS 1980 02 14 2  8369  8395  8375  8380  8419  8452  8413  8422  8389  8380  8331  8323
TBILIS 1980 02 15 1  8350  8410  8369  8393  8437  8439  8435  8427  8429  8360  8371  8295
TBILIS 1980 02 15 2  8345  8317  8296  8310  8304  8290  8312  8297  8346  8341  8306  8353
TBILIS 1980 02 16 1  8343  8405  8368  8403  8385  8422  8438  8519  8464  8455  8453  8439
TBILIS 1980 02 16 2  8435  8441  8427  8386  8416  8439  8455  8485  8433  8444  8429  8430
TBILIS 1980 02 17 1  8452  8453  8446  8492  8487  8457  8465  8428  8450  8504  8467  8398
TBILIS 1980 02 17 2  8456  8417  8401  8406  8413  8364  8421  8411  8440  8393  8407  8425
TBILIS 1980 02 18 1  8415  8405  8467  8495  8491  8445  8481  8436  8406  8448  8487  8483
TBILIS 1980 02 18 2  8478  8501  8444  8424  8376  8394  8432  8454  8433  8398  8428  8400
TBILIS 1980 02 19 1  8391  8452  8449  8452  8438  8455  8460  8451  8428  8449  8471  8485
TBILIS 1980 02 19 2  8486  8449  8440  8468  8464  8485  8461  8504  8462  8426  8456  8455
TBILIS 1980 02 20 1  8452  8440  8455  8482  8505  8441  8421  8426  8459  8448  8467  8436
TBILIS 1980 02 20 2  8441  8474  8458  8451  8438  8457  8473  8443  8441  8454  8460  8455
TBILIS 1980 02 21 1  8433  8473  8483  8465  8495  8509  8522  8518  8498  8526  8500  8468
TBILIS 1980 02 21 2  8492  8479  8454  8495  8455  8441  8471  8454  8422  8444  8477  8474
TBILIS 1980 02 22 1  8451  8439  8418  8408  8385  8407  8405  8390  8345  8424  8423  8439
TBILIS 1980 02 22 2  8390  8419  8411  8410  8384  8378  8358  8350  8377  8397  8428  8361
TBILIS 1980 02 23 1  8416  8423  8432  8440  8477  8428  8437  8383  8373  8392  8443  8425
TBILIS 1980 02 23 2  8458  8393  8408  8402  8438  8479  8498  8472  8521  8455  8452  8474
TBILIS 1980 02 24 1  8470  8468  8465  8517  8522  8556  8568  8486  8476  8449  8479  8493
TBILIS 1980 02 24 2  8464  8487  8560  8595  8505  8465  8480  8466  8436  8428  8456  8475
TBILIS 1980 02 25 1  8476  8465  8485  8495  8545  8516  8513  8491  8499  8542  8517  8510
TBILIS 1980 02 25 2  8537  8510  8521  8521  8502  8560  8579  8579  8555  8543  8539  8544
TBILIS 1980 02 26 1  8493  8544  8524  8503  8494  8506  8509  8506  8537  8574  8564  8522
TBILIS 1980 02 26 2  8508  8550  8568  8534  8489  8516  8505  8517  8473  8450  8504  8465
TBILIS 1980 02 27 1  8469  8483  8480  8491  8509  8451  8442  8475  8492  8474  8520  8592
TBILIS 1980 02 27 2  8626  8582  8587  8567  8592  8581  8610  8591  8566  8548  8527  8487
TBILIS 1980 02 28 1  8510  8523  8493  8508  8545  8530  8514  8523  8488  8513  8552  8538
TBILIS 1980 02 28 2  8570  8541  8523  8520  8508  8499  8491  8478  8468  8425  8443  8448
TBILIS 1980 02 29 1  8473  8496  8490  8525  8500  8477  8482  8492  8504  8508  8557  8576
TBILIS 1980 02 29 2  8552  8527  8519  8542  8527  8560  8554  8516  8509  8505  8501  8496
TBILIS 1980 02 30 1 99999 99999 99999 99999 99999 99999 99999 99999 99999 99999 99999 99999
TBILIS 1980 02 30 2 99999 99999 99999 99999 99999 99999 99999 99999 99999 99999 99999 99999
TBILIS 1980 02 31 1 99999 99999 99999 99999 99999 99999 99999 99999 99999 99999 99999 99999
TBILIS 1980 02 31 2 99999 99999 99999 99999 99999 99999 99999 99999 99999 99999 99999 99999
Cosmic-Ray Neutron Monitor Data (Hourly, Pressure-Corrected and Scale-Adjusted Counts)
Collections: WDC for Cosmic Rays, Solar-Terrestrial Environment Laboratory, Nagoya Univ.
Data Access: http://center.stelab.nagoya-u.ac.jp/WDCCR/index.html
Project: ICSU WDC
Citation: WDC for Cosmic Rays, Solar-Terrestrial Environment Laboratory, Nagoya University
Station ID: TBILIS
Station:  TBILISI,GIORGIA,INSTITUT GEOPHYSIKY (IG), GIORGIAN ACADEMY OF SCIENCES,GIORGIA 
Instrument: 18-NM-64 NEUTRON MONITOR, CORRECTED FOR PRESSURE TO 950.0 MB, COEF. = -0.69 %/MB
Latitude (deg.):   41.72  Longitude (deg.):   44.80  Altitude (m):  510.00
Cut-Off Rigidity (GV):    6.66
Year: 1980  Month:   3
Scaling Factor (SF):    64.0   Constant (CONST):     0.0  Real Counts = (DATA + CONST)*SF
Temporal Resolution: 1 hour
UTC Start Hour:     0.0
                                                                                
                                                        
Monthly Average:  8493.9
Updated (YYYY MM DD): 1984 11 08
*******************************************************************************************
ID     YYYY MM DD 1     0     1     2     3     4     5     6     7     8     9    10    11
ID     YYYY MM DD 2    12    13    14    15    16    17    18    19    20    21    22    23
*******************************************************************************************
TBILIS 1980 03 01 1  8510  8509  8507  8572  8602  8610  8607  8584  8585  8578  8588  8600
TBILIS 1980 03 01 2  8612  8616  8619  8610  8613  8576  8545  8562  8548  8524  8545  8581
TBILIS 1980 03 02 1  8553  8573  8622  8638  8601  8632  8641  8684  8721  8632  8654  8673
TBILIS 1980 03 02 2  8695  8711  8730  8643  8679  8656  8610  8590  8615  8595  8604  8640
TBILIS 1980 03 03 1  8632  8604  8651  8628  8603  8653  8641  8576  8603  8599 99999 99999
TBILIS 1980 03 03 2 99999  8601  8619  8594  8562  8525  8499  8473  8468  8429  8543  8522
TBILIS 1980 03 04 1  8540  8549  8508  8515  8584  8534  8574  8535  8599  8574  8574  8567
TBILIS 1980 03 04 2  8527  8538  8551  8521  8526  8554  8485  8469  8498  8515  8499  8525
TBILIS 1980 03 05 1  8524  8534  8512  8514  8487  8508  8497  8529  8554  8539  8588  8573
TBILIS 1980 03 05 2  8627  8531  8476  8469  8436  8455  8469  8503  8454  8481  8477  8509
TBILIS 1980 03 06 1  8488  8463  8408  8408  8373  8398  8433  8428  8466  8454  8439  8419
TBILIS 1980 03 06 2  8369  8384  8400  8319  8323  8348  8335  8333  8329  8337  8370  8372
TBILIS 1980 03 07 1  8377  8381  8373  8387  8344  8312  8319  8419  8379  8381  8398  8397
TBILIS 1980 03 07 2  8326  8354  8348  8317  8337  8357  8367  8391  8372  8328  8341  8342
TBILIS 1980 03 08 1  8326  8371  8367  8367  8406  8355  8377  8379  8357  8355  8338  8308
TBILIS 1980 03 08 2  8358  8332  8363  8382  8359  8367  8359  8381  8381  8361  8379  8384
TBILIS 1980 03 09 1  8384  8376  8391  8366  8382  8359  8366  8380  8381  8398  8425  8396
TBILIS 1980 03 09 2  8346  8382  8415  8415  8425  8395  8393  8410  8371  8399  8383  8398
TBILIS 1980 03 10 1  8353  8371  8367  8364  8376  8366  8373  8423  8394  8387  8415  8396
TBILIS 1980 03 10 2  8371  8371  8343  8349  8371  8381  8382  8373  8382  8385  8326  8339
TBILIS 1980 03 11 1  8346  8356  8367  8395  8417  8410  8391  8415  8408  8425  8313  8408
TBILIS 1980 03 11 2  8407  8397  8461  8435  8439  8420  8432  8469  8454  8466  8496  8452
TBILIS 1980 03 12 1  8478  8471  8440  8436  8429  8442  8419  8438  8460  8417  8424  8388
TBILIS 1980 03 12 2  8459  8443  8471  8475  8445  8438  8466  8502  8465  8499  8475  8472
TBILIS 1980 03 13 1  8459  8457  8502  8467  8479  8450  8474  8536  8506  8502  8497  8457
TBILIS 1980 03 13 2  8451  8432  8411  8420  8362  8396  8381  8418  8383  8392  8400  8417
TBILIS 1980 03 14 1  8448  8411  8447  8443  8505  8487  8490  8492  8504  8416  8456  8446
TBILIS 1980 03 14 2  8451  8470  8467  8458  8437  8419  8416  8433  8447  8441  8418  8431
TBILIS 1980 03 15 1  8456  8477  8460  8463  8493  8487  8485  8494  8487  8519  8497  8479
TBILIS 1980 03 15 2  8495  8487  8519  8496  8491  8497  8508  8494  8511  8499  8537  8540
TBILIS 1980 03 16 1  8508  8537  8531  8501  8467  8521  8494  8534  8506  8532  8523  8462
TBILIS 1980 03 16 2  8451  8451  8458  8483  8486  8472  8485  8507  8487  8485  8469  8478
TBILIS 1980 03 17 1  8449  8482  8487  8505  8456  8433  8485  8465  8501  8468  8526  8499
TBILIS 1980 03 17 2  8492  8535  8536  8516  8510  8482  8518  8547  8520  8529  8513  8513
TBILIS 1980 03 18 1  8537  8520  8557  8549  8562  8599  8544  8500  8507  8521  8529  8552
TBILIS 1980 03 18 2  8555  8549  8493  8564  8524  8556  8571  8502  8545 99999 99999 99999
TBILIS 1980 03 19 1 99999 99999 99999 99999 99999 99999 99999 99999 99999  8605  8539  8569
TBILIS 1980 03 19 2  8572  8506  8574  8554 99999 99999 99999 99999 99999 99999 99999 99999
TBILIS 1980 03 20 1 99999  8346  8349  8375  8304  8358  8333  8343  8361  8406  8345  8368
TBILIS 1980 03 20 2  8350  8372  8385  8377  8404  8375  8386  8408  8340  8398  8400  8379
TBILIS 1980 03 21 1  8409  8437  8440  8492  8520  8499  8494  8531  8542  8558  8588  8571
TBILIS 1980 03 21 2  8584  8583  8575  8592  8559  8600  8590  8595  8559  8544  8560  8597
TBILIS 1980 03 22 1  8566  8566  8507  8520  8493  8473  8491  8507  8526  8549  8517  8510
TBILIS 1980 03 22 2  8529  8479  8515  8569  8530  8495  8551  8539  8532  8524  8569  8545
TBILIS 1980 03 23 1  8527  8555  8550  8540  8524  8519  8564  8534  8527  8540  8497  8524
TBILIS 1980 03 23 2  8510  8563  8489  8541  8542  8540  8562  8545  8553  8538  8553  8552
TBILIS 1980 03 24 1  8574  8587  8576  8583  8547  8539  8584  8536  8522  8574  8583  8515
TBILIS 1980 03 24 2  8541  8522  8543  8556  8531  8497  8511  8448  8496  8536  8492  8507
TBILIS 1980 03 25 1  8539  8521  8551  8504  8493  8530  8512  8466  8474  8484  8464  8373
TBILIS 1980 03 25 2  8539  8514  8482  8522  8527  8524  8513  8494  8527  8541  8562  8506
TBILIS 1980 03 26 1  8560  8533  8562  8518 99999 99999 99999 99999 99999 99999 99999 99999
TBILIS 1980 03 26 2 99999 99999 99999  8580  8568  8525  8540  8578  8536  8542  8540  8555
TBILIS 1980 03 27 1  8547  8598  8556  8532  8520  8564  8557  8535  8566  8552  8574  8577
TBILIS 1980 03 27 2  8537  8551  8580  8540  8529  8551  8529  8514  8539  8556  8632  8571
TBILIS 1980 03 28 1  8618  8604  8578  8573  8595  8576  8631  8585  8583  8593  8608  8579
TBILIS 1980 03 28 2  8595  8570  8549  8546  8523  8483  8517  8502  8490  8507  8560  8541
TBILIS 1980 03 29 1  8583  8554  8647  8602  8597  8569  8590  8568  8564  8614  8586  8625
TBILIS 1980 03 29 2  8608  8626  8616  8603  8613  8594  8573  8584  8596  8564  8587  8579
TBILIS 1980 03 30 1  8554  8578  8536  8550  8584  8628  8670  8622  8580  8649  8683  8598
TBILIS 1980 03 30 2  8613  8591  8604  8626  8623  8609  8621  8548  8517  8481  8459  8463
TBILIS 1980 03 31 1  8470  8432  8471  8502  8508  8546  8544  8564  8546  8509  8496  8476
TBILIS 1980 03 31 2  8483  8491  8433  8456  8427  8400  8399  8416  8425  8435  8489  8470
Cosmic-Ray Neutron Monitor Data (Hourly, Pressure-Corrected and Scale-Adjusted Counts)
Collections: WDC for Cosmic Rays, Solar-Terrestrial Environment Laboratory, Nagoya Univ.
Data Access: http://center.stelab.nagoya-u.ac.jp/WDCCR/index.html
Project: ICSU WDC
Citation: WDC for Cosmic Rays, Solar-Terrestrial Environment Laboratory, Nagoya University
Station ID: TBILIS
Station:  TBILISI,GIORGIA,INSTITUT GEOPHYSIKY (IG), GIORGIAN ACADEMY OF SCIENCES,GIORGIA 
Instrument: 18-NM-64 NEUTRON MONITOR, CORRECTED FOR PRESSURE TO 950.0 MB, COEF. = -0.69 %/MB
Latitude (deg.):   41.72  Longitude (deg.):   44.80  Altitude (m):  510.00
Cut-Off Rigidity (GV):    6.66
Year: 1980  Month:   4
Scaling Factor (SF):    64.0   Constant (CONST):     0.0  Real Counts = (DATA + CONST)*SF
Temporal Resolution: 1 hour
UTC Start Hour:     0.0
                                                                                
                                                        
Monthly Average:  8405.1
Updated (YYYY MM DD): 1984 11 08
*******************************************************************************************
ID     YYYY MM DD 1     0     1     2     3     4     5     6     7     8     9    10    11
ID     YYYY MM DD 2    12    13    14    15    16    17    18    19    20    21    22    23
*******************************************************************************************
TBILIS 1980 04 01 1  8481  8522  8393  8385  8406  8424  8389  8369  8405  8432  8475  8457
TBILIS 1980 04 01 2  8459  8511  8488  8444  8459  8486  8491  8455  8490  8485  8451  8442
TBILIS 1980 04 02 1  8447  8448  8394  8480  8435  8450  8433  8484  8503  8475  8461  8451
TBILIS 1980 04 02 2  8435  8475  8489  8522  8488  8471  8486  8498  8435  8439  8421  8364
TBILIS 1980 04 03 1  8375  8385  8317  8355  8328  8331  8309  8337  8342  8381  8366  8357
TBILIS 1980 04 03 2  8308  8306  8328  8301  8343  8312  8314  8314  8308  8295  8324  8291
TBILIS 1980 04 04 1  8310  8313  8348  8328  8314  8303  8346  8333  8338  8311  8312  8241
TBILIS 1980 04 04 2  8276  8312  8268  8340  8377  8330  8325  8296  8305  8293  8324  8308
TBILIS 1980 04 05 1  8282  8337  8327  8324  8306  8288  8335  8289  8330  8412  8336  8352
TBILIS 1980 04 05 2  8318  8340  8281  8287  8297  8253  8202  8159  8130  8160  8138  8116
TBILIS 1980 04 06 1  8064  8114  8164  8127  8181  8165  8208  8245  8315  8321  8325  8286
TBILIS 1980 04 06 2  8236  8194  8203  8216  8271  8162  8004  8087  8091  8044  8084  8112
TBILIS 1980 04 07 1  8115  8045  8047  8127  8130  8152  8199  8214  8181  8213  8193  8173
TBILIS 1980 04 07 2  8166  8209  8175  8164  8116  8160  8200  8154  8142  8138  8146  8118
TBILIS 1980 04 08 1  8158  8167  8162  8186  8216  8187  8150  8149  8147  8199  8160  8173
TBILIS 1980 04 08 2  8190  8182  8181  8183  8177  8136  8083  8095  8064  8075  8062  8069
TBILIS 1980 04 09 1  8108  8173  8198  8216  8229  8203  8178  8168  8194  8232  8282  8252
TBILIS 1980 04 09 2  8246  8243  8255  8236  8213  8188  8181  8187  8229  8186  8183  8177
TBILIS 1980 04 10 1  8240  8184  8209  8209  8232  8284  8165  8250  8260  8290  8252  8254
TBILIS 1980 04 10 2  8233  8198  8259  8257  8283  8258  8253  8226  8192  8189  8246  8185
TBILIS 1980 04 11 1  8190  8216  8195  8209  8278  8272  8253  8256  8307  8336  8291  8322
TBILIS 1980 04 11 2  8299  8289  8271  8293  8313  8284  8342  8293  8370  8377  8376  8385
TBILIS 1980 04 12 1  8337  8360  8372  8400  8380  8374  8393  8358  8342  8309  8315  8358
TBILIS 1980 04 12 2  8295  8307  8294  8338  8312  8318  8289  8293  8241  8229  8219  8239
TBILIS 1980 04 13 1  8228  8276  8277  8315  8295  8345  8372  8328  8330  8384  8333  8349
TBILIS 1980 04 13 2  8317  8352  8339  8332  8329  8334  8330  8333  8324  8307  8275  8302
TBILIS 1980 04 14 1  8320  8304  8352  8346  8370  8375  8349  8367  8393  8392  8395  8379
TBILIS 1980 04 14 2  8398  8384  8364  8351  8350  8321  8355  8344  8345  8321  8355  8374
TBILIS 1980 04 15 1  8406  8397  8400  8401  8450  8469  8470  8408  8417  8402  8414  8416
TBILIS 1980 04 15 2  8437  8442  8412  8418  8440  8409  8443  8424  8447  8460  8470  8471
TBILIS 1980 04 16 1  8483  8540  8515  8494  8531 99999 99999 99999 99999 99999 99999 99999
TBILIS 1980 04 16 2 99999 99999 99999 99999 99999 99999 99999 99999 99999 99999 99999 99999
TBILIS 1980 04 17 1 99999 99999 99999 99999 99999 99999 99999 99999 99999 99999 99999 99999
TBILIS 1980 04 17 2 99999 99999 99999 99999 99999 99999 99999 99999 99999 99999 99999 99999
TBILIS 1980 04 18 1 99999 99999 99999 99999 99999 99999 99999  8601  8563  8600  8592  8585
TBILIS 1980 04 18 2  8586  8574  8555  8505  8550  8534  8532  8522  8558  8544  8573  8552
TBILIS 1980 04 19 1  8518  8527  8554  8581  8581  8581  8565  8582  8578  8553  8547  8559
TBILIS 1980 04 19 2  8584  8548  8544  8555  8495  8475  8456  8446  8469  8456  8471  8458
TBILIS 1980 04 20 1  8455  8475  8460  8460  8480  8481  8481  8470  8475  8505  8515  8515
TBILIS 1980 04 20 2  8500  8537  8521  8520  8523  8510  8517  8515  8531  8568  8529  8514
TBILIS 1980 04 21 1  8503  8541  8530  8495  8519  8554  8496  8515  8541  8507  8533  8493
TBILIS 1980 04 21 2  8562  8543  8600  8559  8585  8583  8567  8554  8535  8510  8524  8491
TBILIS 1980 04 22 1  8510  8524  8504  8495  8550  8508  8485  8489  8488  8493  8515  8487
TBILIS 1980 04 22 2  8515  8542  8589  8551  8569  8599  8559  8579  8549  8541  8513  8539
TBILIS 1980 04 23 1  8527  8546  8541  8528  8524  8548  8505  8497  8549  8502  8506  8564
TBILIS 1980 04 23 2  8556  8587  8602  8579  8554  8568  8552  8633  8581  8528  8612  8565
TBILIS 1980 04 24 1  8566  8562  8506  8546  8557  8538  8494  8512  8587  8569  8577  8552
TBILIS 1980 04 24 2  8537  8483  8608  8574  8596  8582  8577  8643  8583  8587  8624  8595
TBILIS 1980 04 25 1  8596  8624  8597  8612  8567  8558  8594  8573  8603  8664  8669  8704
TBILIS 1980 04 25 2  8672  8671  8631  8602  8596  8575  8590  8607  8612  8570  8598  8611
TBILIS 1980 04 26 1  8585  8571  8576  8631  8615  8656  8659  8665  8620  8597  8631  8666
TBILIS 1980 04 26 2  8662  8546  8563  8565  8594  8518  8538  8538  8545  8523  8580  8535
TBILIS 1980 04 27 1  8477  8510  8499  8506  8495  8537  8564  8585  8582  8563  8518  8543
TBILIS 1980 04 27 2  8545  8508  8474  8506  8476  8461  8455  8438  8440  8460  8447  8475
TBILIS 1980 04 28 1  8508  8505  8512  8512  8505  8489  8477  8501  8514  8509  8510  8486
TBILIS 1980 04 28 2  8502  8509  8507  8521  8503  8536  8468  8467  8488  8504  8519  8519
TBILIS 1980 04 29 1  8462  8515  8486  8520  8492  8519  8509  8524  8510  8486  8499  8496
TBILIS 1980 04 29 2  8495  8494  8458  8510  8455  8486  8427  8434  8387  8413  8451  8457
TBILIS 1980 04 30 1  8439  8455  8473  8433  8430  8419  8449  8434  8465  8459  8458  8526
TBILIS 1980 04 30 2  8462  8476  8441  8419  8440  8404  8419  8360  8439  8454  8380  8398
TBILIS 1980 04 31 1 99999 99999 99999 99999 99999 99999 99999 99999 99999 99999 99999 99999
TBILIS 1980 04 31 2 99999 99999 99999 99999 99999 99999 99999 99999 99999 99999 99999 99999
Cosmic-Ray Neutron Monitor Data (Hourly, Pressure-Corrected and Scale-Adjusted Counts)
Collections: WDC for Cosmic Rays, Solar-Terrestrial Environment Laboratory, Nagoya Univ.
Data Access: http://center.stelab.nagoya-u.ac.jp/WDCCR/index.html
Project: ICSU WDC
Citation: WDC for Cosmic Rays, Solar-Terrestrial Environment Laboratory, Nagoya University
Station ID: TBILIS
Station:  TBILISI,GIORGIA,INSTITUT GEOPHYSIKY (IG), GIORGIAN ACADEMY OF SCIENCES,GIORGIA 
Instrument: 18-NM-64 NEUTRON MONITOR, CORRECTED FOR PRESSURE TO 950.0 MB, COEF. = -0.69 %/MB
Latitude (deg.):   41.72  Longitude (deg.):   44.80  Altitude (m):  510.00
Cut-Off Rigidity (GV):    6.66
Year: 1980  Month:   5
Scaling Factor (SF):    64.0   Constant (CONST):     0.0  Real Counts = (DATA + CONST)*SF
Temporal Resolution: 1 hour
UTC Start Hour:     0.0
                                                                                
                                                        
Monthly Average:  8432.5
Updated (YYYY MM DD): 1984 11 08
*******************************************************************************************
ID     YYYY MM DD 1     0     1     2     3     4     5     6     7     8     9    10    11
ID     YYYY MM DD 2    12    13    14    15    16    17    18    19    20    21    22    23
*******************************************************************************************
TBILIS 1980 05 01 1  8404  8393  8449  8396  8415  8399  8384  8381  8361  8411  8413  8463
TBILIS 1980 05 01 2  8451  8445  8447  8446  8458  8437  8464  8445  8449  8433  8432  8430
TBILIS 1980 05 02 1  8385  8469  8420  8421  8422  8374  8392  8404  8400  8410  8357  8409
TBILIS 1980 05 02 2  8356  8408  8350  8398  8385  8406  8413  8381  8406  8377  8413  8430
TBILIS 1980 05 03 1  8381  8410  8405  8381  8406  8404  8403  8401  8422  8403  8441  8403
TBILIS 1980 05 03 2  8407  8457  8430  8474  8448  8481  8466  8493  8437  8476  8462  8448
TBILIS 1980 05 04 1  8425  8466  8432  8398  8440  8413  8469  8444  8424  8450  8473  8420
TBILIS 1980 05 04 2  8493  8491  8451  8494  8464  8485  8495  8504  8509  8472  8475  8428
TBILIS 1980 05 05 1  8410  8418  8419  8440  8450  8406  8455  8430  8410  8424  8401  8445
TBILIS 1980 05 05 2  8486  8454  8504  8470  8529  8440  8399  8382  8399  8401  8400  8417
TBILIS 1980 05 06 1  8450  8467  8465  8432  8410  8424  8431  8402  8362  8380  8373  8392
TBILIS 1980 05 06 2  8411  8405  8406  8402  8440  8435  8446  8453  8456  8423  8451  8431
TBILIS 1980 05 07 1  8410  8416  8380  8383  8374  8383  8371  8396  8407  8425  8444  8413
TBILIS 1980 05 07 2  8399  8401  8395  8430  8420  8388  8386  8418  8423  8393  8388  8473
TBILIS 1980 05 08 1  8392  8419  8431  8448  8423  8385  8393  8391  8377  8372  8377  8342
TBILIS 1980 05 08 2  8366  8377  8380  8363  8397  8383  8346  8372  8362  8356  8350  8401
TBILIS 1980 05 09 1  8400  8414  8401  8386  8421  8426  8402  8409  8422  8424  8409  8400
TBILIS 1980 05 09 2  8418  8440  8435  8414  8376  8421  8419  8390  8424  8425  8433  8429
TBILIS 1980 05 10 1  8392  8409  8423  8431  8459  8392  8381  8386  8366  8353  8354  8368
TBILIS 1980 05 10 2  8399  8354  8385  8408  8440  8394  8434  8407  8395  8427  8426  8385
TBILIS 1980 05 11 1  8355  8408  8420  8422  8382  8408  8363  8381  8413  8461  8444  8463
TBILIS 1980 05 11 2  8474  8497  8487  8450  8456  8470  8432  8480  8485  8424  8436  8451
TBILIS 1980 05 12 1  8436  8461  8468  8467  8492  8489  8475  8460  8439  8498  8507  8501
TBILIS 1980 05 12 2  8509  8514  8514  8463  8473  8450  8475  8484  8487  8435  8434  8445
TBILIS 1980 05 13 1  8471  8513  8459  8467  8453  8480  8494  8495  8492  8516  8511  8479
TBILIS 1980 05 13 2  8476  8507  8513  8487  8490  8432  8453  8445  8420  8423  8439  8409
TBILIS 1980 05 14 1  8407  8450  8506  8474  8470  8496  8515  8569  8553  8554  8521  8503
TBILIS 1980 05 14 2  8479  8440  8458  8478  8476  8472  8453  8409  8418  8378  8359  8339
TBILIS 1980 05 15 1  8389  8415  8408  8425  8432  8395  8388  8368 99999 99999 99999 99999
TBILIS 1980 05 15 2 99999 99999 99999 99999  8434  8401  8340  8360  8353  8362  8349  8361
TBILIS 1980 05 16 1  8391  8409  8378  8386  8366  8389  8400  8424  8393  8384  8422  8427
TBILIS 1980 05 16 2  8434  8399  8360  8414  8376  8396  8396  8365  8385  8330  8348  8385
TBILIS 1980 05 17 1  8391  8394  8378  8396  8385  8384  8401  8392  8409  8423  8449  8429
TBILIS 1980 05 17 2  8360  8390  8410  8395  8383  8389  8396  8417  8425  8425  8445  8387
TBILIS 1980 05 18 1  8360  8435  8408  8435  8419  8458  8454  8464  8456  8457  8445  8481
TBILIS 1980 05 18 2  8474  8466  8503  8455  8463  8457  8461  8484  8483  8455  8477  8455
TBILIS 1980 05 19 1  8462  8446  8464  8460  8443  8425  8413  8428  8411  8454  8467  8462
TBILIS 1980 05 19 2  8460  8418  8470  8468  8474  8467  8468  8432  8426  8431  8416  8439
TBILIS 1980 05 20 1  8461  8457  8515  8512  8501  8493  8495  8464  8477  8438  8473  8446
TBILIS 1980 05 20 2  8503  8501  8491  8478  8504  8517  8500  8510  8482  8463  8460  8465
TBILIS 1980 05 21 1  8482  8502  8500  8503  8516  8512  8462  8523  8487  8484  8465  8426
TBILIS 1980 05 21 2  8438  8457  8469  8498  8474  8500  8510  8481  8544  8529  8515  8515
TBILIS 1980 05 22 1  8463  8518  8445  8472  8479  8436  8412  8457  8439  8492  8488  8440
TBILIS 1980 05 22 2  8437  8468  8495  8492  8461  8493  8460  8508  8497  8530  8495  8510
TBILIS 1980 05 23 1  8509  8533  8526  8520  8513  8515  8524  8551  8505  8537  8537  8542
TBILIS 1980 05 23 2  8447  8554  8573  8552  8542  8499  8597  8531  8487  8518  8519  8565
TBILIS 1980 05 24 1  8512  8511  8512  8540  8492  8540  8538  8514  8517  8516  8550  8522
TBILIS 1980 05 24 2  8534  8532  8515  8500  8505  8532  8473  8552  8541  8543  8593  8510
TBILIS 1980 05 25 1  8480  8470  8479  8497  8475  8522  8507  8492  8468  8443  8426  8453
TBILIS 1980 05 25 2  8475  8504  8490  8459  8451  8440  8449  8465  8476  8437  8443  8424
TBILIS 1980 05 26 1  8439  8439  8458  8464  8428  8441  8441  8448  8452  8434  8428  8447
TBILIS 1980 05 26 2  8446  8412  8399  8418  8403  8395  8450  8466  8399  8364  8378  8388
TBILIS 1980 05 27 1  8399  8413  8388  8396  8380  8418  8404  8435  8425  8449  8423  8440
TBILIS 1980 05 27 2  8459  8443  8449  8444  8405  8467  8420  8401  8416  8418  8374  8390
TBILIS 1980 05 28 1  8352  8352  8357  8350  8365  8423  8368  8386  8356  8352  8346  8318
TBILIS 1980 05 28 2  8351  8313  8328  8330  8343  8348  8351  8352  8370  8349  8377  8387
TBILIS 1980 05 29 1  8350  8383  8411  8363  8384  8360  8338  8317  8345  8316  8385  8342
TBILIS 1980 05 29 2  8364  8354  8334  8398  8373  8327  8349  8380  8351  8367  8330  8323
TBILIS 1980 05 30 1  8326  8332  8358  8337  8380  8409  8400  8389  8394  8389  8340  8329
TBILIS 1980 05 30 2  8331  8380  8394  8371  8421  8389  8395  8373  8414  8368  8363  8386
TBILIS 1980 05 31 1  8445  8394  8400  8414  8390  8394  8380  8352  8314  8336  8357  8391
TBILIS 1980 05 31 2  8397  8368  8409  8435  8399  8410  8425  8406  8430  8405  8403  8367
Cosmic-Ray Neutron Monitor Data (Hourly, Pressure-Corrected and Scale-Adjusted Counts)
Collections: WDC for Cosmic Rays, Solar-Terrestrial Environment Laboratory, Nagoya Univ.
Data Access: http://center.stelab.nagoya-u.ac.jp/WDCCR/index.html
Project: ICSU WDC
Citation: WDC for Cosmic Rays, Solar-Terrestrial Environment Laboratory, Nagoya University
Station ID: TBILIS
Station:  TBILISI,GIORGIA,INSTITUT GEOPHYSIKY (IG), GIORGIAN ACADEMY OF SCIENCES,GIORGIA 
Instrument: 18-NM-64 NEUTRON MONITOR, CORRECTED FOR PRESSURE TO 950.0 MB, COEF. = -0.69 %/MB
Latitude (deg.):   41.72  Longitude (deg.):   44.80  Altitude (m):  510.00
Cut-Off Rigidity (GV):    6.66
Year: 1980  Month:   6
Scaling Factor (SF):    64.0   Constant (CONST):     0.0  Real Counts = (DATA + CONST)*SF
Temporal Resolution: 1 hour
UTC Start Hour:     0.0
                                                                                
                                                        
Monthly Average:  8325.2
Updated (YYYY MM DD): 1984 11 08
*******************************************************************************************
ID     YYYY MM DD 1     0     1     2     3     4     5     6     7     8     9    10    11
ID     YYYY MM DD 2    12    13    14    15    16    17    18    19    20    21    22    23
*******************************************************************************************
TBILIS 1980 06 01 1  8396  8358  8375  8375  8367  8353  8338  8340  8361  8359  8400  8377
TBILIS 1980 06 01 2  8361  8394  8410  8401  8383  8380  8421  8426  8402  8428  8431  8406
TBILIS 1980 06 02 1  8413  8400  8422  8429  8421  8414 99999 99999  8389  8365 99999 99999
TBILIS 1980 06 02 2 99999  8383  8414  8429  8400  8408  8416  8423  8424  8440  8453  8433
TBILIS 1980 06 03 1  8446  8432  8397  8390  8400  8415  8376  8402  8362  8400  8399  8399
TBILIS 1980 06 03 2  8399  8430  8429  8446  8403  8395  8401  8368  8413  8382  8396  8380
TBILIS 1980 06 04 1  8402  8374  8403  8364  8380  8352  8390  8372  8358  8397  8415  8428
TBILIS 1980 06 04 2  8418  8457  8518  8437  8472  8440  8467  8402  8392  8414  8408  8357
TBILIS 1980 06 05 1  8399  8452  8394  8420  8425  8398  8432  8410  8423  8487  8472  8487
TBILIS 1980 06 05 2  8487  8505  8526  8482  8530  8526  8526  8523  8544  8514  8469  8411
TBILIS 1980 06 06 1  8439  8430  8457  8434  8432  8485  8498  8480  8472  8510  8499  8531
TBILIS 1980 06 06 2  8489  8448  8452  8447  8431  8417  8422  8462  8417  8393  8352  8313
TBILIS 1980 06 07 1  8293  8318  8347  8332  8314  8350  8399  8404  8396  8426  8464  8475
TBILIS 1980 06 07 2  8477  8531  8527  8451  8369  8330  8348  8343  8263  8292  8271  8268
TBILIS 1980 06 08 1  8312  8271  8249  8283  8243  8229  8216  8248  8231  8258  8301  8340
TBILIS 1980 06 08 2  8308  8359  8357  8339  8329  8310  8276  8267  8274  8259  8229  8219
TBILIS 1980 06 09 1  8207  8219  8172  8179  8185  8178  8148  8145  8180  8166  8169  8257
TBILIS 1980 06 09 2  8239  8197  8200  8233  8233  8208  8209  8207  8175  8249  8267  8245
TBILIS 1980 06 10 1  8230  8213  8255  8194  8230  8233  8179 99999 99999 99999  8227  8230
TBILIS 1980 06 10 2  8210  8265  8243  8243  8256  8260  8204  8213  8217  8169  8149  8124
TBILIS 1980 06 11 1  8131  8107  8088  8078  8063  8062  8041  8073  8137  8127  8134  8160
TBILIS 1980 06 11 2  8179  8174  8221  8190  8200  8174  8178  8195  8207  8235  8159  8170
TBILIS 1980 06 12 1  8207  8201  8205  8169  8179  8160  8187  8199  8227  8195  8285  8280
TBILIS 1980 06 12 2  8283  8255  8257  8264  8263  8245  8265  8242  8252  8257  8264  8260
TBILIS 1980 06 13 1  8283  8237  8262  8216  8203  8269  8267  8259  8269  8311  8316  8303
TBILIS 1980 06 13 2  8273  8304  8279  8240  8212  8247  8246  8308  8319  8306  8296  8289
TBILIS 1980 06 14 1  8298  8309  8304  8307  8286  8287  8287  8317  8289  8310  8308  8294
TBILIS 1980 06 14 2  8302  8302  8322  8342  8322  8292  8312  8292  8376  8320  8317  8336
TBILIS 1980 06 15 1  8319  8360  8312  8348  8313  8337  8323  8311  8329  8347  8332  8389
TBILIS 1980 06 15 2  8380  8371  8401  8420  8406  8409  8382  8337  8361  8341  8299  8307
TBILIS 1980 06 16 1  8337  8265  8293  8295  8314  8348  8348  8362  8359  8385  8383  8398
TBILIS 1980 06 16 2  8400  8433  8433  8428  8413  8516  8465  8483  8432  8448  8436  8374
TBILIS 1980 06 17 1  8297  8334  8323  8316  8325  8361  8403  8385  8401  8376  8448  8446
TBILIS 1980 06 17 2  8431  8460  8436  8461  8417  8397  8388  8368  8328  8348  8328  8314
TBILIS 1980 06 18 1  8323  8312  8362  8371  8409  8372  8428  8451  8422  8472  8394  8434
TBILIS 1980 06 18 2  8418  8404  8423  8431  8468  8426  8404  8342  8338  8296  8298  8305
TBILIS 1980 06 19 1  8315  8338  8361  8358  8351  8392  8351  8376  8386 99999 99999 99999
TBILIS 1980 06 19 2 99999 99999 99999 99999 99999 99999 99999 99999 99999 99999 99999 99999
TBILIS 1980 06 20 1 99999 99999 99999 99999 99999 99999 99999 99999 99999 99999  8444  8443
TBILIS 1980 06 20 2  8443  8438  8425  8421  8408  8425  8392  8395  8378  8391  8382  8346
TBILIS 1980 06 21 1  8376  8343  8395  8389  8370  8429  8350  8329  8324  8392  8411  8415
TBILIS 1980 06 21 2 99999  8393  8317  8366  8367  8367  8405  8382  8390  8405  8416  8368
TBILIS 1980 06 22 1  8413  8415  8430  8422  8394  8387  8407  8345  8342  8363  8329  8315
TBILIS 1980 06 22 2  8352  8375  8386  8398  8369  8362  8347  8378  8387  8312  8399  8389
TBILIS 1980 06 23 1  8424  8392  8335  8325  8292  8338  8343  8311  8331  8343  8333  8361
TBILIS 1980 06 23 2  8345  8358  8341  8382  8386  8396  8397  8384  8333  8309  8268  8220
TBILIS 1980 06 24 1  8194  8223  8247  8238  8225  8264  8272  8201 99999 99999 99999  8069
TBILIS 1980 06 24 2  8117  8158  8148  8154  8145  8111  8078  8073  8105  8078  8098  8113
TBILIS 1980 06 25 1  8148  8161  8159  8188  8173  8232  8239  8266  8227  8229  8204  8206
TBILIS 1980 06 25 2  8181  8182  8140  8143  8191  8189  8191  8200  8215  8222  8219  8206
TBILIS 1980 06 26 1  8170  8192  8218  8251  8236  8262  8247  8252  8216  8228  8205  8238
TBILIS 1980 06 26 2  8278  8243  8244  8234  8238  8262  8269  8283  8257  8226  8251  8242
TBILIS 1980 06 27 1  8271  8254  8254  8254  8201  8234  8242  8244 99999 99999  8272  8260
TBILIS 1980 06 27 2  8222  8278  8241  8260  8267  8239  8226  8232  8241  8217  8239  8239
TBILIS 1980 06 28 1  8221  8255  8228  8217  8268  8259  8319  8307  8288  8307  8326  8332
TBILIS 1980 06 28 2  8317  8285  8309  8321  8359  8366  8343  8344  8352  8302  8362  8324
TBILIS 1980 06 29 1  8328  8327  8316  8271  8293  8327  8297  8361  8328  8338  8339  8332
TBILIS 1980 06 29 2  8348  8325  8337  8302  8333  8357  8378  8380  8352  8306  8345  8344
TBILIS 1980 06 30 1  8324  8355  8296  8285  8332  8339  8358  8407  8391  8402  8399  8367
TBILIS 1980 06 30 2  8387  8410  8477  8408  8450  8428  8412  8420  8420  8385  8421  8396
TBILIS 1980 06 31 1 99999 99999 99999 99999 99999 99999 99999 99999 99999 99999 99999 99999
TBILIS 1980 06 31 2 99999 99999 99999 99999 99999 99999 99999 99999 99999 99999 99999 99999
Cosmic-Ray Neutron Monitor Data (Hourly, Pressure-Corrected and Scale-Adjusted Counts)
Collections: WDC for Cosmic Rays, Solar-Terrestrial Environment Laboratory, Nagoya Univ.
Data Access: http://center.stelab.nagoya-u.ac.jp/WDCCR/index.html
Project: ICSU WDC
Citation: WDC for Cosmic Rays, Solar-Terrestrial Environment Laboratory, Nagoya University
Station ID: TBILIS
Station:  TBILISI,GIORGIA,INSTITUT GEOPHYSIKY (IG), GIORGIAN ACADEMY OF SCIENCES,GIORGIA 
Instrument: 18-NM-64 NEUTRON MONITOR, CORRECTED FOR PRESSURE TO 950.0 MB, COEF. = -0.69 %/MB
Latitude (deg.):   41.72  Longitude (deg.):   44.80  Altitude (m):  510.00
Cut-Off Rigidity (GV):    6.66
Year: 1980  Month:   7
Scaling Factor (SF):    64.0   Constant (CONST):     0.0  Real Counts = (DATA + CONST)*SF
Temporal Resolution: 1 hour
UTC Start Hour:     0.0
                                                                                
                                                        
Monthly Average:  8361.6
Updated (YYYY MM DD): 1984 11 08
*******************************************************************************************
ID     YYYY MM DD 1     0     1     2     3     4     5     6     7     8     9    10    11
ID     YYYY MM DD 2    12    13    14    15    16    17    18    19    20    21    22    23
*******************************************************************************************
TBILIS 1980 07 01 1  8367  8362  8346  8395  8387  8373  8380  8377  8382  8405  8428  8473
TBILIS 1980 07 01 2  8448  8468  8459  8440  8437  8388  8364  8372  8288  8292  8271  8241
TBILIS 1980 07 02 1  8285  8299  8356  8343  8398  8395  8424  8424  8440  8428  8511  8476
TBILIS 1980 07 02 2  8479  8484  8414  8399  8313  8326  8314  8304  8331  8320  8286  8303
TBILIS 1980 07 03 1  8303  8275  8280  8295  8323  8353  8380  8368  8338  8381  8433  8432
TBILIS 1980 07 03 2  8518  8445  8446  8443  8427  8433  8391  8373  8366  8343  8354  8392
TBILIS 1980 07 04 1  8421  8429  8443  8409  8451  8489  8462  8443  8381  8397  8447  8428
TBILIS 1980 07 04 2  8398  8406  8442  8428  8403  8422  8373  8376  8396  8408  8396  8465
TBILIS 1980 07 05 1  8396  8390  8411  8421  8403  8388  8419  8422  8359  8366  8380  8364
TBILIS 1980 07 05 2  8355  8345  8367  8385  8409  8470  8396  8440  8409  8375  8403  8414
TBILIS 1980 07 06 1  8336  8393  8415  8348  8431  8446  8429  8414  8375  8422  8452  8400
TBILIS 1980 07 06 2  8403  8434  8423  8455  8418  8362  8410  8377  8322  8313  8297  8421
TBILIS 1980 07 07 1  8371  8371  8386  8407  8430  8362  8449  8436  8473  8431  8466  8449
TBILIS 1980 07 07 2  8425  8434  8403  8434  8417  8392  8400  8414  8377  8377  8372  8356
TBILIS 1980 07 08 1  8418  8393  8390  8395  8414  8445  8388  8419  8391  8435  8440  8430
TBILIS 1980 07 08 2  8423  8418  8397  8411  8460  8413  8422  8409  8391  8358  8319  8324
TBILIS 1980 07 09 1  8366  8381  8414  8387  8391  8377  8381  8375  8396  8458  8433  8484
TBILIS 1980 07 09 2  8417  8434  8433  8421  8404  8421  8399  8360  8327  8353  8401  8366
TBILIS 1980 07 10 1  8379  8407  8402  8400  8405  8434  8408  8403  8409  8423  8407  8382
TBILIS 1980 07 10 2  8342  8384  8382  8352  8359  8372  8345  8379  8352  8352  8378  8407
TBILIS 1980 07 11 1  8397  8417  8381  8394  8371  8413  8460  8454  8414  8416  8414  8451
TBILIS 1980 07 11 2  8410  8410  8428  8413  8442  8441  8420  8437  8358  8344  8388  8397
TBILIS 1980 07 12 1  8405  8398  8404  8386  8365  8363  8386  8339  8349  8376  8354  8360
TBILIS 1980 07 12 2  8337  8322  8295  8265  8309  8320  8328  8361  8361  8356  8360  8353
TBILIS 1980 07 13 1  8359  8321  8329  8357  8345  8368  8339  8338  8380  8380  8408  8397
TBILIS 1980 07 13 2  8378  8354  8372  8422  8426  8425  8421  8362  8349  8351  8366  8353
TBILIS 1980 07 14 1  8371  8380  8387  8353  8338  8350  8369  8377  8356  8386  8347  8350
TBILIS 1980 07 14 2  8326  8324  8355  8379  8337  8364  8355  8340  8345  8365  8390  8366
TBILIS 1980 07 15 1  8329  8345  8360  8331  8355  8345  8349  8365  8364  8370  8361  8320
TBILIS 1980 07 15 2  8300  8323  8334  8346  8358  8350  8342  8419  8352  8381  8372  8377
TBILIS 1980 07 16 1  8353  8394  8382  8353  8385  8392  8399  8403  8383  8370  8428  8408
TBILIS 1980 07 16 2  8404  8417  8396  8351  8360  8359  8364  8386  8360  8394  8383  8401
TBILIS 1980 07 17 1  8349  8386  8409  8401  8381  8435  8394  8404  8404  8430  8446  8460
TBILIS 1980 07 17 2  8469  8431  8445  8459  8446  8430  8385  8379  8403  8398  8373  8391
TBILIS 1980 07 18 1  8385  8411  8387  8349  8377  8366  8378  8360  8374  8367  8359  8351
TBILIS 1980 07 18 2  8375  8314  8365  8373  8403  8394  8408  8456  8472  8446  8441  8471
TBILIS 1980 07 19 1  8439  8406  8366  8370  8312  8273  8278  8289  8215  8256  8276  8226
TBILIS 1980 07 19 2  8265  8295  8282  8282  8273  8293  8302  8312  8278  8278  8291  8302
TBILIS 1980 07 20 1  8297  8339  8292  8322  8283  8298  8303  8300  8317  8304  8299  8306
TBILIS 1980 07 20 2  8323  8310  8316  8337  8309  8312  8311  8334  8324  8323  8340  8299
TBILIS 1980 07 21 1  8298  8305  8288  8313  8338  8341  8306  8296  8315  8311  8309  8308
TBILIS 1980 07 21 2  8314  8270  8296  8305  8293  8290  8301  8301  8310  8311  8308  8313
TBILIS 1980 07 22 1  8335  8322  8304  8294  8329  8305  8319  8329  8360  8330  8357  8330
TBILIS 1980 07 22 2  8333  8376  8356  8331  8364  8325  8326  8351  8378  8310  8332  8319
TBILIS 1980 07 23 1  8322  8349  8334  8347  8342  8328  8315  8377  8352  8355  8400  8374
TBILIS 1980 07 23 2  8350  8322  8356  8312  8371  8323 99999 99999 99999 99999 99999 99999
TBILIS 1980 07 24 1 99999 99999 99999 99999 99999 99999  8374  8327  8315  8388  8383  8398
TBILIS 1980 07 24 2  8405  8396  8427  8403  8413  8410  8388  8375  8405  8351  8357  8328
TBILIS 1980 07 25 1  8358  8336  8369  8392  8426  8426  8413  8442  8443  8466  8482  8446
TBILIS 1980 07 25 2  8464  8436  8401  8431  8440  8403  8467  8418  8434  8381  8384  8324
TBILIS 1980 07 26 1  8246  8264  8284  8298  8293  8342  8307  8314  8307  8286  8324  8265
TBILIS 1980 07 26 2  8284 99999 99999  8205  8207  8190  8162  8168  8160  8197  8190  8214
TBILIS 1980 07 27 1  8220  8237  8246  8229  8223  8175  8180  8204  8193  8235  8229 99999
TBILIS 1980 07 27 2 99999 99999 99999  8186  8192  8214  8225  8258 99999 99999 99999 99999
TBILIS 1980 07 28 1 99999 99999 99999 99999 99999 99999  8302  8325  8323  8334  8312  8318
TBILIS 1980 07 28 2  8278  8267  8315  8307  8335  8312  8317  8375  8302  8277  8324  8324
TBILIS 1980 07 29 1  8278  8267  8249  8287  8268  8265  8276  8253  8274  8311  8305  8276
TBILIS 1980 07 29 2  8284  8301  8307  8353  8365  8364  8383  8372  8388  8372  8375  8366
TBILIS 1980 07 30 1  8366  8305  8293  8338  8323  8349  8306  8310  8299  8386  8387  8378
TBILIS 1980 07 30 2  8318  8315  8321  8293  8301  8262  8254  8327  8281  8275  8285  8311
TBILIS 1980 07 31 1  8319  8294  8322  8305  8342  8365  8375  8366  8372  8419  8424  8396
TBILIS 1980 07 31 2  8406  8359  8369  8367  8371  8386  8371  8341  8371  8317  8314  8297
Cosmic-Ray Neutron Monitor Data (Hourly, Pressure-Corrected and Scale-Adjusted Counts)
Collections: WDC for Cosmic Rays, Solar-Terrestrial Environment Laboratory, Nagoya Univ.
Data Access: http://center.stelab.nagoya-u.ac.jp/WDCCR/index.html
Project: ICSU WDC
Citation: WDC for Cosmic Rays, Solar-Terrestrial Environment Laboratory, Nagoya University
Station ID: TBILIS
Station:  TBILISI,GIORGIA,INSTITUT GEOPHYSIKY (IG), GIORGIAN ACADEMY OF SCIENCES,GIORGIA 
Instrument: 18-NM-64 NEUTRON MONITOR, CORRECTED FOR PRESSURE TO 950.0 MB, COEF. = -0.69 %/MB
Latitude (deg.):   41.72  Longitude (deg.):   44.80  Altitude (m):  510.00
Cut-Off Rigidity (GV):    6.66
Year: 1980  Month:   8
Scaling Factor (SF):    64.0   Constant (CONST):     0.0  Real Counts = (DATA + CONST)*SF
Temporal Resolution: 1 hour
UTC Start Hour:     0.0
                                                                                
                                                        
Monthly Average:  8421.9
Updated (YYYY MM DD): 1984 11 08
*******************************************************************************************
ID     YYYY MM DD 1     0     1     2     3     4     5     6     7     8     9    10    11
ID     YYYY MM DD 2    12    13    14    15    16    17    18    19    20    21    22    23
*******************************************************************************************
TBILIS 1980 08 01 1  8286  8301  8332  8352  8346  8328  8378  8388  8376  8406  8421  8422
TBILIS 1980 08 01 2  8415  8425  8447  8413  8406  8375  8375  8425  8391  8410  8372  8319
TBILIS 1980 08 02 1  8349 99999 99999 99999 99999 99999 99999 99999 99999  8415  8400  8432
TBILIS 1980 08 02 2  8411  8427  8419  8391  8427  8381  8392  8394  8387  8385  8412  8356
TBILIS 1980 08 03 1  8359  8346  8377  8392  8421  8382  8388  8375  8453  8492  8488  8462
TBILIS 1980 08 03 2  8493  8486  8458  8443  8463  8467  8471  8508  8461  8442  8414  8422
TBILIS 1980 08 04 1  8412  8453  8431  8440  8430  8429  8459  8492  8471  8457  8442  8445
TBILIS 1980 08 04 2  8465  8527  8483  8447  8438  8408  8423  8397  8413  8385  8376  8387
TBILIS 1980 08 05 1  8368  8365  8402  8338  8355  8357  8337  8385  8350  8356  8343  8385
TBILIS 1980 08 05 2  8402  8459  8406  8393  8407  8387  8404  8413  8434  8395  8386  8356
TBILIS 1980 08 06 1  8373  8377  8399  8399  8410  8385  8390  8366  8364  8361  8341  8368
TBILIS 1980 08 06 2  8371  8378  8365  8351  8353  8347  8348  8376  8384  8366  8395  8378
TBILIS 1980 08 07 1  8366  8377  8377  8369  8323  8321  8296  8349  8350  8320  8355  8439
TBILIS 1980 08 07 2  8431  8428  8443  8417  8405  8415  8413  8453  8424  8448  8435  8419
TBILIS 1980 08 08 1  8404  8426  8409  8392  8369  8418  8367  8360  8372  8376  8408  8377
TBILIS 1980 08 08 2  8401  8459  8453  8434  8443  8392  8376  8397  8386  8401  8335  8341
TBILIS 1980 08 09 1  8415  8358  8370  8362  8371  8360  8350  8357  8384  8372  8384  8392
TBILIS 1980 08 09 2  8373  8379  8395  8380  8364  8376  8376  8421  8423  8412  8386  8366
TBILIS 1980 08 10 1  8342  8362  8338  8397  8387  8412  8425  8419  8385  8419  8445  8394
TBILIS 1980 08 10 2  8465  8469  8455  8436  8482  8460  8510  8517  8461  8459  8446  8435
TBILIS 1980 08 11 1  8421  8418  8466  8443  8385  8385  8382  8435  8387  8453  8464  8443
TBILIS 1980 08 11 2  8472  8469  8489  8510  8509  8461  8468  8457  8468  8380  8404  8419
TBILIS 1980 08 12 1  8393  8373  8375  8420  8394  8390  8422  8438 99999  8476  8428  8432
TBILIS 1980 08 12 2  8497  8525  8491  8429  8461  8447  8388  8439  8406  8423  8426  8373
TBILIS 1980 08 13 1  8367  8401  8372  8406  8396  8436  8393  8389  8410  8436  8476  8395
TBILIS 1980 08 13 2  8404  8393  8456  8402  8425  8446  8375  8389  8382  8403  8393  8423
TBILIS 1980 08 14 1  8399  8412  8393  8399  8413  8372  8419  8387  8367  8437  8420  8449
TBILIS 1980 08 14 2  8423  8434  8448  8458  8438  8446  8410  8432  8425  8388  8436  8410
TBILIS 1980 08 15 1  8426  8407  8369  8312  8305  8292  8315  8332  8307 99999  8323  8357
TBILIS 1980 08 15 2  8390 99999 99999 99999 99999 99999 99999 99999 99999 99999 99999 99999
TBILIS 1980 08 16 1 99999 99999 99999 99999 99999 99999 99999 99999 99999 99999 99999 99999
TBILIS 1980 08 16 2 99999 99999 99999 99999 99999 99999 99999 99999 99999 99999 99999 99999
TBILIS 1980 08 17 1 99999 99999 99999 99999 99999 99999 99999 99999 99999 99999 99999 99999
TBILIS 1980 08 17 2 99999 99999 99999 99999 99999 99999 99999 99999 99999 99999 99999 99999
TBILIS 1980 08 18 1 99999 99999 99999 99999 99999 99999 99999 99999 99999 99999 99999 99999
TBILIS 1980 08 18 2 99999 99999 99999 99999 99999 99999 99999 99999 99999 99999 99999 99999
TBILIS 1980 08 19 1 99999 99999 99999 99999 99999 99999 99999 99999 99999 99999 99999 99999
TBILIS 1980 08 19 2 99999 99999 99999 99999 99999 99999 99999 99999 99999 99999 99999 99999
TBILIS 1980 08 20 1 99999 99999 99999 99999 99999 99999 99999 99999 99999 99999 99999 99999
TBILIS 1980 08 20 2 99999 99999 99999 99999 99999 99999 99999 99999 99999 99999 99999 99999
TBILIS 1980 08 21 1 99999 99999 99999 99999 99999 99999 99999 99999 99999 99999 99999 99999
TBILIS 1980 08 21 2 99999 99999 99999 99999 99999 99999 99999 99999 99999 99999 99999 99999
TBILIS 1980 08 22 1 99999 99999 99999 99999 99999 99999 99999 99999 99999 99999 99999 99999
TBILIS 1980 08 22 2 99999 99999 99999 99999 99999 99999 99999 99999 99999 99999 99999 99999
TBILIS 1980 08 23 1 99999 99999 99999 99999 99999 99999 99999 99999 99999 99999 99999 99999
TBILIS 1980 08 23 2 99999 99999 99999 99999 99999 99999 99999 99999 99999 99999 99999 99999
TBILIS 1980 08 24 1 99999 99999 99999 99999 99999 99999 99999 99999 99999 99999 99999 99999
TBILIS 1980 08 24 2 99999 99999 99999 99999 99999 99999 99999 99999 99999 99999 99999 99999
TBILIS 1980 08 25 1 99999 99999 99999 99999 99999 99999 99999 99999 99999 99999 99999  8456
TBILIS 1980 08 25 2  8456  8412  8397  8399  8380  8370  8395  8396  8422  8388  8440  8411
TBILIS 1980 08 26 1  8437  8462  8429  8439  8440  8428  8469  8445  8478  8515  8489  8534
TBILIS 1980 08 26 2  8536 99999 99999  8520  8495  8400  8443  8427  8476  8461  8502  8476
TBILIS 1980 08 27 1  8401  8398  8389  8377  8398  8420  8433  8453  8455  8478  8527  8491
TBILIS 1980 08 27 2  8505  8475  8464  8524  8455  8513  8500  8511  8512  8495  8462  8438
TBILIS 1980 08 28 1  8448  8461  8457  8458  8488  8469  8493  8493  8502  8511  8515  8498
TBILIS 1980 08 28 2  8491  8500  8513  8515  8493  8475  8461  8464  8503  8485  8450  8463
TBILIS 1980 08 29 1  8438  8448  8442  8405  8452  8443  8444  8467  8457  8465  8456  8499
TBILIS 1980 08 29 2  8491  8517  8486  8502  8532  8482  8496  8446  8446  8434  8460  8437
TBILIS 1980 08 30 1  8429  8452  8458  8445  8463  8433  8422  8396  8439  8439 99999 99999
TBILIS 1980 08 30 2 99999  8402  8387  8421  8419  8463  8529  8499  8518  8470  8492  8514
TBILIS 1980 08 31 1  8484  8449  8459  8390  8428  8433  8428  8417  8435  8481  8433  8454
TBILIS 1980 08 31 2  8412  8412  8391  8455  8448  8465  8455  8516  8541  8553  8526  8485
Cosmic-Ray Neutron Monitor Data (Hourly, Pressure-Corrected and Scale-Adjusted Counts)
Collections: WDC for Cosmic Rays, Solar-Terrestrial Environment Laboratory, Nagoya Univ.
Data Access: http://center.stelab.nagoya-u.ac.jp/WDCCR/index.html
Project: ICSU WDC
Citation: WDC for Cosmic Rays, Solar-Terrestrial Environment Laboratory, Nagoya University
Station ID: TBILIS
Station:  TBILISI,GIORGIA,INSTITUT GEOPHYSIKY (IG), GIORGIAN ACADEMY OF SCIENCES,GIORGIA 
Instrument: 18-NM-64 NEUTRON MONITOR, CORRECTED FOR PRESSURE TO 950.0 MB, COEF. = -0.69 %/MB
Latitude (deg.):   41.72  Longitude (deg.):   44.80  Altitude (m):  510.00
Cut-Off Rigidity (GV):    6.66
Year: 1980  Month:   9
Scaling Factor (SF):    64.0   Constant (CONST):     0.0  Real Counts = (DATA + CONST)*SF
Temporal Resolution: 1 hour
UTC Start Hour:     0.0
                                                                                
                                                        
Monthly Average:  8421.0
Updated (YYYY MM DD): 1984 11 08
*******************************************************************************************
ID     YYYY MM DD 1     0     1     2     3     4     5     6     7     8     9    10    11
ID     YYYY MM DD 2    12    13    14    15    16    17    18    19    20    21    22    23
*******************************************************************************************
TBILIS 1980 09 01 1  8474  8485  8499  8465  8435  8480  8471  8484  8476  8482  8488  8493
TBILIS 1980 09 01 2  8485  8475  8490  8453  8473  8500  8480  8513  8518  8464  8505  8489
TBILIS 1980 09 02 1  8461  8443  8477  8439  8471  8465  8447  8459  8473  8493  8509  8501
TBILIS 1980 09 02 2  8530  8531  8529  8551  8536  8536  8570  8510  8501  8522  8506  8464
TBILIS 1980 09 03 1  8432  8452  8467  8471  8496  8541  8505  8535  8526  8545  8535  8586
TBILIS 1980 09 03 2  8542  8545  8546  8584  8585  8564  8561  8519  8478  8507  8470  8475
TBILIS 1980 09 04 1  8496  8517  8509  8511  8496  8467  8439  8485  8483  8514  8521  8530
TBILIS 1980 09 04 2  8481  8504  8463  8464  8477  8440  8458  8423  8413  8445  8413  8465
TBILIS 1980 09 05 1  8460  8447  8427  8409  8405  8469  8468  8466  8462  8457  8478  8466
TBILIS 1980 09 05 2  8469  8494  8473  8543  8517  8488  8545  8512  8520  8533  8504  8441
TBILIS 1980 09 06 1  8474  8449  8439  8438  8402  8400  8376  8362  8375  8402  8415  8442
TBILIS 1980 09 06 2  8405  8371  8358  8368  8395  8392  8410  8384  8403  8428  8407  8428
TBILIS 1980 09 07 1  8420  8438  8459  8361  8362  8357  8378  8370  8366  8363  8385  8384
TBILIS 1980 09 07 2  8362  8384  8407  8385  8360  8376  8412  8452  8410  8405  8411  8455
TBILIS 1980 09 08 1  8391  8424  8418  8413  8408 99999 99999 99999 99999 99999 99999 99999
TBILIS 1980 09 08 2 99999 99999 99999 99999 99999 99999 99999 99999 99999 99999 99999 99999
TBILIS 1980 09 09 1 99999 99999 99999 99999 99999 99999 99999  8331  8340  8352  8352  8349
TBILIS 1980 09 09 2  8363  8383  8365  8346  8350  8379  8399  8446  8439  8412  8412  8409
TBILIS 1980 09 10 1  8388  8425  8378  8391  8393  8397  8411  8369  8362  8431  8405  8422
TBILIS 1980 09 10 2  8448  8417  8418  8416  8423  8440  8436  8477  8408  8431  8433  8424
TBILIS 1980 09 11 1  8379  8437  8412  8392  8421  8421  8416  8421  8384  8409  8446  8487
TBILIS 1980 09 11 2  8464  8489  8505  8503  8511  8440  8451  8466  8455  8429  8393  8379
TBILIS 1980 09 12 1  8414  8404  8453  8401  8409  8394  8369  8409  8434  8443  8439  8451
TBILIS 1980 09 12 2  8472  8454  8469  8458  8502  8473  8518  8522  8529  8541  8461  8483
TBILIS 1980 09 13 1  8475  8470  8484  8460  8461  8448  8425  8480  8444  8482  8490  8464
TBILIS 1980 09 13 2  8473  8499  8482  8522  8439  8427  8395  8406  8431  8439  8387  8408
TBILIS 1980 09 14 1  8400  8393  8381  8428  8473  8454  8446  8454  8458  8527  8514  8501
TBILIS 1980 09 14 2  8493  8498  8465  8457  8432  8425  8404  8437  8405  8346  8403  8375
TBILIS 1980 09 15 1  8393  8364  8378  8344  8362  8367  8354  8378  8436  8425  8426  8406
TBILIS 1980 09 15 2  8399  8478  8427  8410  8456  8459  8449  8415  8396  8380  8391  8397
TBILIS 1980 09 16 1  8438  8402  8463  8444  8451  8429  8419  8442  8466  8468  8422  8447
TBILIS 1980 09 16 2  8449  8469  8453  8468  8482  8374  8369  8369  8388  8320  8353  8348
TBILIS 1980 09 17 1  8367  8375  8363  8403  8385  8404  8395  8462  8441  8499  8497  8519
TBILIS 1980 09 17 2  8533  8483  8499  8464  8438  8423  8421  8413  8419  8370  8405  8401
TBILIS 1980 09 18 1  8384  8416  8384  8446  8452  8450  8491  8494  8454  8504  8480  8441
TBILIS 1980 09 18 2  8461  8407  8429  8380  8386  8350  8335  8323  8339  8337  8343  8271
TBILIS 1980 09 19 1  8310  8332  8315  8343  8325  8328  8366  8405  8338  8398  8409  8400
TBILIS 1980 09 19 2  8437  8377  8423  8381  8341  8380  8368  8430  8453  8416  8432  8402
TBILIS 1980 09 20 1  8410  8424  8416  8424  8410  8406  8423  8409  8435  8422  8392  8401
TBILIS 1980 09 20 2  8386  8383  8413  8382  8398  8415  8394  8376  8416  8406  8386  8391
TBILIS 1980 09 21 1  8394  8436  8366  8431  8455  8439  8436  8376  8454  8438  8446  8407
TBILIS 1980 09 21 2  8433  8392  8416  8422  8397  8369  8376  8378  8386  8394  8395  8378
TBILIS 1980 09 22 1  8358  8372  8375  8400  8389  8384  8415  8396  8438  8421  8461  8400
TBILIS 1980 09 22 2  8406  8369  8426  8467  8427  8399  8394  8398  8375  8342  8325  8254
TBILIS 1980 09 23 1  8349  8370  8357  8342  8370  8350  8370  8361  8342  8338  8468  8431
TBILIS 1980 09 23 2  8427  8478  8453  8465  8416  8376  8352  8300  8361  8356  8367  8348
TBILIS 1980 09 24 1  8369  8328  8359  8351  8358  8323  8353  8381  8379  8377  8426  8388
TBILIS 1980 09 24 2  8450  8455  8460  8451  8398  8363  8412  8424  8366  8429  8348  8341
TBILIS 1980 09 25 1  8353  8370  8376  8394  8406  8363  8342  8391  8385  8443  8459  8479
TBILIS 1980 09 25 2  8475  8482  8445  8467  8390  8411  8449  8413  8409  8377  8388  8393
TBILIS 1980 09 26 1  8383  8418  8354  8354  8379  8355  8429  8382  8423  8410  8460  8457
TBILIS 1980 09 26 2  8422  8412  8423  8381  8391  8410  8408  8388  8343  8348  8363  8371
TBILIS 1980 09 27 1  8398  8374  8378  8459  8426  8380  8389  8414  8445  8411  8441  8471
TBILIS 1980 09 27 2  8405  8447  8400  8475  8451  8480  8436  8436  8450  8461  8467  8440
TBILIS 1980 09 28 1  8414  8355  8391  8423  8397  8464  8399  8422  8403  8397  8393  8359
TBILIS 1980 09 28 2  8389  8374  8367  8387  8366  8347  8357  8351  8315  8282  8322  8296
TBILIS 1980 09 29 1  8334  8333  8305  8339  8290  8331  8329  8342  8344  8350  8358  8380
TBILIS 1980 09 29 2  8355  8386  8340  8328  8363  8426  8457  8403  8392  8394  8379  8356
TBILIS 1980 09 30 1  8405  8369  8348  8306  8348  8347  8318  8326  8323  8352  8429  8414
TBILIS 1980 09 30 2  8437  8437  8430  8430  8356  8416  8351  8442  8417  8399  8384  8426
TBILIS 1980 09 31 1 99999 99999 99999 99999 99999 99999 99999 99999 99999 99999 99999 99999
TBILIS 1980 09 31 2 99999 99999 99999 99999 99999 99999 99999 99999 99999 99999 99999 99999
Cosmic-Ray Neutron Monitor Data (Hourly, Pressure-Corrected and Scale-Adjusted Counts)
Collections: WDC for Cosmic Rays, Solar-Terrestrial Environment Laboratory, Nagoya Univ.
Data Access: http://center.stelab.nagoya-u.ac.jp/WDCCR/index.html
Project: ICSU WDC
Citation: WDC for Cosmic Rays, Solar-Terrestrial Environment Laboratory, Nagoya University
Station ID: TBILIS
Station:  TBILISI,GIORGIA,INSTITUT GEOPHYSIKY (IG), GIORGIAN ACADEMY OF SCIENCES,GIORGIA 
Instrument: 18-NM-64 NEUTRON MONITOR, CORRECTED FOR PRESSURE TO 950.0 MB, COEF. = -0.69 %/MB
Latitude (deg.):   41.72  Longitude (deg.):   44.80  Altitude (m):  510.00
Cut-Off Rigidity (GV):    6.66
Year: 1980  Month:  10
Scaling Factor (SF):    64.0   Constant (CONST):     0.0  Real Counts = (DATA + CONST)*SF
Temporal Resolution: 1 hour
UTC Start Hour:     0.0
                                                                                
                                                        
Monthly Average:  8240.2
Updated (YYYY MM DD): 1984 11 08
*******************************************************************************************
ID     YYYY MM DD 1     0     1     2     3     4     5     6     7     8     9    10    11
ID     YYYY MM DD 2    12    13    14    15    16    17    18    19    20    21    22    23
*******************************************************************************************
TBILIS 1980 10 01 1  8395  8379  8379  8355  8324  8348  8389  8383  8374  8439  8381  8402
TBILIS 1980 10 01 2  8394  8381  8365  8431  8398  8444  8445  8413  8365  8370  8349  8328
TBILIS 1980 10 02 1  8347  8306  8300  8292  8333  8316  8354  8322  8343  8333  8329  8344
TBILIS 1980 10 02 2  8340  8338  8374  8348  8371  8414  8382  8392  8336  8315  8310  8286
TBILIS 1980 10 03 1  8318  8304  8323  8334  8288  8336  8335  8331  8293  8342  8365  8401
TBILIS 1980 10 03 2  8382  8351  8388  8359  8357  8418  8376  8396  8406  8384  8415  8368
TBILIS 1980 10 04 1  8378  8334  8310  8364  8374 99999 99999 99999 99999 99999 99999 99999
TBILIS 1980 10 04 2 99999 99999 99999 99999 99999  8317  8324  8306  8282  8279  8246  8254
TBILIS 1980 10 05 1  8211  8254  8236  8193  8215  8278  8257  8257  8259  8216  8228  8227
TBILIS 1980 10 05 2  8219  8217  8206  8182  8171  8180  8148  8141  8140  8179  8192  8207
TBILIS 1980 10 06 1  8197  8185  8191  8174  8215  8207  8214  8178  8236  8203  8185  8231
TBILIS 1980 10 06 2  8256  8286  8219  8241  8214  8228  8284  8279  8267  8279  8261  8277
TBILIS 1980 10 07 1  8262  8215  8275  8230  8202  8234  8196  8220  8221  8234  8236  8271
TBILIS 1980 10 07 2  8284  8289  8297  8230  8235  8268  8283  8274  8250  8250  8212  8183
TBILIS 1980 10 08 1  8180  8213  8252  8228  8262  8247 99999 99999  8290  8295  8248  8283
TBILIS 1980 10 08 2  8282  8308  8304  8258  8260  8243  8257  8226  8194  8201  8215  8234
TBILIS 1980 10 09 1  8216  8270  8206  8212  8194  8195  8187  8192  8204  8201  8225  8225
TBILIS 1980 10 09 2  8184  8201  8249  8192  8191  8213  8202  8218  8226  8207  8196  8147
TBILIS 1980 10 10 1  8089  8144  8130  8193  8176  8247  8200  8173  8222  8241  8306  8228
TBILIS 1980 10 10 2  8237  8257  8214  8213  8195  8186  8201  8206  8233  8264  8218  8222
TBILIS 1980 10 11 1  8216  8232  8185  8220  8244  8239  8233  8237  8207  8141  8190  8123
TBILIS 1980 10 11 2  8135  8096  8160  8166  8153  8196  8265  8258  8234  8245  8265  8259
TBILIS 1980 10 12 1  8287  8241  8225  8236  8261  8213  8190  8234  8206  8260  8255  8259
TBILIS 1980 10 12 2  8224  8244  8250  8261  8270  8262  8300  8323  8312  8306  8230  8222
TBILIS 1980 10 13 1  8195  8160  8169  8212  8239  8222  8259  8253  8276  8319  8266  8329
TBILIS 1980 10 13 2  8293  8324  8338  8299  8311  8334  8263  8292  8302  8268  8216  8186
TBILIS 1980 10 14 1  8247  8244  8215  8207  8214  8196  8192  8213  8250  8222  8284  8220
TBILIS 1980 10 14 2  8229  8278  8237  8260  8182  8270  8283  8245  8211  8160  8145  8169
TBILIS 1980 10 15 1  8159  8210  8135  8185  8184  8160  8171  8133  8197  8188  8235  8225
TBILIS 1980 10 15 2  8240  8201  8182  8140  8184  8205  8193  8193  8151  8204  8262  8228
TBILIS 1980 10 16 1  8195  8181  8197  8184  8129  8191  8185  8156  8202  8179  8225  8227
TBILIS 1980 10 16 2  8208  8236  8261  8237  8210  8256  8175  8233  8211  8171  8180  8169
TBILIS 1980 10 17 1  8201  8235  8216  8154  8235  8239  8213  8206  8233  8192  8238  8260
TBILIS 1980 10 17 2  8273  8242  8251  8209  8284  8212  8228  8217  8181  8191  8171  8185
TBILIS 1980 10 18 1  8218  8157  8187  8191  8127  8158  8216  8213  8195  8201  8208  8179
TBILIS 1980 10 18 2  8210  8227  8259  8230  8207  8282  8285  8268  8284  8203  8191  8215
TBILIS 1980 10 19 1  8264  8225  8210  8220  8183  8150  8109  8170  8172  8151  8191  8174
TBILIS 1980 10 19 2  8188  8190  8240  8224  8224  8174  8165  8214  8200  8201  8250  8173
TBILIS 1980 10 20 1  8176  8146  8168  8152  8143  8132  8161  8162  8186  8180  8192  8163
TBILIS 1980 10 20 2  8206  8204  8172  8238  8243  8256  8209  8207  8231  8249  8184  8189
TBILIS 1980 10 21 1  8224  8212  8201  8198  8220  8181  8166  8153  8185  8194  8202  8164
TBILIS 1980 10 21 2  8167  8197  8210  8193  8241  8195  8225  8215  8223  8209  8222  8219
TBILIS 1980 10 22 1  8204  8248  8247  8213  8233  8164  8156  8202  8193  8226  8232  8218
TBILIS 1980 10 22 2  8207  8216  8230  8260  8201  8203  8210  8218  8229  8204  8168  8149
TBILIS 1980 10 23 1  8191  8196  8181  8134  8159  8117  8179  8187  8267  8249  8288  8316
TBILIS 1980 10 23 2  8327  8294  8301  8241  8274  8299  8273  8227  8225  8201  8150  8180
TBILIS 1980 10 24 1  8156  8159  8186  8177  8186  8203  8196  8192  8231  8251  8246  8245
TBILIS 1980 10 24 2  8258  8326  8294  8267  8254  8281  8245  8195  8193  8194  8264  8228
TBILIS 1980 10 25 1  8266  8216  8246  8259  8225  8236  8246  8246  8273  8261  8265  8258
TBILIS 1980 10 25 2  8298  8297  8236  8271  8303  8259  8270  8218  8251  8243  8236  8238
TBILIS 1980 10 26 1  8234  8229  8202  8257  8236  8256  8217  8210  8245  8259  8285  8281
TBILIS 1980 10 26 2  8318  8294  8269  8280  8264  8226  8207  8167  8191  8174  8154  8170
TBILIS 1980 10 27 1  8162  8142  8117  8182  8182  8209  8169  8208  8255  8263  8276  8252
TBILIS 1980 10 27 2  8236  8245  8268  8249  8230  8238  8223  8203  8195  8144  8173  8181
TBILIS 1980 10 28 1  8136  8170  8204  8205  8233  8273  8246  8223  8253  8260  8286  8315
TBILIS 1980 10 28 2  8302  8319  8280  8262  8280  8258  8290  8237  8270  8268  8233  8287
TBILIS 1980 10 29 1  8275  8227  8242  8257  8261  8256  8213  8256  8269  8266  8261  8271
TBILIS 1980 10 29 2  8243  8267  8289  8287  8243  8237  8284  8320  8253  8273  8267  8246
TBILIS 1980 10 30 1  8329  8301  8291  8319  8322  8272  8253  8284  8288  8294  8355  8327
TBILIS 1980 10 30 2  8330  8300  8318  8319  8278  8279  8284  8245  8247  8267  8246  8258
TBILIS 1980 10 31 1  8253  8239  8243  8280  8244  8222  8190  8222  8219  8203  8221  8157
TBILIS 1980 10 31 2  8195  8290  8300  8263  8271  8253  8231  8217  8163  8196  8153  8157
Cosmic-Ray Neutron Monitor Data (Hourly, Pressure-Corrected and Scale-Adjusted Counts)
Collections: WDC for Cosmic Rays, Solar-Terrestrial Environment Laboratory, Nagoya Univ.
Data Access: http://center.stelab.nagoya-u.ac.jp/WDCCR/index.html
Project: ICSU WDC
Citation: WDC for Cosmic Rays, Solar-Terrestrial Environment Laboratory, Nagoya University
Station ID: TBILIS
Station:  TBILISI,GIORGIA,INSTITUT GEOPHYSIKY (IG), GIORGIAN ACADEMY OF SCIENCES,GIORGIA 
Instrument: 18-NM-64 NEUTRON MONITOR, CORRECTED FOR PRESSURE TO 950.0 MB, COEF. = -0.69 %/MB
Latitude (deg.):   41.72  Longitude (deg.):   44.80  Altitude (m):  510.00
Cut-Off Rigidity (GV):    6.66
Year: 1980  Month:  11
Scaling Factor (SF):    64.0   Constant (CONST):     0.0  Real Counts = (DATA + CONST)*SF
Temporal Resolution: 1 hour
UTC Start Hour:     0.0
                                                                                
                                                        
Monthly Average:  8111.4
Updated (YYYY MM DD): 1986 01 10
*******************************************************************************************
ID     YYYY MM DD 1     0     1     2     3     4     5     6     7     8     9    10    11
ID     YYYY MM DD 2    12    13    14    15    16    17    18    19    20    21    22    23
*******************************************************************************************
TBILIS 1980 11 01 1  8152  8092  8149  8147  8117  8125  8129  8149  8220  8244  8308  8281
TBILIS 1980 11 01 2  8290  8272  8233  8244  8243  8193  8126  8108  8160  8101  8086  8089
TBILIS 1980 11 02 1  8094  8129  8099  8082  8071  8078  8025  8034  8024  8007  8044  8067
TBILIS 1980 11 02 2  8024  8073  8125  8134  8139  8155  8182  8133  8113  8140  8079  8104
TBILIS 1980 11 03 1  8102  8107  8085  8064  8084  8020  8017  8011  8047  8056  8096  8032
TBILIS 1980 11 03 2  7988  8100  8086  8127  8095  8114  8149  8148  8130  8169  8167  8190
TBILIS 1980 11 04 1  8175  8170  8148  8144  8123  8094  8030  8028  8055  8101  8126  8129
TBILIS 1980 11 04 2  8060  8046  8084  8143  8103  8131  8124  8162  8167  8171  8152  8140
TBILIS 1980 11 05 1  8129  8139  8156  8130  8124  8129  8125  8173  8138  8163  8130  8108
TBILIS 1980 11 05 2  8123  8141  8088  8133  8105  8109  8146  8157  8144  8117  8129  8161
TBILIS 1980 11 06 1  8142  8150  8186  8165  8162  8139  8166  8143  8112  8133  8153  8157
TBILIS 1980 11 06 2  8099  8138  8139  8131  8171  8154  8177  8162  8160  8165  8184  8157
TBILIS 1980 11 07 1  8205  8210  8180  8153  8195  8182  8186  8163  8185  8192  8172  8149
TBILIS 1980 11 07 2  8129  8179  8202  8227  8213  8186  8194  8206  8215  8220  8223  8242
TBILIS 1980 11 08 1  8285  8281  8249  8253  8236  8197  8190  8186  8199  8192  8226  8251
TBILIS 1980 11 08 2  8244  8241  8240  8231  8249 99999 99999 99999 99999 99999 99999 99999
TBILIS 1980 11 09 1 99999  8164  8205  8180  8185  8145  8195  8222  8234  8226  8273  8290
TBILIS 1980 11 09 2  8263  8290  8214  8230  8210  8128  8082  8105  8098  8121  8150  8164
TBILIS 1980 11 10 1  8157  8151  8112  8107 99999  8100  8073  8092  8021  8029  8046  7994
TBILIS 1980 11 10 2  8010  8043  8054  8025  8014  8000  8026  8019  7992  7978  7995  7953
TBILIS 1980 11 11 1  7975  7994  7976  7996  7996  7990  7977  7984  8001  7979  7941  7965
TBILIS 1980 11 11 2  7942  7927  7923  7967  7939  7954  7946  8001  7963  7981  7981  7941
TBILIS 1980 11 12 1  7990  7971  7974  7968  8025  7964  7950  7940  7932  7956  7961  7931
TBILIS 1980 11 12 2  7941  7980  8008  8043  8033  8062  8079  8097  8058  8064  8041  8017
TBILIS 1980 11 13 1  8050  8054  8036  7993  8009  8011  7984  8007  7931  8013  8048  8036
TBILIS 1980 11 13 2  8014  8058  8002  8090  8071  8082  8135  8099  8067  8056  8087  8048
TBILIS 1980 11 14 1  8089  8071  8084  8115  8096  8033  7998  8060  8057  8070  8102  8143
TBILIS 1980 11 14 2  8145  8154  8117  8198  8129  8161  8182  8178  8193  8214  8181  8161
TBILIS 1980 11 15 1  8181  8168  8150  8178  8194  8240  8225  8172  8205  8151  8211  8219
TBILIS 1980 11 15 2  8187  8198  8185  8182  8154  8155  8176  8193  8152  8159  8190  8187
TBILIS 1980 11 16 1  8191  8144  8232  8253  8256  8231  8202  8207  8219  8184  8199  8183
TBILIS 1980 11 16 2  8212  8164  8136  8140  8141  8147  8115  8155  8142  8122  8123  8151
TBILIS 1980 11 17 1  8162  8115  8144  8103  8061  8105  8100  8084  8079  8131  8131  8172
TBILIS 1980 11 17 2  8192  8189  8196  8148  8202  8156  8170  8179  8199  8163  8161  8122
TBILIS 1980 11 18 1  8111  8123  8138  8099  8130  8141  8125  8120  8119  8165  8190  8147
TBILIS 1980 11 18 2  8140  8177  8187  8175  8191  8224  8214  8210  8216  8152  8166  8131
TBILIS 1980 11 19 1  8106  8167  8129  8102  8113  8109  8116  8121  8138  8166  8218  8211
TBILIS 1980 11 19 2  8177  8204  8175  8206  8181  8185  8197  8179  8169  8166  8200  8161
TBILIS 1980 11 20 1  8184  8216  8207  8147  8152  8145  8136  8147  8133  8180  8144  8168
TBILIS 1980 11 20 2  8160  8166  8138  8109  8162  8160  8132  8123  8123  8166  8198  8197
TBILIS 1980 11 21 1  8192  8176  8158  8159 99999 99999 99999 99999  8192  8203  8222  8235
TBILIS 1980 11 21 2  8204  8233  8194  8188  8188  8158  8195  8155  8196  8138  8223  8186
TBILIS 1980 11 22 1  8159  8176  8185  8174  8142  8150  8144  8176  8191  8205  8231  8228
TBILIS 1980 11 22 2  8236  8208  8215  8176  8180  8108  8157  8197  8178  8147  8177  8163
TBILIS 1980 11 23 1  8198  8169  8115  8125  8126  8149  8127  8175  8182  8243  8179  8234
TBILIS 1980 11 23 2  8203  8185  8150  8136  8206  8177  8166  8163  8137  8132  8133  8121
TBILIS 1980 11 24 1  8158  8143  8186  8120  8127  8170  8139  8148  8196  8177  8187  8213
TBILIS 1980 11 24 2  8213  8239  8195  8186  8129  8184  8198  8236  8168  8207  8170  8128
TBILIS 1980 11 25 1  8168  8127  8118  8139  8102  8094  8040  8027  8078  8028  8084  8068
TBILIS 1980 11 25 2  8022  7993  7940  7976  7921  8029  7961  8019  8044  8065  8084  8068
TBILIS 1980 11 26 1  8104  8110  8110  8148  8133  8092  8115  8037  7973  7990  7989  8021
TBILIS 1980 11 26 2  7978  7990  7988  7988  7974  7960  7936  7967  7965  7994  7975  7983
TBILIS 1980 11 27 1  7968  7998  7969  8026  8036  8016  8037  8052  8042  8054  8040  8034
TBILIS 1980 11 27 2  8060  8053  8093  8008  8008  8028  8064  8009  8033  8040  8051  8050
TBILIS 1980 11 28 1  8017  8025  8030  8011  8008  8041  8049  8020  8001  8055  8080  8056
TBILIS 1980 11 28 2  8055  8048  8013  7984  7936  7985  7989  8018  8014  8059  8039  8005
TBILIS 1980 11 29 1  8014  8028  8025  8004  8004  7995  7985  8003  8041  8041  8077  8063
TBILIS 1980 11 29 2  8058  8091  8048  8055  8061  8056  8084  8045  8015  8058  7992  7982
TBILIS 1980 11 30 1  7938  7911  7896  7944  7913  7914  7904  7921  7919  7958  8011  8035
TBILIS 1980 11 30 2  8090  8041  8066  8081  8026  8028  8037  8019  8047  8019  8037  8009
TBILIS 1980 11 31 1 99999 99999 99999 99999 99999 99999 99999 99999 99999 99999 99999 99999
TBILIS 1980 11 31 2 99999 99999 99999 99999 99999 99999 99999 99999 99999 99999 99999 99999
Cosmic-Ray Neutron Monitor Data (Hourly, Pressure-Corrected and Scale-Adjusted Counts)
Collections: WDC for Cosmic Rays, Solar-Terrestrial Environment Laboratory, Nagoya Univ.
Data Access: http://center.stelab.nagoya-u.ac.jp/WDCCR/index.html
Project: ICSU WDC
Citation: WDC for Cosmic Rays, Solar-Terrestrial Environment Laboratory, Nagoya University
Station ID: TBILIS
Station:  TBILISI,GIORGIA,INSTITUT GEOPHYSIKY (IG), GIORGIAN ACADEMY OF SCIENCES,GIORGIA 
Instrument: 18-NM-64 NEUTRON MONITOR, CORRECTED FOR PRESSURE TO 950.0 MB, COEF. = -0.69 %/MB
Latitude (deg.):   41.72  Longitude (deg.):   44.80  Altitude (m):  510.00
Cut-Off Rigidity (GV):    6.66
Year: 1980  Month:  12
Scaling Factor (SF):    64.0   Constant (CONST):     0.0  Real Counts = (DATA + CONST)*SF
Temporal Resolution: 1 hour
UTC Start Hour:     0.0
                                                                                
                                                        
Monthly Average:  8172.3
Updated (YYYY MM DD): 1985 11 22
*******************************************************************************************
ID     YYYY MM DD 1     0     1     2     3     4     5     6     7     8     9    10    11
ID     YYYY MM DD 2    12    13    14    15    16    17    18    19    20    21    22    23
*******************************************************************************************
TBILIS 1980 12 01 1  7972  7989  8009  7974  8003  7993  7977  7944  7938  7943  7886  7928
TBILIS 1980 12 01 2  7877  7857  7882  7865  7879  7828  7775  7820  7846  7852  7841  7833
TBILIS 1980 12 02 1  7890  7938  7938  7847  7940  7962  7950  7951  7930  7920  7955  7958
TBILIS 1980 12 02 2  7952  7964  7965  7992  7968  7964  7945  7899  7930  7915  7882  7881
TBILIS 1980 12 03 1  7902  7884  7904  7909  7884  7913  7896  7880  7931  7906  7965  7950
TBILIS 1980 12 03 2  7913  7949  7967  7961  7904  7926  7922  7984  7984  7958  7948  7953
TBILIS 1980 12 04 1  7930  7934  7910  7937  7911  7915  7935  7909  7927  7939  8006  7978
TBILIS 1980 12 04 2  7956  7945  7965  7960  7973  7986  7964  7996  7962  7992  7980  8024
TBILIS 1980 12 05 1  7985  8013  7958  8004  7989  8054  7989  8061  8026  8035  8076  8059
TBILIS 1980 12 05 2  8083  8168  8096  8073  8072  8075  8105  8079  8068  8066  8114  8090
TBILIS 1980 12 06 1  8074  8119  8115  8108  8123  8097  8130  8156  8155  8197  8224  8221
TBILIS 1980 12 06 2  8187  8213  8185  8197  8163  8152  8172  8170  8090  8130  8148  8097
TBILIS 1980 12 07 1  8074  8060  8076  8075  8128  8135  8156  8148  8136  8163  8175  8171
TBILIS 1980 12 07 2  8192  8178  8172  8167  8151  8178  8124  8195  8182  8229  8197  8225
TBILIS 1980 12 08 1  8267  8224  8276  8264  8256  8229  8271  8296  8279  8265  8275  8322
TBILIS 1980 12 08 2  8321  8306  8305  8326  8332  8313  8329  8316  8322  8385  8310  8276
TBILIS 1980 12 09 1  8294  8328  8303  8274  8297  8337  8348  8316  8347  8319  8354  8354
TBILIS 1980 12 09 2  8344  8379  8353  8391  8433  8428  8425  8383  8391  8372  8411  8404
TBILIS 1980 12 10 1  8375  8372  8398  8404  8407  8465  8452  8401  8427  8446  8410  8442
TBILIS 1980 12 10 2  8437  8445  8443  8409  8380  8410  8405  8400  8425  8392  8371  8367
TBILIS 1980 12 11 1  8336  8302  8310  8359  8353  8388  8409  8395  8417  8465  8401  8452
TBILIS 1980 12 11 2  8373  8374  8354  8382  8380  8262  8174  8157  8168  8136  8165  8192
TBILIS 1980 12 12 1  8213  8179  8208  8275  8241  8256  8202  8247  8225  8229  8227  8182
TBILIS 1980 12 12 2  8209  8176  8126  8122  8119  8131  8149  8184  8165  8159  8172  8190
TBILIS 1980 12 13 1  8193  8232  8242  8203  8195  8209  8206  8206  8214  8271  8277  8265
TBILIS 1980 12 13 2  8232  8254  8227  8186  8178  8152  8176  8146  8099  8122  8126  8162
TBILIS 1980 12 14 1  8146  8168  8156  8182  8153  8140  8168  8083  8114  8154  8189  8225
TBILIS 1980 12 14 2  8194  8229  8238  8214  8197  8208  8221  8210  8208  8192  8198  8244
TBILIS 1980 12 15 1  8205  8159  8189  8191  8214 99999 99999  8231  8244  8267  8233  8281
TBILIS 1980 12 15 2  8255  8277  8242  8260  8207  8252  8242  8277  8207  8165  8207  8169
TBILIS 1980 12 16 1  8188  8184  8191  8186  8211  8231  8207  8171  8221  8254  8235  8279
TBILIS 1980 12 16 2  8247  8284  8250  8303  8277  8270  8248  8235  8219  8166  8214  8199
TBILIS 1980 12 17 1  8206  8158  8186  8172  8211  8194  8210  8213  8205  8221  8197  8237
TBILIS 1980 12 17 2  8265  8273  8256  8263  8270  8255  8248  8247  8158  8180  8182  8176
TBILIS 1980 12 18 1  8141  8156  8140  8154  8166  8180  8187  8169  8200  8187  8238  8232
TBILIS 1980 12 18 2  8243  8221  8238  8259  8221  8277  8277  8284  8252  8259  8273  8234
TBILIS 1980 12 19 1  8211  8239  8227  8259  8258  8223  8181  8187  8182  8196  8095  8159
TBILIS 1980 12 19 2  8163  8132  8160  8118  8163  8243  8305  8092  8029  8057  8149  8119
TBILIS 1980 12 20 1  8092  8057  8114  8073  8122  8085  8081  8085  8111  8129  8120  8150
TBILIS 1980 12 20 2  8152  8125  8117  8074  8093  8080  8071  8072  8087  8086  8079  8032
TBILIS 1980 12 21 1  8051  8066  8096  8085  8123  8109  8064  8090  8062  8085  8086  8079
TBILIS 1980 12 21 2  8097  8072  8119  8078  8143  8137  8160  8173  8159  8152  8168  8130
TBILIS 1980 12 22 1  8157  8075  8159  8161  8135  8116  8130  8129  8116  8126  8137  8163
TBILIS 1980 12 22 2  8181  8114  8118  8158  8130  8125  8141  8137  8166  8148  8141  8137
TBILIS 1980 12 23 1  8135  8137  8150  8121  8132  8145  8129  8097  8115  8176  8186  8142
TBILIS 1980 12 23 2  8190  8182  8138  8178  8177  8226  8209  8234  8275  8207  8242  8201
TBILIS 1980 12 24 1  8216  8209  8210  8195  8185  8182  8216  8179  8152  8188  8215  8180
TBILIS 1980 12 24 2  8192  8228  8229  8231  8187  8200 99999 99999 99999 99999 99999 99999
TBILIS 1980 12 25 1  8190  8140  8188  8188  8161  8173  8123  8131  8147  8175 99999 99999
TBILIS 1980 12 25 2 99999 99999  8232  8206  8225  8177  8196  8224  8188  8161  8144  8202
TBILIS 1980 12 26 1  8228  8190  8242  8223  8238  8213  8218  8174  8211  8236  8208  8214
TBILIS 1980 12 26 2  8259  8239  8211  8219  8225  8179  8179  8189  8169  8155  8227  8158
TBILIS 1980 12 27 1  8168  8181  8188  8175  8181  8235  8301  8292  8292  8356  8303  8332
TBILIS 1980 12 27 2  8350  8313  8340  8299  8257  8281  8241  8229  8258  8239  8216  8272
TBILIS 1980 12 28 1  8212  8249  8241  8249  8258  8296  8262  8269  8318  8347  8367  8366
TBILIS 1980 12 28 2  8357  8244  8208  8223  8213  8225  8171  8106  8127  8113  8091  8166
TBILIS 1980 12 29 1  8187  8160  8161  8151  8195  8238  8249  8222  8218  8253  8261  8278
TBILIS 1980 12 29 2  8275  8252  8230  8179  8123  8188  8231  8229  8246  8188  8214  8258
TBILIS 1980 12 30 1  8215  8238  8243  8249  8223  8264  8220  8249  8237  8229  8245 99999
TBILIS 1980 12 30 2 99999  8227  8202  8188  8255  8219  8203  8258  8228  8218  8231  8212
TBILIS 1980 12 31 1  8195  8224  8194  8271  8276  8243  8215  8237  8219  8240  8212  8220
TBILIS 1980 12 31 2  8185  8237  8187  8216  8203  8191  8237  8203  8191  8189  8164  8151
