Cosmic-Ray Neutron Monitor Data (Hourly, Pressure-Corrected and Scale-Adjusted Counts)
Collections: WDC for Cosmic Rays, Solar-Terrestrial Environment Laboratory, Nagoya Univ.
Data Access: http://center.stelab.nagoya-u.ac.jp/WDCCR/index.html
Project: ICSU WDC
Citation: WDC for Cosmic Rays, Solar-Terrestrial Environment Laboratory, Nagoya University
Station ID: TBILIS
Station:  TBILISI,GIORGIA,INSTITUT GEOPHYSIKY (IG), GIORGIAN ACADEMY OF SCIENCES,GIORGIA 
Instrument: 18-NM-64 NEUTRON MONITOR, CORRECTED FOR PRESSURE TO 950.0 MB, COEF. = -0.69 %/MB
Latitude (deg.):   41.72  Longitude (deg.):   44.80  Altitude (m):  510.00
Cut-Off Rigidity (GV):    6.66
Year: 1986  Month:   1
Scaling Factor (SF):    64.0   Constant (CONST):     0.0  Real Counts = (DATA + CONST)*SF
Temporal Resolution: 1 hour
UTC Start Hour:     0.0
EFFICIENCY = 100.0 %, FILE WAS PREPARED IN WDC B2                               
                                                        
Monthly Average:  8772.4
Updated (YYYY MM DD): 1989 02 03
*******************************************************************************************
ID     YYYY MM DD 1     0     1     2     3     4     5     6     7     8     9    10    11
ID     YYYY MM DD 2    12    13    14    15    16    17    18    19    20    21    22    23
*******************************************************************************************
TBILIS 1986 01 01 1  8753  8806  8805  8788  8810  8748  8764  8753  8786  8804  8855  8796
TBILIS 1986 01 01 2  8778  8785  8749  8811  8755  8787  8751  8742  8746  8721  8738  8748
TBILIS 1986 01 02 1  8728  8746  8735  8741  8782  8711  8700  8699  8716  8727  8705  8746
TBILIS 1986 01 02 2  8761  8727  8734  8704  8689  8680  8675  8713  8675  8678  8658  8665
TBILIS 1986 01 03 1  8688  8713  8728  8712  8732  8728  8700  8714  8742  8746  8751  8736
TBILIS 1986 01 03 2  8758  8732  8779  8788  8765  8761  8754  8745  8763  8753  8746  8811
TBILIS 1986 01 04 1  8809  8837  8773  8807  8803  8805  8818  8747  8788  8790  8816  8810
TBILIS 1986 01 04 2  8750  8804  8774  8779  8773  8741  8741  8728  8741  8725  8757  8751
TBILIS 1986 01 05 1  8726  8738  8703  8746  8712  8706  8671  8678  8698  8765  8788  8802
TBILIS 1986 01 05 2  8806  8788  8814  8819  8823  8819  8774  8765  8765  8775  8779  8739
TBILIS 1986 01 06 1  8796  8763  8738  8749  8741  8757  8751  8725  8738  8816  8819  8809
TBILIS 1986 01 06 2  8797  8797  8802  8798  8827  8809  8781  8776  8834  8899  8858  8821
TBILIS 1986 01 07 1  8843  8787  8828  8772  8792  8756  8785  8789  8785  8805  8846  8846
TBILIS 1986 01 07 2  8841  8825  8820  8847  8793  8799  8792  8837  8804  8770  8777  8787
TBILIS 1986 01 08 1  8766  8746  8780  8793  8811  8800  8801  8764  8812  8842  8839  8869
TBILIS 1986 01 08 2  8837  8859  8880  8854  8889  8898  8893  8876  8879  8861  8863  8856
TBILIS 1986 01 09 1  8856  8868  8835  8831  8820  8778  8783  8753  8713  8713  8780  8804
TBILIS 1986 01 09 2  8771  8772  8726  8688  8751  8748  8784  8814  8819  8806  8827  8798
TBILIS 1986 01 10 1  8791  8793  8820  8788  8803  8706  8741  8707  8693  8727  8756  8731
TBILIS 1986 01 10 2  8735  8739  8726  8727  8758  8747  8742  8783  8792  8784  8757  8786
TBILIS 1986 01 11 1  8762  8783  8826  8767  8799  8740  8751  8745  8771  8837  8824  8813
TBILIS 1986 01 11 2  8797  8852  8825  8865  8852  8830  8823  8841  8873  8834  8867  8843
TBILIS 1986 01 12 1  8826  8844  8831  8844  8799  8826  8805  8786  8733  8762  8802  8842
TBILIS 1986 01 12 2  8785  8768  8783  8784  8805  8818  8849  8858  8851  8812  8836  8842
TBILIS 1986 01 13 1  8861  8794  8773  8801  8808  8780  8800  8758  8737  8763  8773  8774
TBILIS 1986 01 13 2  8757  8762  8800  8792  8791  8804  8794  8770  8801  8806  8751  8757
TBILIS 1986 01 14 1  8797  8754  8700  8705  8685  8726  8705  8700  8630  8690  8689  8724
TBILIS 1986 01 14 2  8696  8712  8730  8703  8737  8755  8787  8763  8831  8784  8840  8801
TBILIS 1986 01 15 1  8783  8768  8795  8749  8806  8778  8778  8753  8773  8770  8875  8893
TBILIS 1986 01 15 2  8872  8897  8829  8892  8878  8880  8864  8857  8863  8862  8882  8821
TBILIS 1986 01 16 1  8752  8760  8757  8780  8795  8723  8782  8762  8800  8839  8879  8877
TBILIS 1986 01 16 2  8854  8886  8853  8871  8844  8860  8902  8824  8849  8775  8817  8814
TBILIS 1986 01 17 1  8821  8795  8790  8806  8809  8810  8806  8815  8799  8846  8840  8831
TBILIS 1986 01 17 2  8829  8814  8824  8752  8762  8771  8773  8766  8757  8792  8743  8726
TBILIS 1986 01 18 1  8723  8754  8749  8742  8756  8734  8740  8688  8718  8776  8796  8775
TBILIS 1986 01 18 2  8787  8817  8793  8786  8789  8816  8764  8769  8803  8730  8784  8737
TBILIS 1986 01 19 1  8732  8785  8765  8772  8800  8803  8828  8806  8818  8818  8817  8828
TBILIS 1986 01 19 2  8818  8848  8859  8874  8862  8865  8885  8862  8871  8829  8830  8879
TBILIS 1986 01 20 1  8852  8831  8837  8779  8844  8833  8804  8763  8764  8792  8792  8755
TBILIS 1986 01 20 2  8730  8716  8699  8687  8649  8600  8616  8635  8686  8714  8711  8736
TBILIS 1986 01 21 1  8696  8666  8679  8731  8759  8715  8705  8671  8692  8724  8762  8793
TBILIS 1986 01 21 2  8846  8828  8848  8876  8891  8921  8907  8903  8837  8855  8834  8782
TBILIS 1986 01 22 1  8769  8769  8809  8694  8732  8784  8723  8746  8735  8753  8783  8776
TBILIS 1986 01 22 2  8762  8785  8723  8762  8779  8743  8746  8740  8675  8691  8655  8650
TBILIS 1986 01 23 1  8703  8655  8637  8685  8702  8683  8658  8666  8698  8737  8754  8758
TBILIS 1986 01 23 2  8792  8791  8809  8834  8806  8779  8819  8834  8801  8781  8763  8759
TBILIS 1986 01 24 1  8724  8733  8707  8719  8684  8673  8672  8657  8670  8747  8733  8756
TBILIS 1986 01 24 2  8752  8735  8725  8710  8709  8703  8680  8662  8697  8680  8688  8655
TBILIS 1986 01 25 1  8664  8667  8630  8642  8645  8600  8647  8667  8666  8671  8719  8720
TBILIS 1986 01 25 2  8697  8712  8736  8732  8736  8791  8759  8755  8796  8736  8790  8764
TBILIS 1986 01 26 1  8751  8738  8776  8756  8767  8777  8758  8810  8760  8831  8837  8820
TBILIS 1986 01 26 2  8860  8861  8803  8806  8775  8791  8777  8740  8743  8743  8755  8719
TBILIS 1986 01 27 1  8705  8716  8682  8701  8698  8675  8708  8769  8767  8733  8781  8790
TBILIS 1986 01 27 2  8792  8793  8828  8798  8781  8799  8798  8716  8711  8724  8740  8723
TBILIS 1986 01 28 1  8721  8695  8739  8722  8731  8731  8745 99999 99999 99999 99999 99999
TBILIS 1986 01 28 2 99999 99999 99999 99999 99999 99999 99999 99999 99999 99999 99999 99999
TBILIS 1986 01 29 1 99999 99999 99999 99999 99999 99999 99999 99999 99999 99999 99999 99999
TBILIS 1986 01 29 2 99999 99999 99999 99999 99999 99999 99999 99999 99999 99999 99999 99999
TBILIS 1986 01 30 1 99999 99999 99999 99999 99999 99999 99999 99999 99999 99999 99999 99999
TBILIS 1986 01 30 2 99999 99999 99999 99999 99999 99999 99999 99999 99999 99999 99999 99999
TBILIS 1986 01 31 1 99999 99999 99999 99999 99999 99999 99999  8756  8752  8743  8790  8789
TBILIS 1986 01 31 2  8778  8782  8768  8752  8761  8760  8745  8748  8751  8808  8779  8767
Cosmic-Ray Neutron Monitor Data (Hourly, Pressure-Corrected and Scale-Adjusted Counts)
Collections: WDC for Cosmic Rays, Solar-Terrestrial Environment Laboratory, Nagoya Univ.
Data Access: http://center.stelab.nagoya-u.ac.jp/WDCCR/index.html
Project: ICSU WDC
Citation: WDC for Cosmic Rays, Solar-Terrestrial Environment Laboratory, Nagoya University
Station ID: TBILIS
Station:  TBILISI,GIORGIA,INSTITUT GEOPHYSIKY (IG), GIORGIAN ACADEMY OF SCIENCES,GIORGIA 
Instrument: 18-NM-64 NEUTRON MONITOR, CORRECTED FOR PRESSURE TO 950.0 MB, COEF. = -0.69 %/MB
Latitude (deg.):   41.72  Longitude (deg.):   44.80  Altitude (m):  510.00
Cut-Off Rigidity (GV):    6.66
Year: 1986  Month:   2
Scaling Factor (SF):    64.0   Constant (CONST):     0.0  Real Counts = (DATA + CONST)*SF
Temporal Resolution: 1 hour
UTC Start Hour:     0.0
EFFICIENCY = 100.0 %, FILE WAS PREPARED IN WDC B2                               
                                                        
Monthly Average:  8668.8
Updated (YYYY MM DD): 1989 02 03
*******************************************************************************************
ID     YYYY MM DD 1     0     1     2     3     4     5     6     7     8     9    10    11
ID     YYYY MM DD 2    12    13    14    15    16    17    18    19    20    21    22    23
*******************************************************************************************
TBILIS 1986 02 01 1  8754  8755  8763  8748  8760  8735  8743  8711  8706  8730  8733  8758
TBILIS 1986 02 01 2  8743  8733  8732  8755  8778  8777  8804  8762  8751  8802  8792  8739
TBILIS 1986 02 02 1  8758  8773  8771  8745  8725  8706  8752  8732  8742  8732  8758  8748
TBILIS 1986 02 02 2  8791  8744  8760  8753  8742  8807  8798  8800  8796  8762  8798  8786
TBILIS 1986 02 03 1  8776  8764  8790  8760  8774  8768  8768  8784  8771  8789  8800  8843
TBILIS 1986 02 03 2  8842  8879  8860  8887  8862  8868  8901  8912  8920  8897  8860  8824
TBILIS 1986 02 04 1  8813  8829  8843  8833  8862  8891  8855  8777  8777  8786  8805  8836
TBILIS 1986 02 04 2  8857  8814  8821  8829  8772  8820  8853  8786  8763  8793  8783  8788
TBILIS 1986 02 05 1  8769  8793  8750  8762  8785  8788  8774  8806  8776  8817  8810  8745
TBILIS 1986 02 05 2  8829  8852  8847  8827  8844  8842  8855  8838  8851  8847  8869  8835
TBILIS 1986 02 06 1  8858  8825  8809  8823  8805  8797  8731  8717  8728  8745  8743  8794
TBILIS 1986 02 06 2  8786  8770  8734  8810  8861  8893  8835  8758  8773  8816  8781  8741
TBILIS 1986 02 07 1  8731  8732  8719  8683  8729  8696  8665  8634  8603  8589  8603  8609
TBILIS 1986 02 07 2  8617  8624  8622  8621  8657  8599  8598  8545  8544  8538  8620  8587
TBILIS 1986 02 08 1  8570  8566  8493  8549  8557  8534  8548  8508  8498  8530  8568  8566
TBILIS 1986 02 08 2  8572  8605  8617  8671  8690  8688  8610  8487  8402  8386  8540  8550
TBILIS 1986 02 09 1  8436  8366  8331  8362  8443  8493  8426  8449  8452  8449  8433  8429
TBILIS 1986 02 09 2  8404  8370  8324  8335  8325  8298  8350  8378  8380  8356  8370  8401
TBILIS 1986 02 10 1  8381  8443  8452  8495  8521  8494  8459  8459  8452  8455  8469  8466
TBILIS 1986 02 10 2  8437  8488  8454  8512  8494  8483  8467  8500  8550  8545  8531  8571
TBILIS 1986 02 11 1  8592  8568  8579  8600  8571  8623  8573  8560  8488 99999 99999 99999
TBILIS 1986 02 11 2 99999 99999 99999 99999 99999 99999 99999 99999 99999 99999 99999 99999
TBILIS 1986 02 12 1 99999 99999 99999 99999 99999 99999 99999 99999 99999 99999 99999  8630
TBILIS 1986 02 12 2  8622  8620  8618  8623  8597  8646  8631  8648  8608  8662  8668  8679
TBILIS 1986 02 13 1  8668  8687  8719  8709  8718  8722  8713  8688  8700  8697  8701  8739
TBILIS 1986 02 13 2  8614  8691  8734  8658  8723  8692  8660  8652  8678  8662  8695  8628
TBILIS 1986 02 14 1  8688  8684  8693  8620  8674  8667  8640  8658  8674  8683 99999 99999
TBILIS 1986 02 14 2 99999 99999 99999 99999 99999 99999 99999 99999 99999 99999 99999 99999
TBILIS 1986 02 15 1 99999 99999 99999 99999 99999 99999 99999 99999 99999 99999 99999 99999
TBILIS 1986 02 15 2  8600  8623  8635  8657  8639  8654  8632  8665  8647  8608  8631  8637
TBILIS 1986 02 16 1  8656  8688  8695  8644  8652  8603  8630  8599  8587  8630  8639  8621
TBILIS 1986 02 16 2  8639  8626  8621  8652  8635  8666  8600  8630  8643  8601  8581  8402
TBILIS 1986 02 17 1  8377  8339  8331  8321  8351  8377  8365  8404  8453  8499  8516  8545
TBILIS 1986 02 17 2  8544  8537  8576  8548  8552  8487  8489  8439  8428  8380  8364  8316
TBILIS 1986 02 18 1  8259  8286  8375  8408  8437  8448  8512  8507  8508  8564  8628  8619
TBILIS 1986 02 18 2  8649  8648  8606  8567  8492  8489  8428  8450  8467  8481  8469  8530
TBILIS 1986 02 19 1  8533  8503  8513  8493  8511  8500  8546  8599  8579  8616  8614  8629
TBILIS 1986 02 19 2  8632  8618  8582  8554  8550  8563  8637  8578  8533  8492  8476  8487
TBILIS 1986 02 20 1  8442  8456  8476  8445  8424  8488  8564  8565  8543  8598  8602  8626
TBILIS 1986 02 20 2  8643  8646  8640  8614  8608  8603  8605  8588  8563  8539  8540  8561
TBILIS 1986 02 21 1  8564  8602  8582  8622  8603  8587  8583  8603  8606  8642  8692  8711
TBILIS 1986 02 21 2  8703  8682  8706  8660  8663  8580  8556  8555  8527  8518  8497  8511
TBILIS 1986 02 22 1  8520  8514  8573  8568  8576  8635  8691  8690  8726  8771  8756  8772
TBILIS 1986 02 22 2  8745  8680  8686  8714  8702  8707  8718  8669  8707  8706  8692  8686
TBILIS 1986 02 23 1  8685  8690  8702  8697  8711  8764  8730  8734  8787  8866  8823  8837
TBILIS 1986 02 23 2  8788  8809  8776  8776  8784  8766  8808  8807  8776  8791  8776  8789
TBILIS 1986 02 24 1  8747  8764  8786  8737  8755  8744  8758  8743  8741  8761  8811  8819
TBILIS 1986 02 24 2  8827  8833  8784  8831  8793  8764  8780  8760  8722  8713  8708  8723
TBILIS 1986 02 25 1  8750  8719  8748  8724  8717  8742  8730  8771  8775  8745  8693  8729
TBILIS 1986 02 25 2  8781  8804  8773  8797  8825  8832  8828  8822  8846  8775  8824  8816
TBILIS 1986 02 26 1  8769  8805  8783  8802  8797  8788  8789  8835  8845  8851  8823  8852
TBILIS 1986 02 26 2  8781  8804  8773  8797  8825  8832  8828  8822  8846  8775  8824  8816
TBILIS 1986 02 27 1  8769  8805  8783  8802  8797  8788  8789  8835  8845  8851  8823  8852
TBILIS 1986 02 27 2  8830  8817  8778  8795  8808  8789  8750  8745  8791  8795  8759  8737
TBILIS 1986 02 28 1  8718  8750  8681  8734  8774  8791  8749  8753  8777  8805  8814  8842
TBILIS 1986 02 28 2 99999 99999 99999 99999  8842  8798  8768  8783  8739  8715  8692  8703
TBILIS 1986 02 29 1 99999 99999 99999 99999 99999 99999 99999 99999 99999 99999 99999 99999
TBILIS 1986 02 29 2 99999 99999 99999 99999 99999 99999 99999 99999 99999 99999 99999 99999
TBILIS 1986 02 30 1 99999 99999 99999 99999 99999 99999 99999 99999 99999 99999 99999 99999
TBILIS 1986 02 30 2 99999 99999 99999 99999 99999 99999 99999 99999 99999 99999 99999 99999
TBILIS 1986 02 31 1 99999 99999 99999 99999 99999 99999 99999 99999 99999 99999 99999 99999
TBILIS 1986 02 31 2 99999 99999 99999 99999 99999 99999 99999 99999 99999 99999 99999 99999
Cosmic-Ray Neutron Monitor Data (Hourly, Pressure-Corrected and Scale-Adjusted Counts)
Collections: WDC for Cosmic Rays, Solar-Terrestrial Environment Laboratory, Nagoya Univ.
Data Access: http://center.stelab.nagoya-u.ac.jp/WDCCR/index.html
Project: ICSU WDC
Citation: WDC for Cosmic Rays, Solar-Terrestrial Environment Laboratory, Nagoya University
Station ID: TBILIS
Station:  TBILISI,GIORGIA,INSTITUT GEOPHYSIKY (IG), GIORGIAN ACADEMY OF SCIENCES,GIORGIA 
Instrument: 18-NM-64 NEUTRON MONITOR, CORRECTED FOR PRESSURE TO 950.0 MB, COEF. = -0.69 %/MB
Latitude (deg.):   41.72  Longitude (deg.):   44.80  Altitude (m):  510.00
Cut-Off Rigidity (GV):    6.66
Year: 1986  Month:   3
Scaling Factor (SF):    64.0   Constant (CONST):     0.0  Real Counts = (DATA + CONST)*SF
Temporal Resolution: 1 hour
UTC Start Hour:     0.0
EFFICIENCY = 100.0 %, FILE WAS PREPARED IN WDC B2                               
                                                        
Monthly Average:  8776.9
Updated (YYYY MM DD): 1989 02 03
*******************************************************************************************
ID     YYYY MM DD 1     0     1     2     3     4     5     6     7     8     9    10    11
ID     YYYY MM DD 2    12    13    14    15    16    17    18    19    20    21    22    23
*******************************************************************************************
TBILIS 1986 03 01 1  8668  8715  8718  8687  8691  8666  8698  8747  8707  8772  8801  8792
TBILIS 1986 03 01 2  8833  8837  8826  8783  8827  8768  8798  8768  8733  8706  8711  8744
TBILIS 1986 03 02 1  8725  8760  8730  8754  8775  8707  8719  8757  8739  8761  8796  8818
TBILIS 1986 03 02 2  8786  8770  8793  8783  8762  8767  8716  8710  8740  8696  8694  8701
TBILIS 1986 03 03 1  8695  8706  8711  8726  8720  8721  8747  8800  8778  8822  8843  8868
TBILIS 1986 03 03 2  8851  8889  8877  8822  8817  8806  8789  8792  8813  8827  8832  8812
TBILIS 1986 03 04 1  8779  8798  8814  8772  8770  8756  8813  8763  8795  8829  8837  8846
TBILIS 1986 03 04 2  8863  8810  8784  8774  8736  8733  8699  8717  8719  8743  8696  8730
TBILIS 1986 03 05 1  8710  8740  8705  8732  8777  8748  8746  8751  8767  8776  8759  8807
TBILIS 1986 03 05 2  8748  8729  8821  8789  8821  8764  8747  8759  8776  8847  8823  8821
TBILIS 1986 03 06 1  8827  8837  8839  8829  8793  8802  8794  8782  8796  8794  8781  8826
TBILIS 1986 03 06 2  8864  8898  8923  8872  8841  8891  8881  8878  8858  8852  8864  8843
TBILIS 1986 03 07 1  8782  8831  8809  8769  8766  8752  8759  8761  8742  8779  8789  8851
TBILIS 1986 03 07 2  8819  8822  8856  8851  8777  8804  8815  8763  8765  8767  8710  8736
TBILIS 1986 03 08 1  8722  8718  8771  8773  8714  8711  8744  8776  8760  8775  8797  8857
TBILIS 1986 03 08 2  8868  8886  8899  8887  8842  8847  8778  8776  8805  8739  8749  8716
TBILIS 1986 03 09 1  8716  8704  8704  8722  8737  8712  8758  8776  8744  8707  8661  8682
TBILIS 1986 03 09 2  8743  8724  8699  8705  8738  8684  8711  8750  8742  8703  8718  8742
TBILIS 1986 03 10 1  8692  8682  8667  8651  8663  8637  8698  8635  8640  8686  8707  8712
TBILIS 1986 03 10 2  8725  8753  8733  8737  8740  8765  8736  8757  8724  8728  8766  8772
TBILIS 1986 03 11 1  8747  8757  8738  8746  8747  8744  8668  8674  8649  8633  8637  8632
TBILIS 1986 03 11 2  8643  8662  8632  8645  8643  8664  8672  8724  8715  8681  8687  8730
TBILIS 1986 03 12 1  8659  8674  8657  8706  8717  8661  8693  8658  8691  8711  8711  8741
TBILIS 1986 03 12 2  8744  8707  8760  8725  8725  8816  8775  8765  8754  8793  8747  8714
TBILIS 1986 03 13 1  8675  8706  8655  8642  8638  8671  8697  8669  8671  8697  8719  8718
TBILIS 1986 03 13 2  8733  8780  8779  8777  8789  8750  8772  8738  8792  8783  8747  8761
TBILIS 1986 03 14 1  8826  8761  8787  8746  8750  8780  8730  8708  8726  8719  8762  8724
TBILIS 1986 03 14 2  8752  8757  8765  8777  8767  8787  8769  8754  8772  8788  8762  8765
TBILIS 1986 03 15 1  8757  8726  8737  8740  8734  8769  8723  8731  8728  8708  8698  8737
TBILIS 1986 03 15 2  8692  8741  8744  8752  8760  8678  8736  8770  8746  8747  8739  8747
TBILIS 1986 03 16 1  8779  8713  8722  8730  8720  8718  8738  8743  8744  8753  8779  8765
TBILIS 1986 03 16 2  8766  8786  8770  8773  8790  8773  8790  8776  8788  8779  8780  8724
TBILIS 1986 03 17 1  8757  8671  8723  8699  8753  8675  8705  8737  8737  8776  8788  8815
TBILIS 1986 03 17 2  8840  8826  8833  8783  8816  8821  8830  8841  8838  8824  8813  8814
TBILIS 1986 03 18 1  8838  8809  8781  8789  8750  8774  8768  8790  8830  8778  8802  8792
TBILIS 1986 03 18 2  8820  8856  8839  8843  8868  8843  8858  8830  8833  8813  8813  8819
TBILIS 1986 03 19 1  8778  8760  8795  8757  8756  8736  8739  8718  8719  8701  8739  8709
TBILIS 1986 03 19 2  8786  8805  8753  8814  8809  8772  8786  8758  8744  8750  8740  8739
TBILIS 1986 03 20 1  8745  8750  8754  8712  8750  8763  8771  8765  8801  8808  8823  8846
TBILIS 1986 03 20 2  8871  8866  8858  8842  8853  8797  8766  8776  8793  8789  8782  8760
TBILIS 1986 03 21 1  8784  8727  8762  8749  8768  8750  8740  8779  8785  8789  8810  8810
TBILIS 1986 03 21 2  8845  8852  8840  8786  8779  8810  8790  8788  8812  8778  8781  8778
TBILIS 1986 03 22 1  8746  8772  8753  8795  8779  8747  8795  8749  8789  8804  8803  8816
TBILIS 1986 03 22 2  8832  8865  8877  8867  8844  8810  8806  8765  8807  8766  8790  8745
TBILIS 1986 03 23 1  8767  8762  8775  8770  8739  8728  8727  8762  8765  8751  8751  8778
TBILIS 1986 03 23 2  8861  8856  8807  8802  8799  8813  8811  8847  8837  8822  8791  8806
TBILIS 1986 03 24 1  8798  8777  8782  8799  8786  8778  8793  8803  8811  8823  8828  8828
TBILIS 1986 03 24 2  8842  8873  8845  8869  8839  8799  8853  8817  8836  8872  8839  8811
TBILIS 1986 03 25 1  8836  8809  8792  8787  8812  8816  8788  8765  8796  8848  8801  8835
TBILIS 1986 03 25 2  8851  8834  8844  8836  8881  8837  8798  8801  8784  8774  8754  8741
TBILIS 1986 03 26 1  8762  8770  8733  8755  8774  8735  8753  8752  8692  8753  8800  8811
TBILIS 1986 03 26 2  8814  8832  8835  8869  8853  8810  8791  8770  8789  8772  8769  8755
TBILIS 1986 03 27 1  8749  8748  8745  8743  8754  8744  8741  8767  8809  8811  8805  8821
TBILIS 1986 03 27 2  8845  8853  8844  8850  8861  8851  8817  8827  8802  8795  8799  8761
TBILIS 1986 03 28 1  8742  8759  8806  8776  8775  8741  8727  8742  8730  8770  8737  8780
TBILIS 1986 03 28 2  8805  8803  8798  8816  8816  8819  8825  8831  8812  8787  8788  8788
TBILIS 1986 03 29 1  8841  8798  8824  8842  8807  8824  8802  8793  8796  8820  8799  8802
TBILIS 1986 03 29 2  8865  8863  8901  8881  8905  8880  8874  8903  8879  8884  8845  8851
TBILIS 1986 03 30 1  8814  8849  8841  8834  8816  8819  8858  8811  8796  8804  8829  8847
TBILIS 1986 03 30 2  8851  8828  8850  8844  8835  8839  8864  8845  8828  8842  8841  8768
TBILIS 1986 03 31 1  8808  8772  8780  8795  8838  8823  8790  8830  8849  8826  8877  8852
TBILIS 1986 03 31 2  8840  8853  8876  8901  8872  8853  8884  8847  8852  8798  8836  8827
Cosmic-Ray Neutron Monitor Data (Hourly, Pressure-Corrected and Scale-Adjusted Counts)
Collections: WDC for Cosmic Rays, Solar-Terrestrial Environment Laboratory, Nagoya Univ.
Data Access: http://center.stelab.nagoya-u.ac.jp/WDCCR/index.html
Project: ICSU WDC
Citation: WDC for Cosmic Rays, Solar-Terrestrial Environment Laboratory, Nagoya University
Station ID: TBILIS
Station:  TBILISI,GIORGIA,INSTITUT GEOPHYSIKY (IG), GIORGIAN ACADEMY OF SCIENCES,GIORGIA 
Instrument: 18-NM-64 NEUTRON MONITOR, CORRECTED FOR PRESSURE TO 950.0 MB, COEF. = -0.69 %/MB
Latitude (deg.):   41.72  Longitude (deg.):   44.80  Altitude (m):  510.00
Cut-Off Rigidity (GV):    6.66
Year: 1986  Month:   4
Scaling Factor (SF):    64.0   Constant (CONST):     0.0  Real Counts = (DATA + CONST)*SF
Temporal Resolution: 1 hour
UTC Start Hour:     0.0
EFFICIENCY = 100.0 %, FILE WAS PREPARED IN WDC B2                               
                                                        
Monthly Average:  8905.7
Updated (YYYY MM DD): 1989 02 03
*******************************************************************************************
ID     YYYY MM DD 1     0     1     2     3     4     5     6     7     8     9    10    11
ID     YYYY MM DD 2    12    13    14    15    16    17    18    19    20    21    22    23
*******************************************************************************************
TBILIS 1986 04 01 1  8832  8851  8891  8857  8814  8809  8833  8843  8870  8895  8885  8893
TBILIS 1986 04 01 2  8941  8883  8923  8944  8923  8885  8908  8917  8894  8912  8896  8870
TBILIS 1986 04 02 1  8847  8886  8881  8860  8855  8830  8826  8791  8852  8856  8851  8851
TBILIS 1986 04 02 2  8880  8905  8951  8935  8906  8902  8887  8870  8846  8835  8853  8866
TBILIS 1986 04 03 1  8874  8850  8900  8868  8852  8860  8853  8847  8852  8878  8884  8871
TBILIS 1986 04 03 2  8923  8919  8942  8879  8893  8884  8915  8888  8909  8879  8887  8879
TBILIS 1986 04 04 1  8847  8861  8855  8871  8861  8853  8862  8834  8860  8890  8861  8886
TBILIS 1986 04 04 2  8904  8887  8944  8935  8877  8891  8890  8896  8873  8843  8865  8850
TBILIS 1986 04 05 1  8839  8873  8874  8866  8856  8831  8856  8810  8848 99999 99999 99999
TBILIS 1986 04 05 2 99999 99999 99999 99999 99999 99999 99999 99999 99999 99999 99999 99999
TBILIS 1986 04 06 1 99999 99999 99999 99999 99999 99999  8783  8781  8815  8839  8828  8886
TBILIS 1986 04 06 2  8855  8860  8864  8840  8860  8870  8806  8811  8818  8864  8846  8837
TBILIS 1986 04 07 1  8849  8839  8852  8844  8860  8858  8896  8877  8896  8879  8854  8907
TBILIS 1986 04 07 2  8904  8932  8930  8970  8942  8962  8932  8940  8933  8933  8927  8930
TBILIS 1986 04 08 1  8927  8929  8927  8923  8906  8876  8901  8913  8899  8923  8954  8981
TBILIS 1986 04 08 2  8979  9015  9004  8996  8992  8968  8991  8934  8949  8923  8913  8924
TBILIS 1986 04 09 1  8932 99999 99999 99999 99999 99999  8848  8858  8894  8856  8852  8855
TBILIS 1986 04 09 2  8812  8883  8914  8933  8964  8910  8910  8938  8902  8911  8924  8908
TBILIS 1986 04 10 1  8960  8946  8911  8911  8911  8917  8876  8884  8926  8920  8917  8912
TBILIS 1986 04 10 2  8921  8894  8935  8951  8924  8964  8939  8898  8937  8934  8908  8898
TBILIS 1986 04 11 1  8925  8881  8948  8897  8919  8917  8884  8868  8901  8911  8895  8893
TBILIS 1986 04 11 2  8915  8940  8978  8954  8977  8934  8909  8933  8920  8908  8880  8902
TBILIS 1986 04 12 1  8932  8891  8874  8896  8884  8898  8858  8861  8868  8910  8938  8934
TBILIS 1986 04 12 2  8951  8894  8950  8987  8980  8952  8973  8965  8937  8952  8945  8962
TBILIS 1986 04 13 1  8932  8919  8866  8865  8857  8860  8867  8895  8901  8917  8950  8942
TBILIS 1986 04 13 2  8970  8974  9013  8975  8984  9000  9026  8988  8966  8969  8941  8949
TBILIS 1986 04 14 1  8896  8899  8895  8900  8894  8877  8903  8877  8887  8872  8935  8939
TBILIS 1986 04 14 2  8927  8935  8916  8970  9003  8935  8945  8939  8959  8929  8919  8920
TBILIS 1986 04 15 1  8896  8913  8915  8882  8856  8861  8865  8845  8844  8889  8960  9006
TBILIS 1986 04 15 2  8985  9000  9008  9010  9038  8968  8990  9021  8931  8948  8921  8977
TBILIS 1986 04 16 1  8939  8959  8909  8849  8834  8872  8909  8886  8912  8954  8919  8967
TBILIS 1986 04 16 2  8997  8996  8970  8954  8976  8979  8927  8924  8972  8955  8924  8938
TBILIS 1986 04 17 1  8908  8894  8876  8875  8869  8888  8836  8890  8898  8882  8892  8906
TBILIS 1986 04 17 2  8911  8899  8893  8915  8916  8918  8935  8933  8897  8909  8914  8910
TBILIS 1986 04 18 1  8904  8874  8892  8886  8840  8865  8832  8839  8890  8888  8893  8854
TBILIS 1986 04 18 2  8897  8908  8936  8938  8908  8918  8929  8952  8955  8940  8923  8910
TBILIS 1986 04 19 1  8916  8893  8855  8863  8851  8870  8882  8884  8861  8824  8808  8873
TBILIS 1986 04 19 2  8833  8851  8838  8829  8901  8921  8879  8865  8874  8824  8880  8878
TBILIS 1986 04 20 1  8904  8863  8865  8874  8925  8864  8872  8862  8897  8858  8855  8870
TBILIS 1986 04 20 2  8897  8889  8874  8879  8886  8896  8875  8887  8861  8855  8824  8827
TBILIS 1986 04 21 1  8842  8841  8808  8832  8851  8790  8855  8840  8875  8833  8866  8867
TBILIS 1986 04 21 2  8903  8932  8907  8901  8867  8864  8876  8864  8851  8882  8822  8849
TBILIS 1986 04 22 1  8859  8873  8854  8856  8913  8893  8879  8844  8860  8900  8895  8904
TBILIS 1986 04 22 2  8943  8913  8940  8933  8889  8902  8902  8908  8908  8914  8874  8873
TBILIS 1986 04 23 1  8849  8838  8852  8843  8846  8818  8871  8835  8815  8860  8855  8855
TBILIS 1986 04 23 2  8860  8884  8877  8855  8876  8858  8865  8869  8864  8876  8842  8852
TBILIS 1986 04 24 1  8832  8823  8856  8861  8863  8869  8844  8844  8875  8863  8894  8886
TBILIS 1986 04 24 2  8923  8911  8902  8911  8912  8915  8884  8947  8891  8902  8893  8876
TBILIS 1986 04 25 1  8885  8869  8873  8851  8877  8857  8907  8849  8893  8876  8884  8908
TBILIS 1986 04 25 2  8934  8949  8946  8935  8904  8876  8878  8869  8870  8892  8892  8848
TBILIS 1986 04 26 1  8872  8894  8870  8911  8844  8848  8892  8849  8878  8909  8921  8913
TBILIS 1986 04 26 2  8964  8954  8951  8991  8993  8963  8972  8999  8963  8982  8963  8936
TBILIS 1986 04 27 1  8961  8954  8976  8961  8959  8950  8917  8929  8942  8966  8945  8958
TBILIS 1986 04 27 2  8964  8976  9006  8950  8932  8930  8954  8936  8941  8935  8955  8955
TBILIS 1986 04 28 1  8917  8917  8960  8914  8915  8896  8926  8902  8969  8962  8980  8945
TBILIS 1986 04 28 2  8998  8987  8985  8995  8980  8999  8933  8968  8978  8961  8961  8940
TBILIS 1986 04 29 1  8918  8929  8954  8929  8932  8940  8923  8953  8973  8966  8997  8979
TBILIS 1986 04 29 2  9011  9008  9005  9020  9022  8954  8994  8981  8969  8976  8965  9027
TBILIS 1986 04 30 1  8965  8982  8952  8919  8930  8937  8931  8930  8976  9017  8943  8973
TBILIS 1986 04 30 2  9006  9001  9010  9037  9054  8993  8988  8986  8958  8982  8923  8970
TBILIS 1986 04 31 1 99999 99999 99999 99999 99999 99999 99999 99999 99999 99999 99999 99999
TBILIS 1986 04 31 2 99999 99999 99999 99999 99999 99999 99999 99999 99999 99999 99999 99999
Cosmic-Ray Neutron Monitor Data (Hourly, Pressure-Corrected and Scale-Adjusted Counts)
Collections: WDC for Cosmic Rays, Solar-Terrestrial Environment Laboratory, Nagoya Univ.
Data Access: http://center.stelab.nagoya-u.ac.jp/WDCCR/index.html
Project: ICSU WDC
Citation: WDC for Cosmic Rays, Solar-Terrestrial Environment Laboratory, Nagoya University
Station ID: TBILIS
Station:  TBILISI,GIORGIA,INSTITUT GEOPHYSIKY (IG), GIORGIAN ACADEMY OF SCIENCES,GIORGIA 
Instrument: 18-NM-64 NEUTRON MONITOR, CORRECTED FOR PRESSURE TO 950.0 MB, COEF. = -0.69 %/MB
Latitude (deg.):   41.72  Longitude (deg.):   44.80  Altitude (m):  510.00
Cut-Off Rigidity (GV):    6.66
Year: 1986  Month:   5
Scaling Factor (SF):    64.0   Constant (CONST):     0.0  Real Counts = (DATA + CONST)*SF
Temporal Resolution: 1 hour
UTC Start Hour:     0.0
EFFICIENCY = 100.0 %, FILE WAS PREPARED IN WDC B2                               
                                                        
Monthly Average:  8923.0
Updated (YYYY MM DD): 1989 02 03
*******************************************************************************************
ID     YYYY MM DD 1     0     1     2     3     4     5     6     7     8     9    10    11
ID     YYYY MM DD 2    12    13    14    15    16    17    18    19    20    21    22    23
*******************************************************************************************
TBILIS 1986 05 01 1  8935  8956  8936  8930  8897  8928  8950  8947  8971  8982  8955  8989
TBILIS 1986 05 01 2  9041  9003  9009  9023  8997  8994  9035  8978  8961  8990  9003  9046
TBILIS 1986 05 02 1  8982  8978  8971  8976  8966  8964  8937  8962  8988  9085  9126  9068
TBILIS 1986 05 02 2  9080  9090  9080  9079  9082  9026  9015  8993  8961  8956  8971  8971
TBILIS 1986 05 03 1  8980  8983  8966  8960  8982  8980  8983  8986  8985  9037  9055  9046
TBILIS 1986 05 03 2  9055  9010  9022  8994  8985  9012  8980  8992  9020  9014  9002  8978
TBILIS 1986 05 04 1  8986  9019  9012  8994  8999  8984  8970  8994  8976  8978  8993  8971
TBILIS 1986 05 04 2  8990  9015  8990  8980  9021  8967  8954  8928  8910  8945  8929  8963
TBILIS 1986 05 05 1  8947  8924  8938  8945  8928  8960  8959  8993  8958  8999  9016  8985
TBILIS 1986 05 05 2  9040  9081  9003  8975  9047  9021  8938  8963  8979  8966  8946  8930
TBILIS 1986 05 06 1  8959  8945  8971  8959  8946  8987  8970  8974  8989  8956  8960  8997
TBILIS 1986 05 06 2  9064  9062  9030  9017  9039  9006  8987  8963  8964  8992  8973  8952
TBILIS 1986 05 07 1  8913  8902  8863  8859  8893  8837  8872  8869  8872  8890  8908  8870
TBILIS 1986 05 07 2  8902  8895  8961  8948  8957  8984  8991  8993  8952  8974  8952  8940
TBILIS 1986 05 08 1  8973  8941  8906  8912  8912  8911  8862  8824  8830  8804  8814  8803
TBILIS 1986 05 08 2  8856  8838  8908  8883  8891  8891  8882  8878  8875  8835  8845  8818
TBILIS 1986 05 09 1  8810  8841  8861  8844  8812  8823  8821  8864  8865  8874  8877  8896
TBILIS 1986 05 09 2  8901  8922  8919  8946  8944  8962  8918  8883  8918  8900  8909  8883
TBILIS 1986 05 10 1  8900  8906  8928  8898  8914  8872  8900  8908  8897  8891  8871  8901
TBILIS 1986 05 10 2  8908  8950  8942  8941  8966  8947  8949  8952  8942  8950  8928  8923
TBILIS 1986 05 11 1  8905  8929  8883  8914  8878  8897  8887  8922  8888  8903  8952  8883
TBILIS 1986 05 11 2  8898  8898  8917  8922  8928  8913  8879  8866  8899  8910  8872  8847
TBILIS 1986 05 12 1  8860  8863  8847  8875  8855  8839  8854  8894  8912  8890  8894  8915
TBILIS 1986 05 12 2  8919  8892  8905  8924  8941  8913  8910  8954  8920  8901  8927  8885
TBILIS 1986 05 13 1  8910  8899  8890  8890  8877  8857  8889  8851  8886  8888  8891  8926
TBILIS 1986 05 13 2  8913  8924  8905  8913  8953  8924  8921  8917  8891  8901  8882  8893
TBILIS 1986 05 14 1  8891  8900  8865  8857  8895  8916  8903  8901  8940 99999 99999 99999
TBILIS 1986 05 14 2  8955  8959  8959  8978  8978  8927  8906  8959  8920  8900  8903  8911
TBILIS 1986 05 15 1  8885  8910  8889  8861  8859  8840  8870  8938  8926  8924  8945  8972
TBILIS 1986 05 15 2  8952  8954  8965  8986  9000  8955  8968  8953  8966  8879  8895  8853
TBILIS 1986 05 16 1  8874  8832  8852  8898  8912  8905  8891  8884  8887  8867  8865  8900
TBILIS 1986 05 16 2  8841  8858  8868  8841  8858  8887  8865  8845  8864  8870  8848  8806
TBILIS 1986 05 17 1  8846  8840  8875  8859  8867  8859  8838  8846  8866  8888  8866  8888
TBILIS 1986 05 17 2  8920  8881  8929  8915  8906  8909  8870  8854  8881  8890  8880  8875
TBILIS 1986 05 18 1  8815  8855  8823  8864  8863  8869  8843  8861  8906  8894  8914  8974
TBILIS 1986 05 18 2  8958  8959  8967  8984  8929  8903  8905  8875  8866  8871  8875  8861
TBILIS 1986 05 19 1  8830  8811  8820  8854  8830  8830  8825  8863  8878  8874  8887  8878
TBILIS 1986 05 19 2  8885  8853  8895  8906  8942  8880  8854  8865  8829  8793  8775  8841
TBILIS 1986 05 20 1  8829  8853  8856  8862  8876  8813  8823  8824  8835  8840  8867  8863
TBILIS 1986 05 20 2  8872  8905  8849  8841  8882  8890  8858  8872  8880  8929  8867  8898
TBILIS 1986 05 21 1  8920  8857  8851  8822  8850  8845  8840  8896  8875  8909  8847  8973
TBILIS 1986 05 21 2  8912  8870  8987  8980  8996  8956  8938  8979  8942  8951  8934  8930
TBILIS 1986 05 22 1  8929  8944  8931  8906  8941  8911  8904  8893  8905  8933  9001  8969
TBILIS 1986 05 22 2  8936  8994  9002  9012  8978  8934  8965  8929  8982  8980  8981  8941
TBILIS 1986 05 23 1  8917  8916  8896  8873  8870  8855  8829  8863  8879  8935  8959  8966
TBILIS 1986 05 23 2  9030  8998  8981  8945  8923  8962  8925  8937  8952  8947  8910  8894
TBILIS 1986 05 24 1  8905  8889  8870  8912  8875  8932  8895 99999 99999 99999 99999 99999
TBILIS 1986 05 24 2 99999  8915  8904  8898  8928  8894  8900  8917  8935  8934  8847  8866
TBILIS 1986 05 25 1  8849  8855  8905  8888  8884  8884  8878  8891  8892  8944  8904  8949
TBILIS 1986 05 25 2  8925  8952  8941  8955  8970  8995  8978  9001  8975  8985  8975  8973
TBILIS 1986 05 26 1  8975  8951  8927  8954  8917  8928  8968  8959  8970  8943  8945  9001
TBILIS 1986 05 26 2  8986  8971  8956  8965  8936  8999  8984  8989  8965  8926  8927  8920
TBILIS 1986 05 27 1  8890  8901  8920  8909  8910  8887  8894  8868  8930  8935  8987  8960
TBILIS 1986 05 27 2  8967  8977  9004  9021  9017  8981  9008  8970  8969  8950  8965  8954
TBILIS 1986 05 28 1  8920  8929  8922  8946  8928  8898  8867  8865  8898  8888  8924  8931
TBILIS 1986 05 28 2  8925  8958  8940  8935  8953  8934  8927  8913  8909  8915  8931  8907
TBILIS 1986 05 29 1  8928  8900  8898  8904  8901  8892  8867  8848  8897  8926  8896  8909
TBILIS 1986 05 29 2  8923  8915  8959  8910  8900  8914  8880  8909  8903  8892  8905  8878
TBILIS 1986 05 30 1  8890  8892  8908  8874  8938  8898  8934  8932  8908  8945  8910  8892
TBILIS 1986 05 30 2  8923  8953  8947  8950  8962  8929  8973  8962  8920  8852  8901  8932
TBILIS 1986 05 31 1  8918  8990 99999 99999  8890  8910  8889  8867  8902  8948  8932  8975
TBILIS 1986 05 31 2  8967  8951  8918  8959  8952  8942  8916  8909  8930  8937  8918  8957
Cosmic-Ray Neutron Monitor Data (Hourly, Pressure-Corrected and Scale-Adjusted Counts)
Collections: WDC for Cosmic Rays, Solar-Terrestrial Environment Laboratory, Nagoya Univ.
Data Access: http://center.stelab.nagoya-u.ac.jp/WDCCR/index.html
Project: ICSU WDC
Citation: WDC for Cosmic Rays, Solar-Terrestrial Environment Laboratory, Nagoya University
Station ID: TBILIS
Station:  TBILISI,GIORGIA,INSTITUT GEOPHYSIKY (IG), GIORGIAN ACADEMY OF SCIENCES,GIORGIA 
Instrument: 18-NM-64 NEUTRON MONITOR, CORRECTED FOR PRESSURE TO 950.0 MB, COEF. = -0.69 %/MB
Latitude (deg.):   41.72  Longitude (deg.):   44.80  Altitude (m):  510.00
Cut-Off Rigidity (GV):    6.66
Year: 1986  Month:   6
Scaling Factor (SF):    64.0   Constant (CONST):     0.0  Real Counts = (DATA + CONST)*SF
Temporal Resolution: 1 hour
UTC Start Hour:     0.0
EFFICIENCY = 100.0 %, FILE WAS PREPARED IN WDC B2                               
                                                        
Monthly Average:  8967.1
Updated (YYYY MM DD): 1989 02 03
*******************************************************************************************
ID     YYYY MM DD 1     0     1     2     3     4     5     6     7     8     9    10    11
ID     YYYY MM DD 2    12    13    14    15    16    17    18    19    20    21    22    23
*******************************************************************************************
TBILIS 1986 06 01 1  8921  8954  8916  8903  8889  8892  8869  8902  8965  8973  8989  8977
TBILIS 1986 06 01 2  8942 99999 99999 99999 99999 99999 99999 99999 99999  8903  8925  8909
TBILIS 1986 06 02 1  8945  8911  8932  8875  8905  8867  8855 99999 99999  8867  8879  8905
TBILIS 1986 06 02 2  8931  8890  8894  8886  8910  8916  8934  8949  8925  8939  8922  8965
TBILIS 1986 06 03 1  8887  8952  8921  8887  8894  8887  8882  8859  8902  8946  8961  8954
TBILIS 1986 06 03 2  8989  9038  9020  9014  9083  9076  9047  9049  9051  9020  9025  9007
TBILIS 1986 06 04 1  8979  8978  8949  8902  8872  8900  8879  8890  8911  8934  8961  9016
TBILIS 1986 06 04 2  8997  9026  9026  9042  9032  9050  9001  8973  8997  9006  8966  8959
TBILIS 1986 06 05 1  8972  8956  8958  8932  8915  8905  8915  8959  8963  8924  8988  9019
TBILIS 1986 06 05 2  9030  9093  9025  9057  8943  8934  8977  8969  8988  8952  8965  8976
TBILIS 1986 06 06 1  8960  8952  8928  8911  8944  8934  8885  8870  8937  8957 99999 99999
TBILIS 1986 06 06 2  8952  8970  8978  8992  8978  8994  9023  8992  9003  8997  8950  8941
TBILIS 1986 06 07 1  8978  8994  8968  8988  8959  8944  8966  9043  9037  9015  9049  9043
TBILIS 1986 06 07 2  9047  9036  9073  9058  9039  9047  9015  9018  9041  9059  8996  9010
TBILIS 1986 06 08 1  9010  9038  9000  8991  9002  9002  8971  8979  8981  8984  9007  8985
TBILIS 1986 06 08 2  9009  8982  8972  9043  9009  8986  8976  8991  8972  8984  8964  8934
TBILIS 1986 06 09 1  8969  8934  8961  8938  8940  8946  8938  8951  8980  8969  8965  8966
TBILIS 1986 06 09 2  8966  8988  9014  8992  9003  9001  9004  9012  8997  9009  9016  9024
TBILIS 1986 06 10 1  9014  9001  8982  8958  8934  8926  8893  8882  8892  8894  8888  8890
TBILIS 1986 06 10 2  8966  8993  9047  8968  9001  9041  8982  8969  8985  8976  8966  8957
TBILIS 1986 06 11 1  8972  8960  8977  8947 99999 99999 99999 99999 99999  8919  8914  8936
TBILIS 1986 06 11 2  8916  8915  8909  8932  8952  8935  8936  8943  8958  8918  8897  8904
TBILIS 1986 06 12 1  8943  8966  8960  8958  8963  8926  8967  8933  8904  8979  9007  9083
TBILIS 1986 06 12 2  9042  9056  9089  9077  9090  9094  9104  9124  9080  9066  9028  9034
TBILIS 1986 06 13 1  9029  9047  9022  9029  8971  9010  8986  8993  9000  9029  9058  9084
TBILIS 1986 06 13 2  8937  8914  8921  8976  8996  9011  9032  9018  9015  8989  8994  8957
TBILIS 1986 06 14 1  8975  8970  8950  8924  8924  8946  8935  8917  8957  8953  8992  9004
TBILIS 1986 06 14 2  9000  9012  8998  8992  8993  8991  8958  8984  8979  8988  8950  8956
TBILIS 1986 06 15 1  8932  8870  8918  8908  8892  8900  8907  8910  8933  8969  8957  8957
TBILIS 1986 06 15 2  8942  8997  8992  9009  9001  9023  8991  8961  8954  8939  8949  8936
TBILIS 1986 06 16 1  8941  8956  8956  8910  8916  8943  8940  8907  8899  8969  8987  8981
TBILIS 1986 06 16 2  9014  8983  8990  8974  9005  9011  9009  8982  8990  8954  8996  8935
TBILIS 1986 06 17 1  8982  8989  8974  8990  8953  8926  8942  8960  8993  9039  9000  9027
TBILIS 1986 06 17 2  9039  9097  9140  9098  9062  9049  9011  8996  9022  9020  9004  9042
TBILIS 1986 06 18 1  9012  9022  9024  9002  9012  8951  8959  8923  8922  8950  8951  8937
TBILIS 1986 06 18 2  8975  8938  8980  8997  9008  8959  8964  8993  8970  8950  8949  8941
TBILIS 1986 06 19 1  8931  8888  8924  8935  8867  8934  8916  8918  8901  8974  8965  8964
TBILIS 1986 06 19 2  9019  9035  9010  9035  9002  9031  9003  8961  8992  8980  9005  8995
TBILIS 1986 06 20 1  9024  9003  8966  8945  8953  9000  8940  8957  9004  8988  9004  9042
TBILIS 1986 06 20 2  9024  9062  9015  9007  9049  9008  9054  9048  9046  9015  8987  9017
TBILIS 1986 06 21 1  9009  8976  8975  8967  8981  8944  8927  8944  8957  8988  9011  9020
TBILIS 1986 06 21 2  9024  9047  9032  9076  9025  9026  9038  9043  9031  8990  9001  8990
TBILIS 1986 06 22 1  8991  8963  8960  8948  8947  8889  8938  8908  8882  8925  8925  8914
TBILIS 1986 06 22 2  8967  8951  8979  9009  9030  9002  8978  8984  8994  8963  8965  8941
TBILIS 1986 06 23 1  8964  8950  8932  8923  8926  8903  8924  8917  8906  8942  8912  8989
TBILIS 1986 06 23 2  8964  8932  8983  8982  8994  8981  8996  8970  8971  8995  8986  8949
TBILIS 1986 06 24 1  8950  8964  8974  8973  8968  8992  8945  8959  8949  8921  8958  8944
TBILIS 1986 06 24 2  8998  8967  8995  8936  8976  8927  8933  8917  8891  8942  8926  8890
TBILIS 1986 06 25 1  8905  8925  8927  8957  8945  8948  8950  8957  8961  8965  8925  8932
TBILIS 1986 06 25 2  8901  8885  8956  8940  8939  8909  8884  8927  8937  8941  8914  8951
TBILIS 1986 06 26 1  8915  8939  8940  8947  8925  8952  8970  8944  8937  8978  8997  8975
TBILIS 1986 06 26 2  9014  9017  8989  9030  9033  8980  8995  8949  8946  9001  8962  9002
TBILIS 1986 06 27 1  9021  9006  8980  8969  8969  9008  8973  9004  8977  8954  8953  8971
TBILIS 1986 06 27 2  8943  8991  9023  9030  9046  9019  9001  8967  8964  8985  8958  8967
TBILIS 1986 06 28 1  8962  8944  8940  8967  8940  8938  8965  8933  8958  8972  8936  8977
TBILIS 1986 06 28 2  8946  8980  8968  8907  8955  8914  8911  8958  8970  8960  8961  8946
TBILIS 1986 06 29 1  8949  8886  8862  8868  8898  8949  8906  8883  8867  8928  8944  8903
TBILIS 1986 06 29 2  8929  8980  9003  8948  8966  8947  8942  8964  8929  8952  8893  8902
TBILIS 1986 06 30 1  8925  8927  8903  8913  8904  8935  8893  8903  8897  8921  8941  8940
TBILIS 1986 06 30 2  8952  8961  8987  9009  8933  8904  8861  8866  8873  8857  8846  8887
TBILIS 1986 06 31 1 99999 99999 99999 99999 99999 99999 99999 99999 99999 99999 99999 99999
TBILIS 1986 06 31 2 99999 99999 99999 99999 99999 99999 99999 99999 99999 99999 99999 99999
Cosmic-Ray Neutron Monitor Data (Hourly, Pressure-Corrected and Scale-Adjusted Counts)
Collections: WDC for Cosmic Rays, Solar-Terrestrial Environment Laboratory, Nagoya Univ.
Data Access: http://center.stelab.nagoya-u.ac.jp/WDCCR/index.html
Project: ICSU WDC
Citation: WDC for Cosmic Rays, Solar-Terrestrial Environment Laboratory, Nagoya University
Station ID: TBILIS
Station:  TBILISI,GIORGIA,INSTITUT GEOPHYSIKY (IG), GIORGIAN ACADEMY OF SCIENCES,GIORGIA 
Instrument: 18-NM-64 NEUTRON MONITOR, CORRECTED FOR PRESSURE TO 950.0 MB, COEF. = -0.69 %/MB
Latitude (deg.):   41.72  Longitude (deg.):   44.80  Altitude (m):  510.00
Cut-Off Rigidity (GV):    6.66
Year: 1986  Month:   7
Scaling Factor (SF):    64.0   Constant (CONST):     0.0  Real Counts = (DATA + CONST)*SF
Temporal Resolution: 1 hour
UTC Start Hour:     0.0
EFFICIENCY = 100.0 %, FILE WAS PREPARED IN WDC B2                               
                                                        
Monthly Average:  8958.6
Updated (YYYY MM DD): 1989 02 03
*******************************************************************************************
ID     YYYY MM DD 1     0     1     2     3     4     5     6     7     8     9    10    11
ID     YYYY MM DD 2    12    13    14    15    16    17    18    19    20    21    22    23
*******************************************************************************************
TBILIS 1986 07 01 1  8842  8828  8864  8840  8865  8899  8855  8883  8881  8852  8924  8866
TBILIS 1986 07 01 2  8885  8859  8913  8892  8906  8920  8905  8877  8855  8880  8852  8860
TBILIS 1986 07 02 1  8832  8866  8838  8851  8871  8893  8863  8912  8939  8948  8933  8937
TBILIS 1986 07 02 2  8927  8981  8978  9001  8966  8951  8926  8931  8901  8912  8913  8896
TBILIS 1986 07 03 1  8910  8873  8870  8855  8878  8898  8919  8917  8933  8940  8961  8936
TBILIS 1986 07 03 2  8930  9002  9008  8992  9000  8995  8996  8968  8968  8987  8976  8950
TBILIS 1986 07 04 1  8910  8941  8935  8938  8848  8880  8895  8891  8901  8939  8902  8931
TBILIS 1986 07 04 2  8968  8965  9000  9010  8995  8970  8935  8936  8926  8915  8931  8917
TBILIS 1986 07 05 1  8940  8923  8930  8916  8874  8880  8925  8928  8950  8960  8923  8958
TBILIS 1986 07 05 2  8941  8990  8994  8966  8953  8969  8994  8925  8931  8906  8927  8906
TBILIS 1986 07 06 1  8880  8877  8892  8916  8900  8926  8936  8923  8938  8929  8941  8956
TBILIS 1986 07 06 2  8969  8961  8971  9026  9014  8994  8959  8940  8905  8908  8922  8918
TBILIS 1986 07 07 1  8922  8917  8906  8925  8939  8915  8937  8978  8988  9034  9026  9023
TBILIS 1986 07 07 2  9038  9063  9049  9070  9052  9008  8978  8986  9034  8997 99999 99999
TBILIS 1986 07 08 1 99999 99999 99999 99999  8964  8938  8946  8978  9008  8984  8961  8978
TBILIS 1986 07 08 2  8959  8995  9012  9019  9017  9030  9042  9001  9002  8982  8978  8972
TBILIS 1986 07 09 1  8984  8959  8972  8966  8988  8948  8986  9005  8991  9008  9027  9063
TBILIS 1986 07 09 2  9047  9091  9109  9086  9099  9087  9070  9036  9010  8983  9001  8952
TBILIS 1986 07 10 1  8948  9001  8994  8960  8992  8958  8932  8946  8963  8971  8953  9024
TBILIS 1986 07 10 2  9009  9041  9059  9060  9014  9063  9025  9012  9000  8987  8996  8995
TBILIS 1986 07 11 1  8977  8965  8972  8942  8949  8924  8913  8943  8947  9007  8999  8975
TBILIS 1986 07 11 2  8988  9007  9009  8986  8987  8978  8968  8972  8977  8923  8967  8956
TBILIS 1986 07 12 1  8926  8903  8936  8949  8882  8919  8915  8970  8919  8924  8931  8950
TBILIS 1986 07 12 2  8941  8934  8969  9006  8975  8971  8931  8975  8894  8893  8918  8923
TBILIS 1986 07 13 1  8946  8898  8937  8941  8917  8945  8941  8970  8927  8974  8948  8987
TBILIS 1986 07 13 2  9013  9044  9030  9025  8967  9012  8919  8973  8944  8944  8987  8926
TBILIS 1986 07 14 1  8949  8957  8977  8929  8874  8906  8925  8932  8937  9003  9008  9008
TBILIS 1986 07 14 2  8994  9004  9008  9041  8989  8999  8934  8929  8880  8907  8879  8878
TBILIS 1986 07 15 1  8876  8879  8914  8906  8905  8901  8931  8945  8963  8959  9002  8962
TBILIS 1986 07 15 2  8980  9003  8965 99999 99999  8962  8913  8885  8892  8881  8919  8891
TBILIS 1986 07 16 1  8924  8871  8880  8879  8878  8892  8903  8947  8937  8972  8952  8963
TBILIS 1986 07 16 2  8991  8997  9033  9022  9009  8955  8952  8962  8903  8929  8901  8885
TBILIS 1986 07 17 1  8876  8855  8849  8880  8846  8866  8865  8949  9002  9022  9030  9075
TBILIS 1986 07 17 2  9032  9056  9112  9053  9035  8980  9005  9016  9001  8939  8940  8940
TBILIS 1986 07 18 1  8941  8896  8925  8954  8943  8973  8965  8982  8998  9023  9008  9025
TBILIS 1986 07 18 2  9041  9006  9079  9025  9044  9047  8999  8978  9030  8987  8998  8986
TBILIS 1986 07 19 1  8992  8982  8952  8987  8951  8959  8949  8958  8973  8981  8980  8989
TBILIS 1986 07 19 2  8976  9036  9062  9022  9033  9013  8989  9003  8985  8941  8956  8955
TBILIS 1986 07 20 1  8960  8953  8940  8967  8953  9012  9019  8997  8999  8992  9014  9103
TBILIS 1986 07 20 2  9052  9037  9050  9015  9066  9038  8934  8902  8926  8930  8969  8919
TBILIS 1986 07 21 1  8957  8975  8915  8937  8857  8899  8899  8953  8959  8935  8948  8982
TBILIS 1986 07 21 2  8950  8943  8952  8974  8964  8928  8864  8876  8891  8862  8919  8839
TBILIS 1986 07 22 1  8873  8877  8882  8877  8867  8889  8909  8937  8947  8958  9020  8992
TBILIS 1986 07 22 2  9036  9010  9013  9033  9027  9024  9027  8978  8975  8978  8909  8925
TBILIS 1986 07 23 1  8906  8913  8930  8934  8930  8962  8940  8990  8990  9049  9020  9050
TBILIS 1986 07 23 2  9110  9148  9168  9150  9122  9115  9066  9081  9027  8973  8962  8979
TBILIS 1986 07 24 1  8924  8982  8987  8982 99999 99999 99999 99999  8999  9016  9036  9081
TBILIS 1986 07 24 2  9087  9107  9068  9030  9007  9005  8928  8916  8880  8864  8880  8883
TBILIS 1986 07 25 1  8911  8949  8920  8908  8915  8944  8926  8973  8992  8957  9026  9005
TBILIS 1986 07 25 2  9013  8989  9039  9040  8999  8979  8966  8943  8918  8922  8963  8921
TBILIS 1986 07 26 1  8958  8933  8942  8948  8951  8984  8975  9000  9029  9023  9020  9036
TBILIS 1986 07 26 2  9084  9021  9029  9045  8948  8993  8974  8910  8954  8971  8905  8909
TBILIS 1986 07 27 1  8911  8853  8896  8931  8910  8927  8932  8951  8977  8959  9034  8997
TBILIS 1986 07 27 2  9005  8989  8944  8985  8888  8926  8901  8876  8910  8877  8855  8866
TBILIS 1986 07 28 1  8842  8902  8905  8919  8902  8922  8953  8990  8981  9000  8957  9001
TBILIS 1986 07 28 2  8996  9039  8992  9031  9020  9014  9008  9008  9005  8982  8959  8977
TBILIS 1986 07 29 1  8945  8957  8917  8916  8921  8944  8887  8923  8901  8901  8963  8925
TBILIS 1986 07 29 2  9017  9058  9068  9081  9060  8992  8974  8935  8888  8951  8961  8964
TBILIS 1986 07 30 1  9013  9006  8968  8969  8961  8940 99999 99999 99999  8979  8983  8981
TBILIS 1986 07 30 2  8992  9006  9021  9008  9013  8950  8964  8972  8974  8980  8896  8908
TBILIS 1986 07 31 1  8927  8918  8914  8899  8861  8885  8885  8874  8861  8912  8913  8963
TBILIS 1986 07 31 2  8982  8857  8894  8950  8879  8943  8921  8870  8881  8914  8900  8883
Cosmic-Ray Neutron Monitor Data (Hourly, Pressure-Corrected and Scale-Adjusted Counts)
Collections: WDC for Cosmic Rays, Solar-Terrestrial Environment Laboratory, Nagoya Univ.
Data Access: http://center.stelab.nagoya-u.ac.jp/WDCCR/index.html
Project: ICSU WDC
Citation: WDC for Cosmic Rays, Solar-Terrestrial Environment Laboratory, Nagoya University
Station ID: TBILIS
Station:  TBILISI,GIORGIA,INSTITUT GEOPHYSIKY (IG), GIORGIAN ACADEMY OF SCIENCES,GIORGIA 
Instrument: 18-NM-64 NEUTRON MONITOR, CORRECTED FOR PRESSURE TO 950.0 MB, COEF. = -0.69 %/MB
Latitude (deg.):   41.72  Longitude (deg.):   44.80  Altitude (m):  510.00
Cut-Off Rigidity (GV):    6.66
Year: 1986  Month:   8
Scaling Factor (SF):    64.0   Constant (CONST):     0.0  Real Counts = (DATA + CONST)*SF
Temporal Resolution: 1 hour
UTC Start Hour:     0.0
EFFICIENCY = 100.0 %, FILE WAS PREPARED IN WDC B2                               
                                                        
Monthly Average:  9020.6
Updated (YYYY MM DD): 1989 02 03
*******************************************************************************************
ID     YYYY MM DD 1     0     1     2     3     4     5     6     7     8     9    10    11
ID     YYYY MM DD 2    12    13    14    15    16    17    18    19    20    21    22    23
*******************************************************************************************
TBILIS 1986 08 01 1  8868  8962  8897  8936  8912  8955  8914  8922  8964  8938  8963  8953
TBILIS 1986 08 01 2  8964  8949  8983  8969  8986  8955  8957  8949  8970  8994  8973  8972
TBILIS 1986 08 02 1  9016  8968  9003  8992  8963 99999 99999 99999 99999 99999  9018  8996
TBILIS 1986 08 02 2  8996  9010  9031  8978  9017  9022  9014  8979  8987  8973  8968  8963
TBILIS 1986 08 03 1  8980  9001  9024  8975  8918  8920  8903  8910  8970  8981  9020  8998
TBILIS 1986 08 03 2  9009  9010  9008  8988  8893  8937  8976  8934  8940  8962  8945  8998
TBILIS 1986 08 04 1  8955  8919  8943  8943  8931  8949  8928  8988  8976  8972  8961  9010
TBILIS 1986 08 04 2  8978  8983  9040  9041  9042  8970  8978  8952  8963  8974  8979  8896
TBILIS 1986 08 05 1  8934  8941  8973  8972  8944  8961  8943  8979  8968  8976  9005  8991
TBILIS 1986 08 05 2  8965  8996  9001  9035  9042  9042  9005  8998  8984  8982  9017  8964
TBILIS 1986 08 06 1  8952  8975  8961  8986  8984  8978  8977  8976  9016  8967  8982  8978
TBILIS 1986 08 06 2  8996  8976  9050  9053  9071  9076  9042  9048  9048  8999  8996  8995
TBILIS 1986 08 07 1  9013  9003  8994  8967  8970  8947  8955  8962  9055  9067  9032  9022
TBILIS 1986 08 07 2  9079  9084  9102  9124  9102  9116  9160  9080  9058  9023  9014  9041
TBILIS 1986 08 08 1  9047  9033  9031  9017  9008  9018  8949  9020  9013  9032  9042  9108
TBILIS 1986 08 08 2  9075  9070  9103  9085  9093  9060  9077  9085  9018  9066  8967  8998
TBILIS 1986 08 09 1  8971  8976  8984  8953  8918  8986  8942  8994  8966  8968  9013  8983
TBILIS 1986 08 09 2  8980  8982  9027  9014  9024  9022  8996  8978  8983  8989  9015  9000
TBILIS 1986 08 10 1  8978  8982  9011  9011  8921  8951  8924  8948  8944  9013  8994  9014
TBILIS 1986 08 10 2  9029  9062  9086  9041  9068  8960  9007  9019  8976  8925  8944  8935
TBILIS 1986 08 11 1  8977  8975  8980  8969  8988  8978  8995  8986  8939  8993  8967  9011
TBILIS 1986 08 11 2  8996  9061  9073  9011  9116  8996  9057  9041  9047  9034  9127  9081
TBILIS 1986 08 12 1  9082  9041  9094  9084  9075  9029  8987  9049  9055  9086  9140  9112
TBILIS 1986 08 12 2  9068  9092  9109  9127  9184  9187  9181  9213  9136  9167  9156  9138
TBILIS 1986 08 13 1  9113  9094  9086  9107  9121  9129  9118  9121  9146  9149  9131  9123
TBILIS 1986 08 13 2  9122  9109  9137  9163  9167  9141  9085  9071  9081  9078  9016  9061
TBILIS 1986 08 14 1  9020  8981  9010  9031  9013  9021  8991  8985  9056  9058  9109  9077
TBILIS 1986 08 14 2  9124  9074  9155  9133  9148  9111  9089  9092  9051  9071  9084  9070
TBILIS 1986 08 15 1  9037  9050  9049  8988  8999  9018  8992  9019  9046  9094  9108  9089
TBILIS 1986 08 15 2  9103  9122  9145  9115  9148  9110  9101  9121  9079  9096  9073  9067
TBILIS 1986 08 16 1  9057  9014  9027  8997  9017  8998  9025  9023  9066  9073  9084  9132
TBILIS 1986 08 16 2  9095  9060  9114  9121  9140  9139  9065  9030  9019  9052  9034  9026
TBILIS 1986 08 17 1  9057  9072  9055  9031  8990  9029  8987  9006  8987  9037  9104  9154
TBILIS 1986 08 17 2  9142  9099  9104  9110  9106  9080  9068  9058  9064  9076  9084  9080
TBILIS 1986 08 18 1  9036  9024  9039  9004  9008  9040  9033  9053  9056  9053  9039  9070
TBILIS 1986 08 18 2  9105  9090  9087  9141  9155  9101  9077  9042  9056  9057  9000  9021
TBILIS 1986 08 19 1  9006  9042  9033  9030  9049  9041  9049  9048  9036  9057  9070  9078
TBILIS 1986 08 19 2  9098  9111  9109  9105  9125  9163  9133  9122  9146  9135  9102  9075
TBILIS 1986 08 20 1  9071  9090  9071  9032  9078  9074  9078  9068  9143  9140  9137  9123
TBILIS 1986 08 20 2  9098  9095  9098  9114  9135  9135  9137  9101  9129  9065  9076  9009
TBILIS 1986 08 21 1  8990  8997  9004  8974  8966  8989  8962  8984  9032  9067  9116  9105
TBILIS 1986 08 21 2  9202  9242  9205  9272  9270  9262  9207  9199  9207  9133  9127  9088
TBILIS 1986 08 22 1  9086  9068  9039  9020  9052  9055  9009  9033  9106  9077  9091  9095
TBILIS 1986 08 22 2  9144  9128  9126  9113  9080  9055  9049  9081  9039  9026  9027  9006
TBILIS 1986 08 23 1  9023  9031  9034  9013  9044  9028  9014  9021  9037  9033 99999 99999
TBILIS 1986 08 23 2 99999 99999 99999 99999 99999 99999 99999 99999 99999 99999 99999 99999
TBILIS 1986 08 24 1 99999 99999 99999 99999 99999 99999 99999 99999 99999 99999 99999 99999
TBILIS 1986 08 24 2 99999 99999 99999 99999 99999 99999 99999 99999 99999 99999 99999  1000
TBILIS 1986 08 25 1 99999 99999 99999 99999 99999 99999  8908  8924  8929  8938  8943  8949
TBILIS 1986 08 25 2  8933  8967  8925  8928  8925  8909  8948  8957  8919  8905  8915  8929
TBILIS 1986 08 26 1  8911  8915  8924  8949  8919  8900  8920  8922  8913  8914  8952  8959
TBILIS 1986 08 26 2  8986  9002  9004  8936  8939  8897  8923  8924  8970  8925  8901  8912
TBILIS 1986 08 27 1  8905  8875  8903  8888  8896  8847  8865  8943  8959  8986  9003  8991
TBILIS 1986 08 27 2  8972  8965  8988  8991  8988  8976  9028  8971  9022  9006  9009  8989
TBILIS 1986 08 28 1  9049  8963  8963  8945  8946  8944  8936  8927  8942  8989  9008  9057
TBILIS 1986 08 28 2  9067  9073  9080  9083  9108  9126  9140  9118  9085  9046  9061  8994
TBILIS 1986 08 29 1  8973  9036  9006  8962  8983  8999  8965  9016  9000  9029  9019  9081
TBILIS 1986 08 29 2  9118  9108  9085  9096  9096  9121  9091  9108  9104  9077  9067  9074
TBILIS 1986 08 30 1  9036  9047  9017  9038  9034  9050  9066  9076  9075  9089  9060  9069
TBILIS 1986 08 30 2  9067  9070  9090  9107  9126  9133  9137  9159  9198  9159  9115  9053
TBILIS 1986 08 31 1  9036  9042  9009  9051  9037  9034  9058  9078  9067  9089  9097  9116
TBILIS 1986 08 31 2  9111  9135  9177  9204  9147  9129  9073  9075  9041  9044  9031  9018
Cosmic-Ray Neutron Monitor Data (Hourly, Pressure-Corrected and Scale-Adjusted Counts)
Collections: WDC for Cosmic Rays, Solar-Terrestrial Environment Laboratory, Nagoya Univ.
Data Access: http://center.stelab.nagoya-u.ac.jp/WDCCR/index.html
Project: ICSU WDC
Citation: WDC for Cosmic Rays, Solar-Terrestrial Environment Laboratory, Nagoya University
Station ID: TBILIS
Station:  TBILISI,GIORGIA,INSTITUT GEOPHYSIKY (IG), GIORGIAN ACADEMY OF SCIENCES,GIORGIA 
Instrument: 18-NM-64 NEUTRON MONITOR, CORRECTED FOR PRESSURE TO 950.0 MB, COEF. = -0.69 %/MB
Latitude (deg.):   41.72  Longitude (deg.):   44.80  Altitude (m):  510.00
Cut-Off Rigidity (GV):    6.66
Year: 1986  Month:   9
Scaling Factor (SF):    64.0   Constant (CONST):     0.0  Real Counts = (DATA + CONST)*SF
Temporal Resolution: 1 hour
UTC Start Hour:     0.0
EFFICIENCY = 100.0 %, FILE WAS PREPARED IN WDC B2                               
                                                        
Monthly Average:  8995.8
Updated (YYYY MM DD): 1989 02 03
*******************************************************************************************
ID     YYYY MM DD 1     0     1     2     3     4     5     6     7     8     9    10    11
ID     YYYY MM DD 2    12    13    14    15    16    17    18    19    20    21    22    23
*******************************************************************************************
TBILIS 1986 09 01 1  8996  8977  8984  8989  8973  8961  8957  8974  9005  9000  9006  9039
TBILIS 1986 09 01 2  9038  9053  9046  9023  8996  9047  9035  8922  8981  8926  8993  8930
TBILIS 1986 09 02 1  8953  8969  8964  8930  8958  8993  8960  8981  8971  9008  9004  8994
TBILIS 1986 09 02 2  9012  9045  9039  9037  8949  8982  9007  8975  8943  8984  8931  8996
TBILIS 1986 09 03 1  8984  8990  8964  8925  8943  8942  8942  8940  8986  8971  8987  8993
TBILIS 1986 09 03 2  9045  9037  9021  9002  9014  9003  9032  9018  8993  9015  8966  8979
TBILIS 1986 09 04 1  8960  9000  8983  8995  8948  9017  8990  8995  8973  8974  8989  8991
TBILIS 1986 09 04 2  9047  9030  9010  9023  9042  8984  9002  8940  8966  8965  8955  8938
TBILIS 1986 09 05 1  8942  8944  8935  8889  8923  8919  8904  8969  8985  9046  9029  9038
TBILIS 1986 09 05 2  9056  9052  9020  9048  9061  9035  9012  9067  9027  9012  8990  8954
TBILIS 1986 09 06 1  8990  9037  8989  9044  8948  8982  8941  9019  9001  8991  9030  9043
TBILIS 1986 09 06 2  9038  9031  9093  9019  9021  8991  9028  9029  8993  8968  9007  9018
TBILIS 1986 09 07 1  9049  8992  8976  8993  9002  9005  8973  8982  9000  9004  8987  8978
TBILIS 1986 09 07 2  9009  8987  9011  9033  8981  8954  8950  8984  8981  8964  8983  8955
TBILIS 1986 09 08 1  8951  8933  8922  8922  8933  8955  8931  8948  8990  9023  8964  8994
TBILIS 1986 09 08 2  8963  9011  8978  8974  8954  8948  8965  8934  8930  8960  8923  8957
TBILIS 1986 09 09 1  8984  8987  9001  8977  8975  8971  9024  9017  8992  9010  9025  9040
TBILIS 1986 09 09 2  9046  9022  9046  9056  9012  9008  8981  8938  8924  8953  8949  8983
TBILIS 1986 09 10 1  8977  8939  8941  8948  8944  8960  8936  8959  8977  8916  8938  8943
TBILIS 1986 09 10 2  8904  8940  8960  9001  9023  8976  8974  8967  8948  8988  8971  9003
TBILIS 1986 09 11 1  8941  8991  9002  8998  9030  9005  9010  9011  9011  9002  8980  9034
TBILIS 1986 09 11 2  9041  9048  9060  9030  9012  9001  8973  8966  8997  9001  8988  8956
TBILIS 1986 09 12 1  8900  8838  8849  8980  9038  9049  9001  9020  9021  9002  9011  9008
TBILIS 1986 09 12 2  9023  8990  9001  9002  9010  8941  8990  8947  8980  9003  8984  8988
TBILIS 1986 09 13 1  8956  8978  8948  8922  8954  8913  8913  8930  8969  8928  8932  8928
TBILIS 1986 09 13 2  8987  8965  8962  8952  8966  8949  9013  8992  9010  9008  8960  9021
TBILIS 1986 09 14 1  9004  8962  9016  9016  9029  8975  8984  8991  8965  9005  8988  9027
TBILIS 1986 09 14 2  9010  9040  9052  9070  9034  9037  9006  9013  9007  9034  9028  9040
TBILIS 1986 09 15 1  8999  9061  9033  9008  8988  8945  8992  8911  8945  8987  9001  9035
TBILIS 1986 09 15 2  9102  9101  9127  9148  9153  9141  9100  9122  9095  9117  9057  9060
TBILIS 1986 09 16 1  8994  9043  9006  9018  9015  8969  8952  8998  8982  9025  8986  9027
TBILIS 1986 09 16 2  9083  9096  9077  9082  8996  9004  8971  8942  8953  8969  8946  8964
TBILIS 1986 09 17 1  8966  8936  8950  8965  8981  8952  8979  8995  9013  9007  9001  9029
TBILIS 1986 09 17 2  9052  8989  9037  9042  9015  9001  9031  8983  9011  9024  9044  9019
TBILIS 1986 09 18 1  8970  8995  9000  9001  9011  8942  8925  8959  8990  8990  9006  8957
TBILIS 1986 09 18 2  8991  8995  9013  8949  8946  8951  8977  8951  8921  8954  8948  8976
TBILIS 1986 09 19 1  8944  8980  8957  8957  8993  8957  9006  9053  9019  9040  9061  9078
TBILIS 1986 09 19 2  9108  9092  9103  9128  9138  9154  9100  9083  9063  9043  8980  9022
TBILIS 1986 09 20 1  9028  9005  8997  8978  8989  9018  9054  8971  9015  9015  9033  9051
TBILIS 1986 09 20 2  9011  9083  9063  8957  8935  8904  8871  8901  8900  8969  8958  8953
TBILIS 1986 09 21 1  8968  8955  8960  8944  8940  8969  8924  8924  8931  8913  8926  8906
TBILIS 1986 09 21 2  8920  8941  8895  8902  8916  8919  8942  8929  8957  8927  8930  8991
TBILIS 1986 09 22 1  9036  8941  8963  9014  8989  8955  8986  8975  8992  9013  9053  9011
TBILIS 1986 09 22 2  9027  9054  9014  9041  8956  9016  8981  8935  8946  8960  8957  8965
TBILIS 1986 09 23 1  8925  8963  8990  8950  9003  9041  9045  9049  9016  9013  9069  9024
TBILIS 1986 09 23 2  9057  9057  9056  9072  9035  9027  9017  9024  8995  8968  8976  8978
TBILIS 1986 09 24 1  8982  8985  8946  8936  8961  8948  8972  9019  9018  9049  9059  9069
TBILIS 1986 09 24 2  9030  9063  8958  8949  9004  8966  8993  8975  8994  8993  8991  8969
TBILIS 1986 09 25 1  8948  8948  8959  8941  8968  8972  8941  8931  9005  9032  9055  9058
TBILIS 1986 09 25 2  9043  9067  9025  9038  9008  8976  8959  8966  8984  9012  8956  8945
TBILIS 1986 09 26 1  8959  8965  8959  8958  8990  9019  8998  9000  8993  9059  9080  9093
TBILIS 1986 09 26 2  9121  9065  9065  9116  9077  9049  9053  9051  9053  9039  8998  9027
TBILIS 1986 09 27 1  9016  8997  8984  8997  9005  8965  8955  8967  8981  9017  9033  9015
TBILIS 1986 09 27 2  9033  9047  9036  9028  9002  8975  8998  9010  9002  9000  9013  8975
TBILIS 1986 09 28 1  8995  8997  9014  8984  8966  8964  8965  9014  8996  8992  9060  9063
TBILIS 1986 09 28 2  9063  9081  9052  9032  9010  9030  8977  8970  9001  8978  8987  9014
TBILIS 1986 09 29 1  8972  8987  8991  8977  8937  8994  8935  8976  8975  8962  8974  8971
TBILIS 1986 09 29 2  8985  9035  9039  9010  8986  9000  8993  9013  9004  8970  8966  8955
TBILIS 1986 09 30 1  9033  8985  9003  9023  8976  8972  9029  9024  8993  9025  9027  9069
TBILIS 1986 09 30 2  9089  9056  9074  9103  9062  9063  9078  9114  9079  9106  9095  9073
TBILIS 1986 09 31 1 99999 99999 99999 99999 99999 99999 99999 99999 99999 99999 99999 99999
TBILIS 1986 09 31 2 99999 99999 99999 99999 99999 99999 99999 99999 99999 99999 99999 99999
Cosmic-Ray Neutron Monitor Data (Hourly, Pressure-Corrected and Scale-Adjusted Counts)
Collections: WDC for Cosmic Rays, Solar-Terrestrial Environment Laboratory, Nagoya Univ.
Data Access: http://center.stelab.nagoya-u.ac.jp/WDCCR/index.html
Project: ICSU WDC
Citation: WDC for Cosmic Rays, Solar-Terrestrial Environment Laboratory, Nagoya University
Station ID: TBILIS
Station:  TBILISI,GIORGIA,INSTITUT GEOPHYSIKY (IG), GIORGIAN ACADEMY OF SCIENCES,GIORGIA 
Instrument: 18-NM-64 NEUTRON MONITOR, CORRECTED FOR PRESSURE TO 950.0 MB, COEF. = -0.69 %/MB
Latitude (deg.):   41.72  Longitude (deg.):   44.80  Altitude (m):  510.00
Cut-Off Rigidity (GV):    6.66
Year: 1986  Month:  10
Scaling Factor (SF):    64.0   Constant (CONST):     0.0  Real Counts = (DATA + CONST)*SF
Temporal Resolution: 1 hour
UTC Start Hour:     0.0
EFFICIENCY = 100.0 %, FILE WAS PREPARED IN WDC B2                               
                                                        
Monthly Average:  8974.7
Updated (YYYY MM DD): 1989 02 03
*******************************************************************************************
ID     YYYY MM DD 1     0     1     2     3     4     5     6     7     8     9    10    11
ID     YYYY MM DD 2    12    13    14    15    16    17    18    19    20    21    22    23
*******************************************************************************************
TBILIS 1986 10 01 1  9066  9003  9073  9065  9064  9052  9029  9025  9037  9048  9105  9104
TBILIS 1986 10 01 2  9067  9095  9071  9085  9046  9081  9038  9032  9063  9062  9081  9032
TBILIS 1986 10 02 1  9017  9034  8993  9024  9008  9009  8980  8966  8969  8935  8994  8971
TBILIS 1986 10 02 2  8974  9020  8982  9030  8992  8967  9006  9031  8972  8970  9021  8992
TBILIS 1986 10 03 1  8981  8991  8984  9020  9000  9006  8963  9004  8962  8950  8989  8948
TBILIS 1986 10 03 2  9001  9028  8985  8983  8968  8935  8964  8995  8988  9006  8981  8995
TBILIS 1986 10 04 1  9040  9036  8982  9014  9011  8987  8944  8939  9012  9005  9041  9040
TBILIS 1986 10 04 2  9047  9060  9025  9045  9022  9013  9012  9024  9036  9025  9004  9008
TBILIS 1986 10 05 1  8998  8966  8963  8989  8952  8928  8912  8934  9017  9009  9010  9003
TBILIS 1986 10 05 2  9036  9066  9036  8991  9030  9009  8983  8999  9022  8991  9005  9029
TBILIS 1986 10 06 1  9014  8997  8995  8993  8918  8937  8968  8972  8968  8984  8976  8992
TBILIS 1986 10 06 2  9005  8964  8985  8994  8976  8989  8978  8964  8983  8971  8967  8895
TBILIS 1986 10 07 1  8917  8940  8915  8926  8895  8936  8958  8922  8912  8927  8953  8912
TBILIS 1986 10 07 2  8953  8927  8983  8993  8999  8998  8953  8969  8950  8943  8967  8984
TBILIS 1986 10 08 1  8959  8963  8975  8963  8941  8938  8909  8940  8939  9015  9007  8992
TBILIS 1986 10 08 2  9015  8984  9032  8969  9001  9022  9011  9023  9013  9035  8999  9001
TBILIS 1986 10 09 1  8971  9020  9000  9015  8990  8984  8973  8954  8989  9014  9027  9014
TBILIS 1986 10 09 2  9021  9035  9030  9026  9004  9033  9024  9001  9042  9004  9016  9035
TBILIS 1986 10 10 1  9025  8980  9035  9017  8963  8992  9000  9001  8982  8935  8958  9002
TBILIS 1986 10 10 2  8985  9018  8976  8963  8961  8973  8918  8939  8943  8981  8967  9001
TBILIS 1986 10 11 1  8988  8987  8957  8969  8959  8994  8975  8959  8957  8974  8994  8980
TBILIS 1986 10 11 2  9015  9014  9010  9014  8996  9037  9004  8990  8986  9007  8984  8969
TBILIS 1986 10 12 1  9005  8963  8971  8991  8961  8979  8985  8973  8958  9038  9014  8999
TBILIS 1986 10 12 2  8991  9011  9028  9040  9047  9049  9020  9066  9038  9048  9043  9040
TBILIS 1986 10 13 1  9030  9022  8978  8995  9016  8987  9060  9024  8993  8983  8983  8976
TBILIS 1986 10 13 2  9006  9024  9005  8969  9011  8985  8985  8978  9058  9086  9014  8998
TBILIS 1986 10 14 1  8988  8987  8966  8943  8941  8922  8919  8925  8949  8909  8926  8911
TBILIS 1986 10 14 2  8947  8942  8934  8987  8915  8911  8933  8930  8943  8943  8932  8928
TBILIS 1986 10 15 1  8924  8971  8928  8948  8939  8912  8960  8946  8948  8970  8969  8992
TBILIS 1986 10 15 2  9013  9004  9027  9007  9003  9022  8989  8998  8962  8959  8991  8960
TBILIS 1986 10 16 1  8954  8914  8937  8952  8948  8931  8885  8880  8905  8964  8977  8981
TBILIS 1986 10 16 2  8942  9000  9021  9014  8995  8990  9038  8993  8984  9009  9016  9000
TBILIS 1986 10 17 1  9005  8977  8899  8963  8970  8966  8945  8922  8963  9001  9015  9039
TBILIS 1986 10 17 2  8982  9041  9013  9043  9033  9039  9074  9034  9079  9021  9033  8997
TBILIS 1986 10 18 1  9009  8981  8962  8947  8947  8953  8922  8888  8941  8931  8981  8995
TBILIS 1986 10 18 2  9016  9071  9032  9005  9033  8967  8943  8999  8949  8981  8959  8910
TBILIS 1986 10 19 1  8924  8910  8907  8901  8903  8893  8892  8896  8907  8892  8912  8957
TBILIS 1986 10 19 2  8947  8983  8991  8968  8971  8974  8951  8919  8930  8951  8903  8887
TBILIS 1986 10 20 1  8939  8872  8933  8937  8948  8908  8928  8912  8944  8948  8965  8946
TBILIS 1986 10 20 2  8934  8958 99999 99999 99999 99999 99999 99999 99999 99999 99999 99999
TBILIS 1986 10 21 1 99999 99999 99999 99999 99999 99999  8958  8958  8971  8927  8959  9042
TBILIS 1986 10 21 2  9001  9043  9030  9000  8967  8968  9020  8958  8988  9000  8978  8931
TBILIS 1986 10 22 1  8954  8906  8926  8953  8954  8890  8921  8943  8918  8945  8982  8975
TBILIS 1986 10 22 2  9009  8948  8993  8975  8966  8991  8999  8989  9035  9074  9035  9017
TBILIS 1986 10 23 1  9016  9040  8941  8981  9069  9030  9010  8954  8955  8947  9007  8963
TBILIS 1986 10 23 2  9028  9007  9014  9003  8946  9007  8995  9031  9020  9053  8954  8979
TBILIS 1986 10 24 1  8972  8968  8978  8965  8981  8981  8961  8936  8945  8984  8966  9008
TBILIS 1986 10 24 2  9001  8996  8985  9008  9019  8981  9005  8989  8993  8998  8938  8944
TBILIS 1986 10 25 1  8937  8933  8902  8915  8965  8924  8957  8935  8936  8956  8983  9021
TBILIS 1986 10 25 2  8946  8988  9024  8960  8918  8959  8964  8916  8920  8940  8943  8903
TBILIS 1986 10 26 1  8888  8905  8849  8879  8853  8859  8883  8863  8870  8853  8843  8884
TBILIS 1986 10 26 2  8864  8881  8936  8899  8890  8968  8960  8959  8981  8922  8883  8897
TBILIS 1986 10 27 1  8867  8875  8848  8861  8899  8866  8896  8897  8915  9003  8943  8983
TBILIS 1986 10 27 2  8990  9018  9034  9036  8997  8970  8971  8974  8949  8976  8968  8936
TBILIS 1986 10 28 1  8903  8957  8949  8954  8911  8929  8905  8920  8942  8930  8901  8923
TBILIS 1986 10 28 2  8930  8934  8913  8915  8961  8931  8938  8961  8964  8968  8940  8937
TBILIS 1986 10 29 1  8930  8935  8908  8933  8899  8864  8851  8887  8875  8887  8933  8939
TBILIS 1986 10 29 2  8903  8944  8931  8971  8980  8959  8983  8948  8996  9006  8988  8964
TBILIS 1986 10 30 1  8998  8951  8957  8952  8937  8899  8894  8851  8873  8907  8934  8921
TBILIS 1986 10 30 2  8956  8979  9000  9015  9003  9037  9068  9078  9073  9084  9080  9039
TBILIS 1986 10 31 1  9058  9018  8999  8973  8971  8945  8906  8932  8918  8935  8958  8945
TBILIS 1986 10 31 2  8978  8963  8957  8955  8997  8945  8975  8998  9006  8989  9014  8980
Cosmic-Ray Neutron Monitor Data (Hourly, Pressure-Corrected and Scale-Adjusted Counts)
Collections: WDC for Cosmic Rays, Solar-Terrestrial Environment Laboratory, Nagoya Univ.
Data Access: http://center.stelab.nagoya-u.ac.jp/WDCCR/index.html
Project: ICSU WDC
Citation: WDC for Cosmic Rays, Solar-Terrestrial Environment Laboratory, Nagoya University
Station ID: TBILIS
Station:  TBILISI,GIORGIA,INSTITUT GEOPHYSIKY (IG), GIORGIAN ACADEMY OF SCIENCES,GIORGIA 
Instrument: 18-NM-64 NEUTRON MONITOR, CORRECTED FOR PRESSURE TO 950.0 MB, COEF. = -0.69 %/MB
Latitude (deg.):   41.72  Longitude (deg.):   44.80  Altitude (m):  510.00
Cut-Off Rigidity (GV):    6.66
Year: 1986  Month:  11
Scaling Factor (SF):    64.0   Constant (CONST):     0.0  Real Counts = (DATA + CONST)*SF
Temporal Resolution: 1 hour
UTC Start Hour:     0.0
EFFICIENCY = 100.0 %, FILE WAS PREPARED IN WDC B2                               
                                                        
Monthly Average:  8892.3
Updated (YYYY MM DD): 1989 02 03
*******************************************************************************************
ID     YYYY MM DD 1     0     1     2     3     4     5     6     7     8     9    10    11
ID     YYYY MM DD 2    12    13    14    15    16    17    18    19    20    21    22    23
*******************************************************************************************
TBILIS 1986 11 01 1  9034  8959  8943  8909  8899  8872  8871  8882  8896  8896  8893  8965
TBILIS 1986 11 01 2  8864  8910  8911  8915  8922  8904  8884  8892  8909  8872  8906  8833
TBILIS 1986 11 02 1  8845  8874  8849  8862  8846  8848  8842  8863  8886  8891  8876  8913
TBILIS 1986 11 02 2  8893  8908  8924  8957  8944  8991  8994  9007  8968  8969  8942  8981
TBILIS 1986 11 03 1  8938  8925  8900  8937  8878  8870  8865  8818  8817  8886  8911  8909
TBILIS 1986 11 03 2  8912  8951  8977  8944  8963  8956  8980  8977  8989  8974  8909  8898
TBILIS 1986 11 04 1  8834  8797  8801  8757  8813  8796  8817  8801  8730  8697  8698  8733
TBILIS 1986 11 04 2  8686  8703  8696  8696  8748  8730  8738  8715  8737  8759  8799  8741
TBILIS 1986 11 05 1  8786  8756  8786  8803  8818  8777  8807  8823  8849  8804  8761  8773
TBILIS 1986 11 05 2  8760  8793  8800  8794  8805  8795  8800  8789  8775  8767  8751  8751
TBILIS 1986 11 06 1  8800  8788  8773  8823  8792  8778  8763  8776  8800  8819  8791  8829
TBILIS 1986 11 06 2  8811  8828  8780  8826  8879  8813  8829  8812  8792  8810  8791  8835
TBILIS 1986 11 07 1  8830  8864  8824  8812  8794  8805  8782  8805  8804  8813  8836  8843
TBILIS 1986 11 07 2  8855  8871  8865  8866  8852  8887  8889  8891  8862  8894  8896  8900
TBILIS 1986 11 08 1  8844  8891  8865  8881  8865  8851  8833  8809  8809  8819  8836  8836
TBILIS 1986 11 08 2  8836  8828  8837  8882  8891  8846  8877  8914  8900  8904  8934  8939
TBILIS 1986 11 09 1  8942  8896  8888  8853  8835  8853  8854  8839  8866  8868  8856  8860
TBILIS 1986 11 09 2  8853  8869  8863  8864  8863  8873  8890  8894  8882  8867  8876  8909
TBILIS 1986 11 10 1  8909  8913  8916  8922  8889  8921  8883  8896  8916  8920  8857  8900
TBILIS 1986 11 10 2  8889  8841  8887  8843  8873  8877  8906  8915  8888  8899  8860  8855
TBILIS 1986 11 11 1  8878  8917  8855  8888  8857  8877  8879  8868  8799  8848  8900  8871
TBILIS 1986 11 11 2  8876  8864  8851  8828  8903  8882  8861  8917  8914  8925  8928  8926
TBILIS 1986 11 12 1  8902  8889  8887  8849  8878  8879  8919  8872  8890  8852  8909  8888
TBILIS 1986 11 12 2  8888  8886  8856  8886  8891  8937  8868  8870  8849  8812  8870  8834
TBILIS 1986 11 13 1  8861  8846  8832  8862  8848  8870  8883  8848  8834  8837  8876  8868
TBILIS 1986 11 13 2  8854  8869  8870  8895  8870  8837  8888  8846  8890 99999 99999 99999
TBILIS 1986 11 14 1 99999 99999 99999 99999 99999  8768  8775  8761  8795  8892  8941  8866
TBILIS 1986 11 14 2  8942  8907  8924  8952  8959  8908  8891  8867  8795  8848  8901  8899
TBILIS 1986 11 15 1  8919  8886  8919  8915  8909  8929  8976  8933  8897  8947  8952  8934
TBILIS 1986 11 15 2  8945  8907  8959  8962  9003  9017  8985  8952  8911  8921  8926  8876
TBILIS 1986 11 16 1  8901  8877  8885  8878  8898  8899  8860  8856  8852  8944  8867  8877
TBILIS 1986 11 16 2  8887  8932  8898  8905  8923  8958  8905  8902  8911  8922  8891  8901
TBILIS 1986 11 17 1  8907  8893  8901  8937  8887  8823  8875  8858  8929  8923  8960  8978
TBILIS 1986 11 17 2  8978  8984  8958  8956  8951  8972  8970  8949  8986  8961  8999  9000
TBILIS 1986 11 18 1  8936  8943  8949  8968  8976  8910  8944  8890  8930  8949  8964  8988
TBILIS 1986 11 18 2  8990  9022  9006  8977  8991  8995  9001  8973  8984  8938  8998  8974
TBILIS 1986 11 19 1  8982  8932  8949  8963  8941  8890  8891  8909  8894  8923  8934  8921
TBILIS 1986 11 19 2  8884  8927  8925  8930  8939  8925  8938  8931  8991  8962  8966  8967
TBILIS 1986 11 20 1  8952  8949  8938  8936  8921  8926  8924  8914  8938  8980  8972  9004
TBILIS 1986 11 20 2  8996  8957  8981  8972  8928  8963  8963  8992  8986  9015  9010  8967
TBILIS 1986 11 21 1  9008  9004  8971  8971  8965  8941  8936  8943  8930  8909  8941  8932
TBILIS 1986 11 21 2  8899  8927  8932  8907  8945  8926  8928  8927  8901  8900  8905  8930
TBILIS 1986 11 22 1  8911  8915  8896  8940  8918  8925  8921  8914  8930  8903  8918  8996
TBILIS 1986 11 22 2  8961  8943  8908  8944  8914  8876  8886  8885  8912  8916  8935  8901
TBILIS 1986 11 23 1  8880  8902  8903  8882  8888  8891  8838  8880  8862  8909  8913  8908
TBILIS 1986 11 23 2  8915  8922  8911  8931  8907  8978  8937  8914  8882  8918  8946  9006
TBILIS 1986 11 24 1  8971  8987  8954  8932  8904  8908  8902  8890  8869  8933  8925  8994
TBILIS 1986 11 24 2  8924  8891  8881  8885  8899  8906  8916  8899  8890  8863  8891  8900
TBILIS 1986 11 25 1  8889  8876  8913  8935  8966  8907  8889  8913  8883  8890  8873  8876
TBILIS 1986 11 25 2  8900  8973  8900  8906  8930  8951  8958  8943  8901  8919  8916  8865
TBILIS 1986 11 26 1  8899  8866  8867  8881  8855  8871  8879  8893  8886  8848  8860  8914
TBILIS 1986 11 26 2  8910  8880  8916  8878  8917  8892  8893  8876  8913  8929  8899  8872
TBILIS 1986 11 27 1  8876  8915  8881  8885  8885  8857  8856  8840  8847  8878  8857  8847
TBILIS 1986 11 27 2  8872  8871  8890  8888  8856  8877  8895  8920  8877  8910  8919  8918
TBILIS 1986 11 28 1  8908  8913  8916  8894  8891  8829  8863  8864  8894  8915  8926  8897
TBILIS 1986 11 28 2  8904  8922  8887  8939  8906  8931  8909  8909  8924  8910  8904  8890
TBILIS 1986 11 29 1  8905  8895  8873  8882  8884  8894  8891  8866  8933  8869  8851  8891
TBILIS 1986 11 29 2  8866  8859  8864  8934  8893  8934  8902  8877  8915  8968  8966  8939
TBILIS 1986 11 30 1  8909  8902  8920  8916  8919  8899  8868  8873  8886  8893  8908  8872
TBILIS 1986 11 30 2  8904  8879  8932  8952  8962  8934  8962  8964  8970  8985  8984  8934
TBILIS 1986 11 31 1 99999 99999 99999 99999 99999 99999 99999 99999 99999 99999 99999 99999
TBILIS 1986 11 31 2 99999 99999 99999 99999 99999 99999 99999 99999 99999 99999 99999 99999
Cosmic-Ray Neutron Monitor Data (Hourly, Pressure-Corrected and Scale-Adjusted Counts)
Collections: WDC for Cosmic Rays, Solar-Terrestrial Environment Laboratory, Nagoya Univ.
Data Access: http://center.stelab.nagoya-u.ac.jp/WDCCR/index.html
Project: ICSU WDC
Citation: WDC for Cosmic Rays, Solar-Terrestrial Environment Laboratory, Nagoya University
Station ID: TBILIS
Station:  TBILISI,GIORGIA,INSTITUT GEOPHYSIKY (IG), GIORGIAN ACADEMY OF SCIENCES,GIORGIA 
Instrument: 18-NM-64 NEUTRON MONITOR, CORRECTED FOR PRESSURE TO 950.0 MB, COEF. = -0.69 %/MB
Latitude (deg.):   41.72  Longitude (deg.):   44.80  Altitude (m):  510.00
Cut-Off Rigidity (GV):    6.66
Year: 1986  Month:  12
Scaling Factor (SF):    64.0   Constant (CONST):     0.0  Real Counts = (DATA + CONST)*SF
Temporal Resolution: 1 hour
UTC Start Hour:     0.0
EFFICIENCY = 100.0 %, FILE WAS PREPARED IN WDC B2                               
                                                        
Monthly Average:  8953.9
Updated (YYYY MM DD): 1989 02 03
*******************************************************************************************
ID     YYYY MM DD 1     0     1     2     3     4     5     6     7     8     9    10    11
ID     YYYY MM DD 2    12    13    14    15    16    17    18    19    20    21    22    23
*******************************************************************************************
TBILIS 1986 12 01 1  8940  8924  8955  8968  8952  8898  8903  8928  8909  8942  8970  8950
TBILIS 1986 12 01 2  8860  8901  8891  8930  8948  8932  8948  8919  8951  8938  8921  8936
TBILIS 1986 12 02 1  8945  8917  8935  8956  8908  8906  8930  8898  8913  8938  8934  8963
TBILIS 1986 12 02 2  8947  8944  8944  8950  8950  8959  8956  8987  8965  8980  8991  8967
TBILIS 1986 12 03 1  8982  8966  8984  8988  8957  8970  8901  8943  8969  8963  9046  8989
TBILIS 1986 12 03 2  9036  9035  9011  9022  9002  8949  8997  9015  9039  9033  9064  9059
TBILIS 1986 12 04 1  9028  9081  9079  8977  9010  9050  8975  8909  8913  8910  8924  8900
TBILIS 1986 12 04 2  8906  8924  8855  8860  8905  8884  8888  8866  8835  8878  8858  8863
TBILIS 1986 12 05 1  8857  8839  8820  8869  8885  8883  8906  8880  8878  8831  8876  8899
TBILIS 1986 12 05 2  8895  8801  8782  8773  8782  8770  8793  8811  8790  8810  8827  8799
TBILIS 1986 12 06 1  8856  8873  8890  8986  8971  8922  8939  8926  8877  8838  8826  8884
TBILIS 1986 12 06 2  8891  8907  8854  8823  8872  8870  8820  8838  8858  8827  8843  8820
TBILIS 1986 12 07 1  8882  8836  8841  8852  8844  8844  8882  8840  8862  8929  8940  8934
TBILIS 1986 12 07 2  8973  8960  8955  8946  8933  8903  8961  8941  8916  8934  8921  8912
TBILIS 1986 12 08 1  8872  8871  8928  8912  8874  8888  8890  8858  8898  8892  8939  8922
TBILIS 1986 12 08 2  8923  8912  8936  8937  8914  8910  8940  8977  8997  8958  8960  8978
TBILIS 1986 12 09 1  8955  8959  8939  8966  8951  8954  8917  8906  8924  8907  8924  8961
TBILIS 1986 12 09 2  8948  8928  8887  8948  8935  8979  8920  8939  8926  8952  8968  8941
TBILIS 1986 12 10 1  8942  8942  8961  8951  8950  8938  8955  8905  8949  8928  8935  8935
TBILIS 1986 12 10 2  8894  8919  8953  8928  8939  8971  8975  8974  8985  8970  9009  8965
TBILIS 1986 12 11 1  8939  8995  9008  8935  8987  8958  8925  8902  8935  8956  8960  8995
TBILIS 1986 12 11 2  8996  9016  8993  8988  8976  8997  8975  8971  8984  9004  8988  8956
TBILIS 1986 12 12 1  8929  8960  8983  8924  8934  8939  8942  8944  8908  8964  8913  8912
TBILIS 1986 12 12 2  8916  8900  8914  8912  8914  8926  8970  8959  8989  8964  8996  8965
TBILIS 1986 12 13 1  8967  8987  8971  8961  8953  8941  8975  8941  9024  9037  9035  9035
TBILIS 1986 12 13 2  9029  9051  9013  9016  8990  9022  8987  8992  8965  8999  8967  8989
TBILIS 1986 12 14 1  8997  8996  8965  8966  8992  8979  8952  8894  8925  8931  8956  8977
TBILIS 1986 12 14 2  8952  8986  8946  8985  8958  8957  8956  8946  8976  8997  8955  8964
TBILIS 1986 12 15 1  8951  8961  8945  8953  8947  8956  8963  8923  8944  8933  8966  8963
TBILIS 1986 12 15 2  8963  8981  8924  8961  8942  8939  8902  8907  8900  8948  8938  8898
TBILIS 1986 12 16 1  8939  8926  8882  8926  8909  8925  8945  8911  8896  8929  8933  8908
TBILIS 1986 12 16 2  8889  8939  8959  8929  8967  8948  8987  8965  8972  8965  8964  8932
TBILIS 1986 12 17 1  8965  8980  8960  8941  8926  8949  8902  8896  8933  8924  8935  8936
TBILIS 1986 12 17 2  8939  8915  8975  8945  8972  8968  8964  8935  8997  8954  8965  8924
TBILIS 1986 12 18 1  8960  8916  8934  8919  8931  8904  8930  8917  8966  9006  8999  9006
TBILIS 1986 12 18 2 99999 99999 99999 99999 99999 99999 99999 99999 99999 99999 99999 99999
TBILIS 1986 12 19 1 99999 99999 99999 99999 99999 99999 99999  8959  8955  9030  8978  8998
TBILIS 1986 12 19 2  9006  8981  9006  9016  8989  8988  8988  9032  9008  8998  9004  8993
TBILIS 1986 12 20 1  8978  8987  8995  8983  8990  8961  8954  8969  8947  8989  9009  8991
TBILIS 1986 12 20 2  9006  8985  9035  9038  9002  9031  9039  9002  9026  8991  9003  8997
TBILIS 1986 12 21 1  8968  9025  9021  8990  9022  8972  9013  9009  9015  9062  9009  9026
TBILIS 1986 12 21 2  9009  8973  8980  8991  8977  8988  9007  9040  8993  8942  8992  8968
TBILIS 1986 12 22 1  8980  8966  8941  8940  8916  8940  8925  8943  8937  8986  8987  8946
TBILIS 1986 12 22 2  8959  8966  9003  9033  9012  8998  9010  8972  8977  8949  8951  8939
TBILIS 1986 12 23 1  8946  8934  8921  8896  8906  8862  8896  8893  8919  8911  8965  9001
TBILIS 1986 12 23 2  8937  8983  8969  8957  8972  8947  8949  8941  8937  8931  8903  8907
TBILIS 1986 12 24 1  8934  8942  8938  8950  8948  8949  8943  8889  8911  8895  8885  8916
TBILIS 1986 12 24 2  8912  8925  8910  8913  8880  8889  8915  8906  8935  8925  8978  8938
TBILIS 1986 12 25 1  8950  8905  8934  8901  8942  8938  8943  8923  8929  8950  8917  8920
TBILIS 1986 12 25 2  8890  8919  8959  8942  8980  8933  8970  8930  8940  8907  8972  8927
TBILIS 1986 12 26 1  8949  8940  8928  8898  8906  8889  8877  8919  8902  8933  8916  8937
TBILIS 1986 12 26 2  8986  8970  8946  8978  8988  8979  8995  9010  9015  9008  9017  9046
TBILIS 1986 12 27 1  9062  9023  9036  9021  9042  9036  9060  9022  9048  9112  9094  9112
TBILIS 1986 12 27 2  9117  9087  9088  9143  9138  9121  9117  9094  9116  9089  9089  9092
TBILIS 1986 12 28 1  9113  9056  9069  9054  8991  9017  8999  8955  8915  8979  8968  8971
TBILIS 1986 12 28 2  8990  9026  9039  8991  8994  8975  8978  8954  8969  8959  8981  8950
TBILIS 1986 12 29 1  8993  8982  8966  8988  8960  8970  8983  8947  9005  8989  9027  9015
TBILIS 1986 12 29 2  9022  9010  8985  9007  8987  9008  9051 99999 99999 99999 99999 99999
TBILIS 1986 12 30 1 99999 99999 99999 99999 99999 99999 99999 99999 99999 99999 99999 99999
TBILIS 1986 12 30 2  9146  9112  9080  9021  9010  8998  8989  8975  8988  8999  9002  8999
TBILIS 1986 12 31 1  8954  8932  8930  8915  8952  8931  8925  8961  8938  8982  9045  9059
TBILIS 1986 12 31 2  9067  9038  9069  8982  8985  8955  8924  8899  8904  8873  8895  8888
