Cosmic-Ray Neutron Monitor Data (Hourly, Pressure-Corrected and Scale-Adjusted Counts)
Collections: WDC for Cosmic Rays, Solar-Terrestrial Environment Laboratory, Nagoya Univ.
Data Access: http://center.stelab.nagoya-u.ac.jp/WDCCR/index.html
Project: ICSU WDC
Citation: WDC for Cosmic Rays, Solar-Terrestrial Environment Laboratory, Nagoya University
Station ID: TBILIS
Station:  TBILISI,GIORGIA,INSTITUT GEOPHYSIKY (IG), GIORGIAN ACADEMY OF SCIENCES,GIORGIA 
Instrument: 18-NM-64 NEUTRON MONITOR, CORRECTED FOR PRESSURE TO 950.0 MB, COEF. = -0.69 %/MB
Latitude (deg.):   41.72  Longitude (deg.):   44.80  Altitude (m):  510.00
Cut-Off Rigidity (GV):    6.66
Year: 1981  Month:   1
Scaling Factor (SF):    64.0   Constant (CONST):     0.0  Real Counts = (DATA + CONST)*SF
Temporal Resolution: 1 hour
UTC Start Hour:     0.0
                                                                                
                                                        
Monthly Average:  8359.5
Updated (YYYY MM DD): 1986 01 10
*******************************************************************************************
ID     YYYY MM DD 1     0     1     2     3     4     5     6     7     8     9    10    11
ID     YYYY MM DD 2    12    13    14    15    16    17    18    19    20    21    22    23
*******************************************************************************************
TBILIS 1981 01 01 1  8156  8198  8208  8256  8189  8166  8198  8175  8211  8272  8281  8295
TBILIS 1981 01 01 2  8261  8231  8268  8293  8248  8278  8328  8266  8304  8332  8324  8344
TBILIS 1981 01 02 1  8295  8328  8340  8325  8273  8248  8289  8246  8298  8334  8352  8383
TBILIS 1981 01 02 2  8400  8407  8399  8378  8387  8375  8370  8365  8349  8344  8281  8328
TBILIS 1981 01 03 1  8351  8344  8365  8327  8317  8393  8417  8334  8351  8379  8413  8393
TBILIS 1981 01 03 2  8399  8436  8387  8380  8395  8378  8395  8334  8349  8333  8345  8304
TBILIS 1981 01 04 1  8310  8333  8358  8332  8398  8373  8353  8332  8349  8347  8378  8388
TBILIS 1981 01 04 2  8306  8271  8310  8290  8257  8320  8257  8299  8278  8243  8234  8237
TBILIS 1981 01 05 1  8251  8247  8251  8258  8274  8325  8315  8295  8307  8284  8338  8307
TBILIS 1981 01 05 2  8365  8336  8326  8330  8306  8350  8384  8338  8279  8368  8335  8285
TBILIS 1981 01 06 1  8284  8296  8312  8305  8324  8307  8274  8269  8300  8343  8340  8363
TBILIS 1981 01 06 2  8349  8419  8397  8416  8373  8401  8406  8393  8382  8396  8374  8348
TBILIS 1981 01 07 1  8364  8372  8373  8402  8416  8410  8419  8388  8351  8397  8357  8411
TBILIS 1981 01 07 2  8379  8439 99999 99999 99999  8414  8392  8321  8365  8304  8346  8297
TBILIS 1981 01 08 1  8297  8336  8339  8305  8350  8316  8346  8350  8355  8404  8396  8409
TBILIS 1981 01 08 2  8429  8413  8387  8340  8351  8368  8360  8314  8326  8346  8342  8341
TBILIS 1981 01 09 1  8305  8328  8334  8343  8415  8358  8344  8366  8341  8330  8383  8369
TBILIS 1981 01 09 2  8372  8358  8366  8385  8413  8411  8410  8386  8382  8358  8370  8362
TBILIS 1981 01 10 1  8400  8415  8436  8396  8358  8378  8350  8343  8360  8400  8423  8409
TBILIS 1981 01 10 2  8394  8431  8374  8391  8358  8398  8413  8456  8443  8432  8439  8432
TBILIS 1981 01 11 1  8443  8443  8403  8420  8417  8407  8402  8384  8389  8433  8446  8429
TBILIS 1981 01 11 2  8411  8439  8460  8459  8452  8428  8430  8447  8453  8482  8490  8425
TBILIS 1981 01 12 1  8445  8353  8384  8384  8425  8432  8435  8427  8442  8386  8415  8424
TBILIS 1981 01 12 2  8430  8418  8440  8417  8396  8389  8427  8384  8390  8384  8401  8357
TBILIS 1981 01 13 1  8321  8311  8383  8360  8379  8365  8361  8369  8387  8431  8384  8353
TBILIS 1981 01 13 2  8321  8354  8428  8388  8408  8444  8453  8430  8376  8369  8355  8352
TBILIS 1981 01 14 1  8340  8342  8313  8348  8338  8380  8394  8471  8456  8471  8445  8412
TBILIS 1981 01 14 2  8458  8436  8425  8412  8425  8380  8397  8352  8366  8364  8360  8444
TBILIS 1981 01 15 1  8353  8363  8378  8345  8393  8379  8375  8354  8339  8336  8405  8354
TBILIS 1981 01 15 2  8380  8378  8354  8383  8419  8372  8368  8360  8409  8372  8403  8373
TBILIS 1981 01 16 1  8390  8387  8386  8357  8336  8351  8344  8350  8377  8347  8370  8409
TBILIS 1981 01 16 2  8402  8413  8397  8390  8334  8343  8339  8386  8358  8380  8357  8355
TBILIS 1981 01 17 1  8309  8367  8369  8336  8322  8366  8340  8344  8350  8346  8350  8329
TBILIS 1981 01 17 2  8335  8416  8371  8422  8388  8378  8385  8385  8356  8355  8294  8284
TBILIS 1981 01 18 1  8284  8303  8287  8322  8372  8364  8363  8343  8378  8374  8420  8416
TBILIS 1981 01 18 2  8387  8401  8397  8385  8385  8373  8374  8375  8374  8387  8356  8382
TBILIS 1981 01 19 1  8355  8385  8368  8447  8443  8392  8378  8360  8344  8366  8363  8378
TBILIS 1981 01 19 2  8356  8401  8396  8392  8402  8373  8355  8334  8366  8315  8369  8367
TBILIS 1981 01 20 1  8318  8359  8350  8366  8390  8416  8422  8350  8339  8385  8385  8390
TBILIS 1981 01 20 2  8392  8356  8363  8408  8354  8396  8395  8394  8363  8366  8371  8334
TBILIS 1981 01 21 1  8360  8335  8361  8374  8346  8374  8361 99999 99999 99999 99999 99999
TBILIS 1981 01 21 2 99999 99999 99999 99999 99999 99999 99999 99999 99999 99999 99999 99999
TBILIS 1981 01 22 1 99999 99999 99999 99999 99999 99999 99999 99999 99999  8350  8340  8376
TBILIS 1981 01 22 2  8361  8392  8387  8360  8303  8376  8364  8323  8325  8320  8335  8346
TBILIS 1981 01 23 1  8254  8313  8312  8354  8347  8329  8348  8332  8365  8383  8405  8373
TBILIS 1981 01 23 2  8358  8370  8375  8385  8395  8371  8368  8346  8356  8384  8334  8407
TBILIS 1981 01 24 1  8375  8417  8425  8416  8388  8385  8371  8374  8432  8430  8427  8419
TBILIS 1981 01 24 2  8340  8409  8451  8369  8389  8399  8402  8386  8401  8397  8402  8425
TBILIS 1981 01 25 1  8439  8392  8357  8380  8400  8399  8409  8413  8398  8493  8465  8467
TBILIS 1981 01 25 2  8466  8418  8421  8418  8418  8399  8457  8378  8397  8347  8365  8369
TBILIS 1981 01 26 1  8360  8319  8365  8335  8399  8364  8368  8382  8378  8438  8440  8424
TBILIS 1981 01 26 2  8431  8432  8377  8360  8422  8339  8317  8285  8282  8276  8272  8288
TBILIS 1981 01 27 1  8339  8344  8278  8304  8382  8366  8389  8362  8341  8376  8412  8427
TBILIS 1981 01 27 2  8464  8410  8439  8403  8393  8403  8385  8367  8342  8344  8321  8356
TBILIS 1981 01 28 1  8285  8323  8312  8322  8357  8352  8384  8360  8408  8408  8485  8423
TBILIS 1981 01 28 2  8451  8439  8448  8448  8473  8409  8385  8382  8430  8419  8385  8406
TBILIS 1981 01 29 1  8368  8394  8415  8388  8453  8421  8474  8465  8462  8439  8466  8453
TBILIS 1981 01 29 2  8400  8385  8393  8373  8317  8350  8368  8335  8361  8377  8353  8390
TBILIS 1981 01 30 1  8364  8378  8363  8278  8263  8255  8227  8181  8218  8198  8200  8202
TBILIS 1981 01 30 2  8293  8287  8331  8318  8333  8314  8312  8290  8239  8194  8249  8228
TBILIS 1981 01 31 1  8240  8251  8238  8248  8205  8232  8201  8186  8135  8128  8190  8155
TBILIS 1981 01 31 2  8172  8177  8146  8172  8233  8235  8232  8222  8250  8242  8184  8273
Cosmic-Ray Neutron Monitor Data (Hourly, Pressure-Corrected and Scale-Adjusted Counts)
Collections: WDC for Cosmic Rays, Solar-Terrestrial Environment Laboratory, Nagoya Univ.
Data Access: http://center.stelab.nagoya-u.ac.jp/WDCCR/index.html
Project: ICSU WDC
Citation: WDC for Cosmic Rays, Solar-Terrestrial Environment Laboratory, Nagoya University
Station ID: TBILIS
Station:  TBILISI,GIORGIA,INSTITUT GEOPHYSIKY (IG), GIORGIAN ACADEMY OF SCIENCES,GIORGIA 
Instrument: 18-NM-64 NEUTRON MONITOR, CORRECTED FOR PRESSURE TO 950.0 MB, COEF. = -0.69 %/MB
Latitude (deg.):   41.72  Longitude (deg.):   44.80  Altitude (m):  510.00
Cut-Off Rigidity (GV):    6.66
Year: 1981  Month:   2
Scaling Factor (SF):    64.0   Constant (CONST):     0.0  Real Counts = (DATA + CONST)*SF
Temporal Resolution: 1 hour
UTC Start Hour:     0.0
                                                                                
                                                        
Monthly Average:  8235.6
Updated (YYYY MM DD): 1985 06 17
*******************************************************************************************
ID     YYYY MM DD 1     0     1     2     3     4     5     6     7     8     9    10    11
ID     YYYY MM DD 2    12    13    14    15    16    17    18    19    20    21    22    23
*******************************************************************************************
TBILIS 1981 02 01 1  8271  8246  8204  8188  8193  8171  8212  8182  8163  8183  8134  8157
TBILIS 1981 02 01 2  8199  8168  8175  8198  8164  8152  8163  8149  8221  8174  8142  8111
TBILIS 1981 02 02 1  8132  8079  8096  8102  8129  8080  8061  8098  8108  8142  8121  8096
TBILIS 1981 02 02 2  8195  8178  8153  8096  8180  8217  8285  8273  8265  8206  8221 99999
TBILIS 1981 02 03 1 99999 99999 99999 99999 99999  8182  8128  8104  8150  8192  8179  8031
TBILIS 1981 02 03 2  8004  8011  8022  8065  8085  8042  8070  8073  8063  8077  8093  8073
TBILIS 1981 02 04 1  7983  8085  8090  8124  8089  8095  8054  8073  8072  8068  8098  8073
TBILIS 1981 02 04 2  8131  8110  8108  8114  8110  8106  8136  8107  8143  8168  8140  8140
TBILIS 1981 02 05 1  8095  8111  8062  8111  8141  8075  8121  8107  8125  8134  8171 99999
TBILIS 1981 02 05 2 99999 99999 99999  8244  8291  8332  8289  8264  8201  8192  8209  8220
TBILIS 1981 02 06 1  8213  8205  8169 99999  8156  8189  8176  8177  8164  8161  8180  8198
TBILIS 1981 02 06 2  8132  8232  8243  8185  8236  8212  8259  8277  8276  8281  8238  8300
TBILIS 1981 02 07 1  8260  8230  8221  8189  8215  8172  8132  8159  8111  8084  8062  8103
TBILIS 1981 02 07 2  8095  8052  8016  8006  8034  8040  8068  8101  8116  8155  8177  8182
TBILIS 1981 02 08 1  8152  8202  8180  8165  8135 99999 99999  8185  8101  8107  8091 99999
TBILIS 1981 02 08 2 99999  8059  8105  8157  8122  8116  8097  8059  8170  8156  8170  8182
TBILIS 1981 02 09 1  8218  8202  8220  8208  8177  8315  8276  8337  8345  8349  8249  8219
TBILIS 1981 02 09 2  8206  8232  8233  8149  8122  8180  8164  8169  8163  8114  8160  8147
TBILIS 1981 02 10 1  8108  8143  8149  8164  8193  8159  8161  8170  8142  8210  8249  8214
TBILIS 1981 02 10 2  8179  8173  8202  8079  8160  8149  8153  8170  8121  8149  8120  8054
TBILIS 1981 02 11 1  8075  8041  8020  8012  8061  8122  8097  8141  8133  8159  8198  8166
TBILIS 1981 02 11 2  8144  8158  8164  8156  8221  8147  8158  8207  8194  8193  8156  8147
TBILIS 1981 02 12 1  8161  8168  8142  8158  8189  8219  8237  8244  8237  8207  8220  8236
TBILIS 1981 02 12 2 99999 99999 99999 99999  8221  8185  8196  8178  8208  8213  8223  8215
TBILIS 1981 02 13 1  8229  8236  8228  8218  8244  8275  8274  8279  8318  8320  8350  8326
TBILIS 1981 02 13 2  8313  8323  8305  8298  8272  8285  8255  8274  8303  8258  8225  8227
TBILIS 1981 02 14 1  8254  8256  8231  8213  8227  8280  8244  8309  8326  8329  8357  8289
TBILIS 1981 02 14 2  8338  8356  8380  8337  8299  8344  8315  8317  8320  8261  8306  8306
TBILIS 1981 02 15 1  8303  8321  8291  8327  8334  8350  8324  8331  8316  8372  8432  8339
TBILIS 1981 02 15 2  8329  8352  8368  8385  8396  8401  8398  8401  8357  8373  8395  8379
TBILIS 1981 02 16 1  8390  8359  8392  8373  8378  8384  8384  8379  8360  8402  8381  8403
TBILIS 1981 02 16 2  8385 99999 99999  8366  8376  8391  8362  8380  8374  8317  8375  8337
TBILIS 1981 02 17 1  8325  8343  8330  8346  8360  8355  8370  8375  8357  8327  8358  8377
TBILIS 1981 02 17 2  8347  8350  8362  8377  8372  8375  8403  8405  8401  8341  8385  8351
TBILIS 1981 02 18 1  8321  8323  8324  8330  8347  8344 99999 99999 99999 99999  8321  8352
TBILIS 1981 02 18 2  8384  8335 99999 99999 99999 99999  8358  8363  8404  8380  8390  8375
TBILIS 1981 02 19 1  8389  8330  8340  8393  8394  8402  8388  8391  8411  8378 99999 99999
TBILIS 1981 02 19 2  8383  8375  8356  8360  8394  8379  8375  8410  8411  8359  8325  8302
TBILIS 1981 02 20 1  8352  8322  8313  8304  8293  8375  8322  8336 99999 99999 99999 99999
TBILIS 1981 02 20 2 99999 99999 99999 99999  8382  8372  8377  8353  8343  8299  8330  8322
TBILIS 1981 02 21 1  8274  8335  8318  8358  8347  8346  8370  8330  8303  8308  8346  8328
TBILIS 1981 02 21 2  8342  8338  8296  8272  8274  8272  8259  8250  8219  8227  8250  8262
TBILIS 1981 02 22 1  8317  8272  8244  8216  8207  8276  8303  8258  8237  8227  8268  8241
TBILIS 1981 02 22 2  8261  8305  8284  8273  8283  8281  8314  8296  8313  8334  8310  8327
TBILIS 1981 02 23 1  8288  8214  8253  8236  8276  8275  8291  8278  8316  8345  8388  8406
TBILIS 1981 02 23 2  8387  8417  8379  8368  8374  8330  8308  8269  8213  8216  8159  8144
TBILIS 1981 02 24 1  8173  8178  8258  8227  8248  8158  8176  8250 99999 99999 99999 99999
TBILIS 1981 02 24 2 99999 99999 99999 99999 99999 99999 99999 99999 99999 99999 99999 99999
TBILIS 1981 02 25 1 99999 99999 99999 99999 99999 99999  8366  8384  8360  8344  8402  8367
TBILIS 1981 02 25 2  8392  8365  8360  8291  8314  8256  8269  8297  8233  8231  8223  8196
TBILIS 1981 02 26 1  8191  8191  8196  8197  8217  8256  8237  8293  8298  8243  8235  8262
TBILIS 1981 02 26 2  8235  8245  8184  8223  8216  8251  8273  8296  8260  8216  8231  8166
TBILIS 1981 02 27 1  8184  8172  8175  8141  8125  8126  8154  8175  8142  8172  8187  8174
TBILIS 1981 02 27 2  8189  8204  8207  8173  8209  8233  8185  8188  8150  8133  8177  8171
TBILIS 1981 02 28 1  8161  8161  8189  8173  8178  8096  8157  8188  8221  8205  8258  8225
TBILIS 1981 02 28 2  8247  8253  8249  8249  8271  8255  8248  8206  8217  8195  8232  8209
TBILIS 1981 02 29 1 99999 99999 99999 99999 99999 99999 99999 99999 99999 99999 99999 99999
TBILIS 1981 02 29 2 99999 99999 99999 99999 99999 99999 99999 99999 99999 99999 99999 99999
TBILIS 1981 02 30 1 99999 99999 99999 99999 99999 99999 99999 99999 99999 99999 99999 99999
TBILIS 1981 02 30 2 99999 99999 99999 99999 99999 99999 99999 99999 99999 99999 99999 99999
TBILIS 1981 02 31 1 99999 99999 99999 99999 99999 99999 99999 99999 99999 99999 99999 99999
TBILIS 1981 02 31 2 99999 99999 99999 99999 99999 99999 99999 99999 99999 99999 99999 99999
Cosmic-Ray Neutron Monitor Data (Hourly, Pressure-Corrected and Scale-Adjusted Counts)
Collections: WDC for Cosmic Rays, Solar-Terrestrial Environment Laboratory, Nagoya Univ.
Data Access: http://center.stelab.nagoya-u.ac.jp/WDCCR/index.html
Project: ICSU WDC
Citation: WDC for Cosmic Rays, Solar-Terrestrial Environment Laboratory, Nagoya University
Station ID: TBILIS
Station:  TBILISI,GIORGIA,INSTITUT GEOPHYSIKY (IG), GIORGIAN ACADEMY OF SCIENCES,GIORGIA 
Instrument: 18-NM-64 NEUTRON MONITOR, CORRECTED FOR PRESSURE TO 950.0 MB, COEF. = -0.69 %/MB
Latitude (deg.):   41.72  Longitude (deg.):   44.80  Altitude (m):  510.00
Cut-Off Rigidity (GV):    6.66
Year: 1981  Month:   3
Scaling Factor (SF):    64.0   Constant (CONST):     0.0  Real Counts = (DATA + CONST)*SF
Temporal Resolution: 1 hour
UTC Start Hour:     0.0
                                                                                
                                                        
Monthly Average:  8250.1
Updated (YYYY MM DD): 1986 01 10
*******************************************************************************************
ID     YYYY MM DD 1     0     1     2     3     4     5     6     7     8     9    10    11
ID     YYYY MM DD 2    12    13    14    15    16    17    18    19    20    21    22    23
*******************************************************************************************
TBILIS 1981 03 01 1  8242  8250  8255  8278  8246  8289  8307  8276  8238  8243  8280  8272
TBILIS 1981 03 01 2  8272  8294  8238  8231  8178  8138  8132  8146  8090  8122  8136  8201
TBILIS 1981 03 02 1  8165  8150  8123  8071  8109  8076  7974  8029  7984  7923  7926  7917
TBILIS 1981 03 02 2  7978  7985  8004  8016  8018  8064  8009  8042  8068  7997  8029  8073
TBILIS 1981 03 03 1  8080  8039  8025  8001  8021  8007  8009  8005  7970  7959  8010  8006
TBILIS 1981 03 03 2  7955  7951  7956  7950  7945  7922  7962  7964  7946  7951  7945  7940
TBILIS 1981 03 04 1  7967  7963  8009  7998  8015  8019  8022  8023  8038  8015  8021  7984
TBILIS 1981 03 04 2  7977  8003  8051  8018  8068  8029  8019  8027  8060  8031  8060  8027
TBILIS 1981 03 05 1  8056  8086  8082  8039  8023  8031  7971  7998  8009  7988  8012  8078
TBILIS 1981 03 05 2  8131  8167  8121  8181  8172  8240  8185  8103  8094  8046  8023  8050
TBILIS 1981 03 06 1  8051  8038  8033  8016  8018  7997  7995 99999 99999 99999 99999 99999
TBILIS 1981 03 06 2 99999 99999 99999 99999 99999 99999 99999 99999 99999  7968  7944  7989
TBILIS 1981 03 07 1  8042  8011  8000  8065  8018  8081  8009  7962  7997  7987  8011  7981
TBILIS 1981 03 07 2  8040  8038 99999 99999  8087  8086  8115 99999 99999 99999  8043  8070
TBILIS 1981 03 08 1  8068  8105  8121  8078  8098  8065  8047  8063  8091  8113  8139  8117
TBILIS 1981 03 08 2  8106  8085  8094  8068  8134  8146  8139  8119  8109  8078  8099  8107
TBILIS 1981 03 09 1  8113  8117  8115  8123  8174  8171  8135  8177  8153  8179  8218  8288
TBILIS 1981 03 09 2  8259  8259  8228  8272  8208  8244  8257  8193  8187  8173  8190  8179
TBILIS 1981 03 10 1  8150  8180  8215  8190  8232 99999 99999  8215  8177  8247  8229  8250
TBILIS 1981 03 10 2  8259  8281  8289  8320  8293  8287  8298  8258  8311  8318  8290  8283
TBILIS 1981 03 11 1  8337  8312  8278  8288  8300  8282  8303  8317  8342  8379  8404  8380
TBILIS 1981 03 11 2  8368  8385  8360  8398  8319  8353  8356  8382  8354  8299  8322  8302
TBILIS 1981 03 12 1  8358  8343  8306  8370  8349  8332  8328  8354  8366  8325  8362  8428
TBILIS 1981 03 12 2  8420  8445  8431  8433  8381  8406  8404  8324  8357  8385  8352  8290
TBILIS 1981 03 13 1  8356  8338  8335  8360  8319  8328  8306  8314  8288  8289  8248  8272
TBILIS 1981 03 13 2  8278  8313  8420  8384  8346  8392  8441  8350  8369  8372  8372  8350
TBILIS 1981 03 14 1  8356  8327  8310  8260  8283  8258  8247  8211  8235  8250  8234  8251
TBILIS 1981 03 14 2  8304  8287  8309  8328  8245  8288  8298  8349  8359  8350  8384  8330
TBILIS 1981 03 15 1  8323  8331  8347  8339  8305  8321  8283  8283  8292  8326  8370  8318
TBILIS 1981 03 15 2  8375  8356  8331  8241  8236  8296  8357  8324  8335  8305  8300  8319
TBILIS 1981 03 16 1  8290  8282  8261  8260  8250  8235  8226  8200  8252  8206  8238  8233
TBILIS 1981 03 16 2  8196  8217  8222  8205  8234  8253  8238  8300  8288  8281  8274  8296
TBILIS 1981 03 17 1  8261  8230  8227  8195  8213  8144  8175  8232  8258  8266  8258  8238
TBILIS 1981 03 17 2  8224  8245  8224  8284  8299  8292  8278  8296  8294  8299  8289  8206
TBILIS 1981 03 18 1  8236  8258  8232  8269  8267  8280  8262  8300  8249  8261  8269  8337
TBILIS 1981 03 18 2  8292  8309  8276  8240  8261  8316  8361  8268  8287  8305  8228  8268
TBILIS 1981 03 19 1  8264  8296  8285  8265  8272  8313  8314  8319  8316  8335  8376  8339
TBILIS 1981 03 19 2  8366  8342  8341  8339  8333  8361  8369  8393  8375  8369  8372  8356
TBILIS 1981 03 20 1  8363  8399  8336  8376  8375  8351  8370  8368  8333  8404  8455  8441
TBILIS 1981 03 20 2  8412  8384  8440  8416  8459  8438  8451  8476  8473  8436  8412  8382
TBILIS 1981 03 21 1  8411  8423  8410  8416  8447  8435  8439  8403  8434  8400  8413  8429
TBILIS 1981 03 21 2  8425  8414  8428  8370  8356  8394  8366  8394  8384  8375  8328  8381
TBILIS 1981 03 22 1  8359  8367  8376  8374  8398  8357  8379  8381  8448  8388  8405  8347
TBILIS 1981 03 22 2  8387  8393  8381  8406  8419  8355  8388  8390  8412  8434  8354  8343
TBILIS 1981 03 23 1  8353  8350  8356  8350  8381  8393  8400  8365  8398  8458  8420  8418
TBILIS 1981 03 23 2  8415  8451  8428  8443  8410  8437  8395  8380  8386  8396  8397  8392
TBILIS 1981 03 24 1  8399  8385  8385  8363  8379  8358  8394  8400  8393  8420  8443  8426
TBILIS 1981 03 24 2  8426  8408  8414  8414  8415  8414  8408  8401  8416  8401  8359  8354
TBILIS 1981 03 25 1  8374  8351  8333  8378  8391  8400  8381  8396  8413  8430  8468  8465
TBILIS 1981 03 25 2  8435  8477  8486  8450  8440  8413  8370  8426  8401  8364  8315  8337
TBILIS 1981 03 26 1  8279  8267  8251  8264  8231  8219  8202  8148  8159  8195  8187  8153
TBILIS 1981 03 26 2  8218  8226  8212  8230  8238  8268  8280  8275  8280  8300  8269  8269
TBILIS 1981 03 27 1  8241  8249  8207  8253  8206  8181  8199  8197  8170  8183  8177  8159
TBILIS 1981 03 27 2  8170  8178  8220  8219  8234  8282  8268  8286  8281  8283  8269  8218
TBILIS 1981 03 28 1  8286  8268  8271  8260  8233  8205  8212  8212  8215  8204  8222  8242
TBILIS 1981 03 28 2  8208  8222  8225  8168  8158  8239  8187  8178  8196  8165  8170 99999
TBILIS 1981 03 29 1  8179  8180  8183  8226  8208  8181  8229  8160  8228  8208  8247 99999
TBILIS 1981 03 29 2  8319  8311  8279  8285  8240  8265  8288  8260  8286  8292  8243  8248
TBILIS 1981 03 30 1  8271  8220  8288  8258  8260  8216  8265  8201  8236  8303  8314  8303
TBILIS 1981 03 30 2  8292  8354  8351  8249  8249  8270  8281  8277  8258  8223  8273  8304
TBILIS 1981 03 31 1  8276  8316  8304  8316  8357  8299  8299  8321  8266  8314  8284  8284
TBILIS 1981 03 31 2  8307  8287  8264  8330  8344  8325  8327  8323  8325  8305  8299  8309
Cosmic-Ray Neutron Monitor Data (Hourly, Pressure-Corrected and Scale-Adjusted Counts)
Collections: WDC for Cosmic Rays, Solar-Terrestrial Environment Laboratory, Nagoya Univ.
Data Access: http://center.stelab.nagoya-u.ac.jp/WDCCR/index.html
Project: ICSU WDC
Citation: WDC for Cosmic Rays, Solar-Terrestrial Environment Laboratory, Nagoya University
Station ID: TBILIS
Station:  TBILISI,GIORGIA,INSTITUT GEOPHYSIKY (IG), GIORGIAN ACADEMY OF SCIENCES,GIORGIA 
Instrument: 18-NM-64 NEUTRON MONITOR, CORRECTED FOR PRESSURE TO 950.0 MB, COEF. = -0.69 %/MB
Latitude (deg.):   41.72  Longitude (deg.):   44.80  Altitude (m):  510.00
Cut-Off Rigidity (GV):    6.66
Year: 1981  Month:   4
Scaling Factor (SF):    64.0   Constant (CONST):     0.0  Real Counts = (DATA + CONST)*SF
Temporal Resolution: 1 hour
UTC Start Hour:     0.0
                                                                                
                                                        
Monthly Average:  8173.6
Updated (YYYY MM DD): 1985 06 17
*******************************************************************************************
ID     YYYY MM DD 1     0     1     2     3     4     5     6     7     8     9    10    11
ID     YYYY MM DD 2    12    13    14    15    16    17    18    19    20    21    22    23
*******************************************************************************************
TBILIS 1981 04 01 1  8304  8335  8296  8290  8269  8263  8314  8293  8312  8392  8378  8441
TBILIS 1981 04 01 2  8408  8376  8335  8353  8392  8391  8368  8395  8384  8381  8370  8396
TBILIS 1981 04 02 1  8338  8336  8333  8303  8285  8335  8312  8378  8402  8437  8409  8384
TBILIS 1981 04 02 2  8428  8434  8421  8390  8379  8405  8389  8365  8348  8308  8226  8200
TBILIS 1981 04 03 1  8250  8226  8247  8294  8347  8356  8290  8330  8337  8367  8325  8257
TBILIS 1981 04 03 2  8242  8261  8239  8180  8079  8121  8017  7972  7934  8006  8119  8049
TBILIS 1981 04 04 1  8098  8012  8031  8054  8040  8079  8063  8061  8057  8082  8124  8190
TBILIS 1981 04 04 2  8180  8196  8179  8074  8027  8018  8044  8062  8122  8068  8110  8121
TBILIS 1981 04 05 1  8122  8138  8123  8107  8074  8117  8101  8147  8157  8208  8217  8220
TBILIS 1981 04 05 2  8205  8217  8181  8184  8173  8175  8229  8195  8189  8200  8234  8235
TBILIS 1981 04 06 1  8246  8210  8196  8102  8122  8055  8149  8124  8173  8189  8197  8207
TBILIS 1981 04 06 2  8238  8252  8196  8176  8142  8133  8144  8095  8130  8170  8184  8144
TBILIS 1981 04 07 1  8171  8169  8098  8120  8158  8178  8142  8185  8216 99999 99999 99999
TBILIS 1981 04 07 2 99999 99999  8220  8222  8255  8211  8173  8167  8120  8155  8186  8190
TBILIS 1981 04 08 1  8164  8230  8145  8127  8153  8149  8129  8163  8166  8228  8217  8208
TBILIS 1981 04 08 2  8129  8117  8085  8113  8035  8091  8048  8037  8071  8091  8111  8068
TBILIS 1981 04 09 1  8085  8119  8046  8095  8040  8087  8085  8157  8148  8094  8113  8135
TBILIS 1981 04 09 2  8131  8115  8148  8102  8113  8093  8116  8082  8028  8092  8102  8102
TBILIS 1981 04 10 1  8110  7991  8066  8090  8075  8088  8090  8110  8151  8138  8174  8208
TBILIS 1981 04 10 2  8130  8185  8150  8132  8118  8136  8160  8126  8137  8108  8105  8133
TBILIS 1981 04 11 1  8106  8095  8111  8101  8081  8145  8150  8193  8229  8267  8268  8202
TBILIS 1981 04 11 2  8235  8192  8277  8299  8261  8206  8199  8206  8194  8219  8193  8201
TBILIS 1981 04 12 1  8184  8210  8218  8166  8206  8185  8190  8172  8199  8194  8165  8170
TBILIS 1981 04 12 2  8207  8188  8148  8220  8188  8153  8147  8181  8181  8226  8178  8180
TBILIS 1981 04 13 1  8188  8168  8108  8184  8198  8239  8245  8271  8160  8168  8193  8208
TBILIS 1981 04 13 2  8245  8193  8164  8170  8133  8124  8187  8130  8109  8164  8170  8132
TBILIS 1981 04 14 1  8083  8095  8057  8096  8104  8071  8147  8110  8175  8124  8139  8179
TBILIS 1981 04 14 2  8150  8220  8204  8157  8173  8108  8171  8168  8138  8157  8177  8145
TBILIS 1981 04 15 1  8156  8126  8122  8118  8125  8118  8123  8070  8128  8161  8098  8160
TBILIS 1981 04 15 2  8166  8172  8154  8172  8154  8110  8054  8157  8130  8099  8050  8070
TBILIS 1981 04 16 1  8074  8051  7996  8011  7989  8037  8067  8108  8113  8146  8130  8210
TBILIS 1981 04 16 2  8134  8140  8136  8138  8150  8120  8148  8117  8147  8179  8094  8125
TBILIS 1981 04 17 1  8130  8152  8065  8054  8096  8068  8067  8054  8130  8155  8172  8178
TBILIS 1981 04 17 2  8159  8172  8159  8182  8167  8191  8157  8161  8166  8153  8178  8153
TBILIS 1981 04 18 1  8176  8159  8117  8112  8120  8150  8124  8103  8142  8175  8160  8163
TBILIS 1981 04 18 2  8128  8138  8142  8134  8075  8039  8050  8108  8125  8090  8069  8119
TBILIS 1981 04 19 1  8080  8074  8091  8092  8115  8138  8142  8126  8170  8122  8163  8147
TBILIS 1981 04 19 2  8191  8139  8145  8120  8159  8162  8186  8150  8126  8145  8158  8160
TBILIS 1981 04 20 1  8206  8270  8241  8233  8227  8165  8179  8175  8145  8166  8213  8236
TBILIS 1981 04 20 2  8221  8237  8174  8204  8126  8107  8174  8110  8160  8116  8085  8083
TBILIS 1981 04 21 1  8044  8081  8082  8099  8099  8043  8106  8127  8120  8173  8157  8202
TBILIS 1981 04 21 2  8168  8199  8120  8092  8053  8060  8090  8118  8099  8111  8132  8128
TBILIS 1981 04 22 1  8128  8101  8106  8077  8129  8155  8113  8117  8132  8149  8145  8171
TBILIS 1981 04 22 2  8145  8145  8158  8095  8125  8151  8150  8188  8199  8166  8184  8200
TBILIS 1981 04 23 1  8198  8190  8141  8124  8175  8172  8141  8157  8208  8253  8259  8243
TBILIS 1981 04 23 2  8256  8236  8175  8165  8188  8157  8188  8212  8185  8187  8206  8212
TBILIS 1981 04 24 1  8204  8151  8154  8155  8155  8161  8192  8127  8190  8184  8194  8205
TBILIS 1981 04 24 2  8212  8188  8187  8190  8174  8234  8210  8224  8221  8218  8226  8218
TBILIS 1981 04 25 1  8248  8186  8219  8171  8175  8190  8217  8201  8169  8236  8257  8210
TBILIS 1981 04 25 2  8166  8196  8197  8212  8208  8218  8282  8230  8250  8247  8233  8243
TBILIS 1981 04 26 1  8240  8223  8164  8233  8251  8251  8242  8247  8251  8237  8250  8292
TBILIS 1981 04 26 2  8264  8232  8192  8185  8213  8111  8126  8160  8174  8161  8195  8201
TBILIS 1981 04 27 1  8124  8148  8075  8095  8136  8108  8107  8130  8135  8201  8232  8249
TBILIS 1981 04 27 2  8203  8215  8137  8157  8127  8133  8136  8160  8141  8140  8111  8096
TBILIS 1981 04 28 1  8106  8127  8098  8122  8123  8115  8164  8188  8240  8269  8305  8368
TBILIS 1981 04 28 2  8331  8325  8294  8264  8174  8133  8115  8098  8086  8079  8115  8127
TBILIS 1981 04 29 1  8207  8159  8162  8161  8176  8201  8183  8222  8252  8285  8266  8303
TBILIS 1981 04 29 2  8308  8344  8295  8288  8276  8253  8291  8276  8287  8287  8304  8263
TBILIS 1981 04 30 1  8248  8237  8217  8244  8278  8289  8293  8272  8258  8237  8263  8265
TBILIS 1981 04 30 2  8227  8165  8185  8144  8128  8092  8133  8153  8111  8107  8133  8113
TBILIS 1981 04 31 1 99999 99999 99999 99999 99999 99999 99999 99999 99999 99999 99999 99999
TBILIS 1981 04 31 2 99999 99999 99999 99999 99999 99999 99999 99999 99999 99999 99999 99999
Cosmic-Ray Neutron Monitor Data (Hourly, Pressure-Corrected and Scale-Adjusted Counts)
Collections: WDC for Cosmic Rays, Solar-Terrestrial Environment Laboratory, Nagoya Univ.
Data Access: http://center.stelab.nagoya-u.ac.jp/WDCCR/index.html
Project: ICSU WDC
Citation: WDC for Cosmic Rays, Solar-Terrestrial Environment Laboratory, Nagoya University
Station ID: TBILIS
Station:  TBILISI,GIORGIA,INSTITUT GEOPHYSIKY (IG), GIORGIAN ACADEMY OF SCIENCES,GIORGIA 
Instrument: 18-NM-64 NEUTRON MONITOR, CORRECTED FOR PRESSURE TO 950.0 MB, COEF. = -0.69 %/MB
Latitude (deg.):   41.72  Longitude (deg.):   44.80  Altitude (m):  510.00
Cut-Off Rigidity (GV):    6.66
Year: 1981  Month:   5
Scaling Factor (SF):    64.0   Constant (CONST):     0.0  Real Counts = (DATA + CONST)*SF
Temporal Resolution: 1 hour
UTC Start Hour:     0.0
                                                                                
                                                        
Monthly Average:  8092.6
Updated (YYYY MM DD): 1985 06 17
*******************************************************************************************
ID     YYYY MM DD 1     0     1     2     3     4     5     6     7     8     9    10    11
ID     YYYY MM DD 2    12    13    14    15    16    17    18    19    20    21    22    23
*******************************************************************************************
TBILIS 1981 05 01 1  8121  8096  8103  8100  8050  8113  8114  8107  8116  8112  8115  8074
TBILIS 1981 05 01 2  8129  8082  8073  7999  8041  7999  8045  8020  8048  8052  8047  8031
TBILIS 1981 05 02 1  8027  8054  7974  7960  7992  8007  8010  8050  8051  8091  8110  8065
TBILIS 1981 05 02 2  8070  8034  7980  8022  8065  8045  8104  8084  8099  8056  8058  8077
TBILIS 1981 05 03 1  8062  8042  8053  8048  8082  8098  8124  8085  8090  8074  8092  8126
TBILIS 1981 05 03 2  8134  8112  8150  8098  8096  8122  8128  8149  8118  8147  8128  8150
TBILIS 1981 05 04 1  8163  8147  8182  8186  8178  8188  8166  8196  8216  8206  8259  8224
TBILIS 1981 05 04 2  8221  8227  8234  8249  8206  8197  8234  8241  8198  8194  8205  8192
TBILIS 1981 05 05 1  8191  8196  8181  8166  8184  8209  8201  8155  8222  8209  8229  8223
TBILIS 1981 05 05 2  8196  8178  8214  8180  8156  8130  8164  8112  8181  8155  8112  8147
TBILIS 1981 05 06 1  8148  8124  8162  8134  8170  8152  8176  8206  8247  8260  8229  8274
TBILIS 1981 05 06 2  8289  8233  8270  8219  8226  8197  8215  8219  8243  8242  8264  8276
TBILIS 1981 05 07 1  8274  8226  8251  8203  8213  8252  8266  8257  8277  8306  8328  8294
TBILIS 1981 05 07 2  8287  8288  8227  8248  8221  8204  8190  8211  8192  8232  8213  8227
TBILIS 1981 05 08 1  8230  8239  8203  8237  8210  8249  8256  8276  8218  8277  8311  8254
TBILIS 1981 05 08 2  8283  8288  8170  8182  8201  8183  8142  8178  8151  8148  8146  8177
TBILIS 1981 05 09 1  8183  8153  8182  8222  8301  8325  8292  8267  8333  8295  8274  8266
TBILIS 1981 05 09 2  8308  8224  8235  8228  8189  8293  8218  8320  8283  8243  8216  8243
TBILIS 1981 05 10 1  8250  8224  8255  8278  8239  8243  8237  8264  8229  8263  8190  8245
TBILIS 1981 05 10 2  8227  8277  8222  8260  8261  8245  8284  8306  8320  8364  8295  8325
TBILIS 1981 05 11 1  8347  8299  8182  8162  8166  8173  8147  8207  8206  8157  8180  8234
TBILIS 1981 05 11 2  8215  8107  8062  8064  8031  8016  8061  8124  8145  8150  8144  8132
TBILIS 1981 05 12 1  8139  8140  8121  8123  8092  8110  8099  8152  8154  8161  8168  8165
TBILIS 1981 05 12 2  8146  8082  8100  8163  8101  8158  8161  8173  8120  8142  8143  8110
TBILIS 1981 05 13 1  8072  8041  8031  8066  8106  8087  8116  8102  8075  8116  8116  8058
TBILIS 1981 05 13 2  8084  8104  8071  8022  8022  7980  8022  8037  8031  8035  8070  8079
TBILIS 1981 05 14 1  8078  8092  8071  8036  8050  8052  8013  8010  8030  8040  8080  8083
TBILIS 1981 05 14 2  8100  8066  8071  8022  8050  8001  8066  8073  8079  8135  8102  8152
TBILIS 1981 05 15 1  8132  8130  8119  8156  8184  8199  8114  8155  8146  8038  8013  8022
TBILIS 1981 05 15 2  8068  8011  7982  8055  8054  8052  8116  8114  8128  8083  8115  8012
TBILIS 1981 05 16 1  7992  7959  7904  7886  7901  7833  7890  7879  7919  7935  7919  7904
TBILIS 1981 05 16 2  7902  7867  7852  7871  7812  7807  7855  7866  7896  7887  7864  7822
TBILIS 1981 05 17 1  7798  7885  7847  7831  7829  7832  7822  7808  7844  7916  7949  7967
TBILIS 1981 05 17 2  7963  7997  7975  7989  8054  8015  7981  8053  8059  8086  8070  8012
TBILIS 1981 05 18 1  7899  7927  7912  7899  7749  7718  7720  7623  7582  7529  7543  7509
TBILIS 1981 05 18 2  7518  7558  7488  7511  7476  7512  7506  7566  7617  7637  7643  7655
TBILIS 1981 05 19 1  7599  7587  7631  7584  7613  7623  7592  7601  7599  7640  7673  7678
TBILIS 1981 05 19 2  7653  7651  7625  7668  7644  7687  7732  7760  7764  7775  7783  7760
TBILIS 1981 05 20 1  7749  7778  7707  7719  7727  7736  7708  7718  7761  7737  7747  7735
TBILIS 1981 05 20 2  7730  7723  7756  7689  7733  7728  7798  7782  7809  7890  7829  7830
TBILIS 1981 05 21 1  7840  7815  7821  7794  7793  7845  7798  7809  7796  7845  7890  7878
TBILIS 1981 05 21 2  7877  7892  7957  7949  7938  7957  7955  7931  8005  8002  8035  7976
TBILIS 1981 05 22 1  8005  7952  7996  7965  7914  7900  7941  7944  7991  7984  8040  8052
TBILIS 1981 05 22 2  8044  8059  8031  8037  8058  8081  8085  8117  8144  8086  8074  8057
TBILIS 1981 05 23 1  8025  7982  8003  7938  7929  7956  8021  8003  8024  8064  8058  8023
TBILIS 1981 05 23 2  8037  8061  8051  8043  8084  8075  8103  8064  8048  8038  8099  8067
TBILIS 1981 05 24 1  8090  8111  8074  8093  8099  8134  8150  8150  8184  8155  8192  8168
TBILIS 1981 05 24 2  8102  8122  8169  8108  8091  8061  8112  8083  8116  8150  8122  8128
TBILIS 1981 05 25 1  8115  8098  8125  8154  8109  8150  8149  8219  8260  8232  8185  8250
TBILIS 1981 05 25 2  8218  8210  8146  8097  8148  8174  8173  8161  8171  8116  8182  8131
TBILIS 1981 05 26 1  8151  8173  8109  8136  8176  8165  8157  8171  8198  8218  8218  8207
TBILIS 1981 05 26 2  8252  8224  8196  8170  8148  8143  8173  8137  8126  8195  8194  8240
TBILIS 1981 05 27 1  8253  8213  8212  8231  8237  8235  8242  8208  8175  8191  8242  8238
TBILIS 1981 05 27 2  8189  8148  8136  8153  8161  8160  8182  8247  8225  8183  8222  8176
TBILIS 1981 05 28 1  8202  8177  8155  8189  8180  8212  8269  8218  8238  8229  8260  8259
TBILIS 1981 05 28 2  8255  8270  8260  8236  8216  8243  8234  8255  8206  8255  8258  8277
TBILIS 1981 05 29 1  8233  8249  8266  8262  8240  8322  8282  8296  8314  8335  8372  8347
TBILIS 1981 05 29 2  8351  8322  8318  8326  8246  8278  8260  8322  8290  8297  8265  8309
TBILIS 1981 05 30 1  8278  8283  8299  8311  8295  8329  8319  8316  8358  8360  8319  8305
TBILIS 1981 05 30 2  8297  8264  8272  8234  8231  8236  8241  8274  8253  8272  8273  8278
TBILIS 1981 05 31 1  8266  8238  8225  8276  8248  8268  8282  8283  8314  8328  8318  8304
TBILIS 1981 05 31 2  8253  8280  8254  8207  8237  8196  8178  8189  8162  8191  8217  8198
Cosmic-Ray Neutron Monitor Data (Hourly, Pressure-Corrected and Scale-Adjusted Counts)
Collections: WDC for Cosmic Rays, Solar-Terrestrial Environment Laboratory, Nagoya Univ.
Data Access: http://center.stelab.nagoya-u.ac.jp/WDCCR/index.html
Project: ICSU WDC
Citation: WDC for Cosmic Rays, Solar-Terrestrial Environment Laboratory, Nagoya University
Station ID: TBILIS
Station:  TBILISI,GIORGIA,INSTITUT GEOPHYSIKY (IG), GIORGIAN ACADEMY OF SCIENCES,GIORGIA 
Instrument: 18-NM-64 NEUTRON MONITOR, CORRECTED FOR PRESSURE TO 950.0 MB, COEF. = -0.69 %/MB
Latitude (deg.):   41.72  Longitude (deg.):   44.80  Altitude (m):  510.00
Cut-Off Rigidity (GV):    6.66
Year: 1981  Month:   6
Scaling Factor (SF):    64.0   Constant (CONST):     0.0  Real Counts = (DATA + CONST)*SF
Temporal Resolution: 1 hour
UTC Start Hour:     0.0
                                                                                
                                                        
Monthly Average:  8266.4
Updated (YYYY MM DD): 1985 06 17
*******************************************************************************************
ID     YYYY MM DD 1     0     1     2     3     4     5     6     7     8     9    10    11
ID     YYYY MM DD 2    12    13    14    15    16    17    18    19    20    21    22    23
*******************************************************************************************
TBILIS 1981 06 01 1  8220  8180  8210  8181  8188  8230  8205  8227  8230  8224  8224  8214
TBILIS 1981 06 01 2  8185  8185  8174  8155  8156  8115  8166  8169  8199  8182  8163  8192
TBILIS 1981 06 02 1  8247  8209  8235  8212  8185  8202  8234  8199  8248  8257  8261  8236
TBILIS 1981 06 02 2  8251  8273  8245  8236  8240  8250  8304  8237  8277  8275  8259  8263
TBILIS 1981 06 03 1  8257  8312  8270  8227  8238  8234  8223  8245  8281  8287  8269  8285
TBILIS 1981 06 03 2  8230  8262  8274  8236  8256  8231  8298  8276  8285  8318  8320  8319
TBILIS 1981 06 04 1  8313  8316  8235  8263  8240  8232  8253  8317  8363  8330  8317  8317
TBILIS 1981 06 04 2  8341  8294  8344  8338  8276  8249  8272  8286  8283  8280  8274  8319
TBILIS 1981 06 05 1  8258  8275  8234  8286  8250  8271  8293  8263  8333  8295  8307  8322
TBILIS 1981 06 05 2  8306  8292  8306  8318  8274  8270  8265  8271  8243  8209  8252  8253
TBILIS 1981 06 06 1  8243  8248  8279  8312  8309  8337  8349  8371  8365  8361  8366  8341
TBILIS 1981 06 06 2  8344  8383  8375  8354  8350  8268  8283  8344  8273  8300  8316  8293
TBILIS 1981 06 07 1  8270  8305  8284  8278  8324  8411  8365  8374  8322  8311  8335  8339
TBILIS 1981 06 07 2  8266  8208  8192  8160  8199  8186  8222  8255  8292  8275  8264  8219
TBILIS 1981 06 08 1  8238  8237  8205  8199  8175  8211  8204  8225  8276  8281  8287  8289
TBILIS 1981 06 08 2  8296  8274  8281  8224  8215  8192  8217  8231  8245  8215  8236  8238
TBILIS 1981 06 09 1  8211  8193  8224  8210  8189  8233  8231  8215  8242  8259  8219  8271
TBILIS 1981 06 09 2  8251  8363  8264  8301  8279  8274  8251  8246  8221  8228  8247  8246
TBILIS 1981 06 10 1  8245  8254  8247  8208  8221  8226  8240  8250  8254  8293  8286  8276
TBILIS 1981 06 10 2  8271  8310  8274  8286  8262  8243  8258  8225  8216  8255  8263  8284
TBILIS 1981 06 11 1  8274  8321  8265  8294  8301  8309  8313  8303  8367  8331  8320  8358
TBILIS 1981 06 11 2  8361  8379  8287  8281  8313  8283  8251  8263  8281  8293  8293  8306
TBILIS 1981 06 12 1  8305  8304  8302  8290  8305  8306  8303  8302  8316  8330  8341  8375
TBILIS 1981 06 12 2  8357  8348  8324  8312  8293  8256  8259  8240  8257  8252  8281  8283
TBILIS 1981 06 13 1  8257  8268  8275  8278  8317  8301  8324  8292  8293  8360  8468  8331
TBILIS 1981 06 13 2  8331  8369  8309  8303  8353  8288  8323  8297  8293  8277  8264  8325
TBILIS 1981 06 14 1  8302  8292  8276  8299  8326  8304  8328  8361  8362  8382  8432  8391
TBILIS 1981 06 14 2  8408  8393  8341  8341  8381  8345  8342  8366  8391  8362  8378  8401
TBILIS 1981 06 15 1  8361  8393  8360  8357  8368  8380  8352  8353  8385  8425  8460  8432
TBILIS 1981 06 15 2  8496  8450  8460  8413  8453  8405  8437  8393  8450  8437  8376  8352
TBILIS 1981 06 16 1  8304  8360  8347  8363  8387  8359  8368  8351  8390  8438  8374  8375
TBILIS 1981 06 16 2  8385  8411  8352  8338  8341  8391  8361  8350  8323  8303  8218  8249
TBILIS 1981 06 17 1  8197  8229  8253  8222  8227  8286  8314  8337  8298  8269  8252  8231
TBILIS 1981 06 17 2  8220  8241  8195  8187  8160  8120  8172  8152  8201  8192  8186  8215
TBILIS 1981 06 18 1  8178  8169  8176  8162  8211  8228  8218  8272  8249  8287  8289  8293
TBILIS 1981 06 18 2  8262  8244  8249  8266  8226  8183  8138  8208  8202  8207  8205  8222
TBILIS 1981 06 19 1  8216  8227  8228  8201  8215  8219  8221  8240  8221  8253  8316  8324
TBILIS 1981 06 19 2  8304  8289  8268  8269  8262  8224  8248  8255  8265  8265  8278  8242
TBILIS 1981 06 20 1  8265  8280  8252  8230  8265  8253  8251  8285  8333  8312  8321  8353
TBILIS 1981 06 20 2  8313  8288  8301  8300  8295  8224  8286  8232  8252  8258  8215  8195
TBILIS 1981 06 21 1  8242  8197  8209  8225  8269  8249  8280  8299  8296  8315  8302  8289
TBILIS 1981 06 21 2  8254  8229  8207  8174  8123  8081  8121 99999 99999 99999 99999 99999
TBILIS 1981 06 22 1 99999 99999 99999 99999 99999 99999 99999  8176  8209  8245  8241  8219
TBILIS 1981 06 22 2  8208  8176  8163  8130  8146  8124  8109  8130  8174  8148  8168  8179
TBILIS 1981 06 23 1  8196  8204  8167  8191  8196  8257  8214  8275  8301  8287  8281  8337
TBILIS 1981 06 23 2  8279  8283  8262  8272  8231  8241  8223  8250  8214  8243  8247  8212
TBILIS 1981 06 24 1  8213  8177  8199  8194  8186  8173  8155  8170  8223  8296  8298  8293
TBILIS 1981 06 24 2  8313  8304  8258  8316  8275  8254  8289  8296  8313  8263  8255  8267
TBILIS 1981 06 25 1  8306  8278  8312  8339  8332  8360  8331  8311  8340  8366  8393  8349
TBILIS 1981 06 25 2  8360  8393  8393  8380  8356  8312  8285  8274  8316  8289  8339  8292
TBILIS 1981 06 26 1  8294  8282  8280  8264  8331  8337  8372  8346  8384  8390  8436  8415
TBILIS 1981 06 26 2  8394  8367  8351  8364  8295  8295  8258  8251  8197  8257  8224  8241
TBILIS 1981 06 27 1  8238  8200  8201  8218  8199  8245  8208  8235  8300  8301  8284  8298
TBILIS 1981 06 27 2  8316  8257  8208  8161  8204  8169  8188  8202  8163  8175  8159  8173
TBILIS 1981 06 28 1  8209  8157  8156  8147  8163  8158  8183  8196  8168  8191  8214  8191
TBILIS 1981 06 28 2  8181  8192  8175  8141  8141  8154  8159  8180  8182  8195  8191  8235
TBILIS 1981 06 29 1  8247  8183  8233  8222  8244  8252  8282  8276  8289  8247  8260  8285
TBILIS 1981 06 29 2  8335  8313  8256  8212  8209  8149  8176  8177  8195  8216  8230  8174
TBILIS 1981 06 30 1  8204  8201  8197  8222  8207  8228  8212  8166  8131  8156  8188  8187
TBILIS 1981 06 30 2  8158  8153  8140  8079  8131  8092  8074  8126  8115  8158  8132  8177
TBILIS 1981 06 31 1 99999 99999 99999 99999 99999 99999 99999 99999 99999 99999 99999 99999
TBILIS 1981 06 31 2 99999 99999 99999 99999 99999 99999 99999 99999 99999 99999 99999 99999
Cosmic-Ray Neutron Monitor Data (Hourly, Pressure-Corrected and Scale-Adjusted Counts)
Collections: WDC for Cosmic Rays, Solar-Terrestrial Environment Laboratory, Nagoya Univ.
Data Access: http://center.stelab.nagoya-u.ac.jp/WDCCR/index.html
Project: ICSU WDC
Citation: WDC for Cosmic Rays, Solar-Terrestrial Environment Laboratory, Nagoya University
Station ID: TBILIS
Station:  TBILISI,GIORGIA,INSTITUT GEOPHYSIKY (IG), GIORGIAN ACADEMY OF SCIENCES,GIORGIA 
Instrument: 18-NM-64 NEUTRON MONITOR, CORRECTED FOR PRESSURE TO 950.0 MB, COEF. = -0.69 %/MB
Latitude (deg.):   41.72  Longitude (deg.):   44.80  Altitude (m):  510.00
Cut-Off Rigidity (GV):    6.66
Year: 1981  Month:   7
Scaling Factor (SF):    64.0   Constant (CONST):     0.0  Real Counts = (DATA + CONST)*SF
Temporal Resolution: 1 hour
UTC Start Hour:     0.0
                                                                                
                                                        
Monthly Average:  8299.1
Updated (YYYY MM DD): 1986 01 10
*******************************************************************************************
ID     YYYY MM DD 1     0     1     2     3     4     5     6     7     8     9    10    11
ID     YYYY MM DD 2    12    13    14    15    16    17    18    19    20    21    22    23
*******************************************************************************************
TBILIS 1981 07 01 1  8199  8212  8187  8186  8174  8171  8165  8186  8208  8243  8226  8227
TBILIS 1981 07 01 2  8195  8172  8165  8164  8138  8094  8147  8148  8206  8203  8198  8221
TBILIS 1981 07 02 1  8216  8238  8198  8224  8207  8240  8228  8216  8262  8285  8311  8311
TBILIS 1981 07 02 2  8297  8265  8251  8220  8228  8180  8261  8263  8274  8284  8266  8255
TBILIS 1981 07 03 1  8271  8266  8226  8267  8258  8234  8269  8260  8286  8243  8287  8270
TBILIS 1981 07 03 2  8260  8251  8249  8252  8242  8202  8256  8250  8277  8307  8297  8300
TBILIS 1981 07 04 1  8304  8299  8297  8343  8325  8283  8320  8292  8308  8287  8308  8335
TBILIS 1981 07 04 2  8335  8330  8263  8305  8295  8261  8322  8337  8274  8310  8361  8333
TBILIS 1981 07 05 1  8335  8320  8323  8366  8294  8356  8379  8358  8382  8392  8421  8414
TBILIS 1981 07 05 2  8381  8357  8395  8398  8366  8351  8344  8350  8408  8337  8261  8334
TBILIS 1981 07 06 1  8329  8310  8316  8296  8307  8364  8359  8349  8365  8376  8372  8400
TBILIS 1981 07 06 2  8416  8391  8399  8399  8393  8329  8345  8337  8384  8334  8360  8372
TBILIS 1981 07 07 1  8332  8333  8343  8338  8366  8422  8398  8412  8405  8420  8438  8413
TBILIS 1981 07 07 2  8426  8423  8412  8385  8383  8383  8355  8381  8373  8403  8347  8378
TBILIS 1981 07 08 1  8373  8353  8370  8369  8411  8412  8402  8430  8446  8431  8443  8447
TBILIS 1981 07 08 2  8460  8482  8394  8356  8319  8278  8312  8374  8377  8374  8365  8367
TBILIS 1981 07 09 1  8348  8395  8406  8421  8415  8413  8385  8385  8422  8367  8396  8430
TBILIS 1981 07 09 2  8401  8420  8407  8385  8355  8336  8398  8417  8377  8378  8442  8386
TBILIS 1981 07 10 1  8389  8421  8392  8403  8372  8374  8388  8414  8373  8419  8394  8400
TBILIS 1981 07 10 2  8406  8438  8409  8426  8424  8363  8403  8407  8462  8483  8405  8381
TBILIS 1981 07 11 1  8407  8391  8358  8379  8368  8385  8344  8370  8382  8426  8391  8411
TBILIS 1981 07 11 2  8396  8330  8393  8370  8341  8368  8332  8378  8365  8339  8350  8325
TBILIS 1981 07 12 1  8293  8316  8328  8292  8328  8324  8355  8402  8399  8389  8428  8402
TBILIS 1981 07 12 2  8408  8360  8407  8355  8356  8322  8393  8361  8365  8344  8359  8320
TBILIS 1981 07 13 1  8326  8365  8363  8375  8367  8427  8388  8399  8406  8403  8395  8389
TBILIS 1981 07 13 2  8356  8393  8381  8370  8352  8358  8373  8367  8353  8349  8315  8375
TBILIS 1981 07 14 1  8330  8327  8338  8369  8355  8372  8410  8389  8385  8392  8392  8395
TBILIS 1981 07 14 2  8396  8393  8373  8410  8357  8347  8385  8371  8377  8384  8358  8374
TBILIS 1981 07 15 1  8358  8369  8394  8381  8368  8377  8361  8392  8398  8442  8397  8418
TBILIS 1981 07 15 2  8385  8366  8386  8391  8380  8349  8369  8420  8380  8389  8365  8376
TBILIS 1981 07 16 1  8365  8370  8340  8353  8364  8313  8331  8370  8386  8439  8365  8355
TBILIS 1981 07 16 2  8388 99999  8337  8367  8366  8358  8313  8342  8361  8380  8338  8345
TBILIS 1981 07 17 1  8360  8358  8346  8353  8351  8352  8393  8397  8355  8386  8402  8400
TBILIS 1981 07 17 2  8415  8399  8384  8349  8309  8306  8344  8407  8435  8439  8369  8364
TBILIS 1981 07 18 1  8365  8396  8401  8408  8412  8376  8394  8403  8398  8359  8374  8337
TBILIS 1981 07 18 2  8344  8328  8289  8276  8310  8290  8321  8312  8329  8361  8348  8315
TBILIS 1981 07 19 1  8338  8334  8355  8339  8396  8355  8372  8374  8437  8456  8444  8441
TBILIS 1981 07 19 2  8439  8402  8403  8354  8326  8345  8373  8358  8356  8373  8381  8411
TBILIS 1981 07 20 1  8383  8400  8377  8396  8427  8429  8415  8420  8385  8389  8377  8382
TBILIS 1981 07 20 2  8347  8333  8359  8284  8293  8278  8238  8268  8316  8338  8283  8324
TBILIS 1981 07 21 1  8323  8325  8299  8339  8323  8342  8338  8371  8395  8408  8367  8379
TBILIS 1981 07 21 2  8369  8333  8321  8333  8302  8294  8342  8311  8314  8335  8298  8313
TBILIS 1981 07 22 1  8311  8332  8348  8387  8313  8340  8402  8393  8434  8434  8444  8446
TBILIS 1981 07 22 2  8450  8428  8445  8410  8395  8359  8331  8336  8324  8328  8318  8309
TBILIS 1981 07 23 1  8328  8333  8301  8379  8341  8380  8321  8292  8238  8296  8216  8255
TBILIS 1981 07 23 2  8263  8281  8254  8202  8200  8243  8268  8248  8200  8257  8210  8188
TBILIS 1981 07 24 1  8183  8215  8155  8181  8190  8236  8261  8233  8235  8225  8254  8189
TBILIS 1981 07 24 2  8177  8205  8199  8186  8161  8124  8118  8108  8150  8122  8191  8159
TBILIS 1981 07 25 1  8175  8163  8184  8202  8172  8191  8198  8174  8166  8148  8193  8166
TBILIS 1981 07 25 2  8188  8215  8262  8247  8167  8152  8208  8203  8196  7994  7970  7930
TBILIS 1981 07 26 1  8006  7963  7914  7912  7940  7986  8007  7932  7939  7955  7988  7928
TBILIS 1981 07 26 2  7961  7959  8007  7971  7952  7985  8008  7956  7971  7979  8067  8017
TBILIS 1981 07 27 1  8011  8043  8015  8048  8066  8066  8105  8113  8138  8117  8119  8108
TBILIS 1981 07 27 2  8092  8038  8065  8053  8025  8006  8034  8037  8044  8018  8026  8065
TBILIS 1981 07 28 1  8102  8081  8144  8122  8133  8144  8192  8188  8162  8216  8220  8124
TBILIS 1981 07 28 2  8119  8166  8110  8079  8072  8085  8067  8067  8109  8126  8118  8123
TBILIS 1981 07 29 1  8121  8094  8112  8184  8171  8207  8201  8212  8222  8229  8213  8199
TBILIS 1981 07 29 2  8219  8191  8170  8121  8127 99999 99999 99999 99999 99999 99999 99999
TBILIS 1981 07 30 1 99999 99999 99999 99999 99999 99999 99999 99999  8249  8313  8281  8291
TBILIS 1981 07 30 2  8290  8291  8284  8270  8275  8222  8223  8265  8228  8310  8280  8290
TBILIS 1981 07 31 1  8267  8263  8295  8284  8289  8319  8326  8358  8397  8390  8382  8347
TBILIS 1981 07 31 2  8331  8319  8287  8233  8272  8268  8302  8289  8336  8341  8345  8351
Cosmic-Ray Neutron Monitor Data (Hourly, Pressure-Corrected and Scale-Adjusted Counts)
Collections: WDC for Cosmic Rays, Solar-Terrestrial Environment Laboratory, Nagoya Univ.
Data Access: http://center.stelab.nagoya-u.ac.jp/WDCCR/index.html
Project: ICSU WDC
Citation: WDC for Cosmic Rays, Solar-Terrestrial Environment Laboratory, Nagoya University
Station ID: TBILIS
Station:  TBILISI,GIORGIA,INSTITUT GEOPHYSIKY (IG), GIORGIAN ACADEMY OF SCIENCES,GIORGIA 
Instrument: 18-NM-64 NEUTRON MONITOR, CORRECTED FOR PRESSURE TO 950.0 MB, COEF. = -0.69 %/MB
Latitude (deg.):   41.72  Longitude (deg.):   44.80  Altitude (m):  510.00
Cut-Off Rigidity (GV):    6.66
Year: 1981  Month:   8
Scaling Factor (SF):    64.0   Constant (CONST):     0.0  Real Counts = (DATA + CONST)*SF
Temporal Resolution: 1 hour
UTC Start Hour:     0.0
                                                                                
                                                        
Monthly Average:  8315.1
Updated (YYYY MM DD): 1986 01 10
*******************************************************************************************
ID     YYYY MM DD 1     0     1     2     3     4     5     6     7     8     9    10    11
ID     YYYY MM DD 2    12    13    14    15    16    17    18    19    20    21    22    23
*******************************************************************************************
TBILIS 1981 08 01 1  8330  8301  8326  8339  8343  8364  8332  8375  8374  8384  8402  8339
TBILIS 1981 08 01 2  8358  8364  8366  8313 99999 99999 99999 99999 99999 99999 99999 99999
TBILIS 1981 08 02 1 99999 99999 99999 99999 99999 99999 99999  8395  8406  8361  8365  8352
TBILIS 1981 08 02 2  8373  8332  8317  8313  8341  8298  8309  8336  8294  8292  8288  8295
TBILIS 1981 08 03 1  8330  8275  8254  8251  8254  8237  8256  8281  8336  8286  8310  8343
TBILIS 1981 08 03 2 99999 99999 99999 99999 99999 99999 99999 99999 99999 99999 99999 99999
TBILIS 1981 08 04 1 99999 99999 99999 99999 99999 99999  8289  8322  8332  8351  8363  8352
TBILIS 1981 08 04 2  8326  8352  8326  8321  8294  8302  8337  8298  8320  8358  8309  8336
TBILIS 1981 08 05 1  8343  8313  8300  8281  8322  8288  8265  8331  8308  8274  8316  8322
TBILIS 1981 08 05 2  8241  8293  8303  8300  8321  8315  8306  8344  8333  8343  8377  8393
TBILIS 1981 08 06 1  8338  8336  8387  8374  8327  8353  8350  8352  8330  8341  8361  8321
TBILIS 1981 08 06 2  8317  8399  8352  8360  8297  8349  8337  8333  8358  8343  8338  8310
TBILIS 1981 08 07 1  8325  8343  8331  8311  8365  8364  8310  8349  8423  8453  8469  8502
TBILIS 1981 08 07 2  8457  8482  8491  8463  8441  8440  8490  8534  8493  8481  8461  8446
TBILIS 1981 08 08 1  8417  8417  8420  8422  8393  8409  8389  8403  8361  8374  8367  8354
TBILIS 1981 08 08 2  8378  8353  8387  8326  8347  8314  8380  8354  8377  8318  8341  8397
TBILIS 1981 08 09 1  8365  8326  8388  8385  8392  8405  8422 99999 99999  8421  8387  8431
TBILIS 1981 08 09 2  8423  8390  8399  8385  8397  8380  8406  8421  8355  8352  8338  8341
TBILIS 1981 08 10 1  8342  8329  8354  8306  8268  8258  8210  8164  8092  8159  8145  8120
TBILIS 1981 08 10 2  8125  8104  8081  8067  8075  8083  8101  8067  8065  8090  8070  8041
TBILIS 1981 08 11 1  8046  8047  8061  8094  8099  8099  8116  8120  8087  8086  8132  8147
TBILIS 1981 08 11 2  8172  8131  8180  8147  8122  8067  8099  8120  8107  8116  8144  8147
TBILIS 1981 08 12 1  8170  8185  8179  8193  8206  8196  8170  8234  8207  8226  8261  8262
TBILIS 1981 08 12 2  8302  8250  8233  8177  8147  8155  8139  8184  8174  8177  8203  8180
TBILIS 1981 08 13 1  8164  8195  8187  8178  8179  8217  8231  8240  8236  8287  8276  8262
TBILIS 1981 08 13 2  8234  8208  8140  8133  8123  8155  8160  8133  8132  8135  8201  8197
TBILIS 1981 08 14 1  8169  8153  8171  8188  8209  8207  8211  8224  8300  8286  8280  8328
TBILIS 1981 08 14 2  8285  8267  8274  8233  8192  8185  8219  8217  8200  8222  8222  8203
TBILIS 1981 08 15 1  8211  8290  8300  8314  8287  8307  8284  8267  8307  8296  8252  8253
TBILIS 1981 08 15 2  8239  8238  8227  8201  8227  8191  8232  8237  8264  8276  8268  8265
TBILIS 1981 08 16 1  8301  8276  8277  8271  8249  8258  8241  8258  8272  8267  8256  8277
TBILIS 1981 08 16 2  8287  8271  8276  8252  8236  8237  8294  8255  8243  8281  8295  8243
TBILIS 1981 08 17 1  8243  8219  8229  8251  8250  8217  8257  8278  8346  8354  8360  8358
TBILIS 1981 08 17 2  8299  8298  8270  8239  8221  8195  8284  8242  8192  8192  8179  8195
TBILIS 1981 08 18 1  8195  8160  8172  8216  8262  8243  8226  8247  8278  8303  8362  8368
TBILIS 1981 08 18 2  8372  8341  8374  8366  8315  8331  8369  8321  8345  8341  8308  8337
TBILIS 1981 08 19 1  8306  8290  8238  8297  8306  8304  8294  8328  8308  8325  8324  8338
TBILIS 1981 08 19 2  8326  8344  8289  8275  8249  8263  8287  8272  8282  8312  8263  8287
TBILIS 1981 08 20 1  8237  8288  8265  8259  8296  8292  8278  8300  8340  8299  8333  8327
TBILIS 1981 08 20 2  8345  8348  8346  8315  8315  8307  8380  8393  8352  8370  8323  8315
TBILIS 1981 08 21 1  8288  8267  8282  8296  8304  8269  8331  8357  8356  8379  8362  8393
TBILIS 1981 08 21 2  8411  8376  8363  8346  8337  8384  8357  8375  8394  8411  8386  8387
TBILIS 1981 08 22 1  8388  8344  8384  8364  8356  8372  8375  8447  8446  8431  8417  8455
TBILIS 1981 08 22 2  8419  8418  8381  8421  8382  8392  8400  8456  8412  8352  8313  8293
TBILIS 1981 08 23 1  8350  8329  8323  8336  8338  8311  8388  8386  8482  8492  8504  8483
TBILIS 1981 08 23 2  8505  8487  8537  8464  8509  8440  8397  8393  8376  8375  8356  8359
TBILIS 1981 08 24 1  8452  8376  8377  8343  8357  8367  8366  8362  8302  8229  8160  8220
TBILIS 1981 08 24 2  8268  8244  8224  8242  8251  8351  8326  8281  8335  8334  8333  8371
TBILIS 1981 08 25 1  8286  8286  8289  8304  8278  8280  8293  8320  8366  8360  8355  8349
TBILIS 1981 08 25 2  8301  8339  8332  8345  8324  8308  8315  8328  8320  8318  8343  8333
TBILIS 1981 08 26 1  8289  8336  8311  8311  8307  8366  8385  8368  8364  8417  8503  8504
TBILIS 1981 08 26 2  8515  8418  8396  8427  8435  8393  8418  8386  8364  8373  8353  8337
TBILIS 1981 08 27 1  8363  8394  8337  8356  8387  8389  8402  8389  8423  8429  8438  8443
TBILIS 1981 08 27 2  8411  8436  8412  8388  8417  8426  8441  8398  8450  8417  8432  8422
TBILIS 1981 08 28 1  8403  8396  8396  8398  8408  8401  8401  8437  8492  8458  8438  8451
TBILIS 1981 08 28 2  8431  8406  8415  8467  8385  8395  8414  8475  8403  8325  8290  8295
TBILIS 1981 08 29 1  8284  8350  8358  8394  8374  8379  8398  8428  8403  8443  8474  8443
TBILIS 1981 08 29 2  8457  8475  8461  8380  8375  8382  8462  8385  8368  8362  8329  8353
TBILIS 1981 08 30 1  8350  8370  8365  8369  8366  8363  8354  8390  8435  8430  8470  8462
TBILIS 1981 08 30 2  8460  8467  8293  8295  8250  8250  8246  8267  8338  8301  8270  8292
TBILIS 1981 08 31 1  8250  8227  8262  8262  8241  8374  8341  8372  8345  8336  8344  8373
TBILIS 1981 08 31 2  8331  8331  8332  8306  8283  8328  8353  8330  8379  8326  8332  8321
Cosmic-Ray Neutron Monitor Data (Hourly, Pressure-Corrected and Scale-Adjusted Counts)
Collections: WDC for Cosmic Rays, Solar-Terrestrial Environment Laboratory, Nagoya Univ.
Data Access: http://center.stelab.nagoya-u.ac.jp/WDCCR/index.html
Project: ICSU WDC
Citation: WDC for Cosmic Rays, Solar-Terrestrial Environment Laboratory, Nagoya University
Station ID: TBILIS
Station:  TBILISI,GIORGIA,INSTITUT GEOPHYSIKY (IG), GIORGIAN ACADEMY OF SCIENCES,GIORGIA 
Instrument: 18-NM-64 NEUTRON MONITOR, CORRECTED FOR PRESSURE TO 950.0 MB, COEF. = -0.69 %/MB
Latitude (deg.):   41.72  Longitude (deg.):   44.80  Altitude (m):  510.00
Cut-Off Rigidity (GV):    6.66
Year: 1981  Month:   9
Scaling Factor (SF):    64.0   Constant (CONST):     0.0  Real Counts = (DATA + CONST)*SF
Temporal Resolution: 1 hour
UTC Start Hour:     0.0
                                                                                
                                                        
Monthly Average:  8367.2
Updated (YYYY MM DD): 1985 11 22
*******************************************************************************************
ID     YYYY MM DD 1     0     1     2     3     4     5     6     7     8     9    10    11
ID     YYYY MM DD 2    12    13    14    15    16    17    18    19    20    21    22    23
*******************************************************************************************
TBILIS 1981 09 01 1  8287  8281  8321  8276  8299  8293  8334  8313  8341  8334  8347  8337
TBILIS 1981 09 01 2  8362  8378  8432  8384  8368  8393  8388  8370  8381  8391  8387  8389
TBILIS 1981 09 02 1  8410  8394  8336  8353  8407  8380  8390  8398  8433  8483  8453  8441
TBILIS 1981 09 02 2  8414 99999 99999 99999 99999 99999 99999 99999 99999 99999 99999 99999
TBILIS 1981 09 03 1 99999 99999 99999 99999  8377  8397  8386  8396  8409  8351  8380  8367
TBILIS 1981 09 03 2  8378  8356  8342  8300  8314  8303  8295  8291  8242  8270  8325  8331
TBILIS 1981 09 04 1  8307  8301  8306  8304  8358  8344  8376  8375  8421  8410  8370  8402
TBILIS 1981 09 04 2  8415  8424  8342  8334  8370  8370  8407  8344  8384  8390  8361  8332
TBILIS 1981 09 05 1  8321  8340  8364  8373  8408  8455  8466  8448  8492  8484  8481  8498
TBILIS 1981 09 05 2  8472  8455  8462  8422  8403  8434  8421  8392  8413  8368  8387  8413
TBILIS 1981 09 06 1  8399  8440  8393  8451  8489  8451  8471  8475  8487  8475  8457  8500
TBILIS 1981 09 06 2  8465  8430  8411  8444  8399  8383  8388  8399  8357  8332  8391  8369
TBILIS 1981 09 07 1  8365  8338  8389  8387  8378  8391  8387  8397  8437  8462  8431  8437
TBILIS 1981 09 07 2  8400  8401  8377  8380  8334  8341  8337  8399  8405  8399  8362  8346
TBILIS 1981 09 08 1  8308  8315  8323  8299  8345  8374  8406  8364  8418  8413  8427  8382
TBILIS 1981 09 08 2  8410  8341  8359  8348  8280  8274  8214  8237  8221  8173  8134  8146
TBILIS 1981 09 09 1  8159  8167  8218  8184  8269  8251  8296  8367  8382  8346  8347  8330
TBILIS 1981 09 09 2  8356  8332  8321  8251  8277  8242  8263  8270  8226  8234  8239  8261
TBILIS 1981 09 10 1  8292  8286  8242  8252  8232  8266  8263  8292  8320  8266  8334  8283
TBILIS 1981 09 10 2  8292  8273  8238  8217  8161  8246  8186  8218  8232  8307  8309  8339
TBILIS 1981 09 11 1  8340  8333  8283  8279  8291  8316  8302  8330  8300  8259  8324  8314
TBILIS 1981 09 11 2  8394  8381  8423  8412  8381  8420  8404  8413  8345  8396  8421  8395
TBILIS 1981 09 12 1  8412  8383  8411  8414  8405  8377  8377  8359  8331  8318  8322  8372
TBILIS 1981 09 12 2  8413  8369  8345  8359  8349  8362  8327  8346  8386  8364  8344  8327
TBILIS 1981 09 13 1  8312  8340  8329  8327  8321  8331  8357  8378  8379  8382  8424  8403
TBILIS 1981 09 13 2  8389  8354  8381  8362  8363  8330  8304  8354  8348  8356  8356  8311
TBILIS 1981 09 14 1  8329  8282  8316  8331  8280  8332  8332  8366  8343  8376  8377  8314
TBILIS 1981 09 14 2  8393  8367  8347  8281  8291  8348  8369  8353  8368  8397  8362  8329
TBILIS 1981 09 15 1  8330  8334  8300  8287  8301  8364  8345  8382  8473  8453  8441  8421
TBILIS 1981 09 15 2  8443  8393  8390  8396  8338  8390  8398  8391  8407  8371  8439  8433
TBILIS 1981 09 16 1  8408  8431  8433  8426  8410  8375  8360  8409  8436  8458  8354  8429
TBILIS 1981 09 16 2  8310  8413  8451  8386  8386  8430  8450  8444  8461  8438  8433  8416
TBILIS 1981 09 17 1  8410  8413  8426  8420  8426  8402  8379  8409  8417  8412  8436  8416
TBILIS 1981 09 17 2  8417  8462  8454  8434  8431  8438  8394  8382  8447  8461  8435  8420
TBILIS 1981 09 18 1  8426  8438  8404  8383  8448  8422  8410  8431  8449  8477  8467  8452
TBILIS 1981 09 18 2  8446  8490  8423  8410  8416  8437  8446  8406  8454  8425  8422  8428
TBILIS 1981 09 19 1  8421  8373  8315  8345  8345  8342  8372  8474  8481  8456  8498  8470
TBILIS 1981 09 19 2  8404  8353  8341  8326  8310  8344  8352  8368  8334  8366  8349  8399
TBILIS 1981 09 20 1  8362  8381  8364  8381  8396  8354  8373  8396  8426  8416  8449  8405
TBILIS 1981 09 20 2  8397  8375  8355  8394  8342  8394  8388  8391  8372  8372  8412  8428
TBILIS 1981 09 21 1  8391  8343  8373  8365  8365  8368  8382  8438  8457  8422  8426  8427
TBILIS 1981 09 21 2  8377  8413  8384  8371  8326  8383  8393  8365  8395  8427  8424  8455
TBILIS 1981 09 22 1  8473  8459  8449  8413  8399  8411  8396  8378  8403  8375  8417  8401
TBILIS 1981 09 22 2  8390  8338  8419  8386  8384  8378  8418  8446  8413  8371  8424  8459
TBILIS 1981 09 23 1  8432  8479  8480  8457  8479  8486  8495  8589  8558  8548  8504  8473
TBILIS 1981 09 23 2  8446  8451  8413  8363  8384  8384  8393  8402  8405  8446  8492  8497
TBILIS 1981 09 24 1 99999 99999 99999 99999 99999 99999  8453  8439  8475  8466  8443  8459
TBILIS 1981 09 24 2  8455  8411  8350  8430  8313  8300  8322  8308  8303  8303  8350  8319
TBILIS 1981 09 25 1  8348  8352  8331  8333  8340  8344  8360  8416  8406  8382  8379  8394
TBILIS 1981 09 25 2  8391  8371  8349  8298  8326  8278  8243  8262  8260  8276  8261  8240
TBILIS 1981 09 26 1  8288  8273  8315  8301  8329  8340  8300  8318  8376  8367  8325  8331
TBILIS 1981 09 26 2  8288  8255  8243  8240  8223  8219  8224  8249  8271  8250  8246  8299
TBILIS 1981 09 27 1  8233  8293  8254  8298  8287  8279  8308  8356  8351  8374  8362  8380
TBILIS 1981 09 27 2  8396  8368  8288  8313  8282  8291  8295  8307  8307  8320  8347  8344
TBILIS 1981 09 28 1  8372  8364  8333  8337  8357  8332  8378  8360  8394  8435  8421  8417
TBILIS 1981 09 28 2  8423  8421  8378  8338  8322  8334  8372  8399  8359  8380  8426  8412
TBILIS 1981 09 29 1  8424  8396  8405  8395  8414  8418  8373  8405  8445  8400  8437  8405
TBILIS 1981 09 29 2  8384  8405  8379  8356  8355  8345  8311  8330  8332  8330  8295  8299
TBILIS 1981 09 30 1  8323  8297  8326  8294  8309  8328  8339  8374  8369  8347  8349  8323
TBILIS 1981 09 30 2  8310  8333  8330  8287  8284  8306  8278  8270  8266  8248  8277  8268
TBILIS 1981 09 31 1 99999 99999 99999 99999 99999 99999 99999 99999 99999 99999 99999 99999
TBILIS 1981 09 31 2 99999 99999 99999 99999 99999 99999 99999 99999 99999 99999 99999 99999
Cosmic-Ray Neutron Monitor Data (Hourly, Pressure-Corrected and Scale-Adjusted Counts)
Collections: WDC for Cosmic Rays, Solar-Terrestrial Environment Laboratory, Nagoya Univ.
Data Access: http://center.stelab.nagoya-u.ac.jp/WDCCR/index.html
Project: ICSU WDC
Citation: WDC for Cosmic Rays, Solar-Terrestrial Environment Laboratory, Nagoya University
Station ID: TBILIS
Station:  TBILISI,GIORGIA,INSTITUT GEOPHYSIKY (IG), GIORGIAN ACADEMY OF SCIENCES,GIORGIA 
Instrument: 18-NM-64 NEUTRON MONITOR, CORRECTED FOR PRESSURE TO 950.0 MB, COEF. = -0.69 %/MB
Latitude (deg.):   41.72  Longitude (deg.):   44.80  Altitude (m):  510.00
Cut-Off Rigidity (GV):    6.66
Year: 1981  Month:  10
Scaling Factor (SF):    64.0   Constant (CONST):     0.0  Real Counts = (DATA + CONST)*SF
Temporal Resolution: 1 hour
UTC Start Hour:     0.0
                                                                                
                                                        
Monthly Average:  8141.9
Updated (YYYY MM DD): 1985 11 22
*******************************************************************************************
ID     YYYY MM DD 1     0     1     2     3     4     5     6     7     8     9    10    11
ID     YYYY MM DD 2    12    13    14    15    16    17    18    19    20    21    22    23
*******************************************************************************************
TBILIS 1981 10 01 1  8238  8240  8229  8301  8288  8321  8283  8329  8335  8338  8343  8334
TBILIS 1981 10 01 2  8355  8369  8369  8290  8332  8318  8338  8293  8305  8242  8288  8271
TBILIS 1981 10 02 1  8272  8328  8326  8322  8341  8330  8311  8278  8333  8348  8344  8328
TBILIS 1981 10 02 2  8333  8320  8323  8349  8325  8330  8340  8270  8178  8162  8146  8158
TBILIS 1981 10 03 1  8155  8141  8102  8089  8121  8127  8134  8156  8121  8103  8105  8080
TBILIS 1981 10 03 2  8157  8131  8142  8135  8162  8170  8213  8194  8159  8188  8122  8151
TBILIS 1981 10 04 1  8174  8180  8167  8138  8132  8119  8129  8163  8128  8103  8148  8181
TBILIS 1981 10 04 2  8135  8150  8151  8150  8138  8168  8174  8157  8134  8176  8207  8144
TBILIS 1981 10 05 1  8184  8170  8193  8185  8171  8187  8211  8210  8210  8227  8208  8237
TBILIS 1981 10 05 2  8244  8235  8243  8215  8192  8238  8241 99999 99999  8265  8253  8244
TBILIS 1981 10 06 1  8236  8267  8230  8292  8259  8268  8256  8259  8276  8263  8282  8246
TBILIS 1981 10 06 2  8275  8251  8243  8215  8243  8272  8283  8267  8286  8279  8284  8313
TBILIS 1981 10 07 1  8288  8275  8308  8263  8294  8272  8250  8265  8266  8279  8254  8273
TBILIS 1981 10 07 2  8274  8244  8286  8276  8236  8299  8348  8217  8322  8347  8319  8334
TBILIS 1981 10 08 1  8356  8344  8305  8354  8326  8356  8382  8416  8413  8402  8398  8354
TBILIS 1981 10 08 2  8375  8344  8282  8338  8324  8330  8368  8375  8296  8301  8305  8300
TBILIS 1981 10 09 1  8310  8291  8301  8303  8378  8269  8310  8307  8337  8343  8400  8374
TBILIS 1981 10 09 2  8389  8349  8367  8351  8326  8367  8316  8355  8305  8316  8333  8314
TBILIS 1981 10 10 1  8331  8347  8329  8337  8327  8298  8275  8290  8322  8301  8345  8371
TBILIS 1981 10 10 2  8338  8342  8406  8393  8345  8427  8396  8383  8353  8348  8289  8296
TBILIS 1981 10 11 1  8317  8309  8306  8355  8383  8331  8237  8250  8213  8156  8173  8147
TBILIS 1981 10 11 2  8133  8126  8097  8094  8057  8065  8043  8079  8066  8057  8088  8074
TBILIS 1981 10 12 1  8113  8107  8088  8124  8134  8105  8127  8155  8177  8168  8137  8087
TBILIS 1981 10 12 2  8050  8073  8099  8132  8134  8139  8128  8165  8143  8150  8126  8096
TBILIS 1981 10 13 1  8105  8145  8126  8121  8159  8178  8160  8172  8166  8179  8144  8151
TBILIS 1981 10 13 2  8148  8169  8155  8099  8136  8129  8152  8120  8131  8140  8125  8132
TBILIS 1981 10 14 1  8105  8060  8089  8056  8010  7959  7928  7891  7860  7858  7877  7874
TBILIS 1981 10 14 2  7842  7873  7892  7879  7901  7823  7773  7809  7841  7780  7798  7801
TBILIS 1981 10 15 1  7803  7807  7832  7827  7817  7855  7863  7919  7866  7880  7900  7930
TBILIS 1981 10 15 2  7888  7896  7869  7825  7797  7824  7838  7847  7847  7835  7846  7806
TBILIS 1981 10 16 1  7851  7874  7943  7870  7924  7888  7875  7803  7889  7888  7868  7876
TBILIS 1981 10 16 2  7833  7874  7796  7812  7827  7869  7816  7838  7849  7879  7843  7851
TBILIS 1981 10 17 1  7837  7840  7885  7859  7844  7877  7907  7875  7930  7905  7922  7968
TBILIS 1981 10 17 2  7874  7954  7892  7792  7789  7768  7811  7823  7833  7842  7882  7834
TBILIS 1981 10 18 1  7880  7861  7887  7914  7888  7911  7885  7893  7938  7895  7944  7909
TBILIS 1981 10 18 2  7940  7925  7916  7973  7984  8025  8047  8051  8084  8086  8068  8081
TBILIS 1981 10 19 1  8059  8007  8031  8042  8026  8060  8047  8043  8040  8021  8092  8003
TBILIS 1981 10 19 2  8063  8033  8046  8047  8061  8057  8053  8031  8059  8032  8036  7990
TBILIS 1981 10 20 1  7955  8002  7991  8079  8026  8048  8007  8080  8067  8092  8127  8083
TBILIS 1981 10 20 2  8131  8136  8154  8187  8209  8268  8194  8114  8070  8068  8048  8015
TBILIS 1981 10 21 1  8029  8023  8005  8009  7987  7933  7946  7878  7885  7916  7983  7981
TBILIS 1981 10 21 2  7983  8016  8052  8009  7983  7945  7892  7897  7920  7882  7914  7942
TBILIS 1981 10 22 1  7958  7960  8000  8049  8086  8110  8084  8093  8021  8012  8001  8006
TBILIS 1981 10 22 2  7985  8019  8056  8074  8043  8106  8101  8142  8126  8095  8111  8057
TBILIS 1981 10 23 1  8082  8096  8125  8133  8136  8081  8082  8153  8165  8160  8142  8105
TBILIS 1981 10 23 2  8104  8115  8090  8105  8138  8161  8147  8074  8088  8095  8110  8077
TBILIS 1981 10 24 1  8098  8097  8121  8115  8128  8122  8113  8111  8106  8130  8136  8155
TBILIS 1981 10 24 2  8187  8125  8145  8190  8129  8156  8159  8157  8224  8190  8173  8194
TBILIS 1981 10 25 1  8182  8143  8153  8156  8168  8183  8228  8289  8244  8264  8217  8250
TBILIS 1981 10 25 2  8266  8251  8234  8212  8216  8225  8248  8228  8242  8260  8263  8257
TBILIS 1981 10 26 1  8236  8269  8279  8274  8265  8253  8221  8226  8250  8243  8190  8216
TBILIS 1981 10 26 2  8225  8212  8218  8214  8208  8175  8161  8143  8171  8129  8126  8167
TBILIS 1981 10 27 1  8177  8156  8202  8193  8173  8167  8189  8151  8166  8189  8221  8224
TBILIS 1981 10 27 2  8235  8212  8223  8196  8227  8263  8237  8221  8188  8153  8202  8160
TBILIS 1981 10 28 1  8139  8160  8135  8133  8110  8150  8121  8107  8162  8139  8221  8160
TBILIS 1981 10 28 2  8151  8152  8191  8163  8165  8201  8155  8153  8151  8180  8159  8191
TBILIS 1981 10 29 1  8229  8173  8177  8156  8194  8144  8177  8147  8134  8190  8210  8171
TBILIS 1981 10 29 2  8179  8212  8163  8191  8177  8225  8206  8172  8171  8199  8192  8163
TBILIS 1981 10 30 1  8190  8151  8188  8179  8148  8159  8156  8164  8205  8215  8234  8223
TBILIS 1981 10 30 2  8251  8280  8264  8252  8224  8237  8254  8275  8255  8233  8255  8239
TBILIS 1981 10 31 1  8232  8212  8243  8201  8242  8201  8216  8214  8233  8306  8304  8259
TBILIS 1981 10 31 2  8272  8278  8297  8256  8267  8297  8331  8299  8299  8300  8294  8257
Cosmic-Ray Neutron Monitor Data (Hourly, Pressure-Corrected and Scale-Adjusted Counts)
Collections: WDC for Cosmic Rays, Solar-Terrestrial Environment Laboratory, Nagoya Univ.
Data Access: http://center.stelab.nagoya-u.ac.jp/WDCCR/index.html
Project: ICSU WDC
Citation: WDC for Cosmic Rays, Solar-Terrestrial Environment Laboratory, Nagoya University
Station ID: TBILIS
Station:  TBILISI,GIORGIA,INSTITUT GEOPHYSIKY (IG), GIORGIAN ACADEMY OF SCIENCES,GIORGIA 
Instrument: 18-NM-64 NEUTRON MONITOR, CORRECTED FOR PRESSURE TO 950.0 MB, COEF. = -0.69 %/MB
Latitude (deg.):   41.72  Longitude (deg.):   44.80  Altitude (m):  510.00
Cut-Off Rigidity (GV):    6.66
Year: 1981  Month:  11
Scaling Factor (SF):    64.0   Constant (CONST):     0.0  Real Counts = (DATA + CONST)*SF
Temporal Resolution: 1 hour
UTC Start Hour:     0.0
                                                                                
                                                        
Monthly Average:  8184.5
Updated (YYYY MM DD): 1985 11 22
*******************************************************************************************
ID     YYYY MM DD 1     0     1     2     3     4     5     6     7     8     9    10    11
ID     YYYY MM DD 2    12    13    14    15    16    17    18    19    20    21    22    23
*******************************************************************************************
TBILIS 1981 11 01 1  8269  8241  8232  8264  8288  8309  8324  8279  8306  8302  8279  8330
TBILIS 1981 11 01 2  8344  8334  8355  8321  8347  8293  8324  8288  8266  8293  8256  8278
TBILIS 1981 11 02 1  8299  8290  8254  8294  8284  8265  8267  8302  8316  8326  8293  8341
TBILIS 1981 11 02 2  8336  8313  8280  8291  8317  8286  8274  8275  8276  8293  8241  8219
TBILIS 1981 11 03 1  8245  8249  8258  8243  8258  8285  8224  8226  8270  8230  8318  8319
TBILIS 1981 11 03 2  8334  8316  8296  8318  8265  8289  8319  8317  8228  8274  8263  8292
TBILIS 1981 11 04 1  8285  8191  8229  8253  8267  8268  8248  8208  8199  8230  8270  8263
TBILIS 1981 11 04 2  8244  8243  8263  8241  8278  8305  8299  8301  8286  8249  8253  8223
TBILIS 1981 11 05 1  8210  8180  8198  8222  8222  8224  8228  8222  8262  8217  8258  8254
TBILIS 1981 11 05 2  8264  8318  8276  8267  8263  8270  8220  8264  8316  8249  8228  8227
TBILIS 1981 11 06 1  8236  8218  8219  8184  8262  8232  8221  8220  8235  8194  8198  8180
TBILIS 1981 11 06 2  8235  8223  8218  8170  8150  8198  8147  8167  8139  8138  8178  8180
TBILIS 1981 11 07 1  8131  8107  8140  8141  8176  8179  8142  8115  8126  8173  8195  8207
TBILIS 1981 11 07 2  8215  8219  8197  8230  8167  8181  8209  8169  8144  8172  8116  8106
TBILIS 1981 11 08 1  8095  8129  8097  8058  8068  8050  8055  8055  8103  8057  8036  8003
TBILIS 1981 11 08 2  8002  8025  7993  8001  7997  8037  8008  8015  8053  8049  8053  8073
TBILIS 1981 11 09 1  8042  8073  8074  8059  8069  8059  8091  8074  8036  8079  8062  8041
TBILIS 1981 11 09 2  8106 99999 99999 99999 99999 99999 99999 99999 99999 99999 99999 99999
TBILIS 1981 11 10 1 99999 99999 99999 99999 99999 99999  8071  8084  8101  8170  8148  8151
TBILIS 1981 11 10 2  8139  8102  8168  8126  8108  8070  8136  8106  8120  8124  8146  8167
TBILIS 1981 11 11 1  8129  8128  8159 99999 99999  8126  8145  8136  8180  8217  8175  8173
TBILIS 1981 11 11 2  8152  8118  8075 99999 99999 99999 99999 99999  8027  8068  8076  8058
TBILIS 1981 11 12 1  8059  8115  8120  8115  8088  8072  8022  8074  8043  8047  7999 99999
TBILIS 1981 11 12 2 99999 99999 99999  7894  7899  7888  7914  7908  7913  7938  7961  7947
TBILIS 1981 11 13 1  7959  7961  8000  7914  7948  7948 99999 99999 99999 99999 99999 99999
TBILIS 1981 11 13 2 99999 99999 99999 99999 99999 99999 99999 99999 99999 99999 99999 99999
TBILIS 1981 11 14 1 99999 99999 99999 99999 99999 99999 99999 99999 99999 99999 99999 99999
TBILIS 1981 11 14 2 99999 99999 99999 99999 99999 99999 99999 99999 99999 99999 99999 99999
TBILIS 1981 11 15 1 99999 99999 99999 99999 99999 99999 99999 99999 99999 99999 99999 99999
TBILIS 1981 11 15 2 99999 99999 99999 99999 99999 99999 99999 99999 99999 99999 99999 99999
TBILIS 1981 11 16 1 99999 99999 99999 99999 99999 99999 99999  8110  8126  8110  8114  8119
TBILIS 1981 11 16 2  8140  8163  8118  8135  8140  8135  8111  8115  8075  8111  8095  8063
TBILIS 1981 11 17 1  8071  8061  8120  8120  8159  8134  8090  8056  8049  8118  8136  8133
TBILIS 1981 11 17 2  8121  8164  8163  8120  8178  8173  8186  8166  8129  8108  8081  8065
TBILIS 1981 11 18 1  8100  8043 99999 99999 99999 99999 99999 99999 99999 99999 99999 99999
TBILIS 1981 11 18 2 99999 99999 99999 99999 99999 99999 99999 99999 99999 99999 99999 99999
TBILIS 1981 11 19 1 99999 99999 99999 99999 99999 99999 99999 99999 99999 99999 99999 99999
TBILIS 1981 11 19 2 99999 99999 99999  8284  8265  8263  8262  8258  8303  8264  8172  8179
TBILIS 1981 11 20 1  8169  8193  8172  8189  8176  8174  8205  8238  8271  8275  8283  8332
TBILIS 1981 11 20 2  8313  8275  8255  8220  8235  8194  8192  8137  8128  8086  8093  8095
TBILIS 1981 11 21 1  8082  8104  8111  8139  8145  8146  8157  8161  8220  8237  8195  8263
TBILIS 1981 11 21 2  8242  8247  8215  8223  8217  8148  8146  8159  8176  8134  8126  8132
TBILIS 1981 11 22 1  8156  8155  8177  8192  8211  8271  8210  8207  8199  8262  8283  8224
TBILIS 1981 11 22 2  8193  8247  8190  8168  8173  8169  8158  8145  8117  8119  8112  8151
TBILIS 1981 11 23 1  8124  8169  8102  8094  8123  8179  8230  8179  8189  8237  8276  8264
TBILIS 1981 11 23 2  8279  8250 99999 99999  8234  8161  8264  8176  8163  8183  8193  8142
TBILIS 1981 11 24 1  8201  8226  8186  8140  8190  8197  8220  8232  8263  8237  8198  8227
TBILIS 1981 11 24 2  8225  8221  8252  8208  8239  8260  8248  8276  8199  8209  8291  8269
TBILIS 1981 11 25 1  8252  8252  8201  8140  8206  8145  8192  8204  8129  8081  8116  8086
TBILIS 1981 11 25 2  8066  8040  8079  8056  8054  8039  8040  8033  8022  8037  8011  7997
TBILIS 1981 11 26 1  8014  8079  8078  8085  8062  8070  8119  8104  8188  8205  8214  8201
TBILIS 1981 11 26 2  8184  8210  8193  8160  8152  8163  8156  8186  8213  8228  8197  8192
TBILIS 1981 11 27 1  8204  8172  8194  8205  8187  8177  8141  8143  8164  8153 99999 99999
TBILIS 1981 11 27 2  8223  8267  8231  8226  8222  8233  8226  8235  8202  8184  8186  8176
TBILIS 1981 11 28 1  8165  8235  8214  8240  8233  8267  8228  8255  8258  8269  8295  8305
TBILIS 1981 11 28 2  8303  8325  8309  8301  8291  8290  8275  8258  8230  8223  8219  8226
TBILIS 1981 11 29 1  8237  8249  8222  8226  8280  8248  8272  8225  8253  8225  8249  8218
TBILIS 1981 11 29 2  8219  8269  8292  8252  8246  8253  8254  8276  8242  8261  8208  8223
TBILIS 1981 11 30 1  8185  8227  8231  8254  8274  8243  8247  8278  8262  8271  8289  8287
TBILIS 1981 11 30 2  8259  8313  8280  8248  8296  8303  8286  8234  8233  8263  8228  8219
TBILIS 1981 11 31 1 99999 99999 99999 99999 99999 99999 99999 99999 99999 99999 99999 99999
TBILIS 1981 11 31 2 99999 99999 99999 99999 99999 99999 99999 99999 99999 99999 99999 99999
Cosmic-Ray Neutron Monitor Data (Hourly, Pressure-Corrected and Scale-Adjusted Counts)
Collections: WDC for Cosmic Rays, Solar-Terrestrial Environment Laboratory, Nagoya Univ.
Data Access: http://center.stelab.nagoya-u.ac.jp/WDCCR/index.html
Project: ICSU WDC
Citation: WDC for Cosmic Rays, Solar-Terrestrial Environment Laboratory, Nagoya University
Station ID: TBILIS
Station:  TBILISI,GIORGIA,INSTITUT GEOPHYSIKY (IG), GIORGIAN ACADEMY OF SCIENCES,GIORGIA 
Instrument: 18-NM-64 NEUTRON MONITOR, CORRECTED FOR PRESSURE TO 950.0 MB, COEF. = -0.69 %/MB
Latitude (deg.):   41.72  Longitude (deg.):   44.80  Altitude (m):  510.00
Cut-Off Rigidity (GV):    6.66
Year: 1981  Month:  12
Scaling Factor (SF):    64.0   Constant (CONST):     0.0  Real Counts = (DATA + CONST)*SF
Temporal Resolution: 1 hour
UTC Start Hour:     0.0
                                                                                
                                                        
Monthly Average:  8328.1
Updated (YYYY MM DD): 1985 06 17
*******************************************************************************************
ID     YYYY MM DD 1     0     1     2     3     4     5     6     7     8     9    10    11
ID     YYYY MM DD 2    12    13    14    15    16    17    18    19    20    21    22    23
*******************************************************************************************
TBILIS 1981 12 01 1  8189  8180  8193  8202  8185  8167  8206  8236  8232  8283  8260  8258
TBILIS 1981 12 01 2  8265  8263  8244  8292  8298  8277  8271  8308  8309  8275  8275  8279
TBILIS 1981 12 02 1  8225  8280  8357  8286  8256  8299  8304  8289  8318  8264  8254  8300
TBILIS 1981 12 02 2  8271  8249  8263  8277  8263  8294  8294  8236  8234  8245  8256  8261
TBILIS 1981 12 03 1  8265  8237  8221  8246  8221  8206  8181 99999 99999  8217  8216  8243
TBILIS 1981 12 03 2  8244  8259  8259  8271  8294  8262  8247  8232  8236  8254  8262  8251
TBILIS 1981 12 04 1  8249  8250  8243  8252  8263  8224  8208  8222  8247  8267  8299  8265
TBILIS 1981 12 04 2  8315  8331  8297  8332  8299  8301  8336  8318  8326  8319  8308  8288
TBILIS 1981 12 05 1  8253  8260  8290  8309  8290  8289  8278  8311  8317  8338  8340  8308
TBILIS 1981 12 05 2  8296  8294  8319  8280  8269  8274  8261  8254  8249  8233  8248  8251
TBILIS 1981 12 06 1  8240  8243  8257  8298  8338  8334  8309  8287  8315  8303  8317  8351
TBILIS 1981 12 06 2  8326  8319  8306  8271  8293  8313  8241  8299  8307  8290  8333  8333
TBILIS 1981 12 07 1  8328  8344  8343  8312  8335  8340  8350  8337  8363  8302  8347  8297
TBILIS 1981 12 07 2  8278  8286  8269  8287  8325  8298  8297  8337  8317  8304  8332  8298
TBILIS 1981 12 08 1  8368  8312  8316  8324  8357  8358  8360  8345  8317  8362  8355  8357
TBILIS 1981 12 08 2  8367  8339  8293  8266  8287  8261  8229  8170  8102  8120  8110  8107
TBILIS 1981 12 09 1  8119  8169  8168  8159  8220  8229  8251  8261  8271  8245  8219  8235
TBILIS 1981 12 09 2  8179  8175  8162  8167  8158  8163  8161  8137  8183  8159  8182  8229
TBILIS 1981 12 10 1  8203  8156  8182  8219 99999  8256  8269  8229  8274  8360  8309  8318
TBILIS 1981 12 10 2  8256  8250  8217  8139  8141  8111  8122  8162  8155  8117  8096  8156
TBILIS 1981 12 11 1  8154  8139  8141  8154  8191  8177  8120 99999 99999 99999 99999 99999
TBILIS 1981 12 11 2  8176  8161  8183  8198  8200  8226  8243  8211  8200  8154  8164  8192
TBILIS 1981 12 12 1 99999 99999 99999 99999 99999 99999 99999 99999 99999 99999 99999 99999
TBILIS 1981 12 12 2 99999 99999 99999 99999 99999 99999 99999 99999 99999 99999 99999 99999
TBILIS 1981 12 13 1 99999 99999 99999 99999 99999 99999 99999 99999 99999 99999 99999 99999
TBILIS 1981 12 13 2 99999 99999 99999 99999 99999 99999 99999 99999 99999 99999 99999 99999
TBILIS 1981 12 14 1 99999 99999 99999 99999 99999 99999 99999 99999 99999  8224  8266  8243
TBILIS 1981 12 14 2  8267  8286  8274  8288  8263  8285  8270  8215  8263  8231  8246  8278
TBILIS 1981 12 15 1  8254  8259  8261  8258  8266  8242  8287  8299  8274  8294 99999 99999
TBILIS 1981 12 15 2 99999  8323  8287  8352  8329  8382  8297  8312  8366  8377  8388  8356
TBILIS 1981 12 16 1  8330  8286  8256  8289  8298  8250  8273  8267  8288  8285  8306  8349
TBILIS 1981 12 16 2  8342  8418  8445  8488  8407  8438  8425  8461  8518  8481  8381  8414
TBILIS 1981 12 17 1  8396  8388  8418  8369  8369  8341  8317  8366  8327  8362  8342  8423
TBILIS 1981 12 17 2  8412  8437  8424  8401  8365  8427  8457  8397  8433  8414  8401  8386
TBILIS 1981 12 18 1  8356  8394  8348  8384  8380  8422  8407  8395  8394  8448  8414  8402
TBILIS 1981 12 18 2  8408  8408  8425  8386  8406  8436  8397  8417  8365  8353  8296  8261
TBILIS 1981 12 19 1  8313  8299  8305  8297  8346  8297  8293  8338  8364  8349  8362  8337
TBILIS 1981 12 19 2  8422  8442  8398  8418  8341  8344  8386  8354  8393  8395  8394  8414
TBILIS 1981 12 20 1  8374  8359  8355  8385  8409  8418  8432  8388  8417  8409  8423  8420
TBILIS 1981 12 20 2  8376  8445  8420  8414  8439  8442  8442  8444  8516  8451  8419  8445
TBILIS 1981 12 21 1  8435  8421  8370  8434  8404  8425  8389  8404  8372  8401  8466  8410
TBILIS 1981 12 21 2  8439  8460  8438  8439  8427  8448  8424  8425  8411  8429  8411  8427
TBILIS 1981 12 22 1  8394  8432  8420  8388  8422  8415  8426  8455  8473  8473  8469  8458
TBILIS 1981 12 22 2  8464  8447  8413  8459  8434  8505  8461  8420  8471  8434  8434  8432
TBILIS 1981 12 23 1  8416  8411  8422  8445  8456  8464  8479  8472  8452  8432  8471  8442
TBILIS 1981 12 23 2  8495  8476  8474  8465  8503  8444  8435  8439  8439  8404  8418  8422
TBILIS 1981 12 24 1  8429  8477  8452  8437  8455  8467  8477  8442  8463  8460  8492  8486
TBILIS 1981 12 24 2  8431  8435  8412  8458  8463  8452  8452  8467  8430  8416  8472  8392
TBILIS 1981 12 25 1  8430  8432  8423  8438  8433  8437  8420  8432  8381  8403  8469  8470
TBILIS 1981 12 25 2  8464  8490  8484  8502  8444  8510  8494  8467  8466  8473  8446  8432
TBILIS 1981 12 26 1  8452  8425  8392  8423  8407  8410  8406  8425  8411  8449  8409  8434
TBILIS 1981 12 26 2  8416  8449  8423  8398  8379  8430  8419  8376  8386  8385  8354  8388
TBILIS 1981 12 27 1  8359  8344  8380  8340  8361  8384  8403  8364  8388  8390  8394  8368
TBILIS 1981 12 27 2  8385  8372  8422  8379  8466  8437  8416  8394  8423  8445  8462  8412
TBILIS 1981 12 28 1  8391  8377  8358  8355  8386  8392  8419  8447  8406  8401  8406  8386
TBILIS 1981 12 28 2  8393  8350  8408  8427  8401  8447  8436  8411  8423  8416  8370  8374
TBILIS 1981 12 29 1  8385  8376  8397  8384  8361  8371  8368  8412  8394  8426  8467  8487
TBILIS 1981 12 29 2  8431  8434  8423  8347  8342  8247  8242  8216  8217  8240  8183  8218
TBILIS 1981 12 30 1  8204  8216  8223  8212  8167  8241  8253  8239  8247  8254  8292  8214
TBILIS 1981 12 30 2  8224  8201  8241  8200  8192  8130  8159  8159  8213  8161  8160  8174
TBILIS 1981 12 31 1  8163  8125  8145  8173  8122  8099  8106  8196  8151  8175  8219  8197
TBILIS 1981 12 31 2  8191  8202  8175  8211  8176  8190  8194  8216  8208  8229  8218  8231
