Cosmic-Ray Neutron Monitor Data (Hourly, Pressure-Corrected and Scale-Adjusted Counts)
Collections: WDC for Cosmic Rays, Solar-Terrestrial Environment Laboratory, Nagoya Univ.
Data Access: http://center.stelab.nagoya-u.ac.jp/WDCCR/index.html
Project: ICSU WDC
Citation: WDC for Cosmic Rays, Solar-Terrestrial Environment Laboratory, Nagoya University
Station ID: TBILIS
Station:  TBILISI,GIORGIA,INSTITUT GEOPHYSIKY (IG), GIORGIAN ACADEMY OF SCIENCES,GIORGIA 
Instrument: 18-NM-64 NEUTRON MONITOR, CORRECTED FOR PRESSURE TO 950.0 MB, COEF. = -0.69 %/MB
Latitude (deg.):   41.72  Longitude (deg.):   44.80  Altitude (m):  510.00
Cut-Off Rigidity (GV):    6.66
Year: 1983  Month:   1
Scaling Factor (SF):    64.0   Constant (CONST):     0.0  Real Counts = (DATA + CONST)*SF
Temporal Resolution: 1 hour
UTC Start Hour:     0.0
                                                                                
                                                        
Monthly Average:  8170.9
Updated (YYYY MM DD): 1986 09 12
*******************************************************************************************
ID     YYYY MM DD 1     0     1     2     3     4     5     6     7     8     9    10    11
ID     YYYY MM DD 2    12    13    14    15    16    17    18    19    20    21    22    23
*******************************************************************************************
TBILIS 1983 01 01 1  8074  8106  8084  8054  8100  8122  8102  8107  8097  8159  8162  8181
TBILIS 1983 01 01 2  8178  8175  8093  8131  8112  8071  8112  8129  8108  8113  8163  8119
TBILIS 1983 01 02 1  8130  8161  8164  8172  8174  8214  8194  8140  8167  8168  8144  8107
TBILIS 1983 01 02 2  8146  8153  8099  8045  8039  8021  8084  8071  8076  8092  8051  8039
TBILIS 1983 01 03 1  8045  8071  8018  8033  8041  8060  8066  8057  8104  8145  8130  8161
TBILIS 1983 01 03 2  8123  8136  8084  8084  8091  8088  8101  8096  8049  8092  8064  8093
TBILIS 1983 01 04 1  8079  8093  8102  8077  8125  8137  8150  8138  8148  8151  8161  8151
TBILIS 1983 01 04 2  8185  8177  8198  8145  8161  8151  8145  8142  8101  8136  8107  8093
TBILIS 1983 01 05 1  8085  8069  8128  8115  8082  8143  8114  8093  8151  8175  8171  8174
TBILIS 1983 01 05 2  8194  8176  8166  8174  8166  8160  8165  8154  8147  8132  8127  8083
TBILIS 1983 01 06 1  8061  8071  8089  8142  8132  8164  8137  8106  8085  8154  8183  8177
TBILIS 1983 01 06 2  8172  8200  8155  8141  8125  8091  8126  8120  8072  8055  8078  8069
TBILIS 1983 01 07 1  8069  8080  8063  8068  8042  8060  8073  8026  8026  8086  8092  8128
TBILIS 1983 01 07 2  8097  8166  8128  8150  8132  8099  8086  8049  8043  8023  8050  8076
TBILIS 1983 01 08 1  8076  8104  8080  8098  8110  8108  8089  8104  8134  8123  8154  8181
TBILIS 1983 01 08 2  8182  8199  8194  8163  8188  8135  8144  8159  8156  8145  8132  8116
TBILIS 1983 01 09 1  8160  8171  8185  8199  8175  8179  8182  8156  8128  8217  8219  8217
TBILIS 1983 01 09 2  8194  8211  8210  8210  8229  8201  8156  8096  8049  8091  8034  8002
TBILIS 1983 01 10 1  8013  8110  8165  8074  8016  7941  7911  7890  7916  8012  7956  7888
TBILIS 1983 01 10 2  7878  7838  7832  7773  7794  7782  7778  7798  7883  7879  7917  7881
TBILIS 1983 01 11 1  7934  7966  7964  7958  7944  7924  7916  7890  7880  7901  7977  7986
TBILIS 1983 01 11 2  7926  7944  7926  7915  7924  7897  7895  7944  7994  8017  7980  7969
TBILIS 1983 01 12 1  7955  8041  7989  8011  8014  8018  7992  7986  7993  8010  7997  8014
TBILIS 1983 01 12 2  8041  7992  7977  8000  7961  7939  8002  7990  8013  8029  8053  8058
TBILIS 1983 01 13 1  8026  8044  8045  8048  8091  8050  8054  8054  8066  8026  8031  8055
TBILIS 1983 01 13 2  8028  8031  8087  8053  8051  8052  8068  8029  8108  8073  8016  8045
TBILIS 1983 01 14 1  7979  8059  8045  8052  8003  8039  8096  8082  8066  8085  8093  8083
TBILIS 1983 01 14 2  8087  8095  8060  8087  8103  8074  8044  8048  8011  8084  8078  8115
TBILIS 1983 01 15 1  8057  8114  8105  8124  8135  8117  8119  8134  8207  8192  8222  8218
TBILIS 1983 01 15 2  8241  8186  8200  8194  8185  8161  8180  8156  8157  8176  8171  8159
TBILIS 1983 01 16 1  8130  8160  8144  8167  8168  8171  8135  8147  8136  8190  8163  8201
TBILIS 1983 01 16 2  8212  8181  8146  8169  8164  8183  8195  8197  8138  8156  8145  8146
TBILIS 1983 01 17 1  8150  8143  8142  8155  8154  8164  8161  8181  8156  8227  8230  8248
TBILIS 1983 01 17 2  8247  8249  8223  8224  8163  8165  8191  8153  8183  8170  8183  8191
TBILIS 1983 01 18 1  8218  8226  8199  8220  8197  8239  8229  8200  8227  8195  8244  8278
TBILIS 1983 01 18 2  8219  8221  8239  8216  8202  8172  8190  8179  8192  8181  8162  8189
TBILIS 1983 01 19 1  8138  8195  8193  8212  8212  8201  8236  8259  8238  8228  8212  8230
TBILIS 1983 01 19 2  8192  8234  8292  8272  8223  8216  8218  8179  8171  8167  8189  8199
TBILIS 1983 01 20 1  8245  8184  8247  8260  8232  8248  8256  8269  8222  8278  8239  8253
TBILIS 1983 01 20 2  8275  8210  8225  8201  8232  8234  8189  8208  8186  8192  8182  8190
TBILIS 1983 01 21 1  8232  8200  8208  8200  8223  8170  8201  8203  8227  8272  8252  8270
TBILIS 1983 01 21 2  8235  8214  8237  8241  8225  8224  8236  8196  8187  8201  8184  8202
TBILIS 1983 01 22 1  8178  8203  8194  8257  8240  8244  8277  8272  8234  8276  8242  8297
TBILIS 1983 01 22 2  8290  8267  8223  8271  8269  8308  8247  8275  8252  8244  8266  8202
TBILIS 1983 01 23 1  8236  8243  8276  8217  8225  8244  8237  8245  8258  8294  8281  8306
TBILIS 1983 01 23 2  8297  8292  8353  8273  8263  8247  8249  8283  8271  8256  8311  8395
TBILIS 1983 01 24 1  8333  8302  8310  8265  8280  8286  8287  8294  8369  8303  8321  8376
TBILIS 1983 01 24 2  8388  8336  8373  8319  8233  8314  8354  8287  8298  8206  8161  8196
TBILIS 1983 01 25 1  8222  8236  8212  8205  8262  8248  8206  8239  8221  8282  8309  8296
TBILIS 1983 01 25 2  8329  8351  8331  8338  8283  8289  8333  8330  8306  8266  8289  8255
TBILIS 1983 01 26 1  8230  8248  8253  8259  8290  8287  8245  8314  8275  8399  8345  8298
TBILIS 1983 01 26 2  8259  8306  8298  8293  8328  8320  8301  8315  8319  8319  8338  8310
TBILIS 1983 01 27 1  8287  8279  8292  8300  8300  8291  8306  8363  8339  8313  8333  8351
TBILIS 1983 01 27 2  8349  8330  8366  8306  8346  8375  8374  8424  8374  8385  8374  8319
TBILIS 1983 01 28 1  8367  8332  8301  8292  8339  8297  8354  8286  8320  8282  8334  8343
TBILIS 1983 01 28 2  8364  8337  8322  8359  8358  8352  8307  8305  8338  8301  8334  8341
TBILIS 1983 01 29 1  8369  8314  8366  8318  8315  8276  8265  8276  8265  8240  8262  8298
TBILIS 1983 01 29 2  8286  8291  8281  8357  8401  8379  8326  8257  8255  8299  8297  8262
TBILIS 1983 01 30 1  8245  8249  8201  8266  8292  8307  8288  8252  8279  8244  8265  8338
TBILIS 1983 01 30 2  8289  8258  8225  8243  8262  8239  8221  8186  8207  8188  8197  8197
TBILIS 1983 01 31 1  8179  8208  8224  8225  8267  8312  8234  8231  8234  8223  8275  8222
TBILIS 1983 01 31 2  8230  8233  8231  8214  8218  8228  8193  8237  8236  8252  8278  8244
Cosmic-Ray Neutron Monitor Data (Hourly, Pressure-Corrected and Scale-Adjusted Counts)
Collections: WDC for Cosmic Rays, Solar-Terrestrial Environment Laboratory, Nagoya Univ.
Data Access: http://center.stelab.nagoya-u.ac.jp/WDCCR/index.html
Project: ICSU WDC
Citation: WDC for Cosmic Rays, Solar-Terrestrial Environment Laboratory, Nagoya University
Station ID: TBILIS
Station:  TBILISI,GIORGIA,INSTITUT GEOPHYSIKY (IG), GIORGIAN ACADEMY OF SCIENCES,GIORGIA 
Instrument: 18-NM-64 NEUTRON MONITOR, CORRECTED FOR PRESSURE TO 950.0 MB, COEF. = -0.69 %/MB
Latitude (deg.):   41.72  Longitude (deg.):   44.80  Altitude (m):  510.00
Cut-Off Rigidity (GV):    6.66
Year: 1983  Month:   2
Scaling Factor (SF):    64.0   Constant (CONST):     0.0  Real Counts = (DATA + CONST)*SF
Temporal Resolution: 1 hour
UTC Start Hour:     0.0
                                                                                
                                                        
Monthly Average:  8297.3
Updated (YYYY MM DD): 1986 09 12
*******************************************************************************************
ID     YYYY MM DD 1     0     1     2     3     4     5     6     7     8     9    10    11
ID     YYYY MM DD 2    12    13    14    15    16    17    18    19    20    21    22    23
*******************************************************************************************
TBILIS 1983 02 01 1  8239  8271  8227  8242  8257  8218  8248  8254  8196  8212  8226  8212
TBILIS 1983 02 01 2  8191  8193  8231  8228  8247  8204  8207  8205  8241  8241  8284  8249
TBILIS 1983 02 02 1  8257  8249  8250  8224  8258  8225  8208  8200  8239  8277  8249  8254
TBILIS 1983 02 02 2  8185  8243  8309  8253  8243  8268  8229  8294  8310  8290  8323  8291
TBILIS 1983 02 03 1  8278  8267  8272  8285  8274  8270  8294  8267  8290  8293  8253  8266
TBILIS 1983 02 03 2  8303  8263  8284  8260  8318  8299  8313  8320  8324  8310  8297  8302
TBILIS 1983 02 04 1  8334  8309  8338  8314  8329  8315  8319  8334  8345  8343  8350  8311
TBILIS 1983 02 04 2  8348  8298  8320  8314  8244  8368  8316  8196  8110  8198  8210  8215
TBILIS 1983 02 05 1  8105  8085  8065  8060  8090  8051  8004  7992  8051  8015  7966  8006
TBILIS 1983 02 05 2  7973  7996  7964  7944  7916  7974  7962  7984  7962  7976  8040  8018
TBILIS 1983 02 06 1  7971  7931  7957  8025  8024  8057  8028  7964  7977  7940  7939  7910
TBILIS 1983 02 06 2  7926  7915  7950  7924  7918  7978  7984  7999  8016  8026  8025  8049
TBILIS 1983 02 07 1  8059  8086  8072  8073  8099  8134  8110  8104  8080  8148  8170  8141
TBILIS 1983 02 07 2  8210  8128  8160  8075  8087  8082  8058  8081  8115  8133  8166  8167
TBILIS 1983 02 08 1  8188  8192  8163  8147  8152  8140  8122  8087  8068  8131  8135  8150
TBILIS 1983 02 08 2  8133  8096  8144  8114  8155  8149  8174  8193  8207  8222  8180  8245
TBILIS 1983 02 09 1  8268  8269  8282  8260  8206  8205  8168  8179  8151  8148  8191  8204
TBILIS 1983 02 09 2  8205  8211 99999 99999 99999 99999  8236  8230  8224  8209  8210  8225
TBILIS 1983 02 10 1  8267  8225  8254  8227  8258  8244  8239  8213  8214  8274  8265  8356
TBILIS 1983 02 10 2  8275  8302  8288  8290  8262  8279  8245  8228  8219  8231  8272  8258
TBILIS 1983 02 11 1  8238  8260  8265  8226  8292  8257  8262  8240  8262  8285  8260  8297
TBILIS 1983 02 11 2  8324  8282  8322  8273  8235  8228  8264  8239  8225  8223  8230  8245
TBILIS 1983 02 12 1  8247  8279  8271  8261  8235  8255  8254  8267  8307  8292  8305  8368
TBILIS 1983 02 12 2  8423  8413  8384  8370  8350  8339  8350  8337  8339  8322  8277  8293
TBILIS 1983 02 13 1  8257  8258  8290  8264  8273  8282  8284  8269  8322  8382  8386  8381
TBILIS 1983 02 13 2  8385  8366  8390  8320  8370  8341  8286  8303  8304  8290  8295  8311
TBILIS 1983 02 14 1  8339  8321  8354  8347  8322  8286  8322  8291  8298  8266  8284  8339
TBILIS 1983 02 14 2  8277  8270  8246  8249  8259  8292  8288  8256  8243  8230  8247  8255
TBILIS 1983 02 15 1  8265  8220  8240  8198  8252  8229  8263  8272  8270  8313  8312  8364
TBILIS 1983 02 15 2  8359  8341  8366  8385  8337  8334  8344  8281  8265  8272  8254  8234
TBILIS 1983 02 16 1  8226  8252  8230  8257  8204  8218  8238  8226  8228  8266  8291  8317
TBILIS 1983 02 16 2  8290  8311  8275  8248  8286  8312  8317  8302  8307  8306  8300  8273
TBILIS 1983 02 17 1  8313  8308  8320  8325  8276  8275  8276  8292  8306  8327  8336  8386
TBILIS 1983 02 17 2  8393  8374  8347  8355  8366  8366  8377  8395  8418  8372  8327  8323
TBILIS 1983 02 18 1  8324  8303  8301  8359  8339  8357  8348  8343  8362  8348  8359  8379
TBILIS 1983 02 18 2  8372  8391  8333  8361  8384  8383  8372  8397  8347  8337  8367  8354
TBILIS 1983 02 19 1  8324  8305  8321  8313  8350  8305  8306  8366  8338  8359  8370  8362
TBILIS 1983 02 19 2  8316  8389  8397  8416  8391  8382  8385  8392  8380  8351  8362  8340
TBILIS 1983 02 20 1  8388  8352  8386  8383  8376  8386  8329  8365  8335  8408  8406  8423
TBILIS 1983 02 20 2  8446  8436  8434  8444  8437  8387  8396  8386  8419  8405  8390  8429
TBILIS 1983 02 21 1  8428  8393  8386  8418  8416  8449  8432  8436  8452  8458  8528  8472
TBILIS 1983 02 21 2  8475  8446  8482  8452  8462  8464  8470  8432  8466  8455  8458  8443
TBILIS 1983 02 22 1  8417  8425  8429  8417  8437  8391  8420  8405  8353  8360  8393  8398
TBILIS 1983 02 22 2 99999 99999 99999  8424  8402  8353  8346  8333  8331  8332  8297  8305
TBILIS 1983 02 23 1  8323  8299  8288  8291  8343  8383  8331  8391  8348  8365  8389  8398
TBILIS 1983 02 23 2  8432  8408  8439  8432  8397  8417  8402  8376  8426  8409  8405  8433
TBILIS 1983 02 24 1  8445  8403  8396  8452  8442  8383  8392  8374  8386  8408  8444  8421
TBILIS 1983 02 24 2  8416  8430  8433  8448  8448  8455  8468  8448  8436  8473  8430  8458
TBILIS 1983 02 25 1  8454  8420  8439  8418  8444  8458  8463  8447  8416  8428  8451  8452
TBILIS 1983 02 25 2  8477  8444  8506  8442  8450  8481  8480  8454  8436  8450  8426  8440
TBILIS 1983 02 26 1  8455  8454  8465  8461  8441  8444  8421  8424  8429  8474  8464  8455
TBILIS 1983 02 26 2  8436  8445  8416  8461  8474  8497  8494  8461  8497  8492  8417  8431
TBILIS 1983 02 27 1  8383  8414  8422  8387  8377  8384  8401  8418  8463  8471  8422  8508
TBILIS 1983 02 27 2  8512  8449  8445  8448  8438  8437  8377  8346  8374  8353  8391  8327
TBILIS 1983 02 28 1  8357  8305  8332  8312  8304  8360  8366  8371  8467  8465  8427  8410
TBILIS 1983 02 28 2  8427  8460  8434  8400  8400  8398  8404  8387  8389  8376  8373  8378
TBILIS 1983 02 29 1 99999 99999 99999 99999 99999 99999 99999 99999 99999 99999 99999 99999
TBILIS 1983 02 29 2 99999 99999 99999 99999 99999 99999 99999 99999 99999 99999 99999 99999
TBILIS 1983 02 30 1 99999 99999 99999 99999 99999 99999 99999 99999 99999 99999 99999 99999
TBILIS 1983 02 30 2 99999 99999 99999 99999 99999 99999 99999 99999 99999 99999 99999 99999
TBILIS 1983 02 31 1 99999 99999 99999 99999 99999 99999 99999 99999 99999 99999 99999 99999
TBILIS 1983 02 31 2 99999 99999 99999 99999 99999 99999 99999 99999 99999 99999 99999 99999
Cosmic-Ray Neutron Monitor Data (Hourly, Pressure-Corrected and Scale-Adjusted Counts)
Collections: WDC for Cosmic Rays, Solar-Terrestrial Environment Laboratory, Nagoya Univ.
Data Access: http://center.stelab.nagoya-u.ac.jp/WDCCR/index.html
Project: ICSU WDC
Citation: WDC for Cosmic Rays, Solar-Terrestrial Environment Laboratory, Nagoya University
Station ID: TBILIS
Station:  TBILISI,GIORGIA,INSTITUT GEOPHYSIKY (IG), GIORGIAN ACADEMY OF SCIENCES,GIORGIA 
Instrument: 18-NM-64 NEUTRON MONITOR, CORRECTED FOR PRESSURE TO 950.0 MB, COEF. = -0.69 %/MB
Latitude (deg.):   41.72  Longitude (deg.):   44.80  Altitude (m):  510.00
Cut-Off Rigidity (GV):    6.66
Year: 1983  Month:   3
Scaling Factor (SF):    64.0   Constant (CONST):     0.0  Real Counts = (DATA + CONST)*SF
Temporal Resolution: 1 hour
UTC Start Hour:     0.0
                                                                                
                                                        
Monthly Average:  8388.3
Updated (YYYY MM DD): 1986 09 12
*******************************************************************************************
ID     YYYY MM DD 1     0     1     2     3     4     5     6     7     8     9    10    11
ID     YYYY MM DD 2    12    13    14    15    16    17    18    19    20    21    22    23
*******************************************************************************************
TBILIS 1983 03 01 1  8325  8396  8385  8369  8390  8375  8333  8282  8315  8264  8296  8282
TBILIS 1983 03 01 2  8282  8328  8286  8314  8288  8349  8289  8274  8285  8238  8240  8270
TBILIS 1983 03 02 1  8275  8286  8258  8267  8342  8350  8403  8465  8493  8551  8482  8542
TBILIS 1983 03 02 2  8526  8528  8521  8523  8470  8423  8391  8407  8357  8320  8385  8340
TBILIS 1983 03 03 1  8382  8331  8342  8358  8411  8376  8384  8421  8442  8436  8379  8422
TBILIS 1983 03 03 2  8408  8385  8374  8366  8342  8324  8331  8335  8316  8314  8328  8298
TBILIS 1983 03 04 1  8346  8322  8362  8327  8310  8291  8319  8260  8256  8274  8312  8291
TBILIS 1983 03 04 2  8258  8326  8323  8301  8319  8324  8315  8293  8365  8342  8294  8321
TBILIS 1983 03 05 1  8274  8314  8287  8253  8291  8277  8311  8265  8287  8282  8301  8277
TBILIS 1983 03 05 2  8299  8262  8282  8263  8298  8281  8291  8334  8310  8333  8326  8331
TBILIS 1983 03 06 1  8320  8339  8342  8313  8337  8351  8335  8340  8306  8263  8305  8320
TBILIS 1983 03 06 2  8309  8324  8295  8279  8371  8320  8350  8378  8378  8408  8363  8368
TBILIS 1983 03 07 1  8331  8267  8276  8294  8294  8298  8313  8255  8291  8304  8308  8324
TBILIS 1983 03 07 2  8311  8300  8305  8328  8320  8346  8368  8314  8340  8334  8322  8316
TBILIS 1983 03 08 1  8326  8349  8340  8317  8326  8369  8322  8379  8355  8399  8371  8335
TBILIS 1983 03 08 2  8377  8396  8390  8372  8404  8389  8371  8414  8433  8419  8424  8359
TBILIS 1983 03 09 1  8394  8401  8381  8397  8401  8454  8466  8431  8451  8431  8409  8404
TBILIS 1983 03 09 2  8360  8356  8383  8361  8374  8312  8355  8281  8294  8277  8303  8338
TBILIS 1983 03 10 1  8374  8348  8352  8363  8344  8349  8346  8333  8378  8341  8351  8383
TBILIS 1983 03 10 2  8377  8333  8343  8396  8342  8338  8319  8369  8341  8357  8353  8351
TBILIS 1983 03 11 1  8347  8352  8358  8317  8287  8313  8215  8263  8215  8228  8300  8315
TBILIS 1983 03 11 2  8345  8353  8332  8307  8333  8376  8341  8344  8332  8327  8321  8308
TBILIS 1983 03 12 1  8327  8299  8308  8321  8334  8297  8370  8375  8381  8362  8377  8422
TBILIS 1983 03 12 2  8344  8356  8373  8382  8422  8436  8460  8403  8360  8373  8363  8364
TBILIS 1983 03 13 1  8348  8353  8346  8332  8339  8307  8309  8327  8363  8401  8414  8385
TBILIS 1983 03 13 2  8365  8367  8378  8370  8348  8317  8276  8280  8279  8240  8273  8217
TBILIS 1983 03 14 1  8257  8228  8236  8245  8235  8200  8283  8286  8282  8355  8373  8380
TBILIS 1983 03 14 2  8323  8309  8309  8331  8345  8310  8332  8308  8285  8273  8251  8274
TBILIS 1983 03 15 1  8308  8300  8321  8303  8318  8312  8329  8325  8325  8339  8305  8325
TBILIS 1983 03 15 2  8359  8362  8361  8340  8340  8347  8341  8318  8304  8313  8317  8340
TBILIS 1983 03 16 1  8347  8357  8352  8346  8356  8343  8336  8371  8345  8329  8349  8331
TBILIS 1983 03 16 2  8398  8379  8374  8345  8374  8320  8348  8356  8332  8359  8378  8345
TBILIS 1983 03 17 1  8353  8386  8395  8377  8404  8408  8399  8438  8400  8372  8359  8362
TBILIS 1983 03 17 2  8308  8314  8343  8333  8330  8352  8302  8347  8368  8362  8379  8385
TBILIS 1983 03 18 1  8370  8357  8390  8353  8387  8398  8414  8421  8414  8413  8396  8385
TBILIS 1983 03 18 2  8343  8350  8335  8376  8421  8372  8395  8426  8438  8364  8392  8393
TBILIS 1983 03 19 1  8390  8416  8400  8375  8374  8396  8383  8382  8418  8414  8464  8473
TBILIS 1983 03 19 2  8411  8418  8424  8391  8432  8395  8359  8363  8366  8339  8364  8372
TBILIS 1983 03 20 1  8406  8399  8356  8411  8417  8441  8469  8447  8411  8461  8457  8452
TBILIS 1983 03 20 2  8446  8474  8490  8519  8476  8424  8515  8435  8461  8424  8446  8460
TBILIS 1983 03 21 1  8442  8439  8441  8412  8443  8444  8431  8406  8449  8487  8485  8490
TBILIS 1983 03 21 2  8474  8460  8472  8437  8459  8448  8485  8450  8487  8470  8461  8464
TBILIS 1983 03 22 1  8435  8424  8428  8428  8471  8478  8460  8477  8489  8462  8437  8434
TBILIS 1983 03 22 2  8502  8499  8507  8505  8502  8511  8490  8441  8472  8462  8422  8418
TBILIS 1983 03 23 1  8387  8420  8402  8437  8415  8443  8442  8457  8456  8449  8456  8448
TBILIS 1983 03 23 2  8472  8454  8500  8497  8439  8458  8454  8462  8447  8433  8416  8394
TBILIS 1983 03 24 1  8411  8436  8467  8435  8412  8414  8373  8441  8431  8399  8418  8453
TBILIS 1983 03 24 2  8431  8431  8421  8390  8425  8412  8426  8424  8420  8426  8426  8509
TBILIS 1983 03 25 1  8504  8539  8504  8541  8552  8560  8547  8558  8558  8603  8610  8638
TBILIS 1983 03 25 2  8629  8603  8555  8502  8497  8445  8403  8473  8426  8424  8415  8407
TBILIS 1983 03 26 1  8415  8444  8425  8429  8417  8385  8400  8400  8359  8393  8382  8390
TBILIS 1983 03 26 2  8402  8406  8418  8385  8414  8394  8395  8421  8387  8419  8382  8421
TBILIS 1983 03 27 1  8445  8428  8416  8423  8458  8379  8347  8366  8348  8323  8282  8305
TBILIS 1983 03 27 2  8350  8317  8344  8317  8220  8297  8295  8314  8366  8351  8369  8370
TBILIS 1983 03 28 1  8358  8340  8342  8325  8327  8350  8285  8420  8481  8526  8539  8515
TBILIS 1983 03 28 2  8540  8536  8530  8582  8575  8540  8533  8526  8511  8476  8495  8477
TBILIS 1983 03 29 1  8446  8470  8463  8488  8494  8485  8513  8506  8475  8499  8519  8560
TBILIS 1983 03 29 2  8554  8547  8547  8547  8512  8494  8492  8488  8485  8469  8506  8495
TBILIS 1983 03 30 1  8512  8449  8470  8493  8485  8493  8512  8490  8507  8484  8500  8538
TBILIS 1983 03 30 2  8513  8479  8486  8539  8530  8543  8525  8480  8501  8474  8474  8486
TBILIS 1983 03 31 1  8481  8468  8463  8469  8504  8466  8449  8449  8456  8473  8502  8550
TBILIS 1983 03 31 2  8550  8534  8502  8479  8538  8461  8484  8474  8517  8510  8489  8473
Cosmic-Ray Neutron Monitor Data (Hourly, Pressure-Corrected and Scale-Adjusted Counts)
Collections: WDC for Cosmic Rays, Solar-Terrestrial Environment Laboratory, Nagoya Univ.
Data Access: http://center.stelab.nagoya-u.ac.jp/WDCCR/index.html
Project: ICSU WDC
Citation: WDC for Cosmic Rays, Solar-Terrestrial Environment Laboratory, Nagoya University
Station ID: TBILIS
Station:  TBILISI,GIORGIA,INSTITUT GEOPHYSIKY (IG), GIORGIAN ACADEMY OF SCIENCES,GIORGIA 
Instrument: 18-NM-64 NEUTRON MONITOR, CORRECTED FOR PRESSURE TO 950.0 MB, COEF. = -0.69 %/MB
Latitude (deg.):   41.72  Longitude (deg.):   44.80  Altitude (m):  510.00
Cut-Off Rigidity (GV):    6.66
Year: 1983  Month:   4
Scaling Factor (SF):    64.0   Constant (CONST):     0.0  Real Counts = (DATA + CONST)*SF
Temporal Resolution: 1 hour
UTC Start Hour:     0.0
                                                                                
                                                        
Monthly Average:  8392.8
Updated (YYYY MM DD): 1986 09 12
*******************************************************************************************
ID     YYYY MM DD 1     0     1     2     3     4     5     6     7     8     9    10    11
ID     YYYY MM DD 2    12    13    14    15    16    17    18    19    20    21    22    23
*******************************************************************************************
TBILIS 1983 04 01 1  8498  8500  8472  8459  8453  8468  8489  8454  8493  8521  8528  8516
TBILIS 1983 04 01 2  8500  8481  8496  8484  8473  8483  8491  8496  8458  8478  8458  8473
TBILIS 1983 04 02 1  8447  8442  8461  8433  8482  8449  8460  8490  8501  8535  8548  8518
TBILIS 1983 04 02 2  8555  8501  8516  8525  8523  8505  8526  8497  8472  8454  8486  8445
TBILIS 1983 04 03 1  8458  8483  8444  8459  8473  8475  8447  8429  8489  8466  8490  8486
TBILIS 1983 04 03 2  8493  8464  8464  8449  8450  8462  8439  8440  8451  8470  8437  8448
TBILIS 1983 04 04 1  8467  8473  8426  8443  8455  8448  8459  8460  8485  8465  8493  8469
TBILIS 1983 04 04 2  8552  8537  8557  8508  8536  8516  8554  8550  8510  8502  8434  8425
TBILIS 1983 04 05 1  8447  8450  8435  8404  8454  8452  8506  8509  8518  8539  8517  8540
TBILIS 1983 04 05 2  8505  8538  8531  8471  8501  8489  8469  8439  8440  8435  8454  8483
TBILIS 1983 04 06 1  8474  8422  8432  8460  8454  8465  8451  8499  8506  8545  8547  8565
TBILIS 1983 04 06 2  8540  8538  8539  8544  8498  8490  8463  8461  8431  8408  8427  8405
TBILIS 1983 04 07 1  8412  8394  8409  8419  8412  8451  8438  8465  8449  8464  8463  8490
TBILIS 1983 04 07 2  8455  8432  8458  8468  8434  8412  8438  8432  8418  8420  8404  8413
TBILIS 1983 04 08 1  8405  8386  8375  8368  8415  8417  8383  8395  8402  8433  8511  8428
TBILIS 1983 04 08 2  8473  8460  8444  8461  8439  8406  8462  8422  8412  8395  8414  8326
TBILIS 1983 04 09 1  8407  8354  8372  8388  8374  8386  8386  8367  8447  8404  8365  8325
TBILIS 1983 04 09 2  8326  8362  8407  8432  8405  8394  8402  8389  8357  8391  8388  8371
TBILIS 1983 04 10 1  8323  8336  8350  8364  8381  8398  8371  8410  8385  8403  8386  8402
TBILIS 1983 04 10 2  8398  8378  8416  8433  8424  8386  8372  8354  8367  8387  8392  8412
TBILIS 1983 04 11 1  8416  8418  8428  8423  8420  8429  8411  8428  8454  8443  8436  8420
TBILIS 1983 04 11 2  8436  8429  8415  8415  8427  8410  8466  8410 99999 99999 99999 99999
TBILIS 1983 04 12 1 99999 99999 99999 99999 99999 99999 99999  8425  8427  8442  8418  8424
TBILIS 1983 04 12 2  8418  8463  8475  8455  8501  8481  8448  8406  8347  8411  8376  8414
TBILIS 1983 04 13 1  8477  8453  8443  8456  8457  8452  8436  8379  8342  8323  8285  8266
TBILIS 1983 04 13 2  8303  8321  8390  8486  8472  8510  8537  8467  8422  8415  8396  8409
TBILIS 1983 04 14 1  8365  8364  8375  8361  8310  8357  8313  8393  8233  8266  8326  8339
TBILIS 1983 04 14 2  8359  8389  8358  8384  8409  8370  8382  8379  8334  8385  8389  8337
TBILIS 1983 04 15 1  8369  8372  8359  8365  8320  8313  8304  8338  8371  8400  8420  8410
TBILIS 1983 04 15 2  8430  8444  8414  8403  8391  8374  8376  8342  8353  8395  8389  8351
TBILIS 1983 04 16 1  8390  8399  8376  8348  8386  8404  8376  8391  8388  8435  8428  8455
TBILIS 1983 04 16 2  8434  8455  8395  8409  8406  8388  8383  8407  8404  8375  8365  8371
TBILIS 1983 04 17 1  8435  8403  8410  8423  8381  8402  8385  8433  8455  8430  8413  8421
TBILIS 1983 04 17 2  8507  8465  8399  8514  8487  8387  8450  8430  8399  8399  8421  8425
TBILIS 1983 04 18 1  8479  8437  8441  8448  8473  8463  8464  8443  8458  8446  8413  8387
TBILIS 1983 04 18 2  8414  8442  8468  8480  8454  8455  8438  8424  8445  8468  8447  8448
TBILIS 1983 04 19 1  8444  8437  8445  8453  8419  8453  8452  8444  8400  8443  8501  8454
TBILIS 1983 04 19 2  8443  8441  8506  8437  8477  8479  8468  8465  8467  8465  8468  8487
TBILIS 1983 04 20 1  8442  8467  8426  8410  8396  8408  8449  8441  8449  8441  8431  8437
TBILIS 1983 04 20 2  8414  8433  8427  8470  8445  8449  8453  8418  8442  8469  8463  8511
TBILIS 1983 04 21 1  8485  8507  8482  8472  8460  8449  8439  8447  8366  8428  8419  8391
TBILIS 1983 04 21 2  8413  8374  8396  8337  8327  8336  8344  8376  8399  8401  8361  8378
TBILIS 1983 04 22 1  8378  8415  8381  8369  8405  8389  8423  8412  8418  8442  8423  8419
TBILIS 1983 04 22 2  8371  8377  8377  8347  8368  8402  8395  8364  8351  8377  8406  8396
TBILIS 1983 04 23 1  8382  8377  8419  8402  8407  8418  8443  8365  8377  8359  8406  8397
TBILIS 1983 04 23 2  8423  8403  8393  8383  8382  8379  8388  8384  8415  8405  8424  8380
TBILIS 1983 04 24 1  8347  8386  8369  8345  8346  8328  8344  8336  8292  8315  8369  8393
TBILIS 1983 04 24 2  8384  8359  8381  8393  8346  8364  8325  8335  8320  8309  8264  8278
TBILIS 1983 04 25 1  8221  8247  8280  8326  8325  8308  8337  8297  8293  8345  8298  8292
TBILIS 1983 04 25 2  8294  8305  8294  8324  8323  8265  8282  8284  8261  8288  8292  8276
TBILIS 1983 04 26 1  8277  8262  8260  8254  8233  8215  8243  8207  8234  8226  8224  8203
TBILIS 1983 04 26 2  8210  8199  8220  8230  8207  8205  8219  8195  8249  8197  8205  8229
TBILIS 1983 04 27 1  8241  8263  8199  8221  8223  8211  8242  8249  8223  8235  8268  8254
TBILIS 1983 04 27 2  8290  8265  8274  8235  8318  8258  8258  8251  8229  8215  8243  8238
TBILIS 1983 04 28 1  8211  8262  8249  8260  8245  8274  8304  8280  8278  8286  8312  8287
TBILIS 1983 04 28 2  8259  8263  8239  8281  8297  8345  8328  8268  8267  8254  8249  8259
TBILIS 1983 04 29 1  8245  8251  8246  8216  8224  8224  8244  8228  8257  8302  8303  8306
TBILIS 1983 04 29 2  8285  8300  8323  8289  8340  8286  8322  8304  8301  8283  8260  8180
TBILIS 1983 04 30 1  8243  8242  8241  8267  8267  8233  8251  8261  8254  8281  8276  8282
TBILIS 1983 04 30 2  8336  8299  8306  8259  8289  8294  8274  8298  8303  8302  8268  8280
TBILIS 1983 04 31 1 99999 99999 99999 99999 99999 99999 99999 99999 99999 99999 99999 99999
TBILIS 1983 04 31 2 99999 99999 99999 99999 99999 99999 99999 99999 99999 99999 99999 99999
Cosmic-Ray Neutron Monitor Data (Hourly, Pressure-Corrected and Scale-Adjusted Counts)
Collections: WDC for Cosmic Rays, Solar-Terrestrial Environment Laboratory, Nagoya Univ.
Data Access: http://center.stelab.nagoya-u.ac.jp/WDCCR/index.html
Project: ICSU WDC
Citation: WDC for Cosmic Rays, Solar-Terrestrial Environment Laboratory, Nagoya University
Station ID: TBILIS
Station:  TBILISI,GIORGIA,INSTITUT GEOPHYSIKY (IG), GIORGIAN ACADEMY OF SCIENCES,GIORGIA 
Instrument: 18-NM-64 NEUTRON MONITOR, CORRECTED FOR PRESSURE TO 950.0 MB, COEF. = -0.69 %/MB
Latitude (deg.):   41.72  Longitude (deg.):   44.80  Altitude (m):  510.00
Cut-Off Rigidity (GV):    6.66
Year: 1983  Month:   5
Scaling Factor (SF):    64.0   Constant (CONST):     0.0  Real Counts = (DATA + CONST)*SF
Temporal Resolution: 1 hour
UTC Start Hour:     0.0
                                                                                
                                                        
Monthly Average:  8189.9
Updated (YYYY MM DD): 1986 09 12
*******************************************************************************************
ID     YYYY MM DD 1     0     1     2     3     4     5     6     7     8     9    10    11
ID     YYYY MM DD 2    12    13    14    15    16    17    18    19    20    21    22    23
*******************************************************************************************
TBILIS 1983 05 01 1  8314  8304  8292  8285  8289  8275  8282  8289  8303  8304  8307  8380
TBILIS 1983 05 01 2  8337  8288  8284  8284  8292  8269  8257  8297  8282  8326  8293  8235
TBILIS 1983 05 02 1  8220  8260  8239  8266  8306  8264  8216  8278  8267  8236  8245  8217
TBILIS 1983 05 02 2  8274  8248  8285  8272  8311  8297  8361  8284  8296  8308  8275  8263
TBILIS 1983 05 03 1  8227  8269  8218  8221  8237  8237  8273  8227  8236  8253  8257  8236
TBILIS 1983 05 03 2  8271  8284  8262  8225  8221  8270  8223  8231  8240  8197  8191  8175
TBILIS 1983 05 04 1  8172  8182  8201  8234  8278  8314  8323  8332  8336  8320  8327  8313
TBILIS 1983 05 04 2  8346  8346  8386  8366  8330  8333  8328  8324  8190  8219  8232  8205
TBILIS 1983 05 05 1  8217  8235  8246  8206  8228  8233  8208  8249  8208  8301  8272  8299
TBILIS 1983 05 05 2  8322  8379  8351  8308  8316  8327  8269  8267  8293  8267  8252  8241
TBILIS 1983 05 06 1  8233  8252  8270  8254  8260  8246  8269  8267  8285  8306  8317  8321
TBILIS 1983 05 06 2  8285  8286  8316  8312  8321  8305  8300  8265  8298  8235  8220  8263
TBILIS 1983 05 07 1  8280  8244  8311  8306  8278  8278  8302  8234  8288  8310  8304  8316
TBILIS 1983 05 07 2  8295  8292  8303  8274  8266  8297  8254  8293  8203  8234  8284  8252
TBILIS 1983 05 08 1  8261  8273  8246  8208  8268  8242  8246  8273  8304  8260  8287  8293
TBILIS 1983 05 08 2  8283  8304  8276  8277  8264  8249  8221  8223  8232  8268  8280  8295
TBILIS 1983 05 09 1  8275  8287  8285  8286  8274  8281  8262  8230  8226  8270  8272  8331
TBILIS 1983 05 09 2  8262  8261  8239  8225  8244  8216  8233  8243  8255  8235  8244  8274
TBILIS 1983 05 10 1  8214  8227  8250  8221  8218  8230  8260  8288  8284  8333  8301  8304
TBILIS 1983 05 10 2  8303  8298  8310  8334  8318  8299  8306  8280  8215  8193  8217  8167
TBILIS 1983 05 11 1  8196  8231  8217  8233  8229  8240  8269  8295  8300  8262  8237  8278
TBILIS 1983 05 11 2  8304  8281  8261  8301  8341  8299  8276  8270  8246  8241  8249  8216
TBILIS 1983 05 12 1  8210  8209  8184  8166  8186  8171  8153  8186  8172  8176  8157  8154
TBILIS 1983 05 12 2  8166  8165  8159  8193  8180  8193  8187  8205  8185  8199  8206  8180
TBILIS 1983 05 13 1  8123  8166  8196  8193  8150  8181  8210  8147  8165  8195  8180  8170
TBILIS 1983 05 13 2  8190  8155  8178  8187  8232  8206  8154  8213  8185  8181  8139  8167
TBILIS 1983 05 14 1  8160  8159  8121  8092  8087  8107  8131  8108  8119  8111  8086  8130
TBILIS 1983 05 14 2  8152  8158  8164  8169  8160  8139  8132  8128  8136  8150  8119  8120
TBILIS 1983 05 15 1  8121  8117  8064  8091  8079  8059  8080  8060  8063  8077  8104  8129
TBILIS 1983 05 15 2  8131  8075  8098  8109  8136  8108  8112  8129  8126  8106  8114  8125
TBILIS 1983 05 16 1  8131  8124  8115  8136  8130  8087  8085  8103  8098  8089  8100  8122
TBILIS 1983 05 16 2  8124  8084  8093  8116  8111  8135  8115  8119  8137  8132  8136  8153
TBILIS 1983 05 17 1  8101  8071  8103  8118  8126  8110  8075  8072  8019  7991  8019  8059
TBILIS 1983 05 17 2  8159  8191  8198  8197  8228  8218  8185  8178  8159  8155  8124  8126
TBILIS 1983 05 18 1  8101  8086  8048  8000  8017  8016  7965  7958  7965  7992  7976  7974
TBILIS 1983 05 18 2  8093  8081  8069  8031  8076  8090  8062  8058  8071  8033  8083  8034
TBILIS 1983 05 19 1  8077  8077  8021  8042  8026  8046  8070  8065  8078  8113  8122  8121
TBILIS 1983 05 19 2  8122  8163  8101  8165  8183  8197  8214  8198  8169  8179  8163  8129
TBILIS 1983 05 20 1  8145  8172  8149  8176  8188  8195  8201  8212  8211  8242  8246  8184
TBILIS 1983 05 20 2  8214  8204  8216  8214  8217  8209  8147  8173  8163  8154  8204  8178
TBILIS 1983 05 21 1  8200  8247  8220  8247  8208  8188  8219  8250  8253  8253  8229  8250
TBILIS 1983 05 21 2  8213  8203  8228  8270  8257  8199  8198  8219  8082  8085  8116  8064
TBILIS 1983 05 22 1  7979  7983  8043  8062  8070  8092  8085 99999 99999 99999 99999 99999
TBILIS 1983 05 22 2 99999 99999 99999 99999 99999 99999 99999 99999 99999  8102  8061  8108
TBILIS 1983 05 23 1  8130  8178  8151  8167  8068  8129  8111  8146  8124  8081  8146  8164
TBILIS 1983 05 23 2  8161  8196  8144  8124  8103  8106  8096  8117  8085  8099  8100  8146
TBILIS 1983 05 24 1  8131  8147  8179  8152  8128  8141  8128  8141  8139  8198  8156  8165
TBILIS 1983 05 24 2  8120  8125  8135  8158  8210  8194  8147  8152  8177  8182  8184  8205
TBILIS 1983 05 25 1  8207  8159  8162  8129  8114  8162  8167  8156  8178  8146  8168  8126
TBILIS 1983 05 25 2  8083  8065  8083  8077  8076  8136  8101  8110  8115  8131  8088  8107
TBILIS 1983 05 26 1  8106  8076  8068  8047  8048  8037  8068  8057  8085  8066  8057  8045
TBILIS 1983 05 26 2  8051  8102  8063  8091  8090  8125  8135  8162  8147  8136  8139  8099
TBILIS 1983 05 27 1  8089  8135  8079  8080  8111  8086  8139  8089  8112  8111  8099  8107
TBILIS 1983 05 27 2  8080  8112  8106  8149  8149  8115  8122  8103  8109  8106  8109  8090
TBILIS 1983 05 28 1  8145  8124  8146  8147  8108  8159  8152  8133 99999 99999 99999 99999
TBILIS 1983 05 28 2 99999 99999 99999 99999 99999 99999 99999 99999 99999 99999 99999 99999
TBILIS 1983 05 29 1 99999 99999 99999 99999 99999 99999 99999 99999 99999 99999 99999 99999
TBILIS 1983 05 29 2 99999 99999 99999 99999 99999 99999 99999 99999 99999 99999 99999 99999
TBILIS 1983 05 30 1 99999 99999 99999 99999 99999 99999 99999 99999 99999 99999 99999 99999
TBILIS 1983 05 30 2 99999 99999 99999 99999 99999 99999 99999 99999 99999 99999 99999 99999
TBILIS 1983 05 31 1 99999 99999 99999 99999 99999 99999 99999 99999  8316  8352  8315  8300
TBILIS 1983 05 31 2  8291  8264  8297  8279  8295  8230  8239  8234  8223  8229  8213  8213
Cosmic-Ray Neutron Monitor Data (Hourly, Pressure-Corrected and Scale-Adjusted Counts)
Collections: WDC for Cosmic Rays, Solar-Terrestrial Environment Laboratory, Nagoya Univ.
Data Access: http://center.stelab.nagoya-u.ac.jp/WDCCR/index.html
Project: ICSU WDC
Citation: WDC for Cosmic Rays, Solar-Terrestrial Environment Laboratory, Nagoya University
Station ID: TBILIS
Station:  TBILISI,GIORGIA,INSTITUT GEOPHYSIKY (IG), GIORGIAN ACADEMY OF SCIENCES,GIORGIA 
Instrument: 18-NM-64 NEUTRON MONITOR, CORRECTED FOR PRESSURE TO 950.0 MB, COEF. = -0.69 %/MB
Latitude (deg.):   41.72  Longitude (deg.):   44.80  Altitude (m):  510.00
Cut-Off Rigidity (GV):    6.66
Year: 1983  Month:   6
Scaling Factor (SF):    64.0   Constant (CONST):     0.0  Real Counts = (DATA + CONST)*SF
Temporal Resolution: 1 hour
UTC Start Hour:     0.0
                                                                                
                                                        
Monthly Average:  8317.0
Updated (YYYY MM DD): 1986 09 12
*******************************************************************************************
ID     YYYY MM DD 1     0     1     2     3     4     5     6     7     8     9    10    11
ID     YYYY MM DD 2    12    13    14    15    16    17    18    19    20    21    22    23
*******************************************************************************************
TBILIS 1983 06 01 1  8227  8206  8222  8212  8278  8302  8315  8296  8332  8347  8331  8337
TBILIS 1983 06 01 2  8329  8268  8347  8311  8277  8281  8250  8242  8249  8251  8257  8247
TBILIS 1983 06 02 1  8251  8229  8206  8240  8212  8221  8248  8277  8321  8282  8275  8326
TBILIS 1983 06 02 2  8259  8276  8242  8252  8264  8271  8246  8254  8234  8269  8247  8236
TBILIS 1983 06 03 1  8220  8207  8193  8222  8246  8211  8263  8274  8234  8254  8213  8245
TBILIS 1983 06 03 2 99999 99999 99999 99999 99999 99999 99999 99999 99999 99999 99999 99999
TBILIS 1983 06 04 1 99999 99999 99999 99999 99999 99999 99999 99999 99999  8220  8308  8272
TBILIS 1983 06 04 2  8271  8281  8330  8309  8300  8251  8266  8205  8206  8238  8257  8264
TBILIS 1983 06 05 1  8245  8249  8227  8235  8244  8235  8261  8286  8244  8275  8270  8264
TBILIS 1983 06 05 2  8205  8242  8264  8276  8304  8233  8262  8261  8277  8272  8230  8265
TBILIS 1983 06 06 1  8243  8242  8260  8240  8260  8247  8260  8254  8288  8325  8264  8217
TBILIS 1983 06 06 2  8291  8253  8318  8273  8324  8347  8333  8319  8314  8374  8323  8317
TBILIS 1983 06 07 1  8362  8355  8338  8342  8358  8344  8333  8362  8348  8365  8354  8388
TBILIS 1983 06 07 2  8405  8368  8416  8376  8352  8344  8388  8403  8382  8395  8417  8396
TBILIS 1983 06 08 1  8389  8414  8382  8395  8451  8409  8385  8390  8401  8413  8377  8369
TBILIS 1983 06 08 2  8436  8358  8439  8426  8418  8432  8451  8440  8439  8443  8453  8453
TBILIS 1983 06 09 1  8425  8389  8383  8362  8303  8331  8395  8401  8427  8389  8414  8436
TBILIS 1983 06 09 2  8403  8432  8403  8374  8395  8360  8341  8321  8270  8264  8279  8266
TBILIS 1983 06 10 1  8285  8297  8307  8244  8240  8274  8275  8269  8274  8285  8302  8254
TBILIS 1983 06 10 2  8244  8275  8343  8315  8334  8330  8304  8334  8292  8279  8242  8238
TBILIS 1983 06 11 1  8248  8254  8261  8242  8253  8243  8219  8222  8259  8227  8243  8293
TBILIS 1983 06 11 2  8264  8301  8282  8280  8230  8295  8262  8284  8286  8268  8247  8267
TBILIS 1983 06 12 1  8283  8288  8249  8283  8262  8267  8251  8223  8270  8239  8249  8297
TBILIS 1983 06 12 2  8290  8289  8259  8306  8305  8282  8270  8270  8252  8240  8261  8260
TBILIS 1983 06 13 1  8304  8290  8239  8212  8285  8309  8300  8264  8300  8243  8269  8281
TBILIS 1983 06 13 2  8254  8201  8238  8197  8217  8169  8204  8148  8147  8158  8176  8221
TBILIS 1983 06 14 1  8204  8202  8226  8251  8235  8280  8254  8275  8274  8300  8315  8283
TBILIS 1983 06 14 2  8314  8290  8277  8268  8272  8233  8245  8251  8236  8245  8229  8213
TBILIS 1983 06 15 1  8254  8227  8249  8247  8250  8235  8210  8240  8291  8286  8339  8325
TBILIS 1983 06 15 2  8343  8332  8347  8359  8341  8325  8322  8266  8324  8272  8292  8284
TBILIS 1983 06 16 1  8258  8279  8212  8243  8222  8219  8268  8266  8315  8338  8347  8360
TBILIS 1983 06 16 2  8372  8370  8394  8338  8337  8339  8334  8348  8408  8338  8318  8313
TBILIS 1983 06 17 1  8276  8279  8283  8315  8339  8300  8329  8299  8353  8397  8314  8345
TBILIS 1983 06 17 2  8356  8374  8449  8366  8387  8368  8375  8349  8368  8350  8324  8340
TBILIS 1983 06 18 1  8314  8323  8309  8305  8339  8396  8381  8436  8364  8400  8402  8432
TBILIS 1983 06 18 2  8448  8439  8464  8435  8438  8407  8403  8368  8366  8361  8313  8331
TBILIS 1983 06 19 1  8319  8346  8308  8304  8328  8331  8325  8357  8394  8370  8378  8352
TBILIS 1983 06 19 2  8362  8391  8418  8390  8398  8376  8353  8352  8383  8386  8363  8388
TBILIS 1983 06 20 1  8377  8363  8331  8360  8310  8361  8337  8389  8367  8346  8372  8427
TBILIS 1983 06 20 2  8389  8390  8403  8405  8397  8338  8398  8322  8319  8360  8298  8324
TBILIS 1983 06 21 1  8324  8366  8332  8355  8370  8394  8398  8423  8396  8414  8427  8387
TBILIS 1983 06 21 2  8373  8342  8368  8333  8315  8303  8276  8301  8275  8279  8289  8291
TBILIS 1983 06 22 1  8317  8266  8301  8290  8327  8359  8322  8343  8325  8311  8368  8345
TBILIS 1983 06 22 2  8354  8348  8382  8370  8418  8419  8359  8438  8362  8383  8347  8373
TBILIS 1983 06 23 1  8360  8357  8352  8346  8395  8335  8327  8358  8372  8426  8435  8454
TBILIS 1983 06 23 2  8461  8410  8443  8381  8377  8386  8365  8384  8316  8381  8403  8347
TBILIS 1983 06 24 1  8369  8343  8332  8330  8330  8292  8310  8323  8327  8382  8365  8380
TBILIS 1983 06 24 2  8357  8334  8348  8323  8377  8324  8299  8366  8348  8332  8347  8316
TBILIS 1983 06 25 1  8324  8351  8336  8339  8363  8330  8350  8366  8349  8387  8396  8371
TBILIS 1983 06 25 2  8398  8375  8375  8347  8408  8354  8355  8344  8364  8343  8342  8295
TBILIS 1983 06 26 1  8385  8345  8333  8341  8378  8379  8420  8407  8388  8384  8406  8379
TBILIS 1983 06 26 2  8377  8330  8350  8344  8287  8340  8291  8284 99999 99999  8280  8304
TBILIS 1983 06 27 1  8306  8269  8277  8318  8315  8279  8274  8317  8301  8356  8337  8340
TBILIS 1983 06 27 2  8313  8339  8280  8324  8301  8342  8361  8356  8322  8354  8355  8330
TBILIS 1983 06 28 1  8294  8295  8264  8295  8281  8284  8305  8335  8270  8321  8331  8335
TBILIS 1983 06 28 2  8270  8317  8339  8334  8335  8348  8341  8327  8347  8319  8318  8291
TBILIS 1983 06 29 1  8314  8319  8329  8313  8304  8318  8307  8311  8358  8306  8323  8330
TBILIS 1983 06 29 2  8355  8334  8312  8318  8310  8324  8290  8288  8262  8327  8316  8301
TBILIS 1983 06 30 1  8282  8277  8246  8234  8243  8264  8279  8284  8291  8302  8290  8304
TBILIS 1983 06 30 2  8310  8316  8302  8347  8335  8314  8307  8290  8316  8289  8299  8300
TBILIS 1983 06 31 1 99999 99999 99999 99999 99999 99999 99999 99999 99999 99999 99999 99999
TBILIS 1983 06 31 2 99999 99999 99999 99999 99999 99999 99999 99999 99999 99999 99999 99999
Cosmic-Ray Neutron Monitor Data (Hourly, Pressure-Corrected and Scale-Adjusted Counts)
Collections: WDC for Cosmic Rays, Solar-Terrestrial Environment Laboratory, Nagoya Univ.
Data Access: http://center.stelab.nagoya-u.ac.jp/WDCCR/index.html
Project: ICSU WDC
Citation: WDC for Cosmic Rays, Solar-Terrestrial Environment Laboratory, Nagoya University
Station ID: TBILIS
Station:  TBILISI,GIORGIA,INSTITUT GEOPHYSIKY (IG), GIORGIAN ACADEMY OF SCIENCES,GIORGIA 
Instrument: 18-NM-64 NEUTRON MONITOR, CORRECTED FOR PRESSURE TO 950.0 MB, COEF. = -0.69 %/MB
Latitude (deg.):   41.72  Longitude (deg.):   44.80  Altitude (m):  510.00
Cut-Off Rigidity (GV):    6.66
Year: 1983  Month:   7
Scaling Factor (SF):    64.0   Constant (CONST):     0.0  Real Counts = (DATA + CONST)*SF
Temporal Resolution: 1 hour
UTC Start Hour:     0.0
                                                                                
                                                        
Monthly Average:  8459.6
Updated (YYYY MM DD): 1986 09 12
*******************************************************************************************
ID     YYYY MM DD 1     0     1     2     3     4     5     6     7     8     9    10    11
ID     YYYY MM DD 2    12    13    14    15    16    17    18    19    20    21    22    23
*******************************************************************************************
TBILIS 1983 07 01 1  8259  8263  8283  8286  8303  8314  8331  8361  8347  8330  8309  8321
TBILIS 1983 07 01 2  8356  8332  8285  8296  8318  8300  8329  8306  8351  8320  8322  8313
TBILIS 1983 07 02 1  8326  8286  8325  8292  8266  8291  8326  8330  8308  8327  8334  8327
TBILIS 1983 07 02 2  8272  8337  8324  8285  8354  8365  8337  8343  8340  8322  8336  8326
TBILIS 1983 07 03 1  8336  8358  8377  8337  8341  8317  8330  8391  8374  8358  8426  8393
TBILIS 1983 07 03 2  8378  8369  8418  8441  8386  8404  8408  8393  8395  8367  8371  8367
TBILIS 1983 07 04 1  8347  8329  8364  8397  8509  8462  8355  8369  8394  8310  8369  8339
TBILIS 1983 07 04 2  8387  8398  8392  8453  8440  8420  8380  8439  8438  8430  8386  8354
TBILIS 1983 07 05 1  8372  8359  8332  8340  8346  8377  8358  8393  8420  8432  8452  8441
TBILIS 1983 07 05 2  8465  8453  8469  8472  8444  8432  8405  8381  8371  8358  8396  8372
TBILIS 1983 07 06 1  8345  8341  8325  8343  8370  8394  8445  8417  8400  8457  8474  8532
TBILIS 1983 07 06 2  8499  8489  8456  8476  8426  8442  8440  8411  8395  8355  8392  8406
TBILIS 1983 07 07 1  8391  8389  8404  8422  8443  8435  8463  8476  8459  8483  8485  8491
TBILIS 1983 07 07 2  8544  8503  8509  8541  8537  8533  8508  8487  8487  8469  8471  8439
TBILIS 1983 07 08 1  8437  8466  8431  8427  8432  8452  8459  8444  8456  8423  8471  8470
TBILIS 1983 07 08 2  8442  8464  8474  8411  8459  8457  8449  8476  8458  8394  8400  8419
TBILIS 1983 07 09 1  8399  8429  8405  8449  8431  8425  8420  8425  8466  8468  8429  8458
TBILIS 1983 07 09 2  8464  8492  8463  8453  8473  8485  8462  8403  8517  8431  8448  8420
TBILIS 1983 07 10 1  8413  8425  8419  8409  8428  8431  8420  8409  8446  8442  8467  8446
TBILIS 1983 07 10 2  8439  8429  8402  8423  8433  8433  8389  8382  8397  8374  8339  8382
TBILIS 1983 07 11 1  8384  8387  8394  8392  8394  8398  8414  8415  8448  8438  8421  8438
TBILIS 1983 07 11 2  8455  8473  8461  8484 99999 99999 99999 99999 99999 99999 99999 99999
TBILIS 1983 07 12 1 99999 99999 99999 99999 99999  8436  8450  8456  8465  8514  8505  8510
TBILIS 1983 07 12 2  8510  8473  8428  8495  8501  8435  8435  8496  8477  8487  8463  8467
TBILIS 1983 07 13 1  8455  8460  8441  8443  8479  8486  8508  8534  8534  8514  8480  8484
TBILIS 1983 07 13 2  8508  8481  8534  8522  8512  8440  8483  8461  8400  8407  8417  8441
TBILIS 1983 07 14 1  8427  8482  8498  8455  8493  8522  8478  8465  8473  8499  8498  8524
TBILIS 1983 07 14 2  8537  8529  8534  8511  8502  8486  8484  8458  8419  8457  8459  8442
TBILIS 1983 07 15 1  8454  8456  8466  8452  8460  8490  8498  8490  8522  8492  8517  8511
TBILIS 1983 07 15 2  8485  8474  8494  8507  8476  8466  8459  8458  8443  8437  8441  8443
TBILIS 1983 07 16 1  8436  8436  8411  8454  8470  8472 99999 99999 99999 99999 99999 99999
TBILIS 1983 07 16 2 99999 99999 99999 99999 99999 99999 99999 99999 99999 99999 99999 99999
TBILIS 1983 07 17 1 99999 99999 99999 99999 99999 99999 99999 99999 99999 99999 99999 99999
TBILIS 1983 07 17 2 99999 99999 99999 99999 99999 99999 99999 99999 99999 99999 99999 99999
TBILIS 1983 07 18 1 99999 99999 99999 99999 99999  8460  8465  8464  8459  8499  8530  8493
TBILIS 1983 07 18 2  8490  8513  8489  8497  8530  8435  8485  8471  8426  8455  8418  8451
TBILIS 1983 07 19 1  8447  8427  8435  8411  8438  8447  8430  8438  8482  8528  8507  8509
TBILIS 1983 07 19 2  8516  8529  8518  8511  8481  8457  8442  8437  8375  8449  8425  8439
TBILIS 1983 07 20 1  8403  8405  8411  8405  8375  8401  8426  8453  8487  8498  8491  8494
TBILIS 1983 07 20 2  8493  8481  8471  8473  8463  8437  8457  8448  8432  8467  8457  8431
TBILIS 1983 07 21 1  8459  8442  8460  8455  8449  8478  8497  8458  8494  8503  8535  8504
TBILIS 1983 07 21 2  8503  8453  8486  8468  8525  8518  8456  8472  8459  8488  8496  8495
TBILIS 1983 07 22 1  8442  8468  8457  8497  8459  8488  8434  8447  8477  8531  8558  8521
TBILIS 1983 07 22 2  8561  8527  8557  8535  8552  8540  8539  8493  8471  8458  8500  8497
TBILIS 1983 07 23 1  8473  8490  8502  8455  8478  8462  8476  8513  8435  8465  8379  8345
TBILIS 1983 07 23 2  8356  8405  8420  8409  8463  8456  8464  8462  8505  8505  8493  8461
TBILIS 1983 07 24 1  8462  8424  8385  8388  8439  8430  8449  8458  8498  8508  8522  8509
TBILIS 1983 07 24 2  8544  8557  8490  8500  8463  8414  8394 99999 99999 99999 99999 99999
TBILIS 1983 07 25 1 99999 99999 99999 99999 99999 99999  8370  8370  8427  8426  8519  8477
TBILIS 1983 07 25 2  8518  8465  8508  8535  8496  8482  8492  8504  8489  8505  8465  8471
TBILIS 1983 07 26 1  8489  8451  8496  8502  8487  8447  8498  8515  8526  8478  8534  8493
TBILIS 1983 07 26 2  8494  8530  8532  8532  8538  8562  8551  8500  8531  8523  8560  8575
TBILIS 1983 07 27 1  8533  8571  8524  8502  8488  8517  8533  8542  8571  8590  8603  8626
TBILIS 1983 07 27 2  8576  8582  8616  8585  8568  8580  8561  8600  8560  8542  8529  8501
TBILIS 1983 07 28 1  8442  8451  8483  8465  8525  8507  8535  8574  8595  8578  8590  8582
TBILIS 1983 07 28 2  8572  8600  8563  8573  8587  8567  8545  8528  8511  8518  8491  8538
TBILIS 1983 07 29 1  8504  8538  8544  8525  8540  8560  8576  8518  8533  8553  8549  8555
TBILIS 1983 07 29 2  8632  8547  8541  8511  8552  8538  8558  8533  8497  8556  8551  8540
TBILIS 1983 07 30 1  8549  8556  8540  8523  8526  8493  8525  8486  8552  8667  8580  8629
TBILIS 1983 07 30 2  8602  8470  8579  8622  8644  8632  8545  8548  8577  8562  8582  8590
TBILIS 1983 07 31 1  8523  8486  8533  8499  8500  8516  8505  8502  8500  8554  8524  8529
TBILIS 1983 07 31 2  8564  8526  8567  8532  8533  8504  8472  8509  8489  8501  8489  8451
Cosmic-Ray Neutron Monitor Data (Hourly, Pressure-Corrected and Scale-Adjusted Counts)
Collections: WDC for Cosmic Rays, Solar-Terrestrial Environment Laboratory, Nagoya Univ.
Data Access: http://center.stelab.nagoya-u.ac.jp/WDCCR/index.html
Project: ICSU WDC
Citation: WDC for Cosmic Rays, Solar-Terrestrial Environment Laboratory, Nagoya University
Station ID: TBILIS
Station:  TBILISI,GIORGIA,INSTITUT GEOPHYSIKY (IG), GIORGIAN ACADEMY OF SCIENCES,GIORGIA 
Instrument: 18-NM-64 NEUTRON MONITOR, CORRECTED FOR PRESSURE TO 950.0 MB, COEF. = -0.69 %/MB
Latitude (deg.):   41.72  Longitude (deg.):   44.80  Altitude (m):  510.00
Cut-Off Rigidity (GV):    6.66
Year: 1983  Month:   8
Scaling Factor (SF):    64.0   Constant (CONST):     0.0  Real Counts = (DATA + CONST)*SF
Temporal Resolution: 1 hour
UTC Start Hour:     0.0
                                                                                
                                                        
Monthly Average:  8427.1
Updated (YYYY MM DD): 1986 09 12
*******************************************************************************************
ID     YYYY MM DD 1     0     1     2     3     4     5     6     7     8     9    10    11
ID     YYYY MM DD 2    12    13    14    15    16    17    18    19    20    21    22    23
*******************************************************************************************
TBILIS 1983 08 01 1  8427  8480  8456  8453  8487  8470  8468  8491  8514  8506  8548  8521
TBILIS 1983 08 01 2  8531  8575  8542  8551  8601  8578  8541  8509  8463  8450  8478  8479
TBILIS 1983 08 02 1  8501  8515  8480  8511  8520  8518  8557  8525  8591  8594  8565  8593
TBILIS 1983 08 02 2  8617  8643  8613  8612  8553  8481  8522  8507  8501  8532  8460  8496
TBILIS 1983 08 03 1  8451  8491  8447  8456  8452  8447  8468  8433  8450  8453  8458  8512
TBILIS 1983 08 03 2  8516  8523  8490  8548  8502  8492  8479  8464  8431  8477  8426  8452
TBILIS 1983 08 04 1  8398  8389  8368  8386  8354  8323  8303  8315  8358  8414  8426  8449
TBILIS 1983 08 04 2  8442  8463  8439  8460  8463  8448  8454  8439  8441  8437  8415  8434
TBILIS 1983 08 05 1  8408  8395  8431  8396  8431  8451  8428  8425  8460  8461  8472  8472
TBILIS 1983 08 05 2  8443  8496  8497  8501  8496  8498  8476  8446  8413  8387  8420  8409
TBILIS 1983 08 06 1  8372  8401  8421  8462  8462  8437  8440  8419  8402  8355  8351  8364
TBILIS 1983 08 06 2  8314  8315  8348  8323  8378  8352  8343  8358  8310  8360  8371  8362
TBILIS 1983 08 07 1  8384  8391  8380  8403  8392  8391  8345  8392  8330  8375  8426  8412
TBILIS 1983 08 07 2  8411  8405  8408  8398  8431  8377  8397  8356  8374  8353  8344  8328
TBILIS 1983 08 08 1  8357  8374  8454  8436  8289  8313  8399  8386  8423  8398  8421  8380
TBILIS 1983 08 08 2  8416  8416  8422  8388  8396  8415  8354  8407  8420  8450  8392  8419
TBILIS 1983 08 09 1  8408  8425  8396  8415  8393  8377  8372  8360  8356  8374  8363  8336
TBILIS 1983 08 09 2  8284  8311  8289  8289  8285  8287  8306  8298  8287  8280  8309  8303
TBILIS 1983 08 10 1  8346  8323  8338  8334  8302  8326  8314  8355  8368  8395  8421  8389
TBILIS 1983 08 10 2  8396  8363  8376  8373  8369  8360  8334  8315  8265  8304  8267  8289
TBILIS 1983 08 11 1  8312  8303  8316  8307  8334  8307  8296  8314  8366  8362  8381  8372
TBILIS 1983 08 11 2  8345  8401  8365  8363  8355  8379  8366  8371  8342  8373  8346  8376
TBILIS 1983 08 12 1  8348  8361  8355  8392  8415  8393  8393  8378  8420  8401  8416  8473
TBILIS 1983 08 12 2  8457  8469  8459  8489  8496  8455  8436  8404  8389  8412  8378  8400
TBILIS 1983 08 13 1  8393  8374  8382  8389  8367  8378  8359  8425  8489  8494  8479  8534
TBILIS 1983 08 13 2  8522  8509  8489  8498  8479  8456  8450  8435  8460  8410  8412  8425
TBILIS 1983 08 14 1  8432  8410  8462  8420  8421  8417  8456  8467  8434  8475  8443  8445
TBILIS 1983 08 14 2  8486  8442  8452  8486  8451  8433  8461  8410  8424  8391  8394  8402
TBILIS 1983 08 15 1  8392  8368  8398  8423  8444  8353  8346  8380  8352  8348  8404  8411
TBILIS 1983 08 15 2  8391  8396  8362  8402  8385  8359  8364  8337  8362  8406  8399  8383
TBILIS 1983 08 16 1  8371  8320  8372  8327  8347  8393  8357  8367  8319  8308  8328  8332
TBILIS 1983 08 16 2  8352  8346  8390  8386  8412  8359  8374  8362  8389  8352  8362  8319
TBILIS 1983 08 17 1  8326  8370  8354  8324  8301  8341  8328  8288  8359  8306  8314  8303
TBILIS 1983 08 17 2  8321  8264  8255  8284  8342  8277  8273  8258  8255  8193  8270  8308
TBILIS 1983 08 18 1  8347  8300  8306  8330  8281  8326  8322  8331  8347  8352  8329  8358
TBILIS 1983 08 18 2  8369  8342  8357  8383  8406  8434  8438  8425  8413  8419  8399  8389
TBILIS 1983 08 19 1  8390  8390  8351  8381  8394  8403  8395  8351  8406  8390  8374  8402
TBILIS 1983 08 19 2  8429  8448  8455  8466  8523  8458  8472  8450  8456  8446  8434  8392
TBILIS 1983 08 20 1  8417  8413  8382  8379  8387  8343  8384  8389  8401  8339  8333  8371
TBILIS 1983 08 20 2  8381  8387  8402  8407  8444  8446  8435  8437  8438  8406  8405  8439
TBILIS 1983 08 21 1  8413  8418  8421  8422  8399  8397  8397  8410  8426  8474  8477  8507
TBILIS 1983 08 21 2  8528  8508  8543  8539  8532  8529  8510  8497  8487  8475  8436  8455
TBILIS 1983 08 22 1  8441  8463  8441  8403  8362  8415  8438  8431  8470  8473  8445  8461
TBILIS 1983 08 22 2  8486  8435  8455  8449  8475  8472  8462  8486  8459  8446  8431  8403
TBILIS 1983 08 23 1  8425  8386  8453  8411  8427  8435  8413  8420  8417  8443  8464  8491
TBILIS 1983 08 23 2  8478  8456  8441  8420  8480  8459  8478  8438  8418  8449  8430  8447
TBILIS 1983 08 24 1  8473  8408  8414  8386  8437  8431  8470  8471  8458  8482  8490  8484
TBILIS 1983 08 24 2  8440  8482  8479  8466  8450  8449  8491  8477  8446  8472  8491  8446
TBILIS 1983 08 25 1  8493  8459  8455  8402  8438  8461  8442  8472  8487  8478  8507  8507
TBILIS 1983 08 25 2  8440  8503  8464  8442  8506  8504  8474  8484  8479  8453  8460  8452
TBILIS 1983 08 26 1  8468  8440  8434  8436  8458  8470  8452  8493  8484  8514  8533  8526
TBILIS 1983 08 26 2  8573  8556  8588  8606  8575  8521  8526  8533  8514  8504  8507  8492
TBILIS 1983 08 27 1  8520  8493  8506  8480  8465  8462  8463  8502  8499  8542  8517  8530
TBILIS 1983 08 27 2  8488  8547  8558  8555  8520  8512  8516  8521  8482  8499  8528  8470
TBILIS 1983 08 28 1  8494  8518  8462  8503  8494  8482  8472  8509  8494  8515  8557  8557
TBILIS 1983 08 28 2  8560  8469  8524  8533  8579  8527  8538  8530  8516  8488  8520  8466
TBILIS 1983 08 29 1  8475  8373  8503  8512  8467  8468  8504  8513  8522  8447  8370  8491
TBILIS 1983 08 29 2  8501  8504  8503  8484  8504  8502  8517  8496  8441  8465  8459  8402
TBILIS 1983 08 30 1  8403  8366  8399  8370  8412  8421  8427  8432  8468  8476  8459  8484
TBILIS 1983 08 30 2  8508  8457  8506  8522  8508  8485  8491  8455  8447  8455  8417  8444
TBILIS 1983 08 31 1  8441  8396  8450  8370  8376  8442  8434  8429  8434  8432  8481  8471
TBILIS 1983 08 31 2  8461  8436  8440  8432  8485  8459  8501  8409  8404  8381  8389  8425
Cosmic-Ray Neutron Monitor Data (Hourly, Pressure-Corrected and Scale-Adjusted Counts)
Collections: WDC for Cosmic Rays, Solar-Terrestrial Environment Laboratory, Nagoya Univ.
Data Access: http://center.stelab.nagoya-u.ac.jp/WDCCR/index.html
Project: ICSU WDC
Citation: WDC for Cosmic Rays, Solar-Terrestrial Environment Laboratory, Nagoya University
Station ID: TBILIS
Station:  TBILISI,GIORGIA,INSTITUT GEOPHYSIKY (IG), GIORGIAN ACADEMY OF SCIENCES,GIORGIA 
Instrument: 18-NM-64 NEUTRON MONITOR, CORRECTED FOR PRESSURE TO 950.0 MB, COEF. = -0.69 %/MB
Latitude (deg.):   41.72  Longitude (deg.):   44.80  Altitude (m):  510.00
Cut-Off Rigidity (GV):    6.66
Year: 1983  Month:   9
Scaling Factor (SF):    64.0   Constant (CONST):     0.0  Real Counts = (DATA + CONST)*SF
Temporal Resolution: 1 hour
UTC Start Hour:     0.0
                                                                                
                                                        
Monthly Average:  8466.3
Updated (YYYY MM DD): 1986 09 12
*******************************************************************************************
ID     YYYY MM DD 1     0     1     2     3     4     5     6     7     8     9    10    11
ID     YYYY MM DD 2    12    13    14    15    16    17    18    19    20    21    22    23
*******************************************************************************************
TBILIS 1983 09 01 1  8335  8356  8393  8427  8425  8423  8417  8422  8475  8458  8450  8450
TBILIS 1983 09 01 2  8423  8391  8399  8411  8422  8359  8351  8351  8369  8337  8346  8357
TBILIS 1983 09 02 1  8335  8325  8348  8338  8352  8332  8367  8324  8416  8423  8437  8447
TBILIS 1983 09 02 2  8377  8386  8397  8425  8415  8416  8424  8424  8393  8395  8412  8394
TBILIS 1983 09 03 1  8408  8391  8381  8416  8400  8414  8436  8439  8441  8466  8451  8451
TBILIS 1983 09 03 2  8500  8483  8460  8512  8492  8511  8480  8495  8461  8466  8402  8454
TBILIS 1983 09 04 1  8443  8400  8377  8386  8421  8431  8416  8428  8438  8439  8459  8471
TBILIS 1983 09 04 2  8489  8478  8496  8480  8489  8436  8447  8441  8436  8423  8402  8414
TBILIS 1983 09 05 1  8403  8439  8392  8426  8427  8415  8436  8464  8446  8488  8475  8496
TBILIS 1983 09 05 2  8506  8450  8487  8484  8496  8461  8480  8508  8440  8460  8455  8415
TBILIS 1983 09 06 1  8435  8416  8414  8417  8468  8441  8469  8457  8459  8483  8475  8509
TBILIS 1983 09 06 2  8520  8544  8551  8542  8547  8559  8545  8498  8545  8483  8457  8410
TBILIS 1983 09 07 1  8443  8447  8461  8416  8407  8433  8423  8428  8439  8494  8480  8521
TBILIS 1983 09 07 2  8521  8561  8616  8598  8624  8565  8500  8513  8524  8471  8526  8483
TBILIS 1983 09 08 1  8474  8490  8457  8452  8484  8463  8454  8512  8508  8514  8533  8570
TBILIS 1983 09 08 2  8502  8537  8550  8505  8474  8483  8470  8479  8454  8443  8445  8417
TBILIS 1983 09 09 1  8425  8402  8407  8436  8428  8435  8449  8441  8490  8468  8490  8489
TBILIS 1983 09 09 2  8514  8486  8537  8531  8568  8546  8501  8465  8462  8447  8445  8478
TBILIS 1983 09 10 1  8444  8463  8501  8500  8473  8465  8458  8453  8474  8491  8474  8482
TBILIS 1983 09 10 2  8505  8512  8480  8495  8488  8480  8433  8455  8427  8377  8417  8413
TBILIS 1983 09 11 1  8415  8393  8423  8453  8409  8391  8417  8430  8456  8468  8474  8535
TBILIS 1983 09 11 2  8536  8499  8423  8471  8452  8448  8426  8460  8415  8441  8419  8438
TBILIS 1983 09 12 1  8453  8446  8450  8446  8411  8385  8420  8450  8402  8479  8510  8559
TBILIS 1983 09 12 2  8514  8510  8519  8498  8508  8484  8513  8491  8501  8481  8490  8454
TBILIS 1983 09 13 1  8455  8478  8442  8410  8448  8410  8394  8415  8443  8428  8409  8482
TBILIS 1983 09 13 2  8461  8464  8457  8423  8442  8459  8459  8430  8444  8449  8441  8408
TBILIS 1983 09 14 1  8404  8408  8401  8418  8410  8421  8447  8427  8440  8447  8470  8442
TBILIS 1983 09 14 2  8458  8444  8458  8452  8481  8456  8489  8461  8488  8486  8459  8414
TBILIS 1983 09 15 1  8420  8380  8435  8399  8420  8445  8403  8441  8501  8465  8505  8467
TBILIS 1983 09 15 2  8459  8510  8470  8462  8477  8533  8555  8591  8580  8543  8438  8447
TBILIS 1983 09 16 1  8415  8425  8394  8418  8454  8419  8418  8385  8398  8459  8445  8460
TBILIS 1983 09 16 2  8434  8475  8467  8450  8455  8475  8487  8418  8439  8449  8448  8414
TBILIS 1983 09 17 1  8437  8443  8435  8420  8439  8428  8431  8430  8457  8465  8493  8430
TBILIS 1983 09 17 2  8471  8464  8483  8469  8439  8495  8475  8467  8471  8465  8453  8435
TBILIS 1983 09 18 1  8444  8449  8447  8432  8420  8477  8456  8478  8522  8513  8506  8559
TBILIS 1983 09 18 2  8532  8576  8562  8585  8573  8532  8587  8523  8491  8505  8466  8460
TBILIS 1983 09 19 1  8479  8458  8458  8525  8494  8459  8464  8426  8421  8426  8454  8500
TBILIS 1983 09 19 2  8470  8434  8515  8476  8484  8494  8437  8448  8419  8449  8408  8418
TBILIS 1983 09 20 1  8430  8413  8431  8454  8413  8441  8431  8438  8401  8392  8436  8432
TBILIS 1983 09 20 2  8440  8437  8446  8471  8433  8457  8469  8483  8460  8452  8435  8462
TBILIS 1983 09 21 1  8410  8476  8415  8441  8414  8429  8418  8398  8449  8434  8443  8472
TBILIS 1983 09 21 2  8462  8475  8472  8481  8515  8489  8511  8507  8513  8440  8457  8464
TBILIS 1983 09 22 1  8454  8460  8430  8432  8436  8434  8420  8430  8496  8496  8483  8528
TBILIS 1983 09 22 2  8543  8531  8505  8500  8521  8508  8456  8453  8468  8486  8439  8424
TBILIS 1983 09 23 1  8420  8401  8407  8407  8440  8428  8425  8440  8449  8471  8524  8500
TBILIS 1983 09 23 2  8542  8517  8525  8525  8547  8543  8511  8519  8496  8485  8471  8448
TBILIS 1983 09 24 1  8429  8451  8472  8457  8514  8475  8485  8494  8515  8550  8517  8557
TBILIS 1983 09 24 2  8553  8578  8613  8582  8581  8583  8569  8547  8527  8516  8477  8482
TBILIS 1983 09 25 1  8487  8493  8503  8497  8501  8490  8469  8517  8534  8518  8522  8568
TBILIS 1983 09 25 2  8534  8523  8558  8564  8528  8540  8428  8481  8515  8459  8459  8443
TBILIS 1983 09 26 1  8431  8431  8461  8452  8453  8497  8504  8541  8577  8549  8606  8561
TBILIS 1983 09 26 2  8586  8577  8553  8517  8522  8537  8535  8504  8544  8496  8511  8522
TBILIS 1983 09 27 1  8477  8485  8464  8434  8440  8471  8525  8499  8526  8515  8547  8558
TBILIS 1983 09 27 2  8577  8543  8531  8506  8547  8488  8539  8516  8514  8464  8467  8482
TBILIS 1983 09 28 1  8450  8462  8488  8504  8471  8511  8488  8474  8476  8534  8541  8553
TBILIS 1983 09 28 2  8523  8540  8530 99999 99999 99999 99999 99999 99999 99999 99999 99999
TBILIS 1983 09 29 1 99999 99999 99999 99999 99999 99999 99999 99999 99999  8388  8382  8344
TBILIS 1983 09 29 2  8343  8331  8388  8405  8497  8590  8589  8654  8605  8600  8525  8493
TBILIS 1983 09 30 1  8408  8433  8422  8440  8445  8479  8452  8420  8470  8475  8482  8499
TBILIS 1983 09 30 2  8478  8508  8462  8479  8477  8495  8492  8454  8462  8439  8466  8461
TBILIS 1983 09 31 1 99999 99999 99999 99999 99999 99999 99999 99999 99999 99999 99999 99999
TBILIS 1983 09 31 2 99999 99999 99999 99999 99999 99999 99999 99999 99999 99999 99999 99999
Cosmic-Ray Neutron Monitor Data (Hourly, Pressure-Corrected and Scale-Adjusted Counts)
Collections: WDC for Cosmic Rays, Solar-Terrestrial Environment Laboratory, Nagoya Univ.
Data Access: http://center.stelab.nagoya-u.ac.jp/WDCCR/index.html
Project: ICSU WDC
Citation: WDC for Cosmic Rays, Solar-Terrestrial Environment Laboratory, Nagoya University
Station ID: TBILIS
Station:  TBILISI,GIORGIA,INSTITUT GEOPHYSIKY (IG), GIORGIAN ACADEMY OF SCIENCES,GIORGIA 
Instrument: 18-NM-64 NEUTRON MONITOR, CORRECTED FOR PRESSURE TO 950.0 MB, COEF. = -0.69 %/MB
Latitude (deg.):   41.72  Longitude (deg.):   44.80  Altitude (m):  510.00
Cut-Off Rigidity (GV):    6.66
Year: 1983  Month:  10
Scaling Factor (SF):    64.0   Constant (CONST):     0.0  Real Counts = (DATA + CONST)*SF
Temporal Resolution: 1 hour
UTC Start Hour:     0.0
                                                                                
                                                        
Monthly Average:  8479.4
Updated (YYYY MM DD): 1986 09 12
*******************************************************************************************
ID     YYYY MM DD 1     0     1     2     3     4     5     6     7     8     9    10    11
ID     YYYY MM DD 2    12    13    14    15    16    17    18    19    20    21    22    23
*******************************************************************************************
TBILIS 1983 10 01 1  8463  8450  8395  8415  8455  8426  8441  8433  8460  8472  8505  8492
TBILIS 1983 10 01 2  8525  8522  8533  8529  8527  8533  8560  8572  8554  8556  8532  8530
TBILIS 1983 10 02 1  8555  8533  8528  8514  8499  8484  8508  8487  8521  8575  8535  8581
TBILIS 1983 10 02 2  8567  8548  8546  8490  8506  8517  8486  8514  8506  8476  8495  8504
TBILIS 1983 10 03 1  8473  8470  8445  8449  8447  8512  8481  8465  8509  8583  8584  8559
TBILIS 1983 10 03 2  8604  8554  8584  8550  8583  8555  8615  8605  8575  8538  8579  8532
TBILIS 1983 10 04 1  8552  8519  8510  8534  8564  8562  8588  8574  8595  8619  8653  8622
TBILIS 1983 10 04 2  8600  8550  8558  8633  8639  8595  8583  8538  8548  8542  8534  8502
TBILIS 1983 10 05 1  8514  8511  8515  8464  8433  8426  8423  8421  8447  8454  8494  8483
TBILIS 1983 10 05 2  8518  8511  8532  8554  8544  8524  8566  8596  8589  8557  8521  8519
TBILIS 1983 10 06 1  8450  8458  8462  8538  8494  8491  8487  8513  8501  8528  8512  8554
TBILIS 1983 10 06 2  8520  8546  8544  8541  8586  8541  8536  8542  8560  8569  8506  8485
TBILIS 1983 10 07 1  8482  8478  8475  8487  8486  8487  8459  8472  8475  8536  8519  8553
TBILIS 1983 10 07 2  8520  8512  8555  8599  8584  8584  8557  8557  8533  8509  8505  8516
TBILIS 1983 10 08 1  8495  8492  8514  8515  8542  8612  8535  8498  8495  8508  8471  8451
TBILIS 1983 10 08 2  8513  8487  8476  8481  8543  8479  8472  8459  8414  8436  8408  8392
TBILIS 1983 10 09 1  8404  8374  8413  8410  8393  8413  8433  8364  8385  8412  8438  8436
TBILIS 1983 10 09 2  8400  8434  8388  8376  8446  8396  8425  8381  8368  8375  8352  8345
TBILIS 1983 10 10 1  8357  8382  8407  8350  8371  8328  8346  8346  8341  8410  8400  8410
TBILIS 1983 10 10 2  8446  8432  8421  8422  8443  8454  8439  8470  8470  8452  8426  8424
TBILIS 1983 10 11 1  8404  8384  8435  8411  8414  8368  8424  8423  8419  8428  8392  8462
TBILIS 1983 10 11 2  8486  8526  8410  8450  8449  8512  8445  8430  8476  8472  8509  8459
TBILIS 1983 10 12 1  8388  8458  8388  8477  8438  8433  8426  8425  8425  8406  8438  8439
TBILIS 1983 10 12 2  8448  8471  8485  8491  8503  8463  8493  8488  8474  8436  8431  8445
TBILIS 1983 10 13 1  8450  8420  8462  8502  8458  8448  8451  8454  8466  8485  8518  8559
TBILIS 1983 10 13 2  8516  8530  8577  8537  8540  8593  8554  8540  8527  8523  8516  8489
TBILIS 1983 10 14 1  8477  8506  8460  8477  8429  8484  8464  8435  8474  8480  8462  8476
TBILIS 1983 10 14 2  8493  8474  8475  8477  8448  8449  8456  8394  8405  8395  8378  8379
TBILIS 1983 10 15 1  8404  8406  8433  8430  8471  8411  8441  8439  8428  8420  8471  8467
TBILIS 1983 10 15 2  8461  8501  8494  8499  8494  8470  8480  8493  8474  8491  8480  8476
TBILIS 1983 10 16 1  8467  8440  8459  8458  8463  8502  8470  8447  8427  8443  8456  8511
TBILIS 1983 10 16 2  8459  8483  8513  8500  8481  8491  8509  8524  8483  8436  8432  8425
TBILIS 1983 10 17 1  8405  8424  8408  8443  8454  8452  8415  8451  8479  8508  8530  8545
TBILIS 1983 10 17 2  8574  8572  8616  8564  8544  8550  8541  8537  8509  8485  8468  8444
TBILIS 1983 10 18 1  8480  8488  8473  8528  8487  8439  8459  8429  8487  8474  8487  8497
TBILIS 1983 10 18 2  8542  8520  8569  8568  8553  8521  8532  8517  8531  8455  8469  8434
TBILIS 1983 10 19 1  8441  8451  8464  8460  8465  8469  8452  8444  8467  8487  8490  8488
TBILIS 1983 10 19 2  8512  8515  8549  8517  8533  8497  8510  8472  8453  8473  8466  8455
TBILIS 1983 10 20 1  8427  8462  8445  8458  8487  8440  8452  8489  8468  8489  8506  8511
TBILIS 1983 10 20 2  8497  8526  8490  8496  8460  8446  8497  8494  8516  8474  8475  8465
TBILIS 1983 10 21 1  8485  8452  8498  8476  8442  8416  8477  8426  8429  8419  8492  8492
TBILIS 1983 10 21 2  8517  8499  8466  8528  8529  8550  8513  8498  8478  8488  8472  8467
TBILIS 1983 10 22 1  8468  8437  8467  8467  8486  8469  8434  8439  8463  8499  8486  8518
TBILIS 1983 10 22 2  8539  8497  8482  8470  8479  8471  8472  8432  8485  8448  8434  8455
TBILIS 1983 10 23 1  8461  8453  8424  8432  8410  8432  8445  8481  8437  8479  8516  8534
TBILIS 1983 10 23 2  8572  8582  8534  8505  8517  8487  8498  8479  8488  8432  8456  8451
TBILIS 1983 10 24 1  8517  8507  8503  8536  8507  8550  8547  8507  8482  8511  8490  8513
TBILIS 1983 10 24 2  8553  8506  8571  8492  8483  8492  8443  8429  8467  8479  8450  8468
TBILIS 1983 10 25 1  8483  8448  8448  8459  8500  8490  8455  8461  8462  8468  8473  8483
TBILIS 1983 10 25 2  8420  8484  8482  8511  8465  8486  8468  8472  8446  8441  8434  8448
TBILIS 1983 10 26 1  8442  8442  8444  8394  8451  8441  8443  8425  8440  8463  8501  8487
TBILIS 1983 10 26 2  8510  8528  8491  8534  8467  8493  8511  8494  8440  8430  8470  8479
TBILIS 1983 10 27 1  8454  8488  8471  8476  8474  8473  8436  8445  8436  8436  8469  8456
TBILIS 1983 10 27 2  8405  8449  8453  8473  8440  8391  8413  8416  8427  8433  8402  8439
TBILIS 1983 10 28 1  8390  8411  8416  8430  8439  8408  8398  8424  8412  8469  8486  8476
TBILIS 1983 10 28 2  8447  8470  8497  8432  8372  8366  8354  8368  8343  8342  8347  8312
TBILIS 1983 10 29 1  8384  8399  8453  8401  8447  8381  8404  8449  8410  8466  8536  8487
TBILIS 1983 10 29 2  8478  8493  8459  8440  8455  8442  8449  8478  8459  8450  8486  8433
TBILIS 1983 10 30 1  8462  8452  8439  8408  8456  8455  8454  8447  8506  8486  8501  8561
TBILIS 1983 10 30 2  8576  8546  8541  8525  8564  8568  8511  8561  8545  8538  8492  8576
TBILIS 1983 10 31 1  8581  8491  8555  8554  8582  8512  8520  8497  8492  8518  8552  8545
TBILIS 1983 10 31 2  8566  8554  8534  8501  8510  8492  8489  8383  8430  8452  8447  8434
Cosmic-Ray Neutron Monitor Data (Hourly, Pressure-Corrected and Scale-Adjusted Counts)
Collections: WDC for Cosmic Rays, Solar-Terrestrial Environment Laboratory, Nagoya Univ.
Data Access: http://center.stelab.nagoya-u.ac.jp/WDCCR/index.html
Project: ICSU WDC
Citation: WDC for Cosmic Rays, Solar-Terrestrial Environment Laboratory, Nagoya University
Station ID: TBILIS
Station:  TBILISI,GIORGIA,INSTITUT GEOPHYSIKY (IG), GIORGIAN ACADEMY OF SCIENCES,GIORGIA 
Instrument: 18-NM-64 NEUTRON MONITOR, CORRECTED FOR PRESSURE TO 950.0 MB, COEF. = -0.69 %/MB
Latitude (deg.):   41.72  Longitude (deg.):   44.80  Altitude (m):  510.00
Cut-Off Rigidity (GV):    6.66
Year: 1983  Month:  11
Scaling Factor (SF):    64.0   Constant (CONST):     0.0  Real Counts = (DATA + CONST)*SF
Temporal Resolution: 1 hour
UTC Start Hour:     0.0
                                                                                
                                                        
Monthly Average:  8497.5
Updated (YYYY MM DD): 1986 09 26
*******************************************************************************************
ID     YYYY MM DD 1     0     1     2     3     4     5     6     7     8     9    10    11
ID     YYYY MM DD 2    12    13    14    15    16    17    18    19    20    21    22    23
*******************************************************************************************
TBILIS 1983 11 01 1  8493  8463  8487  8439  8459  8467  8515  8483  8464  8547  8559  8538
TBILIS 1983 11 01 2  8606  8561  8588  8556  8485  8540  8530  8489  8516  8503  8508  8513
TBILIS 1983 11 02 1  8490  8523  8492  8505  8497  8487  8477  8454  8496  8502  8476  8518
TBILIS 1983 11 02 2  8500  8489  8476  8444  8452  8533  8531  8484  8477  8469  8461  8468
TBILIS 1983 11 03 1  8463  8490  8472  8361  8390  8461  8513  8502  8462  8423  8416  8414
TBILIS 1983 11 03 2  8407  8434  8388  8425  8464  8462  8479  8425  8371  8379  8429  8400
TBILIS 1983 11 04 1  8453  8431  8391  8375  8437  8448  8466  8495  8484  8490  8522  8538
TBILIS 1983 11 04 2  8527  8526  8519  8542  8530  8469  8441  8404  8428  8430  8459  8442
TBILIS 1983 11 05 1  8506  8433  8476  8464  8445  8434  8448  8454  8440  8486  8454  8481
TBILIS 1983 11 05 2  8480  8530  8519  8493  8472  8476  8481  8529  8509  8483  8484  8473
TBILIS 1983 11 06 1  8498  8512  8496  8520  8483  8485  8492  8486  8431  8466  8488  8499
TBILIS 1983 11 06 2  8480  8495  8492  8480  8467  8474  8442  8436  8438  8432  8432  8440
TBILIS 1983 11 07 1  8422  8455  8458  8493  8491  8441  8435  8477  8505  8503  8519  8503
TBILIS 1983 11 07 2  8538  8543  8577  8579  8543  8590  8561  8549  8527  8511  8523  8508
TBILIS 1983 11 08 1  8517  8492  8468  8484  8495  8491  8458  8449  8475  8483  8483  8517
TBILIS 1983 11 08 2  8516  8503  8554  8542  8483  8428  8429  8424  8384  8408  8440  8423
TBILIS 1983 11 09 1  8428  8420  8403  8366  8429  8370  8367  8340  8379  8386  8400  8390
TBILIS 1983 11 09 2  8436  8400  8458  8447  8380  8390  8396  8405  8408  8405  8430  8379
TBILIS 1983 11 10 1  8443  8457  8450  8415  8401  8382  8418  8446  8438  8450  8425  8455
TBILIS 1983 11 10 2  8486  8450  8418  8431  8438  8424  8380  8485  8412  8430  8439  8433
TBILIS 1983 11 11 1  8442  8409  8385  8380  8387  8395  8408  8350  8342  8385  8393  8439
TBILIS 1983 11 11 2  8402  8389  8367  8342  8342  8374  8345  8375  8396  8365  8410  8384
TBILIS 1983 11 12 1  8390  8366  8387  8388  8428  8397  8425  8391  8388  8424  8398  8390
TBILIS 1983 11 12 2  8401  8380  8408  8422  8475  8433  8438  8498  8513  8461  8498  8498
TBILIS 1983 11 13 1  8531  8476  8541  8489  8413  8359  8362  8380  8362  8385  8423  8433
TBILIS 1983 11 13 2  8438  8501  8472  8481  8540  8510  8546  8534  8539  8531  8533  8515
TBILIS 1983 11 14 1  8510  8531  8480  8490  8487  8485  8401  8446  8474  8447  8427  8463
TBILIS 1983 11 14 2  8467  8489  8448  8465  8473  8426  8490  8486  8473  8493  8524  8477
TBILIS 1983 11 15 1  8490  8515  8519  8499  8482  8505  8509  8493  8488  8520  8494  8509
TBILIS 1983 11 15 2  8558  8577  8578  8546  8548  8541  8499  8539  8531  8487  8517  8544
TBILIS 1983 11 16 1  8507  8483  8521  8525  8505  8522  8492  8471  8464  8493  8478  8538
TBILIS 1983 11 16 2  8494  8502  8516  8532  8547  8535  8526  8505  8493  8539  8503  8550
TBILIS 1983 11 17 1  8550  8523  8533  8564  8580  8550  8599  8545  8545  8581  8566  8564
TBILIS 1983 11 17 2  8514  8523  8492  8477  8500  8499  8503  8482  8512  8510  8501  8506
TBILIS 1983 11 18 1  8509  8464  8503  8492  8531  8509  8503  8461  8493  8513  8550  8523
TBILIS 1983 11 18 2  8488  8491  8473  8459  8476  8499  8498  8508  8517  8446  8484  8443
TBILIS 1983 11 19 1  8469  8507  8504  8514  8510  8514  8516  8502  8485  8491  8496  8520
TBILIS 1983 11 19 2  8515  8477  8491  8498  8471  8507  8496  8480  8461  8516  8477  8511
TBILIS 1983 11 20 1  8511  8480  8496  8484  8482  8499  8476  8447  8462  8479  8503  8510
TBILIS 1983 11 20 2  8527  8516  8539  8544  8549  8563  8544  8526  8520  8521  8555  8518
TBILIS 1983 11 21 1  8570  8587  8540  8517  8552  8528  8521  8480  8468  8483  8524  8492
TBILIS 1983 11 21 2  8519  8539  8532  8523  8527  8520  8531  8530  8533  8550  8544  8535
TBILIS 1983 11 22 1  8557  8545  8581  8582  8576  8627  8609  8563  8540  8504  8501  8545
TBILIS 1983 11 22 2  8595  8594  8639  8609  8605  8567  8589  8597  8612  8569  8566  8512
TBILIS 1983 11 23 1  8556  8536  8558  8546  8591  8583  8568  8539  8550  8557  8514  8620
TBILIS 1983 11 23 2  8630  8637  8615  8627  8574  8579  8509  8550  8553  8566  8533  8539
TBILIS 1983 11 24 1  8557  8581  8575  8581  8555  8595  8583  8570  8566  8583  8561  8589
TBILIS 1983 11 24 2  8614  8587  8574  8617  8526  8554  8538  8583  8578  8556  8538  8528
TBILIS 1983 11 25 1  8515  8543  8542  8522  8561  8514  8512  8549  8464  8486  8572  8604
TBILIS 1983 11 25 2  8604  8567  8570  8534  8556  8548  8549  8565  8590  8548  8568  8547
TBILIS 1983 11 26 1  8516  8567  8556  8546  8592  8575  8529  8552  8543  8462  8511  8484
TBILIS 1983 11 26 2  8530  8518  8517  8516  8523  8530  8529  8543  8530  8498  8493  8517
TBILIS 1983 11 27 1  8522  8497  8540  8545  8533  8540  8546  8536  8522  8564  8565  8597
TBILIS 1983 11 27 2  8586  8568  8560  8589  8576  8553  8561  8539  8539  8547  8576  8566
TBILIS 1983 11 28 1  8561  8594  8584  8583  8588  8572  8548  8512  8499  8507  8548  8493
TBILIS 1983 11 28 2  8511  8470  8523  8567  8546  8541  8523  8563  8549  8524  8540  8556
TBILIS 1983 11 29 1  8554  8549  8638  8547  8502  8519  8466  8483  8459  8522  8536  8540
TBILIS 1983 11 29 2  8535  8547  8507  8515  8475  8499  8488  8524  8542  8494  8528  8497
TBILIS 1983 11 30 1  8495  8503  8513  8494  8475  8487  8491  8479  8490  8516  8564  8551
TBILIS 1983 11 30 2  8539  8535  8525  8537  8525  8487  8501  8544  8515  8518  8484  8522
TBILIS 1983 11 31 1 99999 99999 99999 99999 99999 99999 99999 99999 99999 99999 99999 99999
TBILIS 1983 11 31 2 99999 99999 99999 99999 99999 99999 99999 99999 99999 99999 99999 99999
Cosmic-Ray Neutron Monitor Data (Hourly, Pressure-Corrected and Scale-Adjusted Counts)
Collections: WDC for Cosmic Rays, Solar-Terrestrial Environment Laboratory, Nagoya Univ.
Data Access: http://center.stelab.nagoya-u.ac.jp/WDCCR/index.html
Project: ICSU WDC
Citation: WDC for Cosmic Rays, Solar-Terrestrial Environment Laboratory, Nagoya University
Station ID: TBILIS
Station:  TBILISI,GIORGIA,INSTITUT GEOPHYSIKY (IG), GIORGIAN ACADEMY OF SCIENCES,GIORGIA 
Instrument: 18-NM-64 NEUTRON MONITOR, CORRECTED FOR PRESSURE TO 950.0 MB, COEF. = -0.69 %/MB
Latitude (deg.):   41.72  Longitude (deg.):   44.80  Altitude (m):  510.00
Cut-Off Rigidity (GV):    6.66
Year: 1983  Month:  12
Scaling Factor (SF):    64.0   Constant (CONST):     0.0  Real Counts = (DATA + CONST)*SF
Temporal Resolution: 1 hour
UTC Start Hour:     0.0
                                                                                
                                                        
Monthly Average:  8515.0
Updated (YYYY MM DD): 1986 09 26
*******************************************************************************************
ID     YYYY MM DD 1     0     1     2     3     4     5     6     7     8     9    10    11
ID     YYYY MM DD 2    12    13    14    15    16    17    18    19    20    21    22    23
*******************************************************************************************
TBILIS 1983 12 01 1  8502  8482  8488  8513  8481  8506  8503  8447  8489  8493  8550  8566
TBILIS 1983 12 01 2  8488  8507  8519  8481  8505  8530  8526  8551  8487  8502  8508  8504
TBILIS 1983 12 02 1  8495  8512  8532  8477  8508  8528  8472  8500  8544  8475  8520  8508
TBILIS 1983 12 02 2  8510  8523  8514  8516  8497  8545  8539  8537  8567  8479  8515  8502
TBILIS 1983 12 03 1  8524  8550  8510  8532  8486  8504  8504  8488  8503  8505  8564  8521
TBILIS 1983 12 03 2  8514  8520  8574  8529  8520  8522  8539  8534  8531  8535  8489  8509
TBILIS 1983 12 04 1  8530  8536  8540  8541  8493  8473  8497  8505  8512  8541  8538  8571
TBILIS 1983 12 04 2  8594  8565  8606  8611  8657  8635  8612  8612  8573  8565  8597  8527
TBILIS 1983 12 05 1  8549  8543  8552  8563  8507  8503  8522  8506  8486  8536  8538  8538
TBILIS 1983 12 05 2  8567  8557  8553  8593  8551  8555  8592  8583  8575  8552  8582  8534
TBILIS 1983 12 06 1  8554  8531  8500  8485  8526  8476  8440  8462  8454  8484  8496  8498
TBILIS 1983 12 06 2  8513  8512  8521  8485  8489  8489  8487  8460  8443  8465  8453  8441
TBILIS 1983 12 07 1  8416  8451  8430  8421  8425  8393  8429  8367  8426  8495  8503  8467
TBILIS 1983 12 07 2  8459  8463  8447  8459  8472  8522  8477  8505  8502  8499  8473  8482
TBILIS 1983 12 08 1  8478  8525  8503  8491  8468  8459  8493  8441  8469  8475  8494  8540
TBILIS 1983 12 08 2  8514  8503  8552  8561  8547  8545  8553  8514  8553  8620  8593  8552
TBILIS 1983 12 09 1  8579  8553  8615  8600  8514  8541  8556  8478  8490  8472  8564  8512
TBILIS 1983 12 09 2  8510  8468  8473  8485  8504  8491  8522  8524  8553  8508  8516  8532
TBILIS 1983 12 10 1  8550  8539  8539  8545  8479  8422  8412  8402  8376  8446  8404  8423
TBILIS 1983 12 10 2  8423  8429  8460  8478  8500  8479  8480  8487  8490  8462  8450  8464
TBILIS 1983 12 11 1  8504  8500  8460  8497  8464  8460  8410  8380  8366  8391  8422  8402
TBILIS 1983 12 11 2  8457  8500  8533  8514  8489  8491  8481  8512  8502  8537  8538  8527
TBILIS 1983 12 12 1  8508  8491  8497  8510  8465  8439  8427  8381  8370  8385  8415  8441
TBILIS 1983 12 12 2  8403  8413  8462  8400  8379  8417  8411  8380  8410  8402  8417  8481
TBILIS 1983 12 13 1  8464  8479  8454  8444  8433  8460  8470  8453  8480  8539  8538  8514
TBILIS 1983 12 13 2  8520  8541  8509  8456  8467  8458  8481  8543  8556  8549  8515  8553
TBILIS 1983 12 14 1  8552  8532  8487  8468  8463  8476  8494  8544  8545  8516  8484  8626
TBILIS 1983 12 14 2  8561  8500  8531  8508  8500  8443  8463  8450  8472  8433  8426  8458
TBILIS 1983 12 15 1  8456  8475  8464  8443  8484  8464  8454  8488  8466  8529  8489  8490
TBILIS 1983 12 15 2  8480  8461  8490  8442  8459  8421  8477  8485  8518  8478  8483  8497
TBILIS 1983 12 16 1  8484  8473  8502  8480  8521  8525  8482  8464  8459  8465  8440  8498
TBILIS 1983 12 16 2  8509  8501  8516  8524  8513  8513  8535  8526  8520  8543  8517  8484
TBILIS 1983 12 17 1  8519  8536  8508  8490  8462  8443  8477  8425  8403  8407  8463  8455
TBILIS 1983 12 17 2  8441  8440  8419  8430  8455  8465  8510  8486  8484  8510  8501  8502
TBILIS 1983 12 18 1  8503  8474  8481  8495  8492  8497  8479  8481  8425  8436  8461  8482
TBILIS 1983 12 18 2  8466  8438  8388  8460  8521  8496  8493  8498  8520  8506  8480  8514
TBILIS 1983 12 19 1  8495  8480  8489  8468  8529  8499  8452  8465  8435  8465  8509  8549
TBILIS 1983 12 19 2  8468  8464  8491  8502  8448  8462  8436  8430  8460  8453  8465  8487
TBILIS 1983 12 20 1  8495  8503  8508  8509  8511  8510  8489  8482  8505  8475  8491  8499
TBILIS 1983 12 20 2  8488  8455  8467  8478  8479  8442  8463  8503  8479  8504  8515  8472
TBILIS 1983 12 21 1  8460  8507  8503  8472  8466  8499  8488  8475  8465  8508  8508  8506
TBILIS 1983 12 21 2  8528  8527  8498  8492  8495  8474  8525  8507  8536  8553  8564  8539
TBILIS 1983 12 22 1  8563  8560  8559  8509  8539  8502  8502  8491  8521  8540  8576  8569
TBILIS 1983 12 22 2  8587  8553  8600  8544  8588  8573  8592  8605  8579  8590  8588  8563
TBILIS 1983 12 23 1  8577  8561  8536  8549  8514  8556  8516  8516  8517  8521  8504  8540
TBILIS 1983 12 23 2  8537  8553  8577  8561  8564  8573  8557  8593  8597  8582  8581  8558
TBILIS 1983 12 24 1  8560  8598  8586  8558  8536  8515  8526  8462  8466  8504  8471  8517
TBILIS 1983 12 24 2  8537  8554  8594  8565  8533  8546  8544  8545  8556  8568  8542  8556
TBILIS 1983 12 25 1  8572  8560  8573  8562  8538  8520  8506  8498  8538  8576  8552  8582
TBILIS 1983 12 25 2  8523  8550  8548  8551  8528  8547  8538  8572  8563  8533  8535  8530
TBILIS 1983 12 26 1  8520  8541  8547  8548  8519  8526  8526  8546  8514  8536  8563  8552
TBILIS 1983 12 26 2  8576  8558  8547  8526  8581  8590  8591  8584  8563  8546  8582  8568
TBILIS 1983 12 27 1  8588  8572  8561  8587  8541  8530  8550  8526  8565  8591  8616  8580
TBILIS 1983 12 27 2  8571  8571  8534  8545  8599  8570  8585  8527  8587  8564  8593  8559
TBILIS 1983 12 28 1  8586  8552  8533  8562  8542  8559  8533  8553  8517  8568  8613  8565
TBILIS 1983 12 28 2  8530  8548  8562  8533  8480  8505  8549  8445  8531  8522  8530  8520
TBILIS 1983 12 29 1  8561  8533  8546  8553  8533  8540  8575  8558  8582  8577  8613  8589
TBILIS 1983 12 29 2  8600  8631  8639  8645  8648  8647  8625  8623  8674  8602  8639  8639
TBILIS 1983 12 30 1  8682  8698  8772  8746  8771  8691  8654  8559  8520  8564  8599  8658
TBILIS 1983 12 30 2  8550  8588  8527  8525  8547  8584  8625  8556  8642  8583  8562  8504
TBILIS 1983 12 31 1  8490  8534  8433  8452  8458  8467  8465  8452  8492  8566  8525  8537
TBILIS 1983 12 31 2  8600  8536  8536  8535  8520  8525  8576  8551  8569  8613  8562  8522
