Cosmic-Ray Neutron Monitor Data (Hourly, Pressure-Corrected and Scale-Adjusted Counts)
Collections: WDC for Cosmic Rays, Solar-Terrestrial Environment Laboratory, Nagoya Univ.
Data Access: http://center.stelab.nagoya-u.ac.jp/WDCCR/index.html
Project: ICSU WDC
Citation: WDC for Cosmic Rays, Solar-Terrestrial Environment Laboratory, Nagoya University
Station ID: TBILIS
Station:  TBILISI,GIORGIA,INSTITUT GEOPHYSIKY (IG), GIORGIAN ACADEMY OF SCIENCES,GIORGIA 
Instrument: 18-NM-64 NEUTRON MONITOR, CORRECTED FOR PRESSURE TO 950.0 MB, COEF. = -0.69 %/MB
Latitude (deg.):   41.72  Longitude (deg.):   44.80  Altitude (m):  510.00
Cut-Off Rigidity (GV):    6.66
Year: 1989  Month:   1
Scaling Factor (SF):    64.0   Constant (CONST):     0.0  Real Counts = (DATA + CONST)*SF
Temporal Resolution: 1 hour
UTC Start Hour:     0.0
EFFICIENCY = 100.0 %, FILE WAS PREPARED IN WDC B2                               
                                                        
Monthly Average:  8318.8
Updated (YYYY MM DD): 1991 12 13
*******************************************************************************************
ID     YYYY MM DD 1     0     1     2     3     4     5     6     7     8     9    10    11
ID     YYYY MM DD 2    12    13    14    15    16    17    18    19    20    21    22    23
*******************************************************************************************
TBILIS 1989 01 01 1  8415  8411  8384  8387  8376  8409  8418  8485  8471  8474  8477  8494
TBILIS 1989 01 01 2  8524  8513  8523  8548  8502  8470  8495  8472  8460  8474  8458  8446
TBILIS 1989 01 02 1  8440  8464  8415  8344  8317  8364  8392  8375  8413  8431  8463  8449
TBILIS 1989 01 02 2  8418  8421  8437  8437  8406  8354  8371  8368  8348  8391  8304  8353
TBILIS 1989 01 03 1  8318  8321  8327  8308  8335  8322  8304  8360  8361  8376  8370  8412
TBILIS 1989 01 03 2  8374  8390  8362  8337  8357  8394  8394  8332  8327  8325  8337  8320
TBILIS 1989 01 04 1  8329  8270  8281  8289  8327  8404  8402  8388  8436  8457  8550  8575
TBILIS 1989 01 04 2  8591  8520  8538  8545  8548  8515  8478  8458  8476  8511  8515  8407
TBILIS 1989 01 05 1  8373  8380  8377  8326  8378  8387  8344  8320  8335  8294  8288  8312
TBILIS 1989 01 05 2  8281  8206  8259  8214  8265  8320  8325  8297  8293  8340  8301  8286
TBILIS 1989 01 06 1  8271  8240  8194  8147  8234  8260  8218  8237  8238  8263  8253  8199
TBILIS 1989 01 06 2  8187  8156  8181  8157  8137 99999 99999 99999 99999 99999 99999 99999
TBILIS 1989 01 07 1 99999 99999 99999 99999 99999 99999 99999 99999 99999 99999 99999 99999
TBILIS 1989 01 07 2 99999 99999 99999 99999 99999 99999 99999 99999 99999 99999 99999 99999
TBILIS 1989 01 08 1 99999 99999 99999 99999 99999  8255  8279  8299  8334  8287  8311  8273
TBILIS 1989 01 08 2  8327  8342  8344  8327 99999 99999 99999 99999 99999 99999 99999 99999
TBILIS 1989 01 09 1 99999 99999 99999 99999 99999 99999 99999  8272  8276  8293  8271  8329
TBILIS 1989 01 09 2  8291  8308  8302  8286  8296  8260  8255  8290  8279  8312  8285  8310
TBILIS 1989 01 10 1  8299  8325  8329  8301  8294  8318  8279  8280  8320  8310  8335  8349
TBILIS 1989 01 10 2  8334  8340  8330  8356  8364  8334  8322  8336  8378  8359  8361  8333
TBILIS 1989 01 11 1  8332  8388  8363  8366  8349  8325  8348  8349  8405  8411  8377  8384
TBILIS 1989 01 11 2  8322  8324  8311  8239  8229  8217  8286  8275  8257  8266  8275  8246
TBILIS 1989 01 12 1  8261  8213  8246  8196  8197  8156  8142  8133  8151  8111  8154  8170
TBILIS 1989 01 12 2  8199  8190  8252  8244  8233  8252  8275  8255  8256  8236  8226  8252
TBILIS 1989 01 13 1  8242  8204  8271  8221  8235  8198  8238  8227  8275  8286  8298  8315
TBILIS 1989 01 13 2  8312  8303  8304  8276  8258  8271  8320  8302  8273  8281  8265  8242
TBILIS 1989 01 14 1  8214  8247  8267  8259  8243  8192  8196  8227  8294  8301  8289  8290
TBILIS 1989 01 14 2  8354  8293  8319  8305  8297  8276  8302  8340  8330  8328  8297  8299
TBILIS 1989 01 15 1  8336  8335  8320  8339  8318  8307  8337  8318  8310  8340  8335  8352
TBILIS 1989 01 15 2  8279  8300  8315  8296  8294  8338  8249  8223  8262  8325  8304  8315
TBILIS 1989 01 16 1  8300  8275  8240  8242  8206  8260  8230  8205  8185  8234  8277  8249
TBILIS 1989 01 16 2  8277  8293  8305  8307  8296  8315  8289  8292  8342  8346  8353  8321
TBILIS 1989 01 17 1  8312  8307  8329  8308  8322  8264  8239  8205  8260  8313  8347  8329
TBILIS 1989 01 17 2  8330  8327  8317  8312  8339  8327  8368  8355  8416  8395  8391  8374
TBILIS 1989 01 18 1  8413  8434  8471  8500  8456  8329  8271  8248  8256  8230  8243  8319
TBILIS 1989 01 18 2  8353  8346  8333  8329  8358  8365  8348  8326  8374  8385 99999 99999
TBILIS 1989 01 19 1 99999 99999  8348  8383  8307  8316  8304  8320  8316  8310  8344  8360
TBILIS 1989 01 19 2  8389  8387  8378  8375  8428  8391  8369  8375  8396  8374  8380  8374
TBILIS 1989 01 20 1  8390  8415  8381  8399  8351  8380  8354  8370  8333  8384  8412  8389
TBILIS 1989 01 20 2  8375  8428  8461  8548  8501  8431  8545  8496  8437  8414  8372  8364
TBILIS 1989 01 21 1  8324  8309  8350  8341  8337  8346  8357  8386  8406  8395  8421  8412
TBILIS 1989 01 21 2  8402  8411  8444  8399  8367  8429  8346  8343  8336  8342  8307  8338
TBILIS 1989 01 22 1  8318  8358  8352  8343  8329  8330  8369  8382  8414  8436  8420  8435
TBILIS 1989 01 22 2  8450  8494  8425  8438  8393  8406  8365  8354  8383  8355  8341  8330
TBILIS 1989 01 23 1  8343  8323  8355  8345  8316  8357  8332  8390  8391  8394  8445  8407
TBILIS 1989 01 23 2  8416  8379  8370  8396  8389  8408  8414  8421  8367  8407  8393  8346
TBILIS 1989 01 24 1  8324  8329  8283  8286  8304  8238  8278  8311  8330  8295  8308  8304
TBILIS 1989 01 24 2  8312  8283  8233  8267  8262  8307  8300  8270  8280  8263  8268  8236
TBILIS 1989 01 25 1  8247  8278  8259  8254  8288  8273  8257  8311  8316  8386  8332  8335
TBILIS 1989 01 25 2  8374  8397  8478  8475  8476  8447  8412  8426  8463  8401  8469  8410
TBILIS 1989 01 26 1  8413  8382  8366  8300  8298  8267  8263  8304  8260  8295  8369  8377
TBILIS 1989 01 26 2  8361  8360  8334  8336  8276  8298  8256  8260  8234  8254  8197  8220
TBILIS 1989 01 27 1  8204  8221  8195  8207  8221  8223  8240  8258  8270  8290  8302  8333
TBILIS 1989 01 27 2  8312  8299  8349  8370  8263  8186  8181  8174  8151  8180  8160  8179
TBILIS 1989 01 28 1  8205  8221  8206  8179  8214  8211  8223  8214  8167  8242  8276  8269
TBILIS 1989 01 28 2  8239  8233  8252  8262  8224  8273  8206  8192  8167  8192  8144  8196
TBILIS 1989 01 29 1  8190  8180  8183  8162  8145  8169  8190  8220  8180  8268  8318  8296
TBILIS 1989 01 29 2  8295  8266  8284  8278  8304  8242  8264  8242  8271  8246  8207  8241
TBILIS 1989 01 30 1  8224  8223  8202  8180  8197  8185  8242  8238  8207  8278  8299  8261
TBILIS 1989 01 30 2  8307  8282  8268  8297  8293  8318  8291  8238  8280  8286  8264  8266
TBILIS 1989 01 31 1  8234  8200  8175  8169  8190  8174  8191  8214  8246  8226  8279  8282
TBILIS 1989 01 31 2  8299  8280  8270  8294  8333  8306  8335  8389  8342  8321  8433  8415
Cosmic-Ray Neutron Monitor Data (Hourly, Pressure-Corrected and Scale-Adjusted Counts)
Collections: WDC for Cosmic Rays, Solar-Terrestrial Environment Laboratory, Nagoya Univ.
Data Access: http://center.stelab.nagoya-u.ac.jp/WDCCR/index.html
Project: ICSU WDC
Citation: WDC for Cosmic Rays, Solar-Terrestrial Environment Laboratory, Nagoya University
Station ID: TBILIS
Station:  TBILISI,GIORGIA,INSTITUT GEOPHYSIKY (IG), GIORGIAN ACADEMY OF SCIENCES,GIORGIA 
Instrument: 18-NM-64 NEUTRON MONITOR, CORRECTED FOR PRESSURE TO 950.0 MB, COEF. = -0.69 %/MB
Latitude (deg.):   41.72  Longitude (deg.):   44.80  Altitude (m):  510.00
Cut-Off Rigidity (GV):    6.66
Year: 1989  Month:   2
Scaling Factor (SF):    64.0   Constant (CONST):     0.0  Real Counts = (DATA + CONST)*SF
Temporal Resolution: 1 hour
UTC Start Hour:     0.0
EFFICIENCY = 100.0 %, FILE WAS PREPARED IN WDC B2                               
                                                        
Monthly Average:  8261.3
Updated (YYYY MM DD): 1991 12 13
*******************************************************************************************
ID     YYYY MM DD 1     0     1     2     3     4     5     6     7     8     9    10    11
ID     YYYY MM DD 2    12    13    14    15    16    17    18    19    20    21    22    23
*******************************************************************************************
TBILIS 1989 02 01 1  8376  8369  8361  8302  8222  8197  8209  8255  8285  8348  8326  8341
TBILIS 1989 02 01 2  8334  8343  8304  8192  8200  8178  8198  8202  8174  8206  8202  8180
TBILIS 1989 02 02 1  8207  8212  8215  8243  8260  8213  8222  8244  8288  8299  8297  8309
TBILIS 1989 02 02 2  8306  8265  8272  8264  8187  8165  8157  8215  8231  8239  8185  8193
TBILIS 1989 02 03 1  8204  8177  8205  8236  8235  8200  8219  8223  8259  8277  8271  8287
TBILIS 1989 02 03 2  8309  8284  8283  8239  8232  8236  8238  8242  8186  8193  8201  8190
TBILIS 1989 02 04 1  8203  8207  8223  8203  8199  8193  8239  8253  8306  8345  8337  8368
TBILIS 1989 02 04 2  8366  8352  8312  8271  8268  8247  8235  8209  8278  8219  8245  8277
TBILIS 1989 02 05 1  8209  8214  8235  8187  8173  8173  8193  8196  8210  8247  8262  8249
TBILIS 1989 02 05 2  8208  8265  8236  8222  8193  8213  8217  8197  8219  8210  8199  8179
TBILIS 1989 02 06 1  8177  8212  8196  8184  8183  8167  8181  8210  8246  8247  8286  8308
TBILIS 1989 02 06 2  8287  8298  8320  8345  8342  8297  8295  8309  8313  8340  8290  8297
TBILIS 1989 02 07 1  8289  8316  8285  8280  8243  8250  8243  8262  8317  8273  8269  8290
TBILIS 1989 02 07 2  8286  8286  8282  8294  8300  8271  8265  8256  8263  8255  8266  8271
TBILIS 1989 02 08 1  8264  8263  8297  8249  8258  8305  8343  8347  8441  8393  8409  8405
TBILIS 1989 02 08 2  8394  8387  8415  8416  8435  8428  8454  8436  8467  8453  8454  8467
TBILIS 1989 02 09 1  8450  8462  8463  8437  8427  8405  8414  8406  8407  8437  8445  8450
TBILIS 1989 02 09 2  8413  8429  8484  8429  8452  8420  8435 99999 99999 99999 99999 99999
TBILIS 1989 02 10 1 99999 99999 99999 99999 99999 99999 99999 99999 99999  8404  8371  8400
TBILIS 1989 02 10 2  8433  8419  8401  8425  8427  8418  8409  8414  8408  8415  8421  8401
TBILIS 1989 02 11 1  8365  8395  8371  8319  8384  8360  8394  8438  8437  8474  8475  8500
TBILIS 1989 02 11 2  8449  8437  8439  8441  8414  8410  8434  8436  8408  8392  8365  8290
TBILIS 1989 02 12 1  8302  8304  8323  8324  8287  8285  8294  8310  8307  8308  8372  8400
TBILIS 1989 02 12 2  8332  8341  8351  8339  8325  8344  8319  8326  8372  8320  8318  8284
TBILIS 1989 02 13 1  8279  8289  8314  8251  8227  8219  8221  8219  8197  8188  8181  8207
TBILIS 1989 02 13 2  8200  8167  8130  8131  8094  8122  8124  8080  8101  8128  8111  8127
TBILIS 1989 02 14 1  8117  8175  8145  8144  8125  8138  8145  8137  8161  8168  8166  8218
TBILIS 1989 02 14 2  8207  8250  8280  8272  8261  8277  8245  8275  8265  8224  8251  8275
TBILIS 1989 02 15 1  8240  8230  8253  8232  8199  8235  8221  8241  8257  8282  8300  8281
TBILIS 1989 02 15 2  8305  8303  8278  8262  8320  8321  8289  8303  8314  8317  8312  8279
TBILIS 1989 02 16 1  8354  8322  8296  8289  8332  8276  8287  8265  8286  8292  8295  8302
TBILIS 1989 02 16 2  8316  8244  8222  8235  8239  8210  8203  8217  8226  8238  8223  8199
TBILIS 1989 02 17 1  8165  8167  8136  8170  8100  8134  8138  8139  8136  8154  8203  8194
TBILIS 1989 02 17 2  8169  8155  8190  8161  8130  8166  8146  8156  8207  8188  8197  8200
TBILIS 1989 02 18 1  8195  8181  8180  8190  8137  8121  8150  8175  8186  8206  8126  8209
TBILIS 1989 02 18 2  8212  8208  8186  8137  8175  8166  8197  8193  8213  8217  8200  8197
TBILIS 1989 02 19 1  8182  8175  8162  8150  8160  8168  8127  8199  8207  8240  8234  8245
TBILIS 1989 02 19 2  8245  8237  8246  8279  8248  8239  8264  8243  8283  8271  8309  8320
TBILIS 1989 02 20 1  8283  8252  8294  8288  8285  8279  8280  8308  8338  8283  8329  8343
TBILIS 1989 02 20 2  8391  8364  8383  8361  8360  8345  8340  8356  8326  8341  8321  8323
TBILIS 1989 02 21 1  8362  8369  8316  8318  8344  8320  8287  8319  8344  8359  8317  8355
TBILIS 1989 02 21 2  8334  8336  8332  8277  8292  8329  8328  8310  8286  8273  8259  8307
TBILIS 1989 02 22 1  8283  8238  8248  8246  8240  8233  8229  8303  8318  8344  8373  8350
TBILIS 1989 02 22 2  8371  8326  8382  8339  8363  8313  8321  8303  8305  8293  8256  8290
TBILIS 1989 02 23 1  8222  8242  8219  8209  8220  8217  8222  8283  8325  8352  8372  8387
TBILIS 1989 02 23 2  8371  8353  8369  8318  8303  8294  8245  8216  8194  8206  8207  8186
TBILIS 1989 02 24 1  8193  8220  8234  8263  8256  8280  8252  8293  8325  8348  8321  8307
TBILIS 1989 02 24 2  8294  8274  8301  8239  8220  8185  8167  8180  8187  8199  8224  8218
TBILIS 1989 02 25 1  8217  8193  8172  8185  8152  8155  8154  8193  8209  8220  8223  8225
TBILIS 1989 02 25 2  8231  8197  8207  8177  8186  8191  8163  8176  8138  8137  8143  8144
TBILIS 1989 02 26 1  8162  8116  8099  8091  8087  8079  8113  8119  8123  8141  8153  8188
TBILIS 1989 02 26 2  8181  8161  8142  8157  8155  8148  8133  8170  8164  8160  8162  8155
TBILIS 1989 02 27 1  8165  8175  8150  8192  8188  8169  8169  8191  8203  8204  8194  8213
TBILIS 1989 02 27 2  8219  8203  8224  8221  8232  8226  8208  8218  8197  8191  8212  8164
TBILIS 1989 02 28 1  8215  8155  8170  8145  8151  8160  8160  8195  8206  8215  8198  8211
TBILIS 1989 02 28 2  8238  8211  8228  8184  8246  8287  8282  8265  8273  8272  8237  8225
TBILIS 1989 02 29 1 99999 99999 99999 99999 99999 99999 99999 99999 99999 99999 99999 99999
TBILIS 1989 02 29 2 99999 99999 99999 99999 99999 99999 99999 99999 99999 99999 99999 99999
TBILIS 1989 02 30 1 99999 99999 99999 99999 99999 99999 99999 99999 99999 99999 99999 99999
TBILIS 1989 02 30 2 99999 99999 99999 99999 99999 99999 99999 99999 99999 99999 99999 99999
TBILIS 1989 02 31 1 99999 99999 99999 99999 99999 99999 99999 99999 99999 99999 99999 99999
TBILIS 1989 02 31 2 99999 99999 99999 99999 99999 99999 99999 99999 99999 99999 99999 99999
Cosmic-Ray Neutron Monitor Data (Hourly, Pressure-Corrected and Scale-Adjusted Counts)
Collections: WDC for Cosmic Rays, Solar-Terrestrial Environment Laboratory, Nagoya Univ.
Data Access: http://center.stelab.nagoya-u.ac.jp/WDCCR/index.html
Project: ICSU WDC
Citation: WDC for Cosmic Rays, Solar-Terrestrial Environment Laboratory, Nagoya University
Station ID: TBILIS
Station:  TBILISI,GIORGIA,INSTITUT GEOPHYSIKY (IG), GIORGIAN ACADEMY OF SCIENCES,GIORGIA 
Instrument: 18-NM-64 NEUTRON MONITOR, CORRECTED FOR PRESSURE TO 950.0 MB, COEF. = -0.69 %/MB
Latitude (deg.):   41.72  Longitude (deg.):   44.80  Altitude (m):  510.00
Cut-Off Rigidity (GV):    6.66
Year: 1989  Month:   3
Scaling Factor (SF):    64.0   Constant (CONST):     0.0  Real Counts = (DATA + CONST)*SF
Temporal Resolution: 1 hour
UTC Start Hour:     0.0
EFFICIENCY = 100.0 %, FILE WAS PREPARED IN WDC B2                               
                                                        
Monthly Average:  8111.9
Updated (YYYY MM DD): 1991 12 13
*******************************************************************************************
ID     YYYY MM DD 1     0     1     2     3     4     5     6     7     8     9    10    11
ID     YYYY MM DD 2    12    13    14    15    16    17    18    19    20    21    22    23
*******************************************************************************************
TBILIS 1989 03 01 1  8247  8272  8272  8251  8275  8275  8278  8270  8303  8303  8320  8283
TBILIS 1989 03 01 2  8300  8281  8304  8304  8281  8286  8247  8252  8296  8302  8266  8259
TBILIS 1989 03 02 1  8251  8233  8233  8195  8190  8217  8179  8143  8149  8189  8228  8203
TBILIS 1989 03 02 2  8217  8247  8274  8254  8226  8173  8192  8206  8212  8207  8205  8211
TBILIS 1989 03 03 1  8225  8273  8186  8199  8224  8187  8212  8229  8273  8235  8271  8267
TBILIS 1989 03 03 2  8293  8280  8301  8271  8299  8275  8303  8249  8257  8255  8227  8232
TBILIS 1989 03 04 1  8214  8217  8168  8182  8135  8144  8138  8155  8163  8193  8226  8288
TBILIS 1989 03 04 2  8302  8338  8314  8319  8297  8285  8276  8271  8253  8251  8270  8239
TBILIS 1989 03 05 1  8233  8222  8229  8265  8228  8221  8185  8233  8254  8272  8297  8286
TBILIS 1989 03 05 2  8308  8296  8285  8291  8262  8272  8255  8261  8315  8263  8282  8269
TBILIS 1989 03 06 1  8267  8251  8235  8241  8250  8228  8215  8273  8293  8318  8319  8315
TBILIS 1989 03 06 2  8296  8278  8300  8281  8322  8293  8260  8298  8266  8244  8268  8281
TBILIS 1989 03 07 1  8227  8251  8258  8274  8278  8285  8310  8325  8343  8312  8299  8351
TBILIS 1989 03 07 2  8354  8332  8389  8330  8326  8302  8293  8308  8301  8332  8335  8312
TBILIS 1989 03 08 1  8334  8306  8338  8273  8319  8340  8345  8408  8409  8417  8406  8417
TBILIS 1989 03 08 2  8437  8441  8412  8409  8388  8368  8277  8270  8275  8274  8288 99999
TBILIS 1989 03 09 1 99999 99999 99999 99999 99999 99999  8274  8271  8323  8321  8339  8320
TBILIS 1989 03 09 2  8273  8343  8327  8260  8256  8251  8249  8241  8242  8247  8237  8236
TBILIS 1989 03 10 1  8233  8221  8200  8210  8175  8147  8155  8146  8192  8190  8259  8278
TBILIS 1989 03 10 2  8298  8278  8276  8275  8301  8279  8287  8312  8272  8293  8292  8300
TBILIS 1989 03 11 1  8287  8235  8248  8228  8237  8213  8206  8180  8172  8234  8219  8227
TBILIS 1989 03 11 2  8254  8255  8270  8290  8268  8269  8279  8248  8276  8282  8307  8319
TBILIS 1989 03 12 1  8279  8261  8250  8219  8185  8196  8190  8211  8200  8256  8277  8242
TBILIS 1989 03 12 2  8260  8231  8254  8263  8260  8312  8350  8308  8303  8288  8294  8273
TBILIS 1989 03 13 1  8291  8265  8266  8278  8291  8313  8291  8283  8129  7986  7861  8101
TBILIS 1989 03 13 2  8102  8047  8023  8068  8110  8099  7845  7634  7493  7578  7572  7580
TBILIS 1989 03 14 1  7687  7719  7616  7603  7526  7518  7571  7625  7620  7609  7572  7520
TBILIS 1989 03 14 2  7492  7497  7515  7513  7476  7432  7449  7450  7505  7474  7391  7432
TBILIS 1989 03 15 1  7450  7445  7438  7431  7467  7446  7408  7419  7451  7480  7500  7491
TBILIS 1989 03 15 2  7532  7513  7509  7553  7541  7583  7592  7601  7596  7591  7619  7631
TBILIS 1989 03 16 1 99999 99999 99999 99999 99999 99999 99999 99999 99999 99999 99999 99999
TBILIS 1989 03 16 2 99999 99999 99999 99999 99999 99999 99999 99999 99999 99999 99999 99999
TBILIS 1989 03 17 1 99999 99999 99999 99999 99999 99999 99999 99999 99999 99999 99999 99999
TBILIS 1989 03 17 2 99999 99999 99999 99999 99999 99999 99999 99999 99999 99999 99999 99999
TBILIS 1989 03 18 1 99999 99999 99999 99999 99999 99999 99999 99999 99999 99999 99999 99999
TBILIS 1989 03 18 2 99999 99999 99999 99999 99999 99999 99999 99999 99999 99999 99999 99999
TBILIS 1989 03 19 1 99999 99999 99999 99999 99999 99999 99999 99999 99999 99999 99999 99999
TBILIS 1989 03 19 2 99999 99999 99999 99999 99999 99999 99999 99999 99999 99999 99999 99999
TBILIS 1989 03 20 1 99999 99999 99999 99999 99999 99999 99999 99999 99999 99999 99999 99999
TBILIS 1989 03 20 2 99999 99999 99999 99999 99999 99999 99999 99999 99999 99999 99999 99999
TBILIS 1989 03 21 1 99999 99999 99999 99999 99999 99999 99999 99999 99999 99999 99999 99999
TBILIS 1989 03 21 2 99999 99999 99999 99999 99999 99999 99999 99999 99999 99999 99999 99999
TBILIS 1989 03 22 1 99999 99999 99999 99999 99999 99999 99999 99999 99999 99999 99999 99999
TBILIS 1989 03 22 2 99999 99999 99999 99999 99999 99999 99999 99999 99999 99999 99999 99999
TBILIS 1989 03 23 1 99999 99999 99999 99999 99999 99999 99999 99999 99999 99999 99999 99999
TBILIS 1989 03 23 2 99999 99999 99999 99999 99999 99999 99999 99999 99999 99999 99999 99999
TBILIS 1989 03 24 1 99999 99999 99999 99999 99999 99999 99999 99999 99999 99999 99999 99999
TBILIS 1989 03 24 2 99999 99999 99999 99999 99999 99999 99999 99999 99999 99999 99999 99999
TBILIS 1989 03 25 1 99999 99999 99999 99999 99999 99999 99999 99999 99999 99999 99999 99999
TBILIS 1989 03 25 2 99999 99999 99999 99999 99999 99999 99999 99999 99999 99999 99999 99999
TBILIS 1989 03 26 1 99999 99999 99999 99999 99999 99999 99999 99999 99999 99999 99999 99999
TBILIS 1989 03 26 2 99999 99999 99999 99999 99999 99999 99999 99999 99999 99999 99999 99999
TBILIS 1989 03 27 1  7994  7981  7990  7927  7890  7828  7812  7830  7793  7786  7788  7763
TBILIS 1989 03 27 2  7838  7833  7831  7900  7959  7873  7860  7828  7847  7869  7906  7929
TBILIS 1989 03 28 1  7920  7908  7894  7868  7855  7860  7894  7869  7900  7970  7967  7996
TBILIS 1989 03 28 2  7966  8013  8002  8003  8001  7945  7909  7967  7932  7875  7924  7935
TBILIS 1989 03 29 1  7953  7950  7913  7961  7954  7957  7965  7968  7984  8024  8067  8102
TBILIS 1989 03 29 2  8143  8119  8141  8156  8108  8067  8105  8092  8145  8143  8165  8117
TBILIS 1989 03 30 1  8071  8081  8102  8076  8079  8032  8064  8079  8126  8146  8137  8109
TBILIS 1989 03 30 2  8127  8102  8060  8045  8038  8040  8039  8059  8055  8092  8032  8046
TBILIS 1989 03 31 1  8044  8036  8043  8058  8079  8063  8068  8076  8083  8147  8145  8118
TBILIS 1989 03 31 2  8131  8168  8090  8077  8065  8075  8101  8073  8064  8104  8100  8047
Cosmic-Ray Neutron Monitor Data (Hourly, Pressure-Corrected and Scale-Adjusted Counts)
Collections: WDC for Cosmic Rays, Solar-Terrestrial Environment Laboratory, Nagoya Univ.
Data Access: http://center.stelab.nagoya-u.ac.jp/WDCCR/index.html
Project: ICSU WDC
Citation: WDC for Cosmic Rays, Solar-Terrestrial Environment Laboratory, Nagoya University
Station ID: TBILIS
Station:  TBILISI,GIORGIA,INSTITUT GEOPHYSIKY (IG), GIORGIAN ACADEMY OF SCIENCES,GIORGIA 
Instrument: 18-NM-64 NEUTRON MONITOR, CORRECTED FOR PRESSURE TO 950.0 MB, COEF. = -0.69 %/MB
Latitude (deg.):   41.72  Longitude (deg.):   44.80  Altitude (m):  510.00
Cut-Off Rigidity (GV):    6.66
Year: 1989  Month:   4
Scaling Factor (SF):    64.0   Constant (CONST):     0.0  Real Counts = (DATA + CONST)*SF
Temporal Resolution: 1 hour
UTC Start Hour:     0.0
EFFICIENCY = 100.0 %, FILE WAS PREPARED IN WDC B2                               
                                                        
Monthly Average:  8066.1
Updated (YYYY MM DD): 1991 12 13
*******************************************************************************************
ID     YYYY MM DD 1     0     1     2     3     4     5     6     7     8     9    10    11
ID     YYYY MM DD 2    12    13    14    15    16    17    18    19    20    21    22    23
*******************************************************************************************
TBILIS 1989 04 01 1  8027  8055  8043  8017  8057  8055  8027  8040  8039  8065  8053  8113
TBILIS 1989 04 01 2  8066  8108  8105  8112  8076  8089  8075  8071  8125  8084  8100  8104
TBILIS 1989 04 02 1  8113  8069  8065  8053  8057  8101  8074  8071  8075  8130  8128  8145
TBILIS 1989 04 02 2  8145  8143  8170  8117  8188  8151  8139  8112  8111  8094  8100  8127
TBILIS 1989 04 03 1  8069  8095  8099  8078  8106  8053  8078  8090  8115  8102  8093  8100
TBILIS 1989 04 03 2  8095  8105  8133  8148  8150  8097  8088  8109  8091  8089  8092  8089
TBILIS 1989 04 04 1  8108  8096  8092  8099  8116  8138  8135  8103  8171  8150  8166  8132
TBILIS 1989 04 04 2  8124  8177  8147  8161  8118  8123  8130  8121  8110  8116  8062  8082
TBILIS 1989 04 05 1  8050  8050  8065  8043  8043  8065  8057  8106  8157  8179  8222  8234
TBILIS 1989 04 05 2  8244  8205  8194  8203  8172  8211  8211  8212  8187  8167  8165  8122
TBILIS 1989 04 06 1  8095  8082  8105  8091  8108  8102  8096  8121  8094  8093  8119  8117
TBILIS 1989 04 06 2  8168  8122  8085  8060  8080  8036  8046  8034  8019  8045  7986  8052
TBILIS 1989 04 07 1  8019  8035  8060  8052  8064  8037  8053  8122  8085  8112  8120  8150
TBILIS 1989 04 07 2  8164  8122  8125  8146  8202  8198  8190  8162  8126  8156  8114  8099
TBILIS 1989 04 08 1  8103  8128  8090  8091  8069  8038  8048  8071  8149  8135  8111  8123
TBILIS 1989 04 08 2  8110  8156  8127  8091  8109  8114  8120  8081  8059  8088  8035  8072
TBILIS 1989 04 09 1  8055  8032  8068  8079  8059  8085  8116  8093  8090  8143  8168  8168
TBILIS 1989 04 09 2  8151  8190  8209  8188  8164  8136  8158  8153  8179  8163  8168  8157
TBILIS 1989 04 10 1  8112  8115  8097  8116  8095  8110  8121  8099  8166  8144  8157  8162
TBILIS 1989 04 10 2  8166  8182  8180  8137  8149  8133  8146  8162  8147  8131  8130  8151
TBILIS 1989 04 11 1  8162  8156  8141  8206  8196  8201  8195  8229  8202  8243  8261  8265
TBILIS 1989 04 11 2  8244  8261  8273  8277  8279  8278  8262  8216  8208  8216  8146  8152
TBILIS 1989 04 12 1  8148  8073  8057  8018  7951  7919  7920  7949  7934  7951  7976  7973
TBILIS 1989 04 12 2  7993  8020  8023  8023  8015  8029  8041  8064  8041  8028  8050  8061
TBILIS 1989 04 13 1  8031  8089  8075  8046  8034  8053  8025  7988  7968  8018  7999  8048
TBILIS 1989 04 13 2  8024  8028  7998  8004  8006  8071  8079  8083  8081  8091  8093  8057
TBILIS 1989 04 14 1  7991  7932  7906  7930  7907  7895  7923  7943  7952  7945  7993  8021
TBILIS 1989 04 14 2  8073  8141  8128  8122  8054  7993  7941  7933  7981  8009  7995  7953
TBILIS 1989 04 15 1  7995  8022  8032  8012  8009  7988  7996  7965  7948  7971  8001  7995
TBILIS 1989 04 15 2  8004  8021  8034  8026  7993  7931  7936  7919  7963  7943  7932  7953
TBILIS 1989 04 16 1  7968  7968  7963  7978  7945  7992  7965  8000  8000  8002  8054  8082
TBILIS 1989 04 16 2  8104  8065  8125  8133  8144  8099  8133  8096  8086  8097  8064  8030
TBILIS 1989 04 17 1  8004  7958  7985  7987  7978  7936  7959  7999  8033  8030  8025  8060
TBILIS 1989 04 17 2  8072  8090  8083  8065  8051  8018  8057  8012  8016  8041  8049  8033
TBILIS 1989 04 18 1  7960  7979  8038  8020  8035  8011  8088  8025  8025  8034  8025  7967
TBILIS 1989 04 18 2  7999  8024  8016  8033  8043  8034  8003  7973  8026  7996  7971  7958
TBILIS 1989 04 19 1  7958  7963  7950  7921  7917  7885  7952  7959  7962  7971  7989  7983
TBILIS 1989 04 19 2  7984  7993  7997  7973  7989  7989  7955  7972  7952  7925  7925  7918
TBILIS 1989 04 20 1  7925  7899  7899  7895  7935  7892  7929  7957  7951  8001  8011  8017
TBILIS 1989 04 20 2  8058  8061  8037  8011  8037  8024  8017  8035  8002  8013  7963  7944
TBILIS 1989 04 21 1  7957  7919  8004  7971  8000  8010  8019  8000  8009  7984  7982  7966
TBILIS 1989 04 21 2  7979  7965  7922  7935  7941  7931  7966  8001  8010  7988  8023  8003
TBILIS 1989 04 22 1  7989  7960  7999  8001  7997  7961  7943  7967  7983  7936  7941  7934
TBILIS 1989 04 22 2  7975  7956  7945  7992  7957  7984  7929  7989  7972  7962  7993  8026
TBILIS 1989 04 23 1  7993  7987  7955  7958  7963  7961  7972  8006  7982  7979  8000  7967
TBILIS 1989 04 23 2  7992  8043  8084  8094  8136  8097  8105  8103  8098  8077  8077  8090
TBILIS 1989 04 24 1  8042  8002  8014  8027  7996  8002  8003  8042  8072  8097  8097  8099
TBILIS 1989 04 24 2  8122  8108  8120  8103  8094  8063  8083  8044  8039  8005  7998  8004
TBILIS 1989 04 25 1  7965  7970  7966  7998  7976  7963  7982  7983  8007  7995  8008  8048
TBILIS 1989 04 25 2  8050  8082  8030  8091  8090  8070  8106  8082  8094  8147  8130  8111
TBILIS 1989 04 26 1  8131  8093  8053  8091  8064  8095  8102  8090  8111  8118  8135  8151
TBILIS 1989 04 26 2  8166  8192  8203  8161  8144  8118  8099  8119  8129  8088  8078  8069
TBILIS 1989 04 27 1  8083  8071  8067  8073  8074  8088  8079  8087  8130  8158  8158  8156
TBILIS 1989 04 27 2  8153  8133  8163  8162  8154  8154  8148  8137  8127  8123  8120  8095
TBILIS 1989 04 28 1  8102  8095  8082  8083  8094  8053  8099  8088  8098  8116  8172  8174
TBILIS 1989 04 28 2  8183  8198  8210  8192  8180  8169  8131  8149  8137  8116  8052  8034
TBILIS 1989 04 29 1  8038  8048  8042  8015  8076  8048  8030  8070  8126  8145  8174  8187
TBILIS 1989 04 29 2  8195  8185  8206  8167  8123  8109  8102  8123  8109  8112  8062  8087
TBILIS 1989 04 30 1  8060  8076  8059  8044  8022  8014  8032  8074  8067  8093  8094  8136
TBILIS 1989 04 30 2  8139  8132  8123  8110  8100  8072  8065  8044  8055  8038  8029  8003
TBILIS 1989 04 31 1 99999 99999 99999 99999 99999 99999 99999 99999 99999 99999 99999 99999
TBILIS 1989 04 31 2 99999 99999 99999 99999 99999 99999 99999 99999 99999 99999 99999 99999
Cosmic-Ray Neutron Monitor Data (Hourly, Pressure-Corrected and Scale-Adjusted Counts)
Collections: WDC for Cosmic Rays, Solar-Terrestrial Environment Laboratory, Nagoya Univ.
Data Access: http://center.stelab.nagoya-u.ac.jp/WDCCR/index.html
Project: ICSU WDC
Citation: WDC for Cosmic Rays, Solar-Terrestrial Environment Laboratory, Nagoya University
Station ID: TBILIS
Station:  TBILISI,GIORGIA,INSTITUT GEOPHYSIKY (IG), GIORGIAN ACADEMY OF SCIENCES,GIORGIA 
Instrument: 18-NM-64 NEUTRON MONITOR, CORRECTED FOR PRESSURE TO 950.0 MB, COEF. = -0.69 %/MB
Latitude (deg.):   41.72  Longitude (deg.):   44.80  Altitude (m):  510.00
Cut-Off Rigidity (GV):    6.66
Year: 1989  Month:   5
Scaling Factor (SF):    64.0   Constant (CONST):     0.0  Real Counts = (DATA + CONST)*SF
Temporal Resolution: 1 hour
UTC Start Hour:     0.0
EFFICIENCY = 100.0 %, FILE WAS PREPARED IN WDC B2                               
                                                        
Monthly Average:  7975.3
Updated (YYYY MM DD): 1991 12 13
*******************************************************************************************
ID     YYYY MM DD 1     0     1     2     3     4     5     6     7     8     9    10    11
ID     YYYY MM DD 2    12    13    14    15    16    17    18    19    20    21    22    23
*******************************************************************************************
TBILIS 1989 05 01 1  8018  8012  8008  8000  8022  7986  8057  8045  8076  8079  8089  8150
TBILIS 1989 05 01 2  8092  8107  8090  8069  8067  8028  8024  8052  8046  8049  8022  7989
TBILIS 1989 05 02 1  7975  8012  8008  7996  7980  7995  8023  7992  8023  8036  8071  8039
TBILIS 1989 05 02 2  8054  8065  8047  8038  8035  8012  8022  8025  8043  8022  8019  8040
TBILIS 1989 05 03 1  8048  8001  8019  8016  8028  7971  8014  8023  8022  7995  8019  8040
TBILIS 1989 05 03 2  8056  8070  8033  8043  8029  8016  7993  8024  8017  7980  7986  8004
TBILIS 1989 05 04 1  8005  7959  7967  7955  7936  7964  7952  7988  7989  7985  8008  8034
TBILIS 1989 05 04 2  8044  8022  8000  8018  8008  8014  8010  8026  8048  8027  7985  8014
TBILIS 1989 05 05 1  7922  7908  7855  7841  7880  7878  7948  7974  7947  7965  7946  7950
TBILIS 1989 05 05 2  7968  7963  7957  7942  7960  7890  7896  7858  7870  7876  7898  7887
TBILIS 1989 05 06 1  7912  7911  7906  7914  7952  7934  7963  7969  7989  8020  8030  8023
TBILIS 1989 05 06 2  8060  8031  8037  7997  8020  7986  7988  7950  7961  7980  8003  8034
TBILIS 1989 05 07 1  8026  7962  8014  7977  7935  7938  8016  8042  8061  8077  8058  8013
TBILIS 1989 05 07 2  8051  7947  7925  7908  7890  7961  7907  7886  7888  7834  7834  7859
TBILIS 1989 05 08 1  7829  7833  7879  7879  7886  7925  7935  7904  7932  7986  7984  7927
TBILIS 1989 05 08 2  7944  7941  7945  7906  7904  7900  7870  7856  7859  7855  7829  7857
TBILIS 1989 05 09 1  7884  7860  7888  7909  7878  7920  7895  7947  7944  7974  7984  8034
TBILIS 1989 05 09 2  7998  8026  7998  7984  7950  7959  7928  7930  7916  7882  7903  7932
TBILIS 1989 05 10 1  7881  7899  7871  7877  7895  7907  7953  7980  7991  7979  8013  8011
TBILIS 1989 05 10 2  8001  7992  7956  7920  7915  7926  7884  7909  7872  7919  7897  7895
TBILIS 1989 05 11 1  7883  7869  7850  7876  7881  7952  7949  7969  8022  7988  8059  8075
TBILIS 1989 05 11 2  8059  8102  8051  8063  8063  8017  8004  8037  7995  7998  8003  7965
TBILIS 1989 05 12 1  7939  7952  7902  7921  7936  7938  7943  8019  8012  8053  8038  8064
TBILIS 1989 05 12 2  8061  8036  8042  8021  8040  8055  8052  8048  8019  7992  7967  7978
TBILIS 1989 05 13 1  7954  7967  7963  7920  7940  7940  7948  7977  7941  7970  7996  8015
TBILIS 1989 05 13 2  8016  8021  8027  7991  8034  8011  8015  7996  8001  7982  7992  7932
TBILIS 1989 05 14 1  7939  7932  7925  7946  7995  8027  7994  8049  8039  8059  8052  8052
TBILIS 1989 05 14 2  8076  8050  7982  7970  7954  7940  7944  7909  7922  7944  7944  7933
TBILIS 1989 05 15 1  7953  7950  7908  7878  7909  7896  7912  7896  7971  7961  7986  7960
TBILIS 1989 05 15 2  7938  7973  7942  7909  7953  7906  7939  7929  7962  7934  7966  7916
TBILIS 1989 05 16 1  7964  7950  7917  7926  7939  7946  7928  7925  7891  7901  7940  7953
TBILIS 1989 05 16 2  7912  7949  7959  7924  7970  7987  7982  7944  7957  7984  8006  8026
TBILIS 1989 05 17 1  7999  7972  7927  7993  7950  8002  7935  7975  7954  7969  7983  7980
TBILIS 1989 05 17 2  7951  7960  7947  7989  8043  8019  8027  8063  8062  8054  8039  8068
TBILIS 1989 05 18 1  8064  8052  8037  8033  8039  8002  8016  8002  8005  8045  8023  8072
TBILIS 1989 05 18 2  8113  8100  8112  8111  8095  8096  8091  8101  8137  8151  8107  8100
TBILIS 1989 05 19 1  8080  8107  8110  8075  8040  8043  8038  8047  8038  8075  8104  8105
TBILIS 1989 05 19 2  8141  8120  8127  8171  8146  8175  8212  8158  8163  8139  8151  8150
TBILIS 1989 05 20 1  8152  8101  8056  8035  8075  8035  8039  7996  8018  8028  8045  8087
TBILIS 1989 05 20 2  8069  8046  8079  8072  8103  8099  8171  8145  8158  8143  8110  8102
TBILIS 1989 05 21 1  8075  8066  8069  8048  8005  8003  8054  8046  8063  8041  8061  8050
TBILIS 1989 05 21 2  8060  8042  8064  8034  8018  8003  8030  8071  8048  8044  8030  8018
TBILIS 1989 05 22 1  8023  8049  8033  8060  8063  8024  8107  8147  8106  8110  8134  8161
TBILIS 1989 05 22 2  8161  8160  8162  8160  8113  8045  8084  8092  8101  8064  8070  8044
TBILIS 1989 05 23 1  8073  7983  8004  7989  7976  8027  7997  7993  7985  7986  8001  8036
TBILIS 1989 05 23 2  8050  8009  7988  8046  8067  8095  8049  8038  8033  7962  7932  7937
TBILIS 1989 05 24 1  7895  7891  7821  7852  7873  7893  7937  7936  7982  7956  8039  8080
TBILIS 1989 05 24 2  8038  8025  7983  7984  7937  7921  7911  7864  7877  7833  7853  7821
TBILIS 1989 05 25 1  7845  7811  7788  7785  7805  7760  7783  7811  7813  7820  7804  7847
TBILIS 1989 05 25 2  7854  7868  7862  7881  7892  7881  7867  7902  7852  7842  7842  7840
TBILIS 1989 05 26 1  7840  7859  7832  7860  7837  7833  7823  7833  7799  7823  7867  7830
TBILIS 1989 05 26 2  7908  7883  7911  7922  7914  7982  7926  7930  7920  7932  7958  7974
TBILIS 1989 05 27 1  7910  7906  7868  7870  7830  7850  7856  7863  7883  7904  7928  7902
TBILIS 1989 05 27 2  7927  7909  7913  7959  7917  7897  7924  7903  7912  7935  7881 99999
TBILIS 1989 05 28 1 99999 99999 99999 99999  7806  7834  7858  7852  7884  7890  7878  7940
TBILIS 1989 05 28 2  7919  7950  7927  7950  7946  7954  7970  7973  7910  7895  7875  7846
TBILIS 1989 05 29 1  7841  7839  7843  7831  7786  7809  7826  7877  7861  7867  7896  7922
TBILIS 1989 05 29 2  7915  7928  7879  7911  7910  7855  7867  7857  7887  7864  7898  7845
TBILIS 1989 05 30 1  7863  7853  7872  7873  7877  7880  7916  7881  7933  7962  7997  7972
TBILIS 1989 05 30 2  7964  7954  7977  8002  8004  8008  7962  7936  7938  7922  7925  7928
TBILIS 1989 05 31 1  7917  7931  7926  7896  7951  7959  7969  7980  8027  8042  8046  8041
TBILIS 1989 05 31 2  8086  8088  8099  8101  8084  8057  8039  8037  8045  8032  7991  7987
Cosmic-Ray Neutron Monitor Data (Hourly, Pressure-Corrected and Scale-Adjusted Counts)
Collections: WDC for Cosmic Rays, Solar-Terrestrial Environment Laboratory, Nagoya Univ.
Data Access: http://center.stelab.nagoya-u.ac.jp/WDCCR/index.html
Project: ICSU WDC
Citation: WDC for Cosmic Rays, Solar-Terrestrial Environment Laboratory, Nagoya University
Station ID: TBILIS
Station:  TBILISI,GIORGIA,INSTITUT GEOPHYSIKY (IG), GIORGIAN ACADEMY OF SCIENCES,GIORGIA 
Instrument: 18-NM-64 NEUTRON MONITOR, CORRECTED FOR PRESSURE TO 950.0 MB, COEF. = -0.69 %/MB
Latitude (deg.):   41.72  Longitude (deg.):   44.80  Altitude (m):  510.00
Cut-Off Rigidity (GV):    6.66
Year: 1989  Month:   6
Scaling Factor (SF):    64.0   Constant (CONST):     0.0  Real Counts = (DATA + CONST)*SF
Temporal Resolution: 1 hour
UTC Start Hour:     0.0
EFFICIENCY = 100.0 %, FILE WAS PREPARED IN WDC B2                               
                                                        
Monthly Average:  8040.1
Updated (YYYY MM DD): 1991 12 13
*******************************************************************************************
ID     YYYY MM DD 1     0     1     2     3     4     5     6     7     8     9    10    11
ID     YYYY MM DD 2    12    13    14    15    16    17    18    19    20    21    22    23
*******************************************************************************************
TBILIS 1989 06 01 1  7966  8001  8005  8018  8053  8065  8070  7991  8020  8046  8071  8049
TBILIS 1989 06 01 2  8049  8036  8008  8028  8010  8024  8028  8052  8024  8010  8022  8023
TBILIS 1989 06 02 1  7988  8015  8021  7983  7991  7984  7984  8019  8069  8053  8061  8096
TBILIS 1989 06 02 2  8125  8120  8118  8090  8084  8076  8063  8066  8068  8045  8057  8038
TBILIS 1989 06 03 1  8025  8037  8033  8029  8014  7972  8026  8011  8045  8077  8093  8031
TBILIS 1989 06 03 2  8042  8092  8081  8109  8054  8054  8065  8055  8036  8046  8079  8069
TBILIS 1989 06 04 1  8025  8062  8072  8100  8072  8057  8064  8103  8075  8113  8143  8137
TBILIS 1989 06 04 2  8116  8145  8124  8106  8113  8075  8078  8082  8111  8130  8115  8121
TBILIS 1989 06 05 1  8068  8068  8085  8043  8089  8062  8033  8070  8011  8071  8051  8076
TBILIS 1989 06 05 2  8106  8116  8114  8155  8119  8097  8007  8025  8053  8055  8036  8044
TBILIS 1989 06 06 1  8041  8044  8013  8037  8013  8037  8054  8071  8105  8117  8112  8074
TBILIS 1989 06 06 2  8091  8103  8092  8111  8104  8100  8081  8101  8067  8103  8065  8075
TBILIS 1989 06 07 1  8067  8028  8026  8030  8019  8004  8056  8049  8050  8046  8055  8022
TBILIS 1989 06 07 2  8055  8057  8030  8026  8096  8082  8098  8080  8105  8098  8079  8058
TBILIS 1989 06 08 1  8067  8018  8010  8055  8022  8007  7989  7984  8021  8018  8034  8033
TBILIS 1989 06 08 2  8040  8040  8020  8037  8040  8052  8057  7999  8047 99999 99999 99999
TBILIS 1989 06 09 1 99999 99999 99999 99999 99999 99999  7877  7880  7906  7864  7869  7887
TBILIS 1989 06 09 2  7878  7880  7852  7829  7869  7847  7833  7885  7869  7891  7911  7902
TBILIS 1989 06 10 1  7915  7979  7976  7941  7927  7940  7975  7982  7974  7952  7983  8009
TBILIS 1989 06 10 2  8002  8044  8037  8019  8102  8063  8054  7999  7992  7984  8011  7994
TBILIS 1989 06 11 1  7967  7939  7978  7984  7963  8027  8020  8017  8043  8024  8052  8074
TBILIS 1989 06 11 2  8060  8016  8040  8015  8035  8016  8006  8013  8035  8022  7987  7976
TBILIS 1989 06 12 1  7967  7955  7956  7953  7952  7961  7983  7994  8036  8027  8032  8042
TBILIS 1989 06 12 2  8038  8035  8007  8030  8041  8005  7982  7937  7913  7925  7963  7909
TBILIS 1989 06 13 1  7922  7938  7941  7975  7922  7930  7914  7913  7906  7950  7965  7951
TBILIS 1989 06 13 2  8011  7984  7966  7952  7976  7995  7951  7917  7861  7822  7818  7860
TBILIS 1989 06 14 1  7871  7808  7794  7742  7748  7754  7704  7670  7735  7751  7723  7727
TBILIS 1989 06 14 2  7707  7787  7728  7770  7716  7713  7780  7769  7805  7802  7836  7831
TBILIS 1989 06 15 1  7837  7839  7835  7843  7818  7835  7832  7873  7852  7826  7826  7802
TBILIS 1989 06 15 2  7839  7843  7876  7836  7847  7868  7919  7896  7922  7921  7940  7906
TBILIS 1989 06 16 1  7924  7934  7982  7882  7866  7892  7872  7923  7916  7909  7938  7934
TBILIS 1989 06 16 2  7907  7949  7926  7921  7906  7917  7985  7956  7966  7963  8008  8006
TBILIS 1989 06 17 1  7964  7937  7913  7894  7914  7917 99999 99999 99999 99999 99999 99999
TBILIS 1989 06 17 2 99999  7992  8015  8011  8017  7971  7949  7943  7980  7944  7954  7953
TBILIS 1989 06 18 1  7954  7928  7907  7933  7947  7954  7961  7975  7976  7978  7990  8002
TBILIS 1989 06 18 2  8003  8000  8042  8024  8018  8021  7991  7977  7967  7944  7922  7988
TBILIS 1989 06 19 1  7946  7959  7955  7978  7993  8044  8029  8053  8062  8099  8146  8120
TBILIS 1989 06 19 2  8112  8127  8153  8124  8137  8094  8051  8076  8073  8067  8088  8063
TBILIS 1989 06 20 1  8093  8078  8089  8083  8087  8093  8128  8137  8101  8118  8123  8158
TBILIS 1989 06 20 2  8146  8208  8184  8119  8041  8041  8049  8090  8098  8036  8088  8024
TBILIS 1989 06 21 1  7994  7941  7907  7914  7882  7926  7906  7912  7929  7891  7970  7958
TBILIS 1989 06 21 2  7966  7964  7947  7966  7971  8008  8052  8035  8057  8043  8002  7957
TBILIS 1989 06 22 1  7941  7948  7900  7935  7946  7948  7958  7975  7953  8022  8031  8058
TBILIS 1989 06 22 2  8052  8052  8053  8071  8112  8139  8127  8083  8026  8002  7983  8001
TBILIS 1989 06 23 1  7968  7970  7999  8037  8087  8067  8076  8110  8125  8182  8198  8190
TBILIS 1989 06 23 2  8206  8197  8201  8232  8228  8177  8205  8188  8115  8101  8133  8119
TBILIS 1989 06 24 1  8125  8163  8157  8182  8163  8146  8178  8193  8172  8177  8187  8196
TBILIS 1989 06 24 2  8230  8248  8264  8173  8200  8213  8214  8237  8194  8208  8196  8190
TBILIS 1989 06 25 1  8152  8169  8150  8129  8081  8104  8099  8143  8157  8111  8164  8141
TBILIS 1989 06 25 2  8185  8144  8151  8119  8139  8147  8103  8166  8115  8157  8096  8101
TBILIS 1989 06 26 1  8091  8079  8080  8063  8104  8077  8093  8161  8185  8173  8225  8272
TBILIS 1989 06 26 2  8265  8273  8299  8249  8261  8252  8236  8239  8171  8183  8165  8137
TBILIS 1989 06 27 1  8156  8128  8094  8088  8128  8111  8133  8106  8092  8122  8136  8121
TBILIS 1989 06 27 2  8166  8137  8143  8141  8165  8156  8153  8146  8123  8106  8093  8052
TBILIS 1989 06 28 1  8058  8099  8107  8088  8075  8046  8042  8078  8084  8117  8128  8122
TBILIS 1989 06 28 2  8125  8104  8119  8115  8120  8143  8119  8130  8136  8123  8090  8103
TBILIS 1989 06 29 1  8095  8098  8112  8112  8144  8144  8142  8159  8177  8217  8251  8272
TBILIS 1989 06 29 2  8287  8300  8279  8264  8287  8272  8271  8255  8229  8196  8195  8163
TBILIS 1989 06 30 1  8118  8168  8178  8157  8147  8187  8214  8236  8234  8288  8294  8252
TBILIS 1989 06 30 2  8243  8251  8254  8267  8236  8176  8127  8133  8128  8125  8090  8070
TBILIS 1989 06 31 1 99999 99999 99999 99999 99999 99999 99999 99999 99999 99999 99999 99999
TBILIS 1989 06 31 2 99999 99999 99999 99999 99999 99999 99999 99999 99999 99999 99999 99999
Cosmic-Ray Neutron Monitor Data (Hourly, Pressure-Corrected and Scale-Adjusted Counts)
Collections: WDC for Cosmic Rays, Solar-Terrestrial Environment Laboratory, Nagoya Univ.
Data Access: http://center.stelab.nagoya-u.ac.jp/WDCCR/index.html
Project: ICSU WDC
Citation: WDC for Cosmic Rays, Solar-Terrestrial Environment Laboratory, Nagoya University
Station ID: TBILIS
Station:  TBILISI,GIORGIA,INSTITUT GEOPHYSIKY (IG), GIORGIAN ACADEMY OF SCIENCES,GIORGIA 
Instrument: 18-NM-64 NEUTRON MONITOR, CORRECTED FOR PRESSURE TO 950.0 MB, COEF. = -0.69 %/MB
Latitude (deg.):   41.72  Longitude (deg.):   44.80  Altitude (m):  510.00
Cut-Off Rigidity (GV):    6.66
Year: 1989  Month:   7
Scaling Factor (SF):    64.0   Constant (CONST):     0.0  Real Counts = (DATA + CONST)*SF
Temporal Resolution: 1 hour
UTC Start Hour:     0.0
EFFICIENCY = 100.0 %, FILE WAS PREPARED IN WDC B2                               
                                                        
Monthly Average:  8187.9
Updated (YYYY MM DD): 1991 12 13
*******************************************************************************************
ID     YYYY MM DD 1     0     1     2     3     4     5     6     7     8     9    10    11
ID     YYYY MM DD 2    12    13    14    15    16    17    18    19    20    21    22    23
*******************************************************************************************
TBILIS 1989 07 01 1  8119  8133  8139  8123  8119  8082  8088  8059  8044  8043  8021  7960
TBILIS 1989 07 01 2  7974  7986  8013  8076  8080  8085  8055  8035  8007  7954  7947  7941
TBILIS 1989 07 02 1  7966  8064  8055  8075  8012  7988  8002  7981  7975  8015  8011  8075
TBILIS 1989 07 02 2  8068  8073  8069  8027  7999  7964  7961  7965  7969  7986  8023  8031
TBILIS 1989 07 03 1  8014  8041  8023  8041  8040  8054  8098  8087  8083  8095  8073  8065
TBILIS 1989 07 03 2  8060  8053  8070  8042  8116  8117  8080  8102  8120  8108  8076  8077
TBILIS 1989 07 04 1  8073  8074  8033  8062  8075  8070  8077  8110  8083  8073  8101  8099
TBILIS 1989 07 04 2  8103  8118  8125  8140  8114  8095  8102  8115  8079  8073  8105  8077
TBILIS 1989 07 05 1  8073  8083  8054  8057  8078  8044  8053  8092  8097  8093  8096  8107
TBILIS 1989 07 05 2  8081  8109  8114  8118  8126  8189  8150  8147  8186  8204  8168  8179
TBILIS 1989 07 06 1  8173  8172  8158  8208  8192  8094  8113  8146  8145  8148  8160  8184
TBILIS 1989 07 06 2  8191  8172  8132  8207  8217  8242  8203  8181  8159  8164  8159  8163
TBILIS 1989 07 07 1  8183  8117  8131  8141  8083  8061  8110  8099  8120  8117  8117  8154
TBILIS 1989 07 07 2  8122  8151  8120  8163  8113  8108  8149  8140  8123  8129  8114  8124
TBILIS 1989 07 08 1  8113  8088  8128  8063  8074  8082  8099  8124  8124  8193  8128  8136
TBILIS 1989 07 08 2  8164  8167  8181  8188  8193  8159  8174  8197  8211  8164  8156  8124
TBILIS 1989 07 09 1  8114  8118  8138  8143  8116  8089  8142  8123  8099  8126  8183  8210
TBILIS 1989 07 09 2  8155  8217  8176  8198  8187  8142  8145  8151  8169  8191  8161  8139
TBILIS 1989 07 10 1  8127  8135  8104  8090  8075  8056  8031  8068  8066  8035  8048  8070
TBILIS 1989 07 10 2  8096  8092  8127  8161  8189  8182  8210  8203  8202  8209  8200  8157
TBILIS 1989 07 11 1  8102  8123  8102  8082  8051  8004  8066  8084  8028  8054  8059  8048
TBILIS 1989 07 11 2  8014  8060  8064  8087  8106  8141  8214  8197  8233  8150  8164  8128
TBILIS 1989 07 12 1  8125  8150  8118  8115  8093  8099  8054  8058  8054  8093  8080  8089
TBILIS 1989 07 12 2  8130  8132  8182  8181  8203  8203  8228  8209  8169  8171  8158  8166
TBILIS 1989 07 13 1  8138  8184  8161  8151  8102  8113  8128  8119  8108  8123  8136  8136
TBILIS 1989 07 13 2  8145  8129  8101  8113  8138  8139  8150  8143  8168  8167  8141  8135
TBILIS 1989 07 14 1  8147  8107  8114  8136  8133  8099  8140  8163  8184  8189  8191  8172
TBILIS 1989 07 14 2  8135  8180  8214  8177  8141  8180  8135  8162  8186  8176  8191  8184
TBILIS 1989 07 15 1  8176  8142  8144  8165  8148  8171  8153  8193  8187  8203  8189  8173
TBILIS 1989 07 15 2  8168  8178  8194  8193  8193  8176  8152  8164  8182  8188  8142  8162
TBILIS 1989 07 16 1  8125  8155  8144  8139  8176  8182  8167  8188  8185  8129  8215  8260
TBILIS 1989 07 16 2  8275  8264  8246  8241  8250  8236  8210  8252  8209  8159  8189  8213
TBILIS 1989 07 17 1  8183  8140  8132  8104  8123  8115  8196  8184  8176  8206  8212  8202
TBILIS 1989 07 17 2  8223  8207  8225  8204  8221  8187  8189  8164  8169  8179  8224  8216
TBILIS 1989 07 18 1  8192  8181  8174  8149  8149  8206  8263  8283  8271  8266  8263  8244
TBILIS 1989 07 18 2  8273  8264  8275  8270  8264  8215  8250  8225  8224  8197  8232  8249
TBILIS 1989 07 19 1  8208  8270  8189  8226  8150  8185  8203  8225  8242  8242  8277  8252
TBILIS 1989 07 19 2  8273  8243  8249  8262  8253  8249  8230  8263  8247  8248  8268  8235
TBILIS 1989 07 20 1  8222  8220  8212  8198  8167  8169  8197  8204  8199  8205  8211  8199
TBILIS 1989 07 20 2  8220  8227  8243  8266  8294  8278  8241  8194  8202  8214  8257  8246
TBILIS 1989 07 21 1  8199  8188  8173  8211  8262  8211  8268  8279  8300  8307  8306  8305
TBILIS 1989 07 21 2  8325  8288  8322  8307  8311  8323  8282  8234  8272  8280  8255  8249
TBILIS 1989 07 22 1  8244  8249  8271  8250  8234  8258  8282  8309  8335  8311  8285  8345
TBILIS 1989 07 22 2  8336  8318  8360  8351  8326  8332  8297  8255  8253  8240  8240  8257
TBILIS 1989 07 23 1  8277  8273  8305  8281  8259  8298  8333  8313  8350  8378  8381  8382
TBILIS 1989 07 23 2  8388  8343  8382  8346  8389  8335  8334  8313  8317  8333  8313  8331
TBILIS 1989 07 24 1  8333  8315  8282  8248  8258  8261  8245  8261  8290  8287  8357  8335
TBILIS 1989 07 24 2  8319  8330  8331  8302  8285  8285  8271  8266  8260  8244  8249  8210
TBILIS 1989 07 25 1  8229  8198  8207  8213  8255  8239  8260  8260  8303  8244  8287  8286
TBILIS 1989 07 25 2  8328  8287  8345  8369  8333  8317  8302  8286  8279  8283  8292  8275
TBILIS 1989 07 26 1  8292  8265  8306  8251  8246  8300  8240  8239  8306  8283  8271  8283
TBILIS 1989 07 26 2  8306  8323  8332  8325  8320  8283  8294  8271  8252  8227  8261  8297
TBILIS 1989 07 27 1  8312  8318  8305  8286  8336  8283  8279  8268  8288  8299  8329  8304
TBILIS 1989 07 27 2  8302  8296  8296  8286  8310  8315  8328  8289  8336  8290  8277  8275
TBILIS 1989 07 28 1  8275  8267  8231  8230  8259  8234  8221  8270  8275  8281  8307  8321
TBILIS 1989 07 28 2  8297  8282  8291  8319  8296  8273  8268  8245  8245  8247  8236  8208
TBILIS 1989 07 29 1  8201  8172  8184  8159  8183  8191  8206  8204  8216  8222  8224  8218
TBILIS 1989 07 29 2  8263  8243  8242  8240  8262  8278  8267  8309  8268  8222  8206  8254
TBILIS 1989 07 30 1  8255  8226  8225  8213  8187  8199  8160  8170  8195  8196  8213  8209
TBILIS 1989 07 30 2  8203  8208  8178  8180  8192  8210  8253  8243  8248  8273  8244  8259
TBILIS 1989 07 31 1  8291  8270  8266  8291  8253  8225  8248  8205  8213  8251  8235  8241
TBILIS 1989 07 31 2  8232  8235  8251  8241  8243  8257  8302  8287  8321  8307  8297  8304
Cosmic-Ray Neutron Monitor Data (Hourly, Pressure-Corrected and Scale-Adjusted Counts)
Collections: WDC for Cosmic Rays, Solar-Terrestrial Environment Laboratory, Nagoya Univ.
Data Access: http://center.stelab.nagoya-u.ac.jp/WDCCR/index.html
Project: ICSU WDC
Citation: WDC for Cosmic Rays, Solar-Terrestrial Environment Laboratory, Nagoya University
Station ID: TBILIS
Station:  TBILISI,GIORGIA,INSTITUT GEOPHYSIKY (IG), GIORGIAN ACADEMY OF SCIENCES,GIORGIA 
Instrument: 18-NM-64 NEUTRON MONITOR, CORRECTED FOR PRESSURE TO 950.0 MB, COEF. = -0.69 %/MB
Latitude (deg.):   41.72  Longitude (deg.):   44.80  Altitude (m):  510.00
Cut-Off Rigidity (GV):    6.66
Year: 1989  Month:   8
Scaling Factor (SF):    64.0   Constant (CONST):     0.0  Real Counts = (DATA + CONST)*SF
Temporal Resolution: 1 hour
UTC Start Hour:     0.0
EFFICIENCY = 100.0 %, FILE WAS PREPARED IN WDC B2                               
                                                        
Monthly Average:  8112.9
Updated (YYYY MM DD): 1991 12 13
*******************************************************************************************
ID     YYYY MM DD 1     0     1     2     3     4     5     6     7     8     9    10    11
ID     YYYY MM DD 2    12    13    14    15    16    17    18    19    20    21    22    23
*******************************************************************************************
TBILIS 1989 08 01 1  8304  8276  8277  8254  8272  8258  8254  8275  8268  8244  8283  8263
TBILIS 1989 08 01 2  8268  8288  8277  8267  8282  8296  8324  8312  8287  8292  8336  8307
TBILIS 1989 08 02 1  8284  8309  8255  8265  8236  8256  8263  8261  8272  8276  8245  8278
TBILIS 1989 08 02 2  8278  8289  8257  8282  8292  8306  8290  8302  8295  8206  8246  8240
TBILIS 1989 08 03 1  8295  8338  8334  8311  8299  8253  8280  8291  8292  8324  8291  8290
TBILIS 1989 08 03 2  8297  8285  8294  8328  8336  8303  8311  8293  8312  8345  8372  8299
TBILIS 1989 08 04 1  8329  8300  8263  8283  8267  8293  8267  8318  8322  8349  8335  8346
TBILIS 1989 08 04 2  8371  8369  8339  8342  8314  8300  8317  8348  8323  8344  8329  8334
TBILIS 1989 08 05 1  8324  8324  8345  8335  8328  8301  8301  8331  8324  8359  8336  8347
TBILIS 1989 08 05 2  8328  8316  8333  8338  8311  8327  8290  8290  8307  8303  8316  8289
TBILIS 1989 08 06 1  8313  8311  8304  8299  8266  8275  8270  8266  8310  8334  8324  8354
TBILIS 1989 08 06 2  8341  8326  8355  8309  8322  8327  8352  8355  8346  8332  8318  8322
TBILIS 1989 08 07 1  8290  8308  8283  8270  8234  8284  8282  8276  8265  8278  8312  8320
TBILIS 1989 08 07 2  8307  8354  8368  8356  8368  8345  8377  8375  8340  8340  8350  8336
TBILIS 1989 08 08 1  8316  8322  8312  8313  8285  8281  8301  8308  8355  8374  8393  8394
TBILIS 1989 08 08 2  8413  8405  8396  8361  8357  8337  8369  8376  8345  8332  8372  8355
TBILIS 1989 08 09 1  8339  8359  8308  8302  8315  8342  8353  8343  8350  8368  8367  8374
TBILIS 1989 08 09 2  8344  8320  8298  8291  8240  8259  8276  8320  8329  8244  8319  8244
TBILIS 1989 08 10 1  8252  8242  8237  8198  8161  8179  8211  8255  8299  8263  8220  8217
TBILIS 1989 08 10 2  8197  8217  8282  8277  8238  8234  8201  8182  8214  8202  8241  8207
TBILIS 1989 08 11 1  8183  8185  8143  8142  8126  8042  8052  8062  8053  8070  8068  8117
TBILIS 1989 08 11 2  8119  8129  8129  8174  8186  8160  8157  8151  8173  8192  8152  8158
TBILIS 1989 08 12 1  8124  8097  8103  8071  8037  8073  8093  8090  8087  8120  8114  8132
TBILIS 1989 08 12 2  8151  8138  8183  8182  8161  8155  8192  8221  8201  8212  8194  8215
TBILIS 1989 08 13 1  8201  8201  8168  8167  8175  8134  8138  8174  8160  8166  8145  8188
TBILIS 1989 08 13 2  8213  8236  8233  8218  8259  8253  8327  8251  8241  8266  8255  8280
TBILIS 1989 08 14 1  8251  8259  8242  8218  8150  8123  8154  8143  8187  8161  8137  8156
TBILIS 1989 08 14 2  8106  8138  8118  8035  7991  8013  7942  7944  7934  7962  7968  8014
TBILIS 1989 08 15 1  8077  8069  8052  8091  8061  8050  8026  8084  8053  7990  8013  8025
TBILIS 1989 08 15 2  8004  7995  8003  8020  7981  7969  7934  7963  7972  8061  8072  8036
TBILIS 1989 08 16 1  8033  8002  8009  8010  7984  8054  8082  8090  8100  8111  8094  8116
TBILIS 1989 08 16 2  8135  8108  8115  8025  7984  7941  7951  7967  7947  7973  7958  7932
TBILIS 1989 08 17 1  7932  7979  7934  7948  7939  7920  7973  7981  8020  8047  8066  8071
TBILIS 1989 08 17 2  8090  8096  8123  8119  8141  8120  7984  7972  7959  7918  7956  7959
TBILIS 1989 08 18 1  7955  8006  7973  7968  7963  8037  7997  8001  8056  8139  8128  8025
TBILIS 1989 08 18 2  8050  8066  8088  8097  8095  8054  8090  8081  8081  8015  7876  7736
TBILIS 1989 08 19 1  7695  7823  7905  8019  7994  8022  8011  7975  8046  7985  7975  7939
TBILIS 1989 08 19 2  7904  7912  7887  7812  7797  7675  7727  7740  7679  7670  7692  7666
TBILIS 1989 08 20 1  7719  7760  7770  7797  7800  7779  7834  7836  7898  7918  7924  7930
TBILIS 1989 08 20 2  7939  7958  7914  7877  7813  7849  7890  7855  7864  7896  7877  7888
TBILIS 1989 08 21 1  7906  7911  7914  7910  7904  7918  7877  7868  7909  7900  7917  7889
TBILIS 1989 08 21 2  7867  7882  7915  7892  7930  7885  7849  7846  7861  7848  7877  7923
TBILIS 1989 08 22 1  7886  7802  7772  7767  7837  7886  7913  7924  7942  7954  7962  7963
TBILIS 1989 08 22 2  7928  7902  7876  7892  7904  7878  7837  7811  7821  7767  7826  7835
TBILIS 1989 08 23 1  7827  7841  7876  7897  7901  7938  7938  7899  7875  7903  7892  7937
TBILIS 1989 08 23 2  8020  8036  7982  8030  8003  8095  8090  8094  8072  8026  7981  7988
TBILIS 1989 08 24 1  8014  8024  7997  8023  8017  8000  7978  8010  8009  7989  8022  7996
TBILIS 1989 08 24 2  7998  7969  7964  7950  7908  7875  7860  7908  7937  7975  7958  7953
TBILIS 1989 08 25 1  7926  7940  7943  7920  7927  7953  7942  7975  7949  7995  8008  8037
TBILIS 1989 08 25 2  8029  8046  8040  8093  7962  7899  7862  7894  7888  7913  7939  7923
TBILIS 1989 08 26 1  7922  7931  7920  8032  7970  7955  8003  7961  7993  8014  8017  8028
TBILIS 1989 08 26 2  8021  8013  7974  8034  8005  7993  7989  8002  8023  7991  8038  8034
TBILIS 1989 08 27 1  7997  8000  7975  7965  7986  7985  7997  8016  8043  8061  8105  8126
TBILIS 1989 08 27 2  8108  8132  8099  8165  8082  8090  8021  8104  8010  8001  7942  7897
TBILIS 1989 08 28 1  7880  7881  7909  7909  7910  7910  7914  7953  7972  7979  7964  7978
TBILIS 1989 08 28 2  8007  8001  7948  7963  7985  8013  8001  8013  8014  8011  8042  8033
TBILIS 1989 08 29 1  8068  8112  8134  8094  8118  8103  8075  8088  8067  8091  8122  8106
TBILIS 1989 08 29 2  8119  8115  8144  8119  8126  8079  8091  8076  8110  8134  8093  8074
TBILIS 1989 08 30 1  8104  8125  8083  8192  8125  8118  8091  8106  8128  8142  8126  8130
TBILIS 1989 08 30 2  8162  8202  8231  8231  8146  8164  8148  8161  8190  8218  8205  8192
TBILIS 1989 08 31 1  8210  8211  8137  8157  8141  8191  8150  8153  8131  8169  8197  8252
TBILIS 1989 08 31 2  8227  8227  8228  8222  8200  8195  8138  8182  8177  8139  8128  8147
Cosmic-Ray Neutron Monitor Data (Hourly, Pressure-Corrected and Scale-Adjusted Counts)
Collections: WDC for Cosmic Rays, Solar-Terrestrial Environment Laboratory, Nagoya Univ.
Data Access: http://center.stelab.nagoya-u.ac.jp/WDCCR/index.html
Project: ICSU WDC
Citation: WDC for Cosmic Rays, Solar-Terrestrial Environment Laboratory, Nagoya University
Station ID: TBILIS
Station:  TBILISI,GIORGIA,INSTITUT GEOPHYSIKY (IG), GIORGIAN ACADEMY OF SCIENCES,GIORGIA 
Instrument: 18-NM-64 NEUTRON MONITOR, CORRECTED FOR PRESSURE TO 950.0 MB, COEF. = -0.69 %/MB
Latitude (deg.):   41.72  Longitude (deg.):   44.80  Altitude (m):  510.00
Cut-Off Rigidity (GV):    6.66
Year: 1989  Month:   9
Scaling Factor (SF):    64.0   Constant (CONST):     0.0  Real Counts = (DATA + CONST)*SF
Temporal Resolution: 1 hour
UTC Start Hour:     0.0
EFFICIENCY = 100.0 %, FILE WAS PREPARED IN WDC B2                               
                                                        
Monthly Average:  8005.7
Updated (YYYY MM DD): 1991 12 13
*******************************************************************************************
ID     YYYY MM DD 1     0     1     2     3     4     5     6     7     8     9    10    11
ID     YYYY MM DD 2    12    13    14    15    16    17    18    19    20    21    22    23
*******************************************************************************************
TBILIS 1989 09 01 1  8175  8155  8179  8142  8205  8176  8216  8247  8248  8264  8307  8300
TBILIS 1989 09 01 2  8317  8301  8287  8271  8235  8221  8210  8208  8238  8180  8194  8196
TBILIS 1989 09 02 1  8136  8128  8101  8133  8064  8050  8072  8075  8083  8136  8135  8174
TBILIS 1989 09 02 2  8173  8192  8213  8180  8182  8177  8231  8228  8200  8199  8210  8169
TBILIS 1989 09 03 1  8159  8121  8119  8072  8068  8085  8162  8168  8141  8194  8158  8147
TBILIS 1989 09 03 2  8130  8103  8130  8151  8171  8173  8136  8168  8174  8121  8140  8113
TBILIS 1989 09 04 1  8096  8072  8043  8000  7938  7958  7940  7968  7999  8021  8004  8014
TBILIS 1989 09 04 2  8101  8130  8127  8141  8137  8134  8079  8047  8035  8084  8077  8014
TBILIS 1989 09 05 1  8033  8052  7960  7936  7899  7945  7897  7910  7885  7853  7873  7882
TBILIS 1989 09 05 2  7875  7861  7902  7916  7914  7943  7955  7962  7962  7896  7849  7827
TBILIS 1989 09 06 1  7824  7830  7825  7833  7819  7798  7746  7723  7721  7724  7693  7713
TBILIS 1989 09 06 2  7696  7699  7712  7670  7703  7667  7735  7743  7743  7819  7798  7814
TBILIS 1989 09 07 1  7812  7809  7783  7729  7703  7712  7693  7685  7694  7704  7729  7685
TBILIS 1989 09 07 2  7775  7729  7728  7739  7768  7768  7815  7813  7829  7881  7864  7841
TBILIS 1989 09 08 1  7838  7838  7824  7897  7845  7895  7856  7882  7893  7888  7936  7900
TBILIS 1989 09 08 2  7894  7875  7906  7870  7909  7912  7946  7934  7921  7909  7921  7923
TBILIS 1989 09 09 1  7911  7931  7922  7973  7911  7906  7889  7917  7905  7923  7904  7872
TBILIS 1989 09 09 2  7874  7884  7837  7862  7830  7831  7798  7790  7816  7806  7790  7805
TBILIS 1989 09 10 1  7829  7811  7853  7876  7917  7919  7940  7920  7892  7909  7911  7907
TBILIS 1989 09 10 2  7884  7907  7907  7886  7877  7910  7932  7914  7875  7878  7829  7850
TBILIS 1989 09 11 1  7834  7829  7879  7857  7870  7877  7888  7928  7977  7939  7961  7953
TBILIS 1989 09 11 2  7929  7904  7927  7921  7894  7835  7853  7840  7826  7831  7851  7865
TBILIS 1989 09 12 1  7883  7859  7860  7857  7870  7852  7891  7915  7922  7958  7966  7956
TBILIS 1989 09 12 2  7934  7874  7911  7893  7859  7881  7853  7854  7877  7869  7881  7914
TBILIS 1989 09 13 1  7876  7812  7795  7816  7831  7798  7859  7843  7899  7857  7879  7892
TBILIS 1989 09 13 2  7884  7904  7886  7883  7872  7878  7848  7866  7809  7790  7797  7780
TBILIS 1989 09 14 1  7740  7730  7779  7769  7784  7842  7815  7819  7854  7964  7932  7885
TBILIS 1989 09 14 2  7901  7928  7962  7877  7929  7913  7917  7937  7971  7956  7923  7961
TBILIS 1989 09 15 1  7956  7906  7914  7950  7942  7924  7931  7914  7912  7910  7904  7883
TBILIS 1989 09 15 2  7886  7918  7919  7891  7915  7922  7928  7962  7943  7972  7997  7991
TBILIS 1989 09 16 1  7927  7953  7945  7985  8002  7965  7997  8039  8043  8070  8046  8039
TBILIS 1989 09 16 2  8081  8100  8086  8041  8068  8089  8090  8058  8086  8059  8077  8070
TBILIS 1989 09 17 1  8088  8103  8093  8057  8048  8050  8062  8049  7996  8009  8026  8045
TBILIS 1989 09 17 2  8050  8087  8069  8024  8024  8003  7941  7879  7824  7773  7833  7809
TBILIS 1989 09 18 1  7826  7807  7865  7844  7846  7858  7865  7823  7868  7893  7933  7944
TBILIS 1989 09 18 2  7937  7944  7963  7986  8008  7983  7969  8011  8005  8003  7953  7828
TBILIS 1989 09 19 1  7782  7723  7707  7728  7701  7711  7818  7732  7750  7722  7821  7802
TBILIS 1989 09 19 2  7781  7723  7724  7678  7672  7667  7674  7689  7692  7696  7714  7751
TBILIS 1989 09 20 1  7758  7776  7770  7770  7760  7741  7732  7755  7749  7734  7739  7705
TBILIS 1989 09 20 2  7749  7772  7792  7773  7834  7843  7865  7810  7834  7855  7836  7831
TBILIS 1989 09 21 1  7839  7866  7843  7879  7891  7856  7896  7885  7895  7908  7907  7880
TBILIS 1989 09 21 2  7887  7853  7865  7835  7824  7869  7861  7916  7908  7931  7952  7924
TBILIS 1989 09 22 1  7963  8000  7986  7983  7967  7948  8023  8059  8016  8059  8060  8074
TBILIS 1989 09 22 2  8077  8113  8096  8110  8069  8085  8075  8040  8053  8067  8086  8097
TBILIS 1989 09 23 1  8112  8128  8132  8093  8069  8086  8029  8022  8087  8074  8055  8077
TBILIS 1989 09 23 2  8035  8018  8039  8058  8044  8019  8053  8053  8060  8109  8160  8132
TBILIS 1989 09 24 1  8148  8151  8115  8074  8088  8081  8038  8091  8063  8062  8039  8041
TBILIS 1989 09 24 2  8054  7996  8004  8052  8030  8026  8035  8034  8090  8132  8166  8169
TBILIS 1989 09 25 1  8145  8144  8161  8149  8153  8158  8150  8145  8206  8212  8193  8209
TBILIS 1989 09 25 2  8179  8171  8161  8163  8146  8150  8156  8177  8215  8201  8183  8172
TBILIS 1989 09 26 1  8164  8147  8155  8181  8164  8172  8138  8206  8230  8207  8169  8193
TBILIS 1989 09 26 2  8241  8236  8236  8243  8292  8286  8254  8275  8234  8270  8274  8239
TBILIS 1989 09 27 1  8214  8201  8214  8217  8207  8199  8193  8160  8183  8141  8152  8159
TBILIS 1989 09 27 2  8131  8125  8148  8148  8179  8217  8222  8211  8241  8216  8178  8184
TBILIS 1989 09 28 1  8169  8185  8228  8228  8206  8197  8209  8169  8156  8150  8188  8176
TBILIS 1989 09 28 2  8152  8146  8193  8174  8199  8172  8232  8212  8228  8221  8183  8168
TBILIS 1989 09 29 1  8162  8133  8155  8125  8145  8124  8101  8144  8141  8139  8137  9489
TBILIS 1989 09 29 2 14893 10400  9002  8469  8289  8238  8192  8165  8127  8132  8126  8120
TBILIS 1989 09 30 1  8138  8137  8147  8145  8144  8126  8144  8133  8144  8144  8154  8157
TBILIS 1989 09 30 2  8120  8174  8176  8143  8168  8169  8199  8216  8234  8247  8195  8171
TBILIS 1989 09 31 1 99999 99999 99999 99999 99999 99999 99999 99999 99999 99999 99999 99999
TBILIS 1989 09 31 2 99999 99999 99999 99999 99999 99999 99999 99999 99999 99999 99999 99999
Cosmic-Ray Neutron Monitor Data (Hourly, Pressure-Corrected and Scale-Adjusted Counts)
Collections: WDC for Cosmic Rays, Solar-Terrestrial Environment Laboratory, Nagoya Univ.
Data Access: http://center.stelab.nagoya-u.ac.jp/WDCCR/index.html
Project: ICSU WDC
Citation: WDC for Cosmic Rays, Solar-Terrestrial Environment Laboratory, Nagoya University
Station ID: TBILIS
Station:  TBILISI,GIORGIA,INSTITUT GEOPHYSIKY (IG), GIORGIAN ACADEMY OF SCIENCES,GIORGIA 
Instrument: 18-NM-64 NEUTRON MONITOR, CORRECTED FOR PRESSURE TO 950.0 MB, COEF. = -0.69 %/MB
Latitude (deg.):   41.72  Longitude (deg.):   44.80  Altitude (m):  510.00
Cut-Off Rigidity (GV):    6.66
Year: 1989  Month:  10
Scaling Factor (SF):    64.0   Constant (CONST):     0.0  Real Counts = (DATA + CONST)*SF
Temporal Resolution: 1 hour
UTC Start Hour:     0.0
EFFICIENCY = 100.0 %, FILE WAS PREPARED IN WDC B2                               
                                                        
Monthly Average:  7811.4
Updated (YYYY MM DD): 1991 12 13
*******************************************************************************************
ID     YYYY MM DD 1     0     1     2     3     4     5     6     7     8     9    10    11
ID     YYYY MM DD 2    12    13    14    15    16    17    18    19    20    21    22    23
*******************************************************************************************
TBILIS 1989 10 01 1  8184  8174  8109  8111  8070  8137  8193  8239  8312  8349  8336  8341
TBILIS 1989 10 01 2  8337  8312  8319  8322  8271  8261  8206  8252  8216  8256  8239  8199
TBILIS 1989 10 02 1  8215  8186  8124  8118  8080  8075  8063 99999 99999  8006  8068  8057
TBILIS 1989 10 02 2  8083  8102  8158  8157  8155  8089  8117  8104  8072  8079  8066  8096
TBILIS 1989 10 03 1  8047  8003  8016  8045  8045  7993  7964  7959  7943  7980  7945  7975
TBILIS 1989 10 03 2  7978  7955  7988  7996  7994  7931  7983  7988  7991  8031  8039  7989
TBILIS 1989 10 04 1  8031  7977  7943  8070  8111  7969  7953  8006  8043  8022  8018  8044
TBILIS 1989 10 04 2  8040  8058  8032  8049  8044  8037  8049  8028  8027  8026  8031  8026
TBILIS 1989 10 05 1  8000  7981  7985  7982  7994  7967  7951  7951  7990  8020  8047  8076
TBILIS 1989 10 05 2  8095  8145  8122  8148  8119  8087  8123  8135  8096  8054  8060  8061
TBILIS 1989 10 06 1  8028  8000  8020  8033  8007  8019  8046  8032  8048  8065  8116  8092
TBILIS 1989 10 06 2  8070  8028  8001  8058  8018  8034  8020  8001  7979  7970  7945  7981
TBILIS 1989 10 07 1  7968  7969  7936  7939  7923  7936  7920  7926  7929  7941  7954  7986
TBILIS 1989 10 07 2  7920  7999  8027  7983  8026  8015  7994  7998  7988  7991  7972  7956
TBILIS 1989 10 08 1  7962  7911  7924  7897  7875  7841  7830  7870  7862  7846  7880  7893
TBILIS 1989 10 08 2  7935  7921  7906  7905  7865  7936  7911  7888  7869  7881  7873  7890
TBILIS 1989 10 09 1  7881  7916  7877  7861  7885  7874  7857  7877  7856  7914  7923  7903
TBILIS 1989 10 09 2  7860  7864  7846  7840  7857  7847  7836  7838  7754  7783  7808  7795
TBILIS 1989 10 10 1  7799  7762  7804  7778  7765  7810  7811  7799  7800  7821  7857  7857
TBILIS 1989 10 10 2  7871  7869  7842  7874  7884  7862  7877  7849  7858  7877  7841  7855
TBILIS 1989 10 11 1  7863  7844  7859  7862  7863  7868  7857  7898  7872  7912  7949  7907
TBILIS 1989 10 11 2  7887  7930  7896  7875  7902  7905  7894  7919  7922  7894  7925  7926
TBILIS 1989 10 12 1  7875  7854  7818  7861  7855  7890  7875  7871  7913  7891  7940  7927
TBILIS 1989 10 12 2  7925  7920  7880  7863  7837  7844  7872  7864  7878  7881  7885  7872
TBILIS 1989 10 13 1  7878  7856  7832  7857  7846  7797  7807  7831  7838  7844  7849  7889
TBILIS 1989 10 13 2  7886  7902  7915  7881  7885  7868  7863  7858  7851  7872  7908  7865
TBILIS 1989 10 14 1  7865  7845  7868  7851  7845  7852  7849  7869  7885  7880  7864  7903
TBILIS 1989 10 14 2  7907  7849  7895  7876  7856  7861  7852  7882  7893  7878  7841  7840
TBILIS 1989 10 15 1  7875  7875  7845  7848  7874  7798  7810  7811  7812  7862  7845  7843
TBILIS 1989 10 15 2  7844  7844  7878  7855  7856  7873  7903  7922  7931  7915  7923  7937
TBILIS 1989 10 16 1  7893  7918  7891  7893  7858  7866  7834  7835  7840  7867  7850  7846
TBILIS 1989 10 16 2  7848  7892  7873  7923  7908  7910  7962  7906  7898  7937  7929  7918
TBILIS 1989 10 17 1  7896  7905  7890  7839  7816  7816  7797  7802  7858  7828  7893  7888
TBILIS 1989 10 17 2  7928  7903  7905  7883  7864  7880  7885  7904  7897  7893  7864  7889
TBILIS 1989 10 18 1  7882  7860  7853  7818  7823  7822  7851  7907  7894  7891  7915  7937
TBILIS 1989 10 18 2  7944  7953  7950  7913  7885  7889  7869  7875  7845  7884  7839  7872
TBILIS 1989 10 19 1  7850  7814  7813  7791  7844  7800  7821  7849  7843  7872  7859  7809
TBILIS 1989 10 19 2  7817  7860  7898  7847  7893  7868  7917  7895  7883  7871  7891  7884
TBILIS 1989 10 20 1  7882  7919  7885  7873  7877  7922  7927  7940  7915  7946  7978  7987
TBILIS 1989 10 20 2  8009  7973  7913  7787  7758  7745  7775  7685  7460  7419  7411  7426
TBILIS 1989 10 21 1  7414  7376  7368  7469  7661  7463  7411  7408  7267  7126  7106  7155
TBILIS 1989 10 21 2  7151  7158  7155  7173  7187  7176  7162  7150  7196  7211  7225  7248
TBILIS 1989 10 22 1  7249  7280  7293  7297  7363  7396  7494  7603  7633  7744  7745  7758
TBILIS 1989 10 22 2  7706  7763  7761  7749  7672  7739  7689  7686  7619  7562  7555  7590
TBILIS 1989 10 23 1  7549  7513  7585  7566  7598  7564  7655  7691  7730  7755  7790 99999
TBILIS 1989 10 23 2 99999  7805  7826  7769  7764  7792  7726  7692  7736  7737  7689  7782
TBILIS 1989 10 24 1  7801  7832  7799  7757  7792  7824  7761  7709  7706  7728  7701  7689
TBILIS 1989 10 24 2  7626  7505  7420  7356  7355  7390  7453  7532  7476  7481  7496  7483
TBILIS 1989 10 25 1  7350  7382  7334  7343  7377  7363  7379  7397  7438  7454  7479  7493
TBILIS 1989 10 25 2  7458  7451  7460  7436  7444  7488  7471  7495  7493  7483  7504  7463
TBILIS 1989 10 26 1  7501  7442  7474  7465  7478  7413  7480  7505  7539  7531  7533  7566
TBILIS 1989 10 26 2  7512  7515  7484  7484  7513  7489  7444  7473  7473  7424  7413  7373
TBILIS 1989 10 27 1  7451  7405  7392  7406  7407  7438  7507  7447 99999 99999  7642  7671
TBILIS 1989 10 27 2  7714  7665  7614  7564  7600  7586  7588  7544  7497  7495  7518  7554
TBILIS 1989 10 28 1  7555  7582  7551  7544  7566  7576  7606  7618  7550  7512  7515  7463
TBILIS 1989 10 28 2  7479  7496  7532  7524  7533  7524  7474  7495  7525  7509  7500  7517
TBILIS 1989 10 29 1  7540  7543  7542  7548  7508  7552  7567  7575  7608  7635  7644  7678
TBILIS 1989 10 29 2  7686  7747  7741  7771  7767  7803  7789  7801  7797  7818  7791  7795
TBILIS 1989 10 30 1  7795  7819  7806  7767  7793  7793  7790  7801  7799  7851  7881  7880
TBILIS 1989 10 30 2  7898  7931  7946  7919  7947  7927  7897  7900  7877  7875  7853  7879
TBILIS 1989 10 31 1  7878  7880  7875  7855  7831  7792  7812  7790  7829  7834  7790  7824
TBILIS 1989 10 31 2  7851  7860  7864  7852  7853  7871  7831  7796  7742  7704  7770  7779
Cosmic-Ray Neutron Monitor Data (Hourly, Pressure-Corrected and Scale-Adjusted Counts)
Collections: WDC for Cosmic Rays, Solar-Terrestrial Environment Laboratory, Nagoya Univ.
Data Access: http://center.stelab.nagoya-u.ac.jp/WDCCR/index.html
Project: ICSU WDC
Citation: WDC for Cosmic Rays, Solar-Terrestrial Environment Laboratory, Nagoya University
Station ID: TBILIS
Station:  TBILISI,GIORGIA,INSTITUT GEOPHYSIKY (IG), GIORGIAN ACADEMY OF SCIENCES,GIORGIA 
Instrument: 18-NM-64 NEUTRON MONITOR, CORRECTED FOR PRESSURE TO 950.0 MB, COEF. = -0.69 %/MB
Latitude (deg.):   41.72  Longitude (deg.):   44.80  Altitude (m):  510.00
Cut-Off Rigidity (GV):    6.66
Year: 1989  Month:  11
Scaling Factor (SF):    64.0   Constant (CONST):     0.0  Real Counts = (DATA + CONST)*SF
Temporal Resolution: 1 hour
UTC Start Hour:     0.0
EFFICIENCY = 100.0 %, FILE WAS PREPARED IN WDC B2                               
                                                        
Monthly Average:  7766.8
Updated (YYYY MM DD): 1991 12 13
*******************************************************************************************
ID     YYYY MM DD 1     0     1     2     3     4     5     6     7     8     9    10    11
ID     YYYY MM DD 2    12    13    14    15    16    17    18    19    20    21    22    23
*******************************************************************************************
TBILIS 1989 11 01 1  7791  7785  7758  7773  7802  7784  7797  7834  7822  7915  7877  7896
TBILIS 1989 11 01 2  7871  7881  7871  7858  7846  7865  7881  7887  7778  7759  7769  7766
TBILIS 1989 11 02 1  7800  7823  7814  7815  7822  7858  7845  7888  7900  7912  7892  7865
TBILIS 1989 11 02 2  7808  7860  7866  7811  7745  7708  7736  7761  7772  7717  7747  7739
TBILIS 1989 11 03 1  7700  7717  7710  7713  7721  7736  7737  7810  7786  7853  7866  7919
TBILIS 1989 11 03 2  7959  7943  7907  7918  7927  7882  7901  7906  7866  7851  7807  7843
TBILIS 1989 11 04 1  7829  7868  7899  7894  7882  7859  7897  7855  7887  7830  7850  7849
TBILIS 1989 11 04 2  7829  7871  7904  7907  7883  7890  7895  7912  7929  7855  7798  7819
TBILIS 1989 11 05 1  7843  7831  7834  7819  7816  7804  7794  7844  7834  7844  7859  7885
TBILIS 1989 11 05 2  7856  7822  7847  7852  7851  7870  7828  7849  7873  7860  7850  7825
TBILIS 1989 11 06 1  7838  7825  7811  7803  7794  7779  7770  7759  7798  7806  7808  7821
TBILIS 1989 11 06 2  7834  7822  7815  7770  7801  7751  7779  7778  7785  7752  7775  7780
TBILIS 1989 11 07 1  7755  7750  7765  7756  7780  7756  7733  7797  7808  7827  7820  7784
TBILIS 1989 11 07 2  7820  7851  7853  7835  7796  7771  7728  7727  7724  7756  7761  7758
TBILIS 1989 11 08 1  7797  7751  7767  7801  7779  7784  7787  7819  7831  7828  7882  7850
TBILIS 1989 11 08 2  7856  7774  7744  7677  7698  7733  7701  7720  7723  7678  7702  7685
TBILIS 1989 11 09 1  7668  7617  7585  7490  7446  7513  7483  7507  7513  7535  7589  7550
TBILIS 1989 11 09 2  7537  7508  7500  7450  7491  7472  7548  7577  7568  7528  7507  7497
TBILIS 1989 11 10 1  7514  7517  7585  7515  7532  7526  7563  7544  7567  7557  7537  7544
TBILIS 1989 11 10 2  7532  7489  7512  7540  7511  7567  7525  7521  7563  7548  7556  7566
TBILIS 1989 11 11 1  7587  7542  7545  7547  7518  7526  7538  7513  7532  7558  7567  7571
TBILIS 1989 11 11 2  7574  7567  7589  7530  7551  7571  7587  7567  7609  7577  7571  7606
TBILIS 1989 11 12 1  7580  7598  7557  7594  7589  7579  7633  7554  7618  7619  7597  7605
TBILIS 1989 11 12 2  7558  7591  7610  7587  7579  7664  7637  7651  7663  7647  7631  7611
TBILIS 1989 11 13 1  7579  7584  7572  7522  7534  7584  7543  7587  7588  7577  7595  7551
TBILIS 1989 11 13 2  7611  7637  7646  7692  7668  7718  7723  7713  7720  7734  7726  7714
TBILIS 1989 11 14 1  7671  7703  7697  7659  7662  7570  7608  7613  7667  7614  7609  7627
TBILIS 1989 11 14 2  7660  7646  7685  7727  7679  7713  7714  7723  7717  7740  7702  7714
TBILIS 1989 11 15 1  7705  7706  7702  7695  7695  7657  7637  7642  7708  7707  7738  7694
TBILIS 1989 11 15 2  7736  7765  7734  7719  7754  7748  7743  7743  7769  7729  7716  7703
TBILIS 1989 11 16 1  7726  7693  7734  7697  7706  7715  7714  7743  7778  7778  7801  7813
TBILIS 1989 11 16 2  7825  7781  7820  7796  7812  7824  7831  7813  7865  7844  7863  7789
TBILIS 1989 11 17 1  7794  7804  7810  7816  7752  7755  7755  7784  7852  7820  7807  7864
TBILIS 1989 11 17 2  7773  7781  7847  7856  7898  7890  7840  7888  7865  7829  7823  7819
TBILIS 1989 11 18 1  7851  7827  7834  7798  7781  7773  7809  7800  7869  7856  7837  7774
TBILIS 1989 11 18 2  7797  7786  7821  7782  7824  7790  7786  7757  7755  7777  7764  7788
TBILIS 1989 11 19 1  7835  7844  7874  7901  7903  7863  7885  7907  7924  7947  7931  7961
TBILIS 1989 11 19 2  7954  7968  7887  7854  7863  7883  7877  7857  7855  7907  7864  7845
TBILIS 1989 11 20 1  7801  7835  7839  7910  7838  7934  7880  7912  7967  7945  7951  7936
TBILIS 1989 11 20 2  7971  7965  7954  7918  7972  7978  7986  7892  7862  7835  7840  7903
TBILIS 1989 11 21 1  7953  7953  7958  7938  7952  7943 99999 99999 99999 99999  8056  8036
TBILIS 1989 11 21 2  7996  7982  8000  7965  7960  7911  7888  7849  7881  7854  7864  7839
TBILIS 1989 11 22 1  7842  7824  7781  7797  7805 99999 99999 99999 99999 99999 99999  7959
TBILIS 1989 11 22 2  7964  7984  8010  7987  7981  7995  7971  7945  7934  7910  7924  7910
TBILIS 1989 11 23 1  7853  7904  7877  7862  7865  7885  7886  7924  7962  7956  7973  7947
TBILIS 1989 11 23 2  7936  7951  7926  7947  7910  7876  7870  7868  7860  7876  7848  7861
TBILIS 1989 11 24 1  7884  7866  7859  7830  7801  7820  7877  7948  7988  7982  8011  8008
TBILIS 1989 11 24 2  7967  8006  7985  7972  7966  7960  7985  7952  7878  7867  7852  7870
TBILIS 1989 11 25 1  7860  7825  7724  7724  7759  7794  7835  7872  7906  7948  7968  7949
TBILIS 1989 11 25 2  7904  7937  7924  7928  7949  7949  7925  7925  7891  7884  7854  7856
TBILIS 1989 11 26 1  7888  7852  7848  7832  7906  7842  7862  7923  7946  7973  7933  7918
TBILIS 1989 11 26 2  7886  7868  7887  7907  7928  7935  7935  7916  7908  7911  7885  7880
TBILIS 1989 11 27 1  7897  7915  7916  7943  7930  7988  7990  8013  7989  8034  8001  8001
TBILIS 1989 11 27 2  8015  7990  8042  8030  8085  8067  8021  7999  8013  8003  7935  7943
TBILIS 1989 11 28 1  7961  7899  7896  7917  7892  7936  8005  8006  7967  7952  7998  7880
TBILIS 1989 11 28 2  7867  7766  7628  7518  7469  7498  7438  7431  7380  7274  7205  7234
TBILIS 1989 11 29 1  7279  7329  7307  7288  7240  7177  7188  7233  7191  7266  7299  7318
TBILIS 1989 11 29 2  7315  7338  7306  7326  7340  7354  7398  7448  7545  7605  7621  7616
TBILIS 1989 11 30 1  7651  7634  7622  7615  7574  7534  7511  7523  7523  7522  7528  7592
TBILIS 1989 11 30 2  7530  7562  7542  7530  7553  7561  7608  7672  7658  7723  7653  7684
TBILIS 1989 11 31 1 99999 99999 99999 99999 99999 99999 99999 99999 99999 99999 99999 99999
TBILIS 1989 11 31 2 99999 99999 99999 99999 99999 99999 99999 99999 99999 99999 99999 99999
Cosmic-Ray Neutron Monitor Data (Hourly, Pressure-Corrected and Scale-Adjusted Counts)
Collections: WDC for Cosmic Rays, Solar-Terrestrial Environment Laboratory, Nagoya Univ.
Data Access: http://center.stelab.nagoya-u.ac.jp/WDCCR/index.html
Project: ICSU WDC
Citation: WDC for Cosmic Rays, Solar-Terrestrial Environment Laboratory, Nagoya University
Station ID: TBILIS
Station:  TBILISI,GIORGIA,INSTITUT GEOPHYSIKY (IG), GIORGIAN ACADEMY OF SCIENCES,GIORGIA 
Instrument: 18-NM-64 NEUTRON MONITOR, CORRECTED FOR PRESSURE TO 950.0 MB, COEF. = -0.69 %/MB
Latitude (deg.):   41.72  Longitude (deg.):   44.80  Altitude (m):  510.00
Cut-Off Rigidity (GV):    6.66
Year: 1989  Month:  12
Scaling Factor (SF):    64.0   Constant (CONST):     0.0  Real Counts = (DATA + CONST)*SF
Temporal Resolution: 1 hour
UTC Start Hour:     0.0
EFFICIENCY = 100.0 %, FILE WAS PREPARED IN WDC B2                               
                                                        
Monthly Average:  7865.8
Updated (YYYY MM DD): 1991 12 13
*******************************************************************************************
ID     YYYY MM DD 1     0     1     2     3     4     5     6     7     8     9    10    11
ID     YYYY MM DD 2    12    13    14    15    16    17    18    19    20    21    22    23
*******************************************************************************************
TBILIS 1989 12 01 1  7690  7691  7678  7698  7729  7668  7708  7677  7680  7718  7731  7716
TBILIS 1989 12 01 2  7756  7736  7765  7754  7761  7743  7653  7637  7610  7625  7652  7678
TBILIS 1989 12 02 1  7648  7666  7646  7653  7679  7682  7686  7685  7681  7684  7709  7720
TBILIS 1989 12 02 2  7718  7733  7783  7771  7742  7702  7710  7724  7761  7803  7776  7812
TBILIS 1989 12 03 1  7824  7771  7779  7792  7757  7718  7666  7717  7760  7738  7770  7726
TBILIS 1989 12 03 2  7715  7767  7741  7762  7782  7781  7765  7817  7737  7757  7654  7712
TBILIS 1989 12 04 1  7665  7622  7629  7568  7634  7708  7706  7729  7764  7768  7809  7780
TBILIS 1989 12 04 2  7752  7782  7795  7733  7714  7677  7620  7666  7664  7671  7702  7651
TBILIS 1989 12 05 1  7666  7701  7646  7641  7639  7653  7677  7690  7812  7812  7852  7856
TBILIS 1989 12 05 2  7862  7871  7887  7941  7861  7860  7889  7877  7786  7848  7864  7880
TBILIS 1989 12 06 1  7925  7939  7934  7950  7950  7907  7965  7941  7922 99999 99999 99999
TBILIS 1989 12 06 2 99999  7986  7987  7984  7924  7937  7847  7891  7834  7885  7872  7907
TBILIS 1989 12 07 1  7843  7898  7889  7874  7862  7876  7917  7906  7985  7982  7983  8023
TBILIS 1989 12 07 2  8006  7993  8004  7983  7957  7992  8030  8012  7982  7960  7942  7910
TBILIS 1989 12 08 1  7930  7931  7878  7875  7843  7870  7880  7859  7888  7911  7929  7984
TBILIS 1989 12 08 2  7962  7922  7957  7992  7972  7953  7886  7944  7916  7891  7868  7896
TBILIS 1989 12 09 1  7856  7873  7849  7918  7946  7967  7960  7950  7983  7970  7964  7979
TBILIS 1989 12 09 2  7978  7963  7975  7967  7946  7937  7929  7932  7824  7807  7828  7861
TBILIS 1989 12 10 1  7855  7879  7878  7866  7879  7864  7868  7883  7882  7871  7893  7912
TBILIS 1989 12 10 2  7897  7882  7843  7870  7859  7848  7831  7824  7819  7825  7827  7785
TBILIS 1989 12 11 1  7796  7793  7798  7773  7775  7784  7767  7810  7818  7856  7881  7875
TBILIS 1989 12 11 2  7878  7875  7839  7864  7853  7825  7833  7774  7816  7806  7784  7812
TBILIS 1989 12 12 1  7792  7775  7823  7761  7782  7796  7806  7806  7828  7871  7859  7880
TBILIS 1989 12 12 2  7851  7869  7844  7883  7856  7895  7841  7850  7875  7856  7829  7835
TBILIS 1989 12 13 1  7880  7860  7887  7853  7887  7842  7821  7820  7855  7861  7943  7883
TBILIS 1989 12 13 2  7879  7891  7917  7909  7914  7940  7904  7946  7979  7962  7929  7946
TBILIS 1989 12 14 1  7925  7898  7902  7882  7859  7881  7888  7898  7904  7916  7948  7965
TBILIS 1989 12 14 2  7939  7967  8010  8010  8007  7987  7945  7978  7969  7922  7960  7951
TBILIS 1989 12 15 1  7922  7909  7904  7888  7849  7830  7889  7894  7908  7936  7942  7929
TBILIS 1989 12 15 2  7922  7873  7864  7892  7882  7883  7890  7869  7847  7850  7847  7828
TBILIS 1989 12 16 1  7834  7872  7872  7875  7884  7893  7895  7939  7962  8004  8028  8014
TBILIS 1989 12 16 2  8025  8035  7999  7990  8032  8007  7992  8010  8007  7986  8003  7988
TBILIS 1989 12 17 1  7992  8004  7969  7944  7866  7861  7904  7960  7945  7919  7904  7971
TBILIS 1989 12 17 2  7989  7963  7969  7927  7928  7917  7892  7867  7878  7859  7892  7871
TBILIS 1989 12 18 1  7885  7855  7861  7915  7880  7894  7901  7915  7899  7914  7932  7956
TBILIS 1989 12 18 2  7913  7904  7935  7887  7895  7923  7921  7922  7900  7937  7865  7898
TBILIS 1989 12 19 1  7890  7887  7888  7890  7869  7847  7882  7863  7895  7913  7963  7951
TBILIS 1989 12 19 2  7982  7949  7988  8011  7982  7978  7992  7993  7985  7958  7952  7937
TBILIS 1989 12 20 1  7921  7934  7928  7900  7916  7893  7932  7898  7918  7934  7953  7901
TBILIS 1989 12 20 2  7946  7924  7927  7954  7915  7925  7933  7905  7928  7923  7906  7922
TBILIS 1989 12 21 1  7929 99999 99999 99999 99999  7933  7968  7970  7951  7968  7991  8014
TBILIS 1989 12 21 2  7979  7932  7979  7947  7938  7950  8013  7978  7974  7934  7954  7937
TBILIS 1989 12 22 1  7949  7982  7942  7922  7903  7895  7884  7878  7906  7887  7881  7879
TBILIS 1989 12 22 2  7927  7929  7934  7934  7964  7976  7945  7933  7961  7954  7960  7967
TBILIS 1989 12 23 1  7958  7928  7941  7921  7889  7895  7862  7856  7908  7911  7905  7839
TBILIS 1989 12 23 2  7841  7833  7873  7873  7894  7874  7901  7875  7872  7880  7836  7875
TBILIS 1989 12 24 1  7914  7887  7852  7803  7815  7765  7767  7836  7844  7895  7903  7884
TBILIS 1989 12 24 2  7897  7910  7911  7936  7879  7894  7911  7916  7923  7917  7903  7888
TBILIS 1989 12 25 1  7885  7894  7885  7924  7925  7924  7911  7926  7948  7958  7955  7963
TBILIS 1989 12 25 2  7961  7975  7939  7939  8012  7960  7964  7932  7960  7919  7924  7987
TBILIS 1989 12 26 1  7963  7948  7919  7887  7879  7879  7910  7906  7949  7972  7967  7962
TBILIS 1989 12 26 2  8018  8015  7984  8033  7997  7990  8000  7991  7989  7991  7965  7962
TBILIS 1989 12 27 1  7937  7948  7913  7914  7870  7862  7871  7897  7878  7898  7873  7889
TBILIS 1989 12 27 2  7901  7928  7956  7934  7913  7904  7902  7930  7920  7931  7916  7898
TBILIS 1989 12 28 1  7876  7871  7900  7832  7802  7818  7811  7811  7837  7828  7837  7811
TBILIS 1989 12 28 2  7816  7807  7790  7791  7776  7741  7731  7741  7793  7775  7763  7765
TBILIS 1989 12 29 1  7785  7766  7736  7737  7691  7698  7727  7718  7687  7671  7687  7703
TBILIS 1989 12 29 2  7703  7721  7726  7799  7798  7716  7676  7654  7701  7699  7717  7696
TBILIS 1989 12 30 1  7718  7733  7715  7649  7666  7714  7706  7707  7722  7725  7714  7744
TBILIS 1989 12 30 2  7736  7819  7772  7802  7838  7834  7798  7826  7823  7820  7809  7791
TBILIS 1989 12 31 1  7843  7877  7833  7873  7851  7843  7786  7762  7823  7882  7879  7904
TBILIS 1989 12 31 2  7917  7918  7893  7905  7865  7891  7867  7858  7858  7890  7883  7859
