Cosmic-Ray Neutron Monitor Data (Hourly, Pressure-Corrected and Scale-Adjusted Counts)
Collections: WDC for Cosmic Rays, Solar-Terrestrial Environment Laboratory, Nagoya Univ.
Data Access: http://center.stelab.nagoya-u.ac.jp/WDCCR/index.html
Project: ICSU WDC
Citation: WDC for Cosmic Rays, Solar-Terrestrial Environment Laboratory, Nagoya University
Station ID: TBILIS
Station:  TBILISI,GIORGIA,INSTITUT GEOPHYSIKY (IG), GIORGIAN ACADEMY OF SCIENCES,GIORGIA 
Instrument: 18-NM-64 NEUTRON MONITOR, CORRECTED FOR PRESSURE TO 950.0 MB, COEF. = -0.69 %/MB
Latitude (deg.):   41.72  Longitude (deg.):   44.80  Altitude (m):  510.00
Cut-Off Rigidity (GV):    6.66
Year: 1984  Month:   1
Scaling Factor (SF):    64.0   Constant (CONST):     0.0  Real Counts = (DATA + CONST)*SF
Temporal Resolution: 1 hour
UTC Start Hour:     0.0
                                                                                
                                                        
Monthly Average:  8547.2
Updated (YYYY MM DD): 1987 07 15
*******************************************************************************************
ID     YYYY MM DD 1     0     1     2     3     4     5     6     7     8     9    10    11
ID     YYYY MM DD 2    12    13    14    15    16    17    18    19    20    21    22    23
*******************************************************************************************
TBILIS 1984 01 01 1  8488  8527  8507  8557  8564  8581  8572  8513  8546  8538  8527  8531
TBILIS 1984 01 01 2  8565  8609  8613  8503  8526  8537  8554  8568  8602  8569  8512  8531
TBILIS 1984 01 02 1  8546  8500  8536  8551  8544  8574  8570  8531  8568  8518  8525  8501
TBILIS 1984 01 02 2  8399  8425  8487  8572  8526  8516  8381  8478  8395  8385  8398  8381
TBILIS 1984 01 03 1  8398  8448  8467  8457  8491  8459  8479  8480  8484  8431  8502  8496
TBILIS 1984 01 03 2  8458  8539  8518  8425  8486  8508  8435  8500  8448  8471  8420  8417
TBILIS 1984 01 04 1  8406  8371  8401  8345  8354  8275  8262  8335  8364  8405  8370  8363
TBILIS 1984 01 04 2  8430  8416  8425  8392  8364  8344  8325  8323  8331  8328  8301  8344
TBILIS 1984 01 05 1  8334  8353  8356  8374  8349  8384  8369  8391  8450  8420  8452  8455
TBILIS 1984 01 05 2  8431  8493  8435  8435  8406  8401  8386  8391  8400  8417  8421  8404
TBILIS 1984 01 06 1  8373  8407  8386  8457  8451  8430  8441  8414  8414  8435  8435  8419
TBILIS 1984 01 06 2  8404  8420  8443  8446  8408  8419  8425  8371  8424  8417  8428  8453
TBILIS 1984 01 07 1  8453  8481  8526  8453  8453  8450  8439  8442  8452  8460  8464  8486
TBILIS 1984 01 07 2  8469  8464  8562  8507  8505  8488  8527  8522  8584  8594  8522  8540
TBILIS 1984 01 08 1  8534  8539  8524  8549  8506  8481  8470  8473  8480  8483  8525  8539
TBILIS 1984 01 08 2  8527  8539  8564  8527  8577  8601  8584  8595  8615  8582  8596  8560
TBILIS 1984 01 09 1  8560  8597  8635  8582  8573  8529  8525  8501  8518  8536  8528  8574
TBILIS 1984 01 09 2  8589  8585  8620  8630  8633  8643  8638  8617  8603  8589  8595  8587
TBILIS 1984 01 10 1  8576  8558  8568  8563  8527  8543  8531  8530  8545  8552  8556  8561
TBILIS 1984 01 10 2  8580  8584  8549  8562  8544  8549  8563  8594  8540  8550  8559  8569
TBILIS 1984 01 11 1  8532  8538  8566  8568  8458  8540  8553  8555  8617  8578  8610  8560
TBILIS 1984 01 11 2  8548  8580  8586  8543  8529  8578  8551  8586  8574  8602  8590  8536
TBILIS 1984 01 12 1  8553  8559  8590  8531  8538  8525  8507  8509  8550  8598  8604  8638
TBILIS 1984 01 12 2  8591  8611  8604  8575  8615  8575  8578  8554  8548  8552  8528  8492
TBILIS 1984 01 13 1  8478  8501  8497  8525  8516  8541 99999 99999 99999  8566  8556  8591
TBILIS 1984 01 13 2  8590  8566  8549  8555  8564  8568  8523  8543  8533  8539  8553  8506
TBILIS 1984 01 14 1  8481  8529  8541  8536  8522  8551  8534  8560  8585  8552  8565  8564
TBILIS 1984 01 14 2  8616  8553  8520  8547  8513  8536  8575  8560  8564  8578  8547  8550
TBILIS 1984 01 15 1  8536  8524  8509  8538  8497  8549  8530  8527  8573  8574  8612  8613
TBILIS 1984 01 15 2  8608  8622  8599  8608  8605  8569  8579  8588  8608  8602  8564  8547
TBILIS 1984 01 16 1  8525  8528  8542  8559  8545  8580  8540  8542  8480  8542  8531  8553
TBILIS 1984 01 16 2  8578  8551  8526  8594  8536  8535  8594  8583  8529  8525  8537  8544
TBILIS 1984 01 17 1  8545  8537  8540  8565  8587 99999 99999 99999 99999 99999 99999 99999
TBILIS 1984 01 17 2 99999  8584  8567  8549  8538  8574  8584  8588  8558  8525  8567  8510
TBILIS 1984 01 18 1  8535  8536  8562  8550  8531  8534  8554  8562  8549  8545  8591  8575
TBILIS 1984 01 18 2  8577  8578  8590  8544  8525  8520  8577  8578  8555  8554  8589  8579
TBILIS 1984 01 19 1  8495  8545  8522  8535  8546  8557  8570  8607  8571  8632  8640  8671
TBILIS 1984 01 19 2  8658  8642  8639  8636  8604  8632  8589  8587  8615  8592  8593  8627
TBILIS 1984 01 20 1  8566  8582  8619  8599  8572  8568  8594  8587  8592  8636  8626  8665
TBILIS 1984 01 20 2  8634  8641  8624  8653  8630  8612  8600  8582  8568  8534  8563  8540
TBILIS 1984 01 21 1  8568  8560  8550  8515  8579  8515  8535  8543  8506  8600  8548  8566
TBILIS 1984 01 21 2  8534  8526  8471  8527  8489  8567  8561  8575  8531  8543  8527  8556
TBILIS 1984 01 22 1  8541  8548  8607  8632  8595  8588  8607  8603  8593  8619  8598  8606
TBILIS 1984 01 22 2  8610  8600  8603  8579  8590  8614  8611  8565  8598  8535  8546  8628
TBILIS 1984 01 23 1  8630  8559  8518  8574  8572  8618  8601  8612  8654  8627  8650  8636
TBILIS 1984 01 23 2  8618  8617  8638  8608  8566  8622  8577  8602  8577  8626  8633  8616
TBILIS 1984 01 24 1  8564  8543  8544  8547  8553  8560  8554  8552  8532  8553  8569  8590
TBILIS 1984 01 24 2  8584  8609  8565  8578  8584  8603  8579  8544  8578  8574  8567  8563
TBILIS 1984 01 25 1  8563  8584  8554  8562  8582  8583  8566  8550  8630  8560  8512  8457
TBILIS 1984 01 25 2  8475  8449  8438  8470  8549  8608  8656  8670  8690 99999 99999 99999
TBILIS 1984 01 26 1 99999 99999 99999 99999 99999  8614  8606  8615  8612  8596  8595  8593
TBILIS 1984 01 26 2  8568  8582  8561  8581  8633  8640  8665  8603  8621  8562  8581  8613
TBILIS 1984 01 27 1  8607  8588  8559  8556  8607  8573  8570  8551  8536  8570  8565  8636
TBILIS 1984 01 27 2  8595  8619  8668  8657  8632  8698  8705  8698  8702  8652  8662  8643
TBILIS 1984 01 28 1  8598  8602  8646  8630  8563  8603  8604  8594  8576  8627  8618  8666
TBILIS 1984 01 28 2  8622  8590  8630  8644  8683  8656  8640  8636  8652  8591  8611  8572
TBILIS 1984 01 29 1  8534  8639  8541  8569  8571  8611  8605  8614  8563  8632  8645  8621
TBILIS 1984 01 29 2  8589  8494  8564  8521  8521  8516  8583  8608  8527  8528  8480  8495
TBILIS 1984 01 30 1  8496  8522  8504  8496  8510  8532  8521  8626  8640  8670  8598  8589
TBILIS 1984 01 30 2  8630  8644  8571  8651  8648  8637  8623  8655  8572  8581  8574  8558
TBILIS 1984 01 31 1  8573  8594  8557  8548  8584  8570  8575  8590  8570  8615  8621  8643
TBILIS 1984 01 31 2  8648  8644  8668  8660  8645  8650  8680  8650  8644  8679  8643  8638
Cosmic-Ray Neutron Monitor Data (Hourly, Pressure-Corrected and Scale-Adjusted Counts)
Collections: WDC for Cosmic Rays, Solar-Terrestrial Environment Laboratory, Nagoya Univ.
Data Access: http://center.stelab.nagoya-u.ac.jp/WDCCR/index.html
Project: ICSU WDC
Citation: WDC for Cosmic Rays, Solar-Terrestrial Environment Laboratory, Nagoya University
Station ID: TBILIS
Station:  TBILISI,GIORGIA,INSTITUT GEOPHYSIKY (IG), GIORGIAN ACADEMY OF SCIENCES,GIORGIA 
Instrument: 18-NM-64 NEUTRON MONITOR, CORRECTED FOR PRESSURE TO 950.0 MB, COEF. = -0.69 %/MB
Latitude (deg.):   41.72  Longitude (deg.):   44.80  Altitude (m):  510.00
Cut-Off Rigidity (GV):    6.66
Year: 1984  Month:   2
Scaling Factor (SF):    64.0   Constant (CONST):     0.0  Real Counts = (DATA + CONST)*SF
Temporal Resolution: 1 hour
UTC Start Hour:     0.0
                                                                                
                                                        
Monthly Average:  8449.7
Updated (YYYY MM DD): 1987 10 15
*******************************************************************************************
ID     YYYY MM DD 1     0     1     2     3     4     5     6     7     8     9    10    11
ID     YYYY MM DD 2    12    13    14    15    16    17    18    19    20    21    22    23
*******************************************************************************************
TBILIS 1984 02 01 1  8600  8612  8594  8607  8634  8606  8603  8587  8596  8612  8601  8599
TBILIS 1984 02 01 2  8584  8549  8589  8558  8556  8579  8561  8541  8535  8507  8466  8553
TBILIS 1984 02 02 1  8530  8547  8562  8543  8545  8540  8541  8543  8516  8520  8534  8536
TBILIS 1984 02 02 2  8591  8587  8559  8554  8584  8595  8566  8549  8550  8504  8475  8478
TBILIS 1984 02 03 1  8503  8505  8467  8449  8458  8427  8448  8377  8375  8433  8405  8406
TBILIS 1984 02 03 2  8416  8400  8420  8409  8439  8474  8459  8515  8483  8494  8506  8504
TBILIS 1984 02 04 1  8488  8477  8475  8503  8533  8550  8504  8471  8496  8386  8370  8430
TBILIS 1984 02 04 2  8505  8541  8488  8491  8494  8515  8487  8476  8455  8441  8394  8375
TBILIS 1984 02 05 1  8361  8401  8401  8430  8456  8440  8427  8481  8476  8499  8541  8508
TBILIS 1984 02 05 2  8527  8546  8555  8565  8536  8484  8450  8422  8419  8352  8392  8390
TBILIS 1984 02 06 1  8379  8382  8378  8411  8439  8451  8479  8434  8458  8464  8485  8471
TBILIS 1984 02 06 2  8473  8456  8469  8457  8481  8399  8433  8466  8454  8439  8414  8434
TBILIS 1984 02 07 1  8444  8432  8477  8485  8473  8492  8485  8475  8482  8489  8534  8586
TBILIS 1984 02 07 2  8593  8593  8569  8560  8535  8579  8538  8513  8486  8494  8473  8496
TBILIS 1984 02 08 1  8468  8467  8455  8482  8469  8502  8512  8490  8524  8549  8509  8580
TBILIS 1984 02 08 2  8587  8590  8640  8638  8583  8567  8531  8563  8510  8466  8518  8477
TBILIS 1984 02 09 1  8461  8487  8450  8475  8499  8496  8510  8532  8486  8505  8585  8548
TBILIS 1984 02 09 2  8574  8534  8590  8560  8569  8549  8563  8518  8488  8449  8458  8446
TBILIS 1984 02 10 1  8408  8454  8489  8452  8500  8515  8551  8521  8510  8494  8478  8490
TBILIS 1984 02 10 2  8511  8520  8543  8552  8537  8565  8597  8577  8533  8541  8521  8490
TBILIS 1984 02 11 1  8500  8517  8501  8492  8482  8500  8523  8529  8541  8549  8562  8585
TBILIS 1984 02 11 2  8585  8554  8556  8542  8558  8502  8513  8506  8462  8521  8528  8465
TBILIS 1984 02 12 1  8495  8496  8534  8538  8465  8479  8531  8535  8556  8586  8584  8581
TBILIS 1984 02 12 2  8529  8527  8514  8505  8427  8412  8412  8364  8377  8420  8425  8396
TBILIS 1984 02 13 1  8401  8411  8411  8403  8434  8424  8464  8452  8448  8433  8433  8491
TBILIS 1984 02 13 2  8531  8514  8512  8516  8474  8494  8467  8438  8456  8391  8397  8378
TBILIS 1984 02 14 1  8359  8323  8276  8366  8361  8372  8310  8354  8333  8328  8294  8302
TBILIS 1984 02 14 2  8323  8318  8277  8272  8265  8293  8262  8243  8263  8231  8318  8297
TBILIS 1984 02 15 1  8299  8295  8282  8300  8312  8344  8319  8341  8311  8331  8323  8334
TBILIS 1984 02 15 2  8275  8268  8340  8340  8351  8321  8357  8327  8338  8341  8356  8304
TBILIS 1984 02 16 1  8354  8353  8367  8352  8348  8353  8373  8384  8371  8369  8385  8407
TBILIS 1984 02 16 2  8402  8404  8403  8408  8408  8421  8425  8397  8373  8385  8379  8396
TBILIS 1984 02 17 1  8355  8412  8397  8373  8400  8395  8413  8402  8394  8376  8363  8375
TBILIS 1984 02 17 2  8365  8341  8330  8335  8312  8327  8337  8336  8374  8379  8303  8375
TBILIS 1984 02 18 1  8357  8393  8399  8363  8355  8470  8509  8499  8436  8392  8310  8275
TBILIS 1984 02 18 2  8279  8262 99999 99999 99999 99999 99999 99999 99999 99999 99999 99999
TBILIS 1984 02 19 1 99999 99999 99999 99999 99999 99999 99999 99999 99999 99999 99999 99999
TBILIS 1984 02 19 2 99999 99999 99999 99999 99999 99999 99999 99999 99999 99999 99999 99999
TBILIS 1984 02 20 1 99999 99999 99999 99999 99999 99999 99999 99999 99999 99999 99999 99999
TBILIS 1984 02 20 2 99999 99999 99999 99999 99999 99999 99999 99999 99999 99999 99999 99999
TBILIS 1984 02 21 1 99999 99999 99999 99999 99999 99999 99999 99999 99999 99999 99999 99999
TBILIS 1984 02 21 2 99999 99999 99999 99999 99999 99999 99999 99999 99999 99999 99999 99999
TBILIS 1984 02 22 1 99999 99999 99999 99999 99999 99999 99999 99999 99999 99999 99999 99999
TBILIS 1984 02 22 2 99999 99999 99999 99999 99999 99999 99999 99999 99999 99999 99999 99999
TBILIS 1984 02 23 1 99999 99999 99999 99999 99999  8362  8382  8390  8371  8371  8413  8455
TBILIS 1984 02 23 2  8474  8517  8508  8469  8486  8450  8426  8437  8430  8457 99999 99999
TBILIS 1984 02 24 1 99999 99999 99999 99999 99999 99999 99999 99999  8416  8416  8401  8416
TBILIS 1984 02 24 2  8406  8457  8437  8443  8449  8432  8394  8418  8414  8428  8391  8372
TBILIS 1984 02 25 1  8401  8424  8436  8414  8415  8421  8398  8387  8409 99999 99999  8479
TBILIS 1984 02 25 2  8479  8505  8431  8431  8404  8438  8467  8443  8450  8433  8437  8413
TBILIS 1984 02 26 1  8411  8391  8387  8401  8362  8379  8394  8405  8390  8385  8380  8447
TBILIS 1984 02 26 2  8483  8493  8500  8492  8519  8550  8510  8520  8512  8462  8414  8399
TBILIS 1984 02 27 1  8385  8405  8389  8331  8346  8315  8384  8400  8396  8477  8468  8454
TBILIS 1984 02 27 2  8489  8500  8458  8421  8428  8427  8443  8444  8442  8457  8479  8471
TBILIS 1984 02 28 1  8437  8437  8493  8454  8449  8428  8418  8406  8428  8388  8441  8452
TBILIS 1984 02 28 2  8434  8407  8382  8437  8397  8386  8375  8377  8417  8394  8381  8378
TBILIS 1984 02 29 1  8407  8397  8413  8396  8376  8420  8379  8333  8342  8338  8426  8443
TBILIS 1984 02 29 2  8447  8464  8459  8472  8477  8474  8397  8377  8360  8303  8364  8358
TBILIS 1984 02 30 1 99999 99999 99999 99999 99999 99999 99999 99999 99999 99999 99999 99999
TBILIS 1984 02 30 2 99999 99999 99999 99999 99999 99999 99999 99999 99999 99999 99999 99999
TBILIS 1984 02 31 1 99999 99999 99999 99999 99999 99999 99999 99999 99999 99999 99999 99999
TBILIS 1984 02 31 2 99999 99999 99999 99999 99999 99999 99999 99999 99999 99999 99999 99999
Cosmic-Ray Neutron Monitor Data (Hourly, Pressure-Corrected and Scale-Adjusted Counts)
Collections: WDC for Cosmic Rays, Solar-Terrestrial Environment Laboratory, Nagoya Univ.
Data Access: http://center.stelab.nagoya-u.ac.jp/WDCCR/index.html
Project: ICSU WDC
Citation: WDC for Cosmic Rays, Solar-Terrestrial Environment Laboratory, Nagoya University
Station ID: TBILIS
Station:  TBILISI,GIORGIA,INSTITUT GEOPHYSIKY (IG), GIORGIAN ACADEMY OF SCIENCES,GIORGIA 
Instrument: 18-NM-64 NEUTRON MONITOR, CORRECTED FOR PRESSURE TO 950.0 MB, COEF. = -0.69 %/MB
Latitude (deg.):   41.72  Longitude (deg.):   44.80  Altitude (m):  510.00
Cut-Off Rigidity (GV):    6.66
Year: 1984  Month:   3
Scaling Factor (SF):    64.0   Constant (CONST):     0.0  Real Counts = (DATA + CONST)*SF
Temporal Resolution: 1 hour
UTC Start Hour:     0.0
                                                                                
                                                        
Monthly Average:  8445.6
Updated (YYYY MM DD): 1987 07 28
*******************************************************************************************
ID     YYYY MM DD 1     0     1     2     3     4     5     6     7     8     9    10    11
ID     YYYY MM DD 2    12    13    14    15    16    17    18    19    20    21    22    23
*******************************************************************************************
TBILIS 1984 03 01 1  8402  8371  8323  8343  8362  8391  8323  8407  8423  8382  8370  8352
TBILIS 1984 03 01 2  8383  8404  8374  8389  8407  8394  8391  8354  8404  8397  8420  8433
TBILIS 1984 03 02 1  8424  8450  8389  8388  8385  8318  8330  8352  8372  8429  8390  8384
TBILIS 1984 03 02 2  8393  8403  8431  8376  8362  8316  8280  8351  8339  8307  8316  8345
TBILIS 1984 03 03 1  8381  8352  8324  8337  8329  8302  8335  8321  8330  8318  8331  8297
TBILIS 1984 03 03 2  8336  8342  8325  8353  8379  8343  8311  8306  8271  8323  8285  8364
TBILIS 1984 03 04 1  8346  8344  8321  8297  8295  8341  8312  8391  8382  8437  8390  8403
TBILIS 1984 03 04 2  8444  8456  8408  8429  8457  8454  8439  8444  8428  8468  8438  8345
TBILIS 1984 03 05 1  8419  8416  8388  8384  8406  8373  8363  8380  8340  8405  8412  8411
TBILIS 1984 03 05 2  8419  8433  8445  8417  8423  8464  8440  8449  8434  8438  8396  8398
TBILIS 1984 03 06 1  8370  8429  8465  8423  8442  8481  8473  8480  8490  8473  8513  8471
TBILIS 1984 03 06 2  8471  8488  8491  8468  8434  8429  8405  8406  8412  8406  8421  8422
TBILIS 1984 03 07 1  8431  8424  8417  8448  8459  8411  8392  8369  8385  8445  8433  8431
TBILIS 1984 03 07 2  8443  8423  8413  8446  8415  8386  8436  8437  8384  8380  8397  8406
TBILIS 1984 03 08 1  8436  8456  8492  8456  8423  8439  8442  8422  8475  8464  8453  8465
TBILIS 1984 03 08 2  8452  8500  8490  8464  8477  8484  8490  8486  8473  8459  8470  8450
TBILIS 1984 03 09 1  8453  8451  8445  8427  8441  8428  8502  8458  8410  8411  8398  8350
TBILIS 1984 03 09 2 99999  8380  8412  8392  8371  8386  8405  8439 99999 99999 99999  8398
TBILIS 1984 03 10 1  8463  8445  8430  8419  8421  8436  8404  8389  8377  8367  8402  8380
TBILIS 1984 03 10 2  8424  8420  8437  8452  8459  8428  8416  8441  8417  8367  8407  8357
TBILIS 1984 03 11 1  8445  8427  8423  8445  8467  8454  8481  8483  8431  8462  8507  8408
TBILIS 1984 03 11 2  8459  8486  8500  8489  8510  8484  8553  8559  8569  8519  8503  8509
TBILIS 1984 03 12 1  8527  8483  8435  8435  8395  8451  8488  8475  8503  8541  8537  8572
TBILIS 1984 03 12 2  8556  8538  8565  8604  8599  8592  8576  8572  8533  8479  8503  8485
TBILIS 1984 03 13 1  8512  8533  8536  8566  8564  8569  8566  8539  8569  8555  8560  8563
TBILIS 1984 03 13 2  8564  8620  8614  8605  8562  8547  8557  8515  8531  8540  8500  8498
TBILIS 1984 03 14 1  8494  8487  8487  8486  8477  8570  8492  8454  8457  8530  8535  8529
TBILIS 1984 03 14 2  8501  8496  8461  8445  8478  8467  8409  8432  8440  8428  8439  8451
TBILIS 1984 03 15 1  8409  8427  8434  8423  8424  8447  8529  8523  8548  8535  8552  8548
TBILIS 1984 03 15 2  8545  8557  8528  8537  8443  8426  8426  8405  8465  8443  8472  8445
TBILIS 1984 03 16 1  8462  8425  8457  8426  8449  8499  8493  8517  8485  8547  8532  8505
TBILIS 1984 03 16 2  8482  8548  8587  8586  8509  8525  8543  8522  8482  8482  8457  8468
TBILIS 1984 03 17 1  8490  8462  8399  8453  8419  8396  8399  8440  8470  8499  8427  8444
TBILIS 1984 03 17 2  8509  8537  8547  8587  8554  8532  8537  8542  8562  8508  8503  8439
TBILIS 1984 03 18 1  8485  8466  8456  8446  8412  8464  8431  8479  8494  8558  8611  8603
TBILIS 1984 03 18 2  8627  8611  8644  8609  8569  8545  8508  8503  8517  8547  8551  8519
TBILIS 1984 03 19 1  8517  8508  8524  8547  8608  8584  8593  8559  8528  8552  8585  8605
TBILIS 1984 03 19 2  8573  8574  8596  8552  8579  8557  8514  8523  8509  8511  8456  8476
TBILIS 1984 03 20 1  8462  8474  8467  8490  8485  8475  8504  8521  8508  8527  8539  8510
TBILIS 1984 03 20 2  8540  8540  8500  8495  8489  8430  8464  8438  8481  8466  8457  8462
TBILIS 1984 03 21 1  8463  8439  8417  8493  8465  8440  8476  8469  8494  8493  8534  8514
TBILIS 1984 03 21 2  8539  8529  8581  8564  8535  8495  8452  8474  8412  8366  8392  8420
TBILIS 1984 03 22 1  8458  8395  8416  8384  8380  8376  8423  8386  8401  8420  8423  8410
TBILIS 1984 03 22 2  8442  8446  8397  8447  8428  8416  8436  8450  8446  8417  8360  8360
TBILIS 1984 03 23 1  8329  8327  8357  8332  8383  8361  8366  8355  8410  8459  8439  8478
TBILIS 1984 03 23 2  8450  8474  8454  8456  8460  8455  8412  8370  8372  8315  8313  8318
TBILIS 1984 03 24 1  8294  8330  8343  8252  8348  8360  8379  8390  8408  8387  8413  8406
TBILIS 1984 03 24 2  8380  8403  8448  8448  8416  8383  8356  8334  8345  8306  8279  8300
TBILIS 1984 03 25 1  8321  8425  8388  8402  8412  8478  8492  8483  8526  8534  8585  8666
TBILIS 1984 03 25 2  8616  8627  8552  8551  8536  8484  8575  8528  8507  8480  8485  8440
TBILIS 1984 03 26 1  8478  8461  8436  8487  8503  8507  8530  8564  8563  8531  8536  8531
TBILIS 1984 03 26 2  8553  8561  8563  8498  8488  8472  8433  8489  8493  8490  8473  8475
TBILIS 1984 03 27 1  8483  8458  8481  8485  8457  8447  8445  8453  8475  8385  8414  8439
TBILIS 1984 03 27 2  8421  8393  8398  8446  8430  8445  8456  8453  8474  8484  8512  8486
TBILIS 1984 03 28 1  8466  8469  8414  8428  8358  8371  8349  8355  8369  8385  8406  8412
TBILIS 1984 03 28 2  8365  8407  8412  8367  8455  8426  8385  8382  8366  8365  8358  8306
TBILIS 1984 03 29 1  8331  8313  8309  8311  8316  8313  8334  8324  8350  8381  8365  8346
TBILIS 1984 03 29 2  8355  8362  8322  8401  8385  8391  8349  8372  8371  8381  8359  8361
TBILIS 1984 03 30 1  8392  8361  8340  8359  8365  8353  8337  8379  8362  8420  8386  8433
TBILIS 1984 03 30 2  8429  8465  8425  8423  8368  8358  8323  8305  8427  8394  8357  8358
TBILIS 1984 03 31 1  8390  8390  8391  8399  8485  8472  8454  8434  8460  8436  8464  8480
TBILIS 1984 03 31 2  8516  8485  8543  8476  8487  8477  8504  8513  8546  8568  8570  8536
Cosmic-Ray Neutron Monitor Data (Hourly, Pressure-Corrected and Scale-Adjusted Counts)
Collections: WDC for Cosmic Rays, Solar-Terrestrial Environment Laboratory, Nagoya Univ.
Data Access: http://center.stelab.nagoya-u.ac.jp/WDCCR/index.html
Project: ICSU WDC
Citation: WDC for Cosmic Rays, Solar-Terrestrial Environment Laboratory, Nagoya University
Station ID: TBILIS
Station:  TBILISI,GIORGIA,INSTITUT GEOPHYSIKY (IG), GIORGIAN ACADEMY OF SCIENCES,GIORGIA 
Instrument: 18-NM-64 NEUTRON MONITOR, CORRECTED FOR PRESSURE TO 950.0 MB, COEF. = -0.69 %/MB
Latitude (deg.):   41.72  Longitude (deg.):   44.80  Altitude (m):  510.00
Cut-Off Rigidity (GV):    6.66
Year: 1984  Month:   4
Scaling Factor (SF):    64.0   Constant (CONST):     0.0  Real Counts = (DATA + CONST)*SF
Temporal Resolution: 1 hour
UTC Start Hour:     0.0
                                                                                
                                                        
Monthly Average:  8399.7
Updated (YYYY MM DD): 1987 10 15
*******************************************************************************************
ID     YYYY MM DD 1     0     1     2     3     4     5     6     7     8     9    10    11
ID     YYYY MM DD 2    12    13    14    15    16    17    18    19    20    21    22    23
*******************************************************************************************
TBILIS 1984 04 01 1  8516  8513  8505  8459  8437  8404  8424  8377  8454  8429  8431  8427
TBILIS 1984 04 01 2  8449  8426  8414  8448  8455  8467  8490  8456  8469  8481  8499  8464
TBILIS 1984 04 02 1  8451  8426  8445  8416  8438  8436  8428  8438  8422  8426  8415  8410
TBILIS 1984 04 02 2  8430  8445  8418  8449  8413  8456  8450  8457  8398  8364  8366  8352
TBILIS 1984 04 03 1  8346  8384  8438  8389  8407  8414 99999 99999 99999 99999 99999  8403
TBILIS 1984 04 03 2  8403  8391  8413  8430  8379  8341  8379  8380  8367  8388  8384  8392
TBILIS 1984 04 04 1  8391  8398  8424  8391  8424  8436  8425  8450  8489  8445  8410  8427
TBILIS 1984 04 04 2  8457  8440  8436  8410  8435  8442  8486  8539  8523  8502  8517  8522
TBILIS 1984 04 05 1  8445  8498  8481  8482  8465  8464  8466  8490  8517  8515  8562  8585
TBILIS 1984 04 05 2  8551  8586  8559  8542  8545  8515  8526  8512  8500  8472  8499  8456
TBILIS 1984 04 06 1  8477  8451  8495  8465  8455  8485  8495  8528  8558  8549  8513  8531
TBILIS 1984 04 06 2  8530  8529  8521  8498  8483  8448  8483  8488  8447  8442  8497  8434
TBILIS 1984 04 07 1  8436  8446  8432  8386  8348  8388  8353  8352  8398  8361  8395  8405
TBILIS 1984 04 07 2  8395  8366  8383  8357  8368  8364  8389  8410  8379  8376  8400  8420
TBILIS 1984 04 08 1  8434  8434  8418  8448  8441  8460  8470  8490  8493  8470  8459  8461
TBILIS 1984 04 08 2  8448  8474  8475  8453  8444  8397  8396  8409  8450  8469  8476  8430
TBILIS 1984 04 09 1  8475  8473  8449  8518  8467  8472  8506  8515  8508  8507  8524  8559
TBILIS 1984 04 09 2  8546  8574  8609  8582  8542  8442  8442  8460  8495  8463  8457  8485
TBILIS 1984 04 10 1  8476  8466  8457  8412  8427  8420  8394  8464  8452  8477  8509  8500
TBILIS 1984 04 10 2  8520  8549  8556  8501  8484  8496  8437  8437  8422  8395  8389  8413
TBILIS 1984 04 11 1  8367  8396  8399  8411  8408  8388  8413  8422  8476  8492  8515  8558
TBILIS 1984 04 11 2  8519  8520  8525  8538  8513  8500  8491  8518 99999 99999 99999 99999
TBILIS 1984 04 12 1 99999 99999 99999 99999  8467  8501  8529  8502  8531  8535  8540  8549
TBILIS 1984 04 12 2  8576  8530  8510  8523  8536  8474  8452  8442  8451  8424  8433  8465
TBILIS 1984 04 13 1  8436  8451  8493  8474  8462  8428  8431  8436  8503  8506  8507  8496
TBILIS 1984 04 13 2  8530  8548  8556  8479  8512  8482  8454  8464  8445  8447  8441  8440
TBILIS 1984 04 14 1  8456  8435  8446  8447  8456  8424  8451  8479  8497  8460  8495  8478
TBILIS 1984 04 14 2  8441  8438  8453  8458  8458  8464  8469  8442  8454  8434  8369  8365
TBILIS 1984 04 15 1  8428  8379  8406  8413  8396  8432  8444  8427  8454  8481  8519  8482
TBILIS 1984 04 15 2  8477  8444  8479  8474  8460  8475  8415  8445  8442  8426  8390  8399
TBILIS 1984 04 16 1  8409  8417  8417  8479  8409  8448  8423  8450  8421  8427  8474  8459
TBILIS 1984 04 16 2  8473  8473  8462  8443  8465  8424  8401  8415  8441  8413  8439  8415
TBILIS 1984 04 17 1  8454  8444  8420  8432  8479  8431 99999 99999  8486  8517  8492  8510
TBILIS 1984 04 17 2  8439  8479  8420  8416  8397  8356  8366  8309  8329  8330  8306  8314
TBILIS 1984 04 18 1  8301  8312  8286  8317  8345  8370  8383  8381  8387  8434  8398  8397
TBILIS 1984 04 18 2  8408  8392  8377  8413  8402  8343  8388  8375  8355  8374  8387  8390
TBILIS 1984 04 19 1  8375  8400  8388  8372  8412  8392  8337  8330  8342  8367  8412  8380
TBILIS 1984 04 19 2  8444  8431  8399  8441  8421  8422  8403  8368  8421  8386  8401  8375
TBILIS 1984 04 20 1  8366  8365  8348  8387  8400  8416  8435  8441  8431  8448  8513  8514
TBILIS 1984 04 20 2  8533  8494  8536  8477  8501  8462  8440  8433  8388  8381  8389  8394
TBILIS 1984 04 21 1  8349  8379  8404  8411  8371  8404  8386  8444  8504  8525  8550  8499
TBILIS 1984 04 21 2  8507  8532  8544  8564  8534  8512  8453  8460  8441  8444  8412  8430
TBILIS 1984 04 22 1  8405  8429  8476  8444  8426  8461  8447  8473  8473  8525  8507  8496
TBILIS 1984 04 22 2  8496  8427  8477  8451  8412  8391  8375  8400  8380  8380  8395  8410
TBILIS 1984 04 23 1  8398  8419  8417  8438  8410  8445  8451  8478  8480  8484  8477  8462
TBILIS 1984 04 23 2  8460  8453  8444  8428  8419  8416  8452  8415  8449  8439  8473  8441
TBILIS 1984 04 24 1  8449  8459  8459  8482  8495  8511  8524  8481  8428  8480  8480  8457
TBILIS 1984 04 24 2  8544  8511  8488  8518  8517  8533  8531  8488  8465  8474  8512  8506
TBILIS 1984 04 25 1  8519  8530  8539  8534  8517  8519  8474  8465  8401  8380  8425  8439
TBILIS 1984 04 25 2  8431  8449  8496  8428  8500  8451  8478  8461  8464  8467  8403  8442
TBILIS 1984 04 26 1  8425  8408  8396  8411  8423  8401  8434  8488  8515  8542  8584  8556
TBILIS 1984 04 26 2  8522  8529  8527  8534  8541  8487  8439  8409  8365  8296  8272  8282
TBILIS 1984 04 27 1  8232  8191  8105  8003  8012  7976  8013  7982  7974  7924  7935  7966
TBILIS 1984 04 27 2  7940  7994  8065  8080  8080  8037  8011  8076  8045  8101  8092  8115
TBILIS 1984 04 28 1  8033  8050  7974  7925  7965  7994  7961  7975  7985  7996  7990  7978
TBILIS 1984 04 28 2  7976  7984  7955  7954  8006  8045  8013  8047  8055  8078  8067  8094
TBILIS 1984 04 29 1  8112  8121  8093  8071  8092  8090  8092  8092  8078  8080  8086  8066
TBILIS 1984 04 29 2  8094  8095  8105  8093  8103  8155  8172  8184  8183  8232  8191  8193
TBILIS 1984 04 30 1  8158  8178  8163  8148  8214  8200  8196  8171  8187  8238  8194  8241
TBILIS 1984 04 30 2  8201  8198  8193  8211  8213  8234  8231  8185  8162  8187  8159  8210
TBILIS 1984 04 31 1 99999 99999 99999 99999 99999 99999 99999 99999 99999 99999 99999 99999
TBILIS 1984 04 31 2 99999 99999 99999 99999 99999 99999 99999 99999 99999 99999 99999 99999
Cosmic-Ray Neutron Monitor Data (Hourly, Pressure-Corrected and Scale-Adjusted Counts)
Collections: WDC for Cosmic Rays, Solar-Terrestrial Environment Laboratory, Nagoya Univ.
Data Access: http://center.stelab.nagoya-u.ac.jp/WDCCR/index.html
Project: ICSU WDC
Citation: WDC for Cosmic Rays, Solar-Terrestrial Environment Laboratory, Nagoya University
Station ID: TBILIS
Station:  TBILISI,GIORGIA,INSTITUT GEOPHYSIKY (IG), GIORGIAN ACADEMY OF SCIENCES,GIORGIA 
Instrument: 18-NM-64 NEUTRON MONITOR, CORRECTED FOR PRESSURE TO 950.0 MB, COEF. = -0.69 %/MB
Latitude (deg.):   41.72  Longitude (deg.):   44.80  Altitude (m):  510.00
Cut-Off Rigidity (GV):    6.66
Year: 1984  Month:   5
Scaling Factor (SF):    64.0   Constant (CONST):     0.0  Real Counts = (DATA + CONST)*SF
Temporal Resolution: 1 hour
UTC Start Hour:     0.0
                                                                                
                                                        
Monthly Average:  8258.5
Updated (YYYY MM DD): 1987 07 15
*******************************************************************************************
ID     YYYY MM DD 1     0     1     2     3     4     5     6     7     8     9    10    11
ID     YYYY MM DD 2    12    13    14    15    16    17    18    19    20    21    22    23
*******************************************************************************************
TBILIS 1984 05 01 1  8244  8306  8242  8248  8258  8196  8202  8194  8227  8189  8173  8254
TBILIS 1984 05 01 2  8215  8218  8222  8223  8178  8216  8190  8258  8241  8239  8245  8271
TBILIS 1984 05 02 1  8277  8259  8291  8310  8289  8291  8310  8347  8374  8309  8309  8345
TBILIS 1984 05 02 2  8274  8291  8272  8227  8215  8192  8219  8177  8210  8222  8251  8240
TBILIS 1984 05 03 1  8280  8304  8267  8229  8190  8197  8216  8216  8218  8185  8201  8189
TBILIS 1984 05 03 2  8195  8190  8207  8228  8246  8210  8204  8219  8220  8280  8327  8350
TBILIS 1984 05 04 1  8362  8393  8388  8391  8403  8400  8357  8291  8287  8306  8226  8231
TBILIS 1984 05 04 2  8226  8240  8256  8242  8255  8241  8290  8269  8271  8292  8263  8304
TBILIS 1984 05 05 1  8303  8311  8330  8306  8309  8291  8321  8328  8246  8293  8263  8271
TBILIS 1984 05 05 2  8332  8332  8325  8317  8347  8360  8374  8385  8373  8322  8329  8317
TBILIS 1984 05 06 1  8309  8329  8321  8366  8351  8342  8419  8381  8413  8423  8375  8359
TBILIS 1984 05 06 2  8348  8319  8311  8298  8302  8311  8356  8276  8280  8273  8287  8276
TBILIS 1984 05 07 1  8292  8296  8338  8297  8288  8298  8346  8330  8311  8290  8307  8301
TBILIS 1984 05 07 2  8304  8342  8342  8344  8315  8350  8323  8304  8264  8277  8270  8261
TBILIS 1984 05 08 1  8250  8229  8216  8222  8265  8245  8269  8272  8252  8255  8282  8285
TBILIS 1984 05 08 2  8279  8258  8303  8313  8328  8317  8281  8266  8301  8240  8235  8225
TBILIS 1984 05 09 1  8228  8214  8222  8252  8277  8262  8270  8249  8310  8346  8319  8279
TBILIS 1984 05 09 2  8327  8298  8332  8330  8326  8329  8342  8301  8236  8230  8237  8230
TBILIS 1984 05 10 1  8233  8250  8291  8285  8333  8315  8311  8296  8304  8364  8336  8366
TBILIS 1984 05 10 2  8390  8360  8334  8269  8333  8328  8334  8309  8267  8269  8293  8318
TBILIS 1984 05 11 1  8281  8307  8275  8229  8222  8243  8215  8215  8193  8233  8241  8240
TBILIS 1984 05 11 2  8198  8188  8197  8210  8168  8202  8222  8186  8124  8209  8182  8150
TBILIS 1984 05 12 1  8129  8126  8125  8140  8134  8141  8152  8203  8215  8253  8236  8220
TBILIS 1984 05 12 2  8218  8231  8267  8224  8237  8206  8212  8243  8211  8212  8237  8240
TBILIS 1984 05 13 1  8215  8238  8201  8163  8109  8116  8080  8114  8191  8180  8191  8259
TBILIS 1984 05 13 2  8220  8182  8202  8208  8202  8169  8117  8176  8159  8167  8221  8185
TBILIS 1984 05 14 1  8172  8153  8128  8136  8136  8144  8136  8106  8195  8202  8250  8228
TBILIS 1984 05 14 2  8253  8275  8274  8279  8255  8267  8261  8254  8239  8273  8251  8280
TBILIS 1984 05 15 1  8248  8218  8212  8177  8201  8209  8202  8278  8239  8263  8287  8270
TBILIS 1984 05 15 2  8275  8313  8259  8215  8263  8236  8241  8266  8232  8216  8244  8220
TBILIS 1984 05 16 1  8240  8235  8251  8227  8275  8285  8259  8256  8281  8339  8323  8342
TBILIS 1984 05 16 2  8350  8342  8347  8290  8251  8233  8184  8180  8189  8220  8233  8212
TBILIS 1984 05 17 1  8266  8261  8279  8277  8285  8281  8248  8224  8200  8233  8255  8284
TBILIS 1984 05 17 2  8207  8176  8197  8168  8140  8174  8147  8191  8164  8160  8185  8183
TBILIS 1984 05 18 1  8165  8170  8147  8127  8140  8132  8147  8127  8179  8216  8223  8276
TBILIS 1984 05 18 2  8317  8325  8348  8347  8322  8327  8316  8314  8372  8397  8405  8432
TBILIS 1984 05 19 1  8412  8435  8409  8375  8344  8350  8305  8283  8274  8239  8278  8293
TBILIS 1984 05 19 2  8294  8272  8297  8262  8287  8279  8256  8260  8268  8261  8261  8253
TBILIS 1984 05 20 1  8277  8274  8243  8224  8284  8200  8270  8202  8241  8272  8307  8278
TBILIS 1984 05 20 2  8296  8323  8323  8329  8330  8310  8334  8331  8345  8316  8309  8299
TBILIS 1984 05 21 1  8271  8256  8219  8232  8251  8227  8233  8273  8252  8281  8252  8307
TBILIS 1984 05 21 2  8305  8270  8289  8262  8326  8285  8268  8278  8251  8278  8257  8221
TBILIS 1984 05 22 1  8240  8252  8233  8248  8247  8205  8211  8182  8176  8221  8222  8192
TBILIS 1984 05 22 2  8206  8218  8233  8232  8249  8215  8232  8255  8249  8210  8247  8196
TBILIS 1984 05 23 1  8204  8237  8177  8205  8227  8215  8220  8207  8246  8273  8265  8269
TBILIS 1984 05 23 2  8259  8260  8288  8283  8302  8291  8300  8283  8277  8277  8290  8294
TBILIS 1984 05 24 1  8322  8290  8297  8328  8312  8300  8295  8332  8353  8256  8341  8303
TBILIS 1984 05 24 2  8333  8266  8331  8308  8351  8358  8353  8349  8320  8271  8303  8273
TBILIS 1984 05 25 1  8286  8293  8246  8219  8213  8180  8147  8107  8115  8119  8184  8236
TBILIS 1984 05 25 2  8179  8188  8224  8186  8208  8167  8157  8164  8162  8171  8174  8153
TBILIS 1984 05 26 1  8152  8164  8181  8228  8240  8211  8234  8215  8244  8201  8208  8186
TBILIS 1984 05 26 2  8253  8266  8265  8272  8276  8297  8268  8286  8282  8228  8222  8219
TBILIS 1984 05 27 1  8220  8208  8283  8163  8165  8187  8165  8213  8208  8276  8330  8306
TBILIS 1984 05 27 2  8303  8322  8244  8231  8231  8232  8240  8223  8219  8231  8207  8224
TBILIS 1984 05 28 1  8238  8219  8223  8210  8159  8232  8242  8260  8269  8268  8257  8253
TBILIS 1984 05 28 2  8302  8260  8271  8244  8242  8264  8227  8256  8240  8251  8259  8258
TBILIS 1984 05 29 1  8249  8271  8213  8219  8206  8171  8178  8192  8183  8211  8175  8208
TBILIS 1984 05 29 2  8165  8177  8224  8209  8207  8196  8202  8195  8153  8166  8171  8195
TBILIS 1984 05 30 1  8207  8233  8235  8234  8228  8277  8259  8279  8279  8335  8384  8310
TBILIS 1984 05 30 2  8327  8329  8320  8329  8305  8307  8287  8293  8290  8267  8285  8266
TBILIS 1984 05 31 1  8293  8273  8303  8279  8289  8328  8302  8321  8310  8289  8310  8351
TBILIS 1984 05 31 2  8344  8354  8378  8383  8441  8385  8378  8362  8357  8380  8409  8369
Cosmic-Ray Neutron Monitor Data (Hourly, Pressure-Corrected and Scale-Adjusted Counts)
Collections: WDC for Cosmic Rays, Solar-Terrestrial Environment Laboratory, Nagoya Univ.
Data Access: http://center.stelab.nagoya-u.ac.jp/WDCCR/index.html
Project: ICSU WDC
Citation: WDC for Cosmic Rays, Solar-Terrestrial Environment Laboratory, Nagoya University
Station ID: TBILIS
Station:  TBILISI,GIORGIA,INSTITUT GEOPHYSIKY (IG), GIORGIAN ACADEMY OF SCIENCES,GIORGIA 
Instrument: 18-NM-64 NEUTRON MONITOR, CORRECTED FOR PRESSURE TO 950.0 MB, COEF. = -0.69 %/MB
Latitude (deg.):   41.72  Longitude (deg.):   44.80  Altitude (m):  510.00
Cut-Off Rigidity (GV):    6.66
Year: 1984  Month:   6
Scaling Factor (SF):    64.0   Constant (CONST):     0.0  Real Counts = (DATA + CONST)*SF
Temporal Resolution: 1 hour
UTC Start Hour:     0.0
                                                                                
                                                        
Monthly Average:  8353.8
Updated (YYYY MM DD): 1987 07 15
*******************************************************************************************
ID     YYYY MM DD 1     0     1     2     3     4     5     6     7     8     9    10    11
ID     YYYY MM DD 2    12    13    14    15    16    17    18    19    20    21    22    23
*******************************************************************************************
TBILIS 1984 06 01 1  8385  8330  8336  8359  8315  8357  8332  8332  8351  8389  8417  8387
TBILIS 1984 06 01 2  8414  8395  8451  8419  8406  8446  8397  8387  8364  8369  8341  8355
TBILIS 1984 06 02 1  8372  8329  8370  8349  8361  8360  8351  8331  8337  8355  8332  8379
TBILIS 1984 06 02 2  8333  8329  8315  8376  8333  8321  8344  8307  8310  8273  8272  8295
TBILIS 1984 06 03 1  8286  8297  8260  8271  8238  8240  8217  8229  8246  8266  8283  8296
TBILIS 1984 06 03 2  8299  8335  8379  8349  8309  8293  8299  8252  8268  8287  8285  8301
TBILIS 1984 06 04 1  8284  8296  8247  8329  8275  8255  8283  8278  8307  8359  8374  8357
TBILIS 1984 06 04 2  8348  8370  8343  8401  8360  8346  8386  8317  8316  8319  8308  8312
TBILIS 1984 06 05 1  8307  8338  8351  8304  8338  8295  8317  8337  8307  8278  8360  8334
TBILIS 1984 06 05 2  8299  8303  8254  8293  8289  8289  8276  8225  8226  8225  8223  8248
TBILIS 1984 06 06 1  8249  8257  8258  8258  8248  8279  8279  8284  8279  8296  8287  8318
TBILIS 1984 06 06 2  8313  8332  8328  8314  8277  8252  8287  8260  8230  8238  8248  8254
TBILIS 1984 06 07 1  8195  8277  8245  8210  8225  8231  8264  8276  8312  8309  8315  8323
TBILIS 1984 06 07 2  8324  8313  8335  8334  8321  8343  8309  8283  8281  8292  8289  8287
TBILIS 1984 06 08 1  8293  8303  8292  8265  8287  8291  8296  8304  8320  8339  8339  8343
TBILIS 1984 06 08 2  8338  8330  8347  8318  8332  8302  8300  8297  8302  8281  8308  8300
TBILIS 1984 06 09 1  8266  8252  8276  8279  8321  8298  8369  8343  8340  8383  8362  8412
TBILIS 1984 06 09 2  8393  8408  8424  8388  8380  8400  8364  8354  8324  8372  8367  8332
TBILIS 1984 06 10 1  8332  8340  8322  8330  8328  8322  8336  8328  8361  8356  8401  8386
TBILIS 1984 06 10 2  8386  8375  8363  8386  8363  8282  8276  8290  8261  8296  8329  8316
TBILIS 1984 06 11 1  8337  8331  8363  8350  8338  8345  8353  8331  8314  8323  8315  8370
TBILIS 1984 06 11 2  8349  8363  8355  8356  8335  8341  8317  8333  8332  8359  8349  8353
TBILIS 1984 06 12 1  8288  8293  8303  8304  8344  8299  8312  8327  8289  8320  8306  8359
TBILIS 1984 06 12 2  8364  8328  8332  8302  8330  8306  8289  8298  8302  8320  8292  8312
TBILIS 1984 06 13 1  8298  8289  8284  8275  8295  8289  8314  8330  8330  8327  8331  8345
TBILIS 1984 06 13 2  8376  8372  8420  8463  8413  8386  8373  8413  8409  8352  8323  8368
TBILIS 1984 06 14 1  8347  8365  8359  8344  8349  8316  8375  8342  8406  8464  8468  8475
TBILIS 1984 06 14 2  8484  8487  8538  8493  8512  8543  8504  8513  8526  8504  8477  8444
TBILIS 1984 06 15 1  8383  8391  8446  8432  8443  8433  8443  8412  8415  8438  8406  8403
TBILIS 1984 06 15 2  8424  8422  8377  8460  8442  8371  8363  8349  8346  8351  8332  8302
TBILIS 1984 06 16 1  8297  8292  8311  8302  8280  8283  8265  8253  8321  8353  8351  8423
TBILIS 1984 06 16 2  8388  8405  8381  8357  8375  8364  8349  8364  8334  8331  8302  8334
TBILIS 1984 06 17 1  8326  8294  8323  8309  8313  8329  8326  8297  8302  8305  8310  8338
TBILIS 1984 06 17 2  8386  8402  8368  8427  8363  8343  8282  8315  8312  8333  8331  8363
TBILIS 1984 06 18 1  8339  8386  8371  8296  8338  8306  8308  8315  8325  8333  8344  8327
TBILIS 1984 06 18 2  8391  8435  8395  8375  8332  8313  8282  8263  8244  8250  8236  8263
TBILIS 1984 06 19 1  8274  8285  8273  8289  8262  8283  8297  8300  8303  8307  8339  8335
TBILIS 1984 06 19 2  8316  8355  8370  8349  8335  8335  8288  8276  8322  8316  8314  8303
TBILIS 1984 06 20 1  8292  8306  8351  8322  8281  8336  8342  8330  8350  8369  8330  8360
TBILIS 1984 06 20 2  8383  8350  8345  8346  8361  8405  8364  8333  8341  8324  8325  8333
TBILIS 1984 06 21 1  8315  8309  8344  8368  8348  8336  8344  8330  8346  8376  8378  8351
TBILIS 1984 06 21 2  8369  8381  8376  8370  8424  8377  8364  8383  8394  8364  8371  8387
TBILIS 1984 06 22 1  8324  8332  8325  8335  8359  8375  8367  8390  8377  8383  8402  8422
TBILIS 1984 06 22 2  8423  8420  8443  8381  8392  8390  8406  8415  8357  8413  8385  8353
TBILIS 1984 06 23 1  8375  8349  8343  8367  8335  8363  8433  8463  8464  8452  8458  8456
TBILIS 1984 06 23 2  8480  8436  8423  8429  8457  8429  8366  8348  8324  8288  8258  8302
TBILIS 1984 06 24 1  8304  8357  8361  8332  8418  8405  8386  8351  8414  8434  8461  8436
TBILIS 1984 06 24 2  8401  8444  8443  8406  8441  8382  8389  8368  8357  8339  8356  8356
TBILIS 1984 06 25 1  8338  8365  8349  8395  8382  8379  8418  8394  8434  8410  8444  8429
TBILIS 1984 06 25 2  8442  8453  8464  8446  8480  8403  8414  8361  8334  8350  8331  8342
TBILIS 1984 06 26 1  8332  8384  8358  8352  8350  8370  8383  8411  8441  8463  8477  8485
TBILIS 1984 06 26 2  8484  8446  8453  8481  8445  8483  8445  8445  8430  8395  8405  8413
TBILIS 1984 06 27 1  8410  8391  8419  8369  8454  8445  8436  8443  8494  8495  8497  8534
TBILIS 1984 06 27 2  8519  8507  8486  8529  8508  8510  8412  8431  8410  8392  8406  8353
TBILIS 1984 06 28 1  8359  8377  8387  8384  8384  8390  8403  8386  8430  8477  8445  8455
TBILIS 1984 06 28 2  8441  8438  8437  8398  8408  8375  8397  8390  8379  8360  8358  8368
TBILIS 1984 06 29 1  8340  8368  8365  8360  8341  8346  8325  8341  8349  8358  8354  8378
TBILIS 1984 06 29 2  8389  8388  8427  8420  8416  8413  8388  8340  8367  8358  8372  8367
TBILIS 1984 06 30 1  8395  8395  8368  8323  8368  8324  8322  8319  8349  8365  8387  8385
TBILIS 1984 06 30 2  8409  8409  8441  8431  8419  8409  8458  8425  8438  8394  8410  8361
TBILIS 1984 06 31 1 99999 99999 99999 99999 99999 99999 99999 99999 99999 99999 99999 99999
TBILIS 1984 06 31 2 99999 99999 99999 99999 99999 99999 99999 99999 99999 99999 99999 99999
Cosmic-Ray Neutron Monitor Data (Hourly, Pressure-Corrected and Scale-Adjusted Counts)
Collections: WDC for Cosmic Rays, Solar-Terrestrial Environment Laboratory, Nagoya Univ.
Data Access: http://center.stelab.nagoya-u.ac.jp/WDCCR/index.html
Project: ICSU WDC
Citation: WDC for Cosmic Rays, Solar-Terrestrial Environment Laboratory, Nagoya University
Station ID: TBILIS
Station:  TBILISI,GIORGIA,INSTITUT GEOPHYSIKY (IG), GIORGIAN ACADEMY OF SCIENCES,GIORGIA 
Instrument: 18-NM-64 NEUTRON MONITOR, CORRECTED FOR PRESSURE TO 950.0 MB, COEF. = -0.69 %/MB
Latitude (deg.):   41.72  Longitude (deg.):   44.80  Altitude (m):  510.00
Cut-Off Rigidity (GV):    6.66
Year: 1984  Month:   7
Scaling Factor (SF):    64.0   Constant (CONST):     0.0  Real Counts = (DATA + CONST)*SF
Temporal Resolution: 1 hour
UTC Start Hour:     0.0
                                                                                
                                                        
Monthly Average:  8408.0
Updated (YYYY MM DD): 1987 07 15
*******************************************************************************************
ID     YYYY MM DD 1     0     1     2     3     4     5     6     7     8     9    10    11
ID     YYYY MM DD 2    12    13    14    15    16    17    18    19    20    21    22    23
*******************************************************************************************
TBILIS 1984 07 01 1  8366  8338  8345  8353  8342  8363  8347  8361  8374  8345  8375  8324
TBILIS 1984 07 01 2  8357  8313  8369  8369  8337  8323  8336  8359  8329  8340  8322  8321
TBILIS 1984 07 02 1  8327  8315  8314  8310  8323  8295  8356  8382  8385  8385  8392  8342
TBILIS 1984 07 02 2  8362  8444  8465  8449  8443  8413  8439  8443  8435  8385  8389  8374
TBILIS 1984 07 03 1  8338  8348  8374  8376  8398  8364  8372  8349  8340  8374  8400  8403
TBILIS 1984 07 03 2  8396  8412  8392  8388  8356  8323  8297  8285  8305  8315  8330  8323
TBILIS 1984 07 04 1  8344  8310  8331  8354  8349  8349  8381  8345  8379  8380  8414  8416
TBILIS 1984 07 04 2  8414  8396  8413  8394  8386  8404  8386  8370  8373  8413  8404  8403
TBILIS 1984 07 05 1  8412  8384  8355  8362  8359  8345  8366  8390  8401  8398  8401  8387
TBILIS 1984 07 05 2  8426  8391  8412  8333  8404  8343  8335  8339  8356  8329  8387  8373
TBILIS 1984 07 06 1  8373  8377  8372  8346  8360  8385  8379  8360  8368  8377  8362  8392
TBILIS 1984 07 06 2  8354  8396  8417  8380  8342  8323  8346  8338  8336  8329  8379  8345
TBILIS 1984 07 07 1  8345  8376  8368  8376  8383  8361  8383  8397  8406  8422  8429  8434
TBILIS 1984 07 07 2  8423  8420  8449  8457  8449  8461  8478  8440  8442  8461  8433  8440
TBILIS 1984 07 08 1  8477  8449  8426  8438  8412  8404  8461  8450  8483  8429  8468  8522
TBILIS 1984 07 08 2  8474  8483  8526  8553  8517  8521  8497  8494  8433  8487  8445  8451
TBILIS 1984 07 09 1  8458  8458  8437  8452  8465  8498  8457  8440  8476  8470  8512  8530
TBILIS 1984 07 09 2  8511  8564  8554  8602  8586  8532  8510  8478  8440  8412  8414  8424
TBILIS 1984 07 10 1  8413  8407  8392  8407  8440  8386  8373  8362  8414  8434  8397  8376
TBILIS 1984 07 10 2  8392  8460  8438  8407  8390  8429  8393  8371  8363  8376  8368  8381
TBILIS 1984 07 11 1  8399  8410  8414  8374  8404  8410  8385  8388  8365  8374  8364  8370
TBILIS 1984 07 11 2  8367  8368  8411  8405  8413  8401  8384  8403  8444  8446  8425  8432
TBILIS 1984 07 12 1  8383  8423  8405  8404  8396  8388  8400  8439  8458  8437  8454  8463
TBILIS 1984 07 12 2  8473  8467  8501 99999 99999 99999 99999 99999 99999 99999 99999 99999
TBILIS 1984 07 13 1 99999 99999 99999 99999 99999 99999 99999 99999 99999 99999  8406  8435
TBILIS 1984 07 13 2  8495  8512  8487  8493  8458  8470  8425  8387  8408  8373  8359  8418
TBILIS 1984 07 14 1  8385  8367  8398  8441  8412  8418  8425  8488  8476  8474  8470  8488
TBILIS 1984 07 14 2  8512  8484  8516  8520  8493  8490  8488  8429  8427  8446  8420  8453
TBILIS 1984 07 15 1  8430  8433  8423  8414  8451  8437  8420  8464  8478  8454  8455  8481
TBILIS 1984 07 15 2  8503  8490  8496  8493  8472  8465  8430  8386  8392  8393  8416  8432
TBILIS 1984 07 16 1  8373  8409  8420  8422  8434  8423  8435  8431  8417  8457  8489  8492
TBILIS 1984 07 16 2  8487  8447  8483  8418  8392  8423  8419  8381  8385  8391  8414  8410
TBILIS 1984 07 17 1  8425  8469  8422  8410  8382  8457  8439  8471  8487  8477  8472  8470
TBILIS 1984 07 17 2  8477  8463  8513  8491  8508  8437  8424  8434  8447  8438  8439  8436
TBILIS 1984 07 18 1  8406  8392  8414  8420  8418  8425  8447  8439  8432  8422  8405  8439
TBILIS 1984 07 18 2  8401  8418  8398  8425  8442  8432  8396  8415  8419  8422  8393  8390
TBILIS 1984 07 19 1 99999 99999 99999 99999 99999 99999 99999 99999 99999 99999 99999 99999
TBILIS 1984 07 19 2 99999 99999 99999 99999 99999 99999 99999 99999 99999 99999 99999 99999
TBILIS 1984 07 20 1 99999 99999 99999 99999 99999 99999 99999 99999 99999 99999 99999 99999
TBILIS 1984 07 20 2 99999 99999 99999 99999 99999 99999 99999 99999 99999 99999 99999 99999
TBILIS 1984 07 21 1 99999 99999 99999 99999 99999 99999 99999 99999 99999  8469  8475  8497
TBILIS 1984 07 21 2  8502  8536  8568  8531  8563  8555  8513  8502  8473  8501  8457  8457
TBILIS 1984 07 22 1  8445  8461  8459  8515  8471  8484  8483  8480  8478  8503  8499  8485
TBILIS 1984 07 22 2  8522  8514  8511  8508  8571  8533  8478  8455  8428  8448  8434  8403
TBILIS 1984 07 23 1  8432  8414  8400  8453  8453  8475  8485  8496  8498  8504  8511  8542
TBILIS 1984 07 23 2  8570  8549  8613  8620  8604  8575  8539  8606  8542  8526  8462  8402
TBILIS 1984 07 24 1  8385  8390  8377  8434  8410  8414  8425  8428  8497  8528  8552  8519
TBILIS 1984 07 24 2  8526  8544  8526  8531  8481  8461  8455  8420  8313  8274  8279  8292
TBILIS 1984 07 25 1  8304  8300  8301  8276  8296  8261  8310  8310  8334  8357  8404  8339
TBILIS 1984 07 25 2  8355  8347  8338  8314  8289  8236  8252  8284  8267  8262  8279  8266
TBILIS 1984 07 26 1  8263  8282  8262  8286  8286  8299  8275  8259  8308  8302  8327  8398
TBILIS 1984 07 26 2  8377  8301  8331  8346  8292  8232  8224  8235  8279  8282  8310  8322
TBILIS 1984 07 27 1  8303  8314  8333  8284  8267  8273  8274  8267  8288  8337  8363  8363
TBILIS 1984 07 27 2  8347  8382  8375  8404  8388  8350  8355  8370  8365  8359  8369  8390
TBILIS 1984 07 28 1  8346  8384  8356  8358  8354  8364  8348  8364  8348  8376  8374  8377
TBILIS 1984 07 28 2  8379  8435  8452  8444  8472  8398  8374  8402  8358  8340  8340  8327
TBILIS 1984 07 29 1  8322  8325  8351  8308  8347  8326  8342  8384  8385  8406  8416  8433
TBILIS 1984 07 29 2  8435  8460  8482  8446  8469  8369  8384  8352  8321  8339  8344  8320
TBILIS 1984 07 30 1  8361  8359  8379  8342  8351  8387  8397  8418  8450  8452  8460  8464
TBILIS 1984 07 30 2  8498  8509  8506  8519  8449  8470  8411  8428  8375  8359  8394  8395
TBILIS 1984 07 31 1  8372  8363  8406  8417  8389  8390  8430  8427  8425  8485  8442  8458
TBILIS 1984 07 31 2  8419  8435  8450  8434  8402  8339  8338  8299  8346  8379  8335  8347
Cosmic-Ray Neutron Monitor Data (Hourly, Pressure-Corrected and Scale-Adjusted Counts)
Collections: WDC for Cosmic Rays, Solar-Terrestrial Environment Laboratory, Nagoya Univ.
Data Access: http://center.stelab.nagoya-u.ac.jp/WDCCR/index.html
Project: ICSU WDC
Citation: WDC for Cosmic Rays, Solar-Terrestrial Environment Laboratory, Nagoya University
Station ID: TBILIS
Station:  TBILISI,GIORGIA,INSTITUT GEOPHYSIKY (IG), GIORGIAN ACADEMY OF SCIENCES,GIORGIA 
Instrument: 18-NM-64 NEUTRON MONITOR, CORRECTED FOR PRESSURE TO 950.0 MB, COEF. = -0.69 %/MB
Latitude (deg.):   41.72  Longitude (deg.):   44.80  Altitude (m):  510.00
Cut-Off Rigidity (GV):    6.66
Year: 1984  Month:   8
Scaling Factor (SF):    64.0   Constant (CONST):     0.0  Real Counts = (DATA + CONST)*SF
Temporal Resolution: 1 hour
UTC Start Hour:     0.0
                                                                                
                                                        
Monthly Average:  8491.8
Updated (YYYY MM DD): 1987 07 15
*******************************************************************************************
ID     YYYY MM DD 1     0     1     2     3     4     5     6     7     8     9    10    11
ID     YYYY MM DD 2    12    13    14    15    16    17    18    19    20    21    22    23
*******************************************************************************************
TBILIS 1984 08 01 1  8364  8416  8414  8456  8509  8491  8478  8536  8486  8543  8546  8555
TBILIS 1984 08 01 2  8484  8562  8576  8551  8567  8561  8524  8519  8568  8539  8496  8546
TBILIS 1984 08 02 1  8498  8523  8509  8483  8489  8492  8507  8515  8525  8516  8465  8489
TBILIS 1984 08 02 2  8490  8458  8509  8453  8432  8433  8432  8410  8400  8409  8415  8388
TBILIS 1984 08 03 1  8419  8427  8419  8406  8474  8461  8468  8496  8481  8492  8497  8446
TBILIS 1984 08 03 2  8472  8513  8452  8529  8432  8477  8402  8415  8413  8407  8396  8402
TBILIS 1984 08 04 1  8371  8427  8417  8412  8470  8447  8452  8470  8493  8470  8494  8479
TBILIS 1984 08 04 2  8486  8486  8498  8468  8460  8440  8421  8436  8385  8415  8409  8423
TBILIS 1984 08 05 1  8398  8420  8480  8398  8417  8461  8492  8461  8464  8467  8449  8511
TBILIS 1984 08 05 2  8495  8503  8489  8519  8495  8538  8476  8477  8438  8454  8450  8422
TBILIS 1984 08 06 1  8431  8437  8443  8468  8450  8472  8491  8482  8464  8554  8488  8533
TBILIS 1984 08 06 2  8525  8489  8522  8483  8496  8505  8485  8500  8471  8471  8444  8452
TBILIS 1984 08 07 1  8455  8436  8461  8474  8444  8501  8459  8470  8494  8515  8483  8512
TBILIS 1984 08 07 2  8506  8477  8471  8460  8453  8447  8427  8436  8451  8446  8412  8490
TBILIS 1984 08 08 1  8451  8466  8453  8491  8454  8473  8490  8451  8444  8457  8476  8455
TBILIS 1984 08 08 2  8490  8521  8553  8522  8516  8441  8434  8429  8344  8397  8398  8411
TBILIS 1984 08 09 1  8328  8380  8409  8403  8406  8431  8402  8479  8494  8440  8494  8487
TBILIS 1984 08 09 2  8493  8492  8497  8443  8443  8441  8425  8415  8472  8454  8454  8461
TBILIS 1984 08 10 1  8466  8447  8438  8450  8454  8451  8442  8474  8489  8492  8474  8487
TBILIS 1984 08 10 2  8487  8513  8514  8520  8490  8483  8470  8497  8490  8494  8466  8488
TBILIS 1984 08 11 1  8445  8421  8464  8450  8445  8447  8448  8488  8482  8518  8495  8487
TBILIS 1984 08 11 2  8482  8514  8523  8498  8474  8451  8478  8448  8430  8404  8453  8445
TBILIS 1984 08 12 1  8413  8406  8436  8410  8400  8436  8418  8460  8478  8485  8482  8501
TBILIS 1984 08 12 2  8537  8506  8512  8489  8504  8528  8515  8500  8450  8490  8439  8459
TBILIS 1984 08 13 1  8420  8440  8415  8463  8435  8495  8443  8478  8511  8521  8498  8512
TBILIS 1984 08 13 2  8504  8539  8572  8571  8538  8565  8499  8505  8489  8484  8447  8464
TBILIS 1984 08 14 1  8449  8428  8434  8439  8457  8507  8519  8470  8499  8495  8508  8540
TBILIS 1984 08 14 2  8535  8567  8539  8541  8513  8464  8504  8446  8429  8435  8411  8388
TBILIS 1984 08 15 1  8407  8436  8443  8397  8415  8403  8434  8407  8456  8488  8508  8415
TBILIS 1984 08 15 2  8471  8503  8501  8482  8487  8450  8426  8437  8420  8411  8404  8434
TBILIS 1984 08 16 1  8445  8407  8434  8456  8432  8449  8483  8487  8462  8484  8497  8495
TBILIS 1984 08 16 2  8491  8517  8506  8494  8493  8459  8480  8464  8462  8443  8471  8468
TBILIS 1984 08 17 1  8459  8431  8479  8456  8436  8455  8452  8472  8431  8486  8490  8487
TBILIS 1984 08 17 2  8474  8465  8503  8499  8497  8503  8472  8482  8514  8530  8528  8528
TBILIS 1984 08 18 1  8522  8547  8500  8467  8475  8496  8514  8499  8515  8538  8532  8565
TBILIS 1984 08 18 2  8543  8522  8562  8574  8564  8526  8536  8503  8487  8486  8462  8484
TBILIS 1984 08 19 1  8456  8449  8441  8480  8514  8503  8540  8507  8600  8581  8556  8556
TBILIS 1984 08 19 2  8520  8530  8505  8511  8513  8489  8453  8480  8464  8483  8463  8448
TBILIS 1984 08 20 1  8430  8457  8428  8449  8471  8479  8539  8530  8567  8560  8545  8543
TBILIS 1984 08 20 2  8553  8567  8591  8560  8545  8584  8483  8468  8490  8447  8447  8462
TBILIS 1984 08 21 1  8438  8457  8439  8439  8438  8443  8466  8473  8475  8518  8515  8500
TBILIS 1984 08 21 2  8551  8514  8485  8510  8491  8489  8487  8455  8451  8458  8446  8442
TBILIS 1984 08 22 1  8412  8449  8439  8451  8442  8417  8451  8468  8467  8471  8532  8559
TBILIS 1984 08 22 2  8556  8545  8555  8555  8563  8521  8542  8523  8518  8520  8511  8495
TBILIS 1984 08 23 1  8485  8488  8484  8479  8473  8450  8455  8453  8433  8495  8495  8491
TBILIS 1984 08 23 2  8520  8492  8554  8499  8531  8475  8507  8513  8534  8500  8529  8489
TBILIS 1984 08 24 1  8423  8431  8437  8454  8465  8452  8440  8449  8486  8481  8481  8487
TBILIS 1984 08 24 2  8519  8568  8545  8582  8566  8504  8522  8451  8474  8476  8521  8474
TBILIS 1984 08 25 1  8483  8523  8504  8485  8461  8475  8475  8426  8478  8509  8496  8501
TBILIS 1984 08 25 2  8529  8547  8560  8598  8558  8553  8552  8567  8502  8519  8550  8504
TBILIS 1984 08 26 1  8547  8515  8486  8524  8461  8491  8541  8526  8553  8517  8571  8557
TBILIS 1984 08 26 2  8554  8550  8565  8600  8578  8543  8538  8494  8490  8489  8484  8478
TBILIS 1984 08 27 1  8502  8449  8470  8490  8469  8498  8506  8523  8543  8521  8519  8534
TBILIS 1984 08 27 2  8555  8600  8612  8560  8574  8561  8498  8538  8533  8508  8474  8484
TBILIS 1984 08 28 1  8524  8486  8505  8497  8475  8458  8468  8514  8557  8560  8560  8606
TBILIS 1984 08 28 2  8607  8600  8610  8579  8597  8536  8545  8560  8542  8527  8562  8530
TBILIS 1984 08 29 1  8545  8499  8568  8500  8547  8535  8534  8560  8606  8590  8612  8579
TBILIS 1984 08 29 2  8582  8607  8612  8612  8597  8509  8583  8559  8563  8554  8546  8578
TBILIS 1984 08 30 1  8568  8572  8574  8555  8540  8532  8524  8536  8535  8587  8538  8536
TBILIS 1984 08 30 2  8569  8590  8572  8629  8590  8597  8587  8570  8563  8543  8551  8562
TBILIS 1984 08 31 1  8544  8545  8524  8587  8549  8544  8528  8508  8539  8538  8534  8519
TBILIS 1984 08 31 2  8567  8607  8594  8600  8619  8655  8583  8583  8551  8538  8558  8570
Cosmic-Ray Neutron Monitor Data (Hourly, Pressure-Corrected and Scale-Adjusted Counts)
Collections: WDC for Cosmic Rays, Solar-Terrestrial Environment Laboratory, Nagoya Univ.
Data Access: http://center.stelab.nagoya-u.ac.jp/WDCCR/index.html
Project: ICSU WDC
Citation: WDC for Cosmic Rays, Solar-Terrestrial Environment Laboratory, Nagoya University
Station ID: TBILIS
Station:  TBILISI,GIORGIA,INSTITUT GEOPHYSIKY (IG), GIORGIAN ACADEMY OF SCIENCES,GIORGIA 
Instrument: 18-NM-64 NEUTRON MONITOR, CORRECTED FOR PRESSURE TO 950.0 MB, COEF. = -0.69 %/MB
Latitude (deg.):   41.72  Longitude (deg.):   44.80  Altitude (m):  510.00
Cut-Off Rigidity (GV):    6.66
Year: 1984  Month:   9
Scaling Factor (SF):    64.0   Constant (CONST):     0.0  Real Counts = (DATA + CONST)*SF
Temporal Resolution: 1 hour
UTC Start Hour:     0.0
                                                                                
                                                        
Monthly Average:  8514.7
Updated (YYYY MM DD): 1987 07 15
*******************************************************************************************
ID     YYYY MM DD 1     0     1     2     3     4     5     6     7     8     9    10    11
ID     YYYY MM DD 2    12    13    14    15    16    17    18    19    20    21    22    23
*******************************************************************************************
TBILIS 1984 09 01 1  8548  8545  8568  8573  8548  8561  8546  8555  8564  8563  8553  8533
TBILIS 1984 09 01 2  8526  8547  8559  8550  8560  8540  8553  8530  8556  8545  8514  8523
TBILIS 1984 09 02 1  8499  8495  8506  8503  8513  8529  8534  8508  8553  8557  8549  8543
TBILIS 1984 09 02 2  8569  8560  8570  8596  8592  8577  8550  8526  8487  8487  8517  8494
TBILIS 1984 09 03 1  8467  8495  8510  8488  8533  8543  8517  8567  8570  8533  8570  8589
TBILIS 1984 09 03 2  8611  8618  8679  8639  8620  8604  8615  8603  8582  8590  8561  8525
TBILIS 1984 09 04 1  8544  8569  8511  8575  8607  8612  8621  8623  8634  8569  8643  8565
TBILIS 1984 09 04 2  8518  8546  8572  8574  8428  8389  8414  8454  8419  8447  8433  8410
TBILIS 1984 09 05 1  8405  8488  8463  8494  8512  8508  8565  8566  8520  8532  8515  8475
TBILIS 1984 09 05 2  8477  8512  8497  8510  8477  8432  8464  8399  8420  8432  8456  8435
TBILIS 1984 09 06 1  8445  8416  8411  8409  8436  8405  8390  8403  8390  8418  8424  8403
TBILIS 1984 09 06 2  8416  8413  8387  8348  8327  8334  8314  8361  8352  8368  8389  8365
TBILIS 1984 09 07 1  8374  8392  8393  8404  8421  8386  8398  8404  8427  8437  8429  8437
TBILIS 1984 09 07 2  8442  8484  8434  8422  8419  8431  8456  8447  8445  8481  8460  8467
TBILIS 1984 09 08 1  8412  8422  8421  8415  8479  8417  8435  8484  8460  8464  8477  8461
TBILIS 1984 09 08 2  8484  8473  8538  8541  8505  8479  8461  8450  8446  8487  8484  8441
TBILIS 1984 09 09 1  8449  8445  8431  8404  8429  8421  8430  8404  8460  8513  8499  8554
TBILIS 1984 09 09 2  8504  8559  8522  8570  8551  8489  8501  8467  8461  8453  8472  8452
TBILIS 1984 09 10 1  8457  8453  8469  8434  8465  8437  8450  8418  8498  8515  8546  8561
TBILIS 1984 09 10 2  8557  8490  8516  8516  8519  8541  8477  8497  8481  8460  8440  8443
TBILIS 1984 09 11 1  8447  8461  8455  8446  8441  8439  8474  8489  8536  8512  8505  8564
TBILIS 1984 09 11 2  8528  8487  8489  8538  8471  8493  8459  8456  8457  8487  8429  8417
TBILIS 1984 09 12 1  8403  8423  8438  8427  8438  8448  8454  8490  8524  8535  8546  8546
TBILIS 1984 09 12 2  8549  8573  8578  8510  8486  8486  8507  8464  8485  8445  8461  8427
TBILIS 1984 09 13 1  8433  8443  8451  8442  8414  8427  8477  8512  8488  8522  8533  8525
TBILIS 1984 09 13 2  8545  8569  8533  8552  8543  8533  8495  8477  8483  8439  8434  8443
TBILIS 1984 09 14 1  8452  8458  8477  8474  8504  8493  8493  8535  8537  8573  8577  8563
TBILIS 1984 09 14 2  8578  8559  8554  8518  8512  8487  8421  8428  8449  8439  8448  8415
TBILIS 1984 09 15 1  8464  8435  8450  8467  8483  8454  8505  8518  8519  8540  8542  8558
TBILIS 1984 09 15 2  8560  8533  8568  8568  8525  8510  8496  8468  8484  8452  8498  8495
TBILIS 1984 09 16 1  8462  8471  8491  8473  8474  8479  8488  8502  8496  8512  8518  8535
TBILIS 1984 09 16 2  8530  8510  8509  8516  8482  8472  8449  8447  8418  8437  8434  8408
TBILIS 1984 09 17 1  8424  8439  8440  8446  8480  8510  8513  8475  8479  8516  8532  8541
TBILIS 1984 09 17 2  8529  8522  8544  8488  8455  8477  8471  8472  8427  8456  8489  8478
TBILIS 1984 09 18 1  8450  8458  8469  8490  8486  8502  8521  8544  8508  8538  8552  8570
TBILIS 1984 09 18 2  8580  8558  8509  8547  8541  8529  8534  8539  8540  8494  8521  8488
TBILIS 1984 09 19 1  8520  8505  8540  8489  8567  8488  8509  8505  8499  8516  8445  8434
TBILIS 1984 09 19 2  8511  8580  8688  8675  8663  8661  8614  8608  8609  8534  8537  8572
TBILIS 1984 09 20 1  8498  8483  8467  8506  8460  8493  8477  8493  8532  8540  8541  8514
TBILIS 1984 09 20 2  8559  8558  8573  8604  8622  8592  8607  8596  8614  8631  8568  8549
TBILIS 1984 09 21 1  8549  8538  8544  8507  8508  8524  8517  8500  8509  8478  8511  8545
TBILIS 1984 09 21 2  8484  8558  8544  8585  8530  8512  8515  8489  8460  8495  8508  8495
TBILIS 1984 09 22 1  8501  8510  8486  8484  8487  8525  8502  8554  8516  8560  8540  8516
TBILIS 1984 09 22 2  8571  8557  8555  8546  8570  8560  8538  8541  8548  8521  8524  8509
TBILIS 1984 09 23 1  8473  8464  8467  8459  8486  8457  8539  8519  8509  8564  8590  8597
TBILIS 1984 09 23 2  8625  8643  8641  8627  8645  8603  8550  8557  8554  8500  8507  8509
TBILIS 1984 09 24 1  8492  8495  8495  8500  8496  8491  8560  8546  8571  8552  8569  8577
TBILIS 1984 09 24 2  8601  8569  8546  8544  8531  8515  8536  8494  8477  8460  8462  8447
TBILIS 1984 09 25 1  8481  8492  8486  8478  8504  8502  8539  8546  8506  8519  8554  8537
TBILIS 1984 09 25 2  8593  8574  8574  8580  8569  8530  8481  8544  8520  8496  8512  8537
TBILIS 1984 09 26 1  8504  8504  8484  8504  8505  8525  8590  8576  8562  8588  8599  8618
TBILIS 1984 09 26 2  8610  8662  8604  8581  8607  8574  8563  8560  8567  8550  8520  8513
TBILIS 1984 09 27 1  8515  8527  8508  8512  8496  8534  8509  8542  8540  8560  8556  8636
TBILIS 1984 09 27 2  8627  8652  8637  8626  8631  8619  8609  8626  8626  8614  8595  8573
TBILIS 1984 09 28 1  8588  8566  8566  8561  8544  8517  8556  8557  8555  8590  8590  8623
TBILIS 1984 09 28 2  8601  8628  8638  8635  8605  8591  8577  8636  8584  8592  8530  8555
TBILIS 1984 09 29 1  8544  8536  8543  8552  8563  8584  8532  8578  8568  8559  8593  8604
TBILIS 1984 09 29 2  8595  8596  8611  8614  8623  8573  8566  8587  8586  8558  8567  8551
TBILIS 1984 09 30 1  8526  8538  8525  8538  8535  8597  8548  8545  8591  8557  8589  8596
TBILIS 1984 09 30 2  8616  8566  8610  8560  8599  8571  8616  8565  8580  8561  8549  8547
TBILIS 1984 09 31 1 99999 99999 99999 99999 99999 99999 99999 99999 99999 99999 99999 99999
TBILIS 1984 09 31 2 99999 99999 99999 99999 99999 99999 99999 99999 99999 99999 99999 99999
Cosmic-Ray Neutron Monitor Data (Hourly, Pressure-Corrected and Scale-Adjusted Counts)
Collections: WDC for Cosmic Rays, Solar-Terrestrial Environment Laboratory, Nagoya Univ.
Data Access: http://center.stelab.nagoya-u.ac.jp/WDCCR/index.html
Project: ICSU WDC
Citation: WDC for Cosmic Rays, Solar-Terrestrial Environment Laboratory, Nagoya University
Station ID: TBILIS
Station:  TBILISI,GIORGIA,INSTITUT GEOPHYSIKY (IG), GIORGIAN ACADEMY OF SCIENCES,GIORGIA 
Instrument: 18-NM-64 NEUTRON MONITOR, CORRECTED FOR PRESSURE TO 950.0 MB, COEF. = -0.69 %/MB
Latitude (deg.):   41.72  Longitude (deg.):   44.80  Altitude (m):  510.00
Cut-Off Rigidity (GV):    6.66
Year: 1984  Month:  10
Scaling Factor (SF):    64.0   Constant (CONST):     0.0  Real Counts = (DATA + CONST)*SF
Temporal Resolution: 1 hour
UTC Start Hour:     0.0
                                                                                
                                                        
Monthly Average:  8531.0
Updated (YYYY MM DD): 1987 10 15
*******************************************************************************************
ID     YYYY MM DD 1     0     1     2     3     4     5     6     7     8     9    10    11
ID     YYYY MM DD 2    12    13    14    15    16    17    18    19    20    21    22    23
*******************************************************************************************
TBILIS 1984 10 01 1  8557  8518  8545  8601  8605  8554  8549  8548  8554  8566  8583  8574
TBILIS 1984 10 01 2  8611  8612  8596  8611  8626  8596  8575  8559  8592  8586  8582  8563
TBILIS 1984 10 02 1  8531  8523  8521  8522  8508  8512  8508  8541  8602  8554  8552  8525
TBILIS 1984 10 02 2  8523  8508  8523  8544  8548  8618  8593  8592  8560  8590  8570  8556
TBILIS 1984 10 03 1  8548  8544  8541  8568  8574  8617  8601  8643  8592  8617  8607  8623
TBILIS 1984 10 03 2  8620  8605  8640  8611  8602  8568  8577  8545  8567  8568  8521  8524
TBILIS 1984 10 04 1  8526  8544  8551  8568  8493  8507  8522  8562  8568  8581  8584  8613
TBILIS 1984 10 04 2  8619  8640  8592  8647  8625  8605  8603  8582  8560  8584  8514  8515
TBILIS 1984 10 05 1  8494  8492  8507  8498  8542  8515  8549  8554  8512  8464  8479  8503
TBILIS 1984 10 05 2  8529  8553  8589  8643  8575  8575  8579  8594  8575  8545  8508  8561
TBILIS 1984 10 06 1  8540  8500  8539  8495  8411  8382  8388  8402  8406  8387  8392  8485
TBILIS 1984 10 06 2  8478  8422  8444  8410  8414  8429  8443  8460  8411  8413  8441  8479
TBILIS 1984 10 07 1  8503  8564  8557  8575  8586  8523  8532  8517  8511  8509  8559  8582
TBILIS 1984 10 07 2  8564  8572  8579  8567  8582  8526  8518  8502  8482  8507  8488  8475
TBILIS 1984 10 08 1  8471  8443  8456  8481  8440  8491  8490  8480  8553  8586  8644  8646
TBILIS 1984 10 08 2  8644  8610  8590  8618  8599  8546  8589  8576  8520  8505  8499  8543
TBILIS 1984 10 09 1  8541  8575  8563  8549  8513  8492  8527  8526  8557  8591  8586  8594
TBILIS 1984 10 09 2  8619  8590  8617  8628  8580  8490  8533  8555  8494  8485  8447  8492
TBILIS 1984 10 10 1  8519  8559  8552  8575  8512  8522  8497  8492  8496  8516  8508  8534
TBILIS 1984 10 10 2  8576  8608  8594  8547  8522  8556  8490  8496  8542  8489  8503  8516
TBILIS 1984 10 11 1  8479  8491  8497  8489  8469  8480  8511  8474  8533  8532  8561  8606
TBILIS 1984 10 11 2  8587  8543  8544  8599  8565  8579  8505  8514  8474  8485  8421  8495
TBILIS 1984 10 12 1  8477  8463  8441  8492  8513  8529  8545  8520  8517  8555  8567  8569
TBILIS 1984 10 12 2  8571  8556  8597  8573  8561  8596  8556  8552  8545  8555  8557  8545
TBILIS 1984 10 13 1  8526  8529  8564  8491  8499  8483  8511  8498  8562  8545  8574  8601
TBILIS 1984 10 13 2  8623  8575  8590  8586  8557  8548  8542  8564  8568  8555  8543  8562
TBILIS 1984 10 14 1  8539  8495  8491  8533  8518  8500  8496  8526  8595  8608  8602  8576
TBILIS 1984 10 14 2  8611  8527  8526  8496  8487  8489  8514  8527  8521  8540  8517  8513
TBILIS 1984 10 15 1  8568  8508  8550  8592  8547  8542  8518  8522  8516  8524  8545  8527
TBILIS 1984 10 15 2  8542  8544  8547  8550  8544  8546  8544  8561  8592  8597  8550  8581
TBILIS 1984 10 16 1  8541  8595  8536  8580  8534  8492  8488  8504  8564  8564  8599  8597
TBILIS 1984 10 16 2  8605  8633  8641  8616  8595  8610  8642  8628  8562  8582  8571  8552
TBILIS 1984 10 17 1  8579  8529  8564  8518  8577  8575  8568  8551  8534  8552  8528  8584
TBILIS 1984 10 17 2  8577  8573  8538  8579  8632  8621  8605  8567  8627  8664  8639  8654
TBILIS 1984 10 18 1  8638  8623  8581  8629  8619  8607  8539  8574  8560  8573  8583  8580
TBILIS 1984 10 18 2  8617  8563  8612  8688  8650  8659  8688  8688  8642  8678  8665  8625
TBILIS 1984 10 19 1  8596  8591  8534  8564  8554  8553  8560  8560  8521  8546  8566  8539
TBILIS 1984 10 19 2  8533  8593  8558  8558  8587  8561  8571  8518  8524  8540  8497  8447
TBILIS 1984 10 20 1  8465  8469  8447  8462  8435  8484  8567  8504  8521  8518  8468  8555
TBILIS 1984 10 20 2  8558  8569  8541  8547  8530  8536  8528  8490  8496  8514  8456  8473
TBILIS 1984 10 21 1  8478  8452  8430  8447  8417  8426  8445  8446  8467  8504  8503  8539
TBILIS 1984 10 21 2  8507  8516  8510  8505  8549  8520  8503  8483  8493  8478  8476  8489
TBILIS 1984 10 22 1  8464  8471  8485  8485  8475  8462  8485  8463  8505  8494  8494  8511
TBILIS 1984 10 22 2  8496  8486  8505  8489  8462  8475  8504  8501  8498  8482  8486  8458
TBILIS 1984 10 23 1  8452  8457  8440  8447  8457  8464  8476  8452  8504  8502  8510  8530
TBILIS 1984 10 23 2  8526  8559  8551  8560  8541  8532  8562  8546  8503  8494  8451  8490
TBILIS 1984 10 24 1  8479  8475  8440  8468  8441  8485  8486  8518  8516  8552  8577  8580
TBILIS 1984 10 24 2  8572  8557  8612  8553  8559  8524  8517  8505  8525  8492  8500  8452
TBILIS 1984 10 25 1  8482  8442  8479  8450  8488  8522  8478  8512  8492  8538  8522  8512
TBILIS 1984 10 25 2  8514  8539  8525  8523  8515  8551  8536  8525  8472  8518  8469  8469
TBILIS 1984 10 26 1  8420  8412  8402  8433  8414  8395  8390  8392  8400  8412  8452  8485
TBILIS 1984 10 26 2  8508  8472  8498  8501  8477  8492  8499  8497  8465  8477  8451  8446
TBILIS 1984 10 27 1  8444  8441  8453  8471  8437  8408  8431  8439  8411  8419  8446  8421
TBILIS 1984 10 27 2  8460  8480  8526  8516  8545  8570  8553  8555  8556  8572  8553  8577
TBILIS 1984 10 28 1  8552  8533  8519  8502  8489  8473  8501  8476  8456  8452  8494  8485
TBILIS 1984 10 28 2  8490  8506  8475  8468  8480  8503  8533  8493  8509  8500  8500  8458
TBILIS 1984 10 29 1  8484  8461  8460  8491  8460  8457  8486  8484  8491  8493  8548  8546
TBILIS 1984 10 29 2  8542  8574  8592  8604  8595  8604  8587  8597  8615  8617  8605  8594
TBILIS 1984 10 30 1  8574  8578  8519  8516  8546  8561  8523  8501  8545  8560  8563  8560
TBILIS 1984 10 30 2  8546  8562  8540  8505  8559  8564  8577  8562  8559  8567  8537  8514
TBILIS 1984 10 31 1  8514  8547  8507  8509  8503  8486  8494  8456  8480  8530  8528  8557
TBILIS 1984 10 31 2  8558  8577  8531  8517  8545  8542  8514  8550  8514  8503  8529  8520
Cosmic-Ray Neutron Monitor Data (Hourly, Pressure-Corrected and Scale-Adjusted Counts)
Collections: WDC for Cosmic Rays, Solar-Terrestrial Environment Laboratory, Nagoya Univ.
Data Access: http://center.stelab.nagoya-u.ac.jp/WDCCR/index.html
Project: ICSU WDC
Citation: WDC for Cosmic Rays, Solar-Terrestrial Environment Laboratory, Nagoya University
Station ID: TBILIS
Station:  TBILISI,GIORGIA,INSTITUT GEOPHYSIKY (IG), GIORGIAN ACADEMY OF SCIENCES,GIORGIA 
Instrument: 18-NM-64 NEUTRON MONITOR, CORRECTED FOR PRESSURE TO 950.0 MB, COEF. = -0.69 %/MB
Latitude (deg.):   41.72  Longitude (deg.):   44.80  Altitude (m):  510.00
Cut-Off Rigidity (GV):    6.66
Year: 1984  Month:  11
Scaling Factor (SF):    64.0   Constant (CONST):     0.0  Real Counts = (DATA + CONST)*SF
Temporal Resolution: 1 hour
UTC Start Hour:     0.0
                                                                                
                                                        
Monthly Average:  8491.7
Updated (YYYY MM DD): 1987 07 15
*******************************************************************************************
ID     YYYY MM DD 1     0     1     2     3     4     5     6     7     8     9    10    11
ID     YYYY MM DD 2    12    13    14    15    16    17    18    19    20    21    22    23
*******************************************************************************************
TBILIS 1984 11 01 1  8502  8478  8484  8517  8526  8460  8449  8436  8423  8466  8510  8507
TBILIS 1984 11 01 2  8495  8487  8477  8455  8441  8447  8447  8448  8411  8402  8354  8344
TBILIS 1984 11 02 1  8382  8352  8377  8380  8352  8382  8410  8405  8393  8471  8446  8493
TBILIS 1984 11 02 2  8447  8476  8484  8466  8461  8433  8455  8471  8419  8475  8465  8433
TBILIS 1984 11 03 1  8411  8406  8416  8388  8353  8444  8376  8388  8388  8418  8444  8444
TBILIS 1984 11 03 2  8456  8443  8442  8461  8469  8458  8450  8477  8416  8427  8441  8417
TBILIS 1984 11 04 1  8419  8390  8407  8471  8427  8424  8437  8425  8458  8454  8504  8528
TBILIS 1984 11 04 2  8493  8491  8480  8433  8495  8483  8469  8445  8473  8463  8456  8413
TBILIS 1984 11 05 1  8430  8429  8380  8430  8459  8446  8459  8419  8444  8476  8479  8491
TBILIS 1984 11 05 2  8487  8519  8429  8456  8429  8418  8397  8435  8430  8451  8450  8439
TBILIS 1984 11 06 1  8417  8407  8424  8484  8458  8476  8498  8506  8495  8530  8550  8529
TBILIS 1984 11 06 2  8555  8541  8561  8543  8498  8522  8517  8490  8514  8494  8467  8467
TBILIS 1984 11 07 1  8461  8496  8425  8441  8475  8490  8483  8471  8488  8562  8570  8575
TBILIS 1984 11 07 2  8527  8542  8591  8513  8573  8571  8544  8513  8508  8490  8499  8441
TBILIS 1984 11 08 1  8479  8477  8466  8507  8513  8487  8461  8470  8514  8521  8498  8509
TBILIS 1984 11 08 2  8488  8511  8493  8523  8517  8520  8505  8442  8448  8443  8424  8402
TBILIS 1984 11 09 1  8433  8429  8425  8472  8483  8458  8492  8520  8497  8521  8510  8474
TBILIS 1984 11 09 2  8506  8478  8463  8477  8458  8504  8471  8413  8434  8434  8450  8413
TBILIS 1984 11 10 1  8433  8471  8490  8479  8462  8488  8505  8443  8457  8455  8467  8482
TBILIS 1984 11 10 2  8491  8515  8511  8492  8513  8511  8506  8533  8500  8491  8497  8480
TBILIS 1984 11 11 1  8496  8480  8480  8458  8446  8504  8501  8462  8460  8480  8467  8489
TBILIS 1984 11 11 2  8500  8507  8528  8507  8484  8485  8544  8520  8461  8497  8448  8443
TBILIS 1984 11 12 1  8461  8454  8451  8486  8503  8508  8488  8504  8555  8519  8559  8591
TBILIS 1984 11 12 2  8556  8554  8520  8541  8573  8599  8568  8546  8593  8562  8516  8562
TBILIS 1984 11 13 1  8516  8520  8537  8548  8568  8557  8538  8526  8577  8564  8613  8632
TBILIS 1984 11 13 2  8604  8647  8595  8593  8587  8555  8547  8538  8526  8514  8494  8473
TBILIS 1984 11 14 1  8455  8453  8468  8490  8514  8510  8511  8513  8532  8556  8574  8593
TBILIS 1984 11 14 2  8568  8559  8544  8503  8538  8511  8517  8517  8439  8379  8401  8326
TBILIS 1984 11 15 1  8319  8403  8404  8422  8402  8449  8451  8428  8401  8423  8455  8500
TBILIS 1984 11 15 2  8522  8482  8500  8445  8507  8495  8467  8443  8444  8438  8427  8422
TBILIS 1984 11 16 1  8409  8348  8384  8388  8480  8489  8545  8535  8558  8629  8604  8629
TBILIS 1984 11 16 2  8602  8621  8565  8508  8534  8553  8441  8493  8472  8447  8465  8472
TBILIS 1984 11 17 1  8466  8456  8436  8430  8424  8426  8461  8432  8473  8483  8514  8566
TBILIS 1984 11 17 2  8547  8553  8554  8543  8526  8499  8470  8480  8465  8445  8442  8432
TBILIS 1984 11 18 1  8424  8404  8433  8421  8433  8390  8358  8380  8417  8400  8447  8432
TBILIS 1984 11 18 2  8416  8446  8386  8387  8402  8372  8375  8341  8368  8344  8349  8344
TBILIS 1984 11 19 1  8356  8397  8382  8375  8387  8423  8417  8383  8384  8394  8416  8416
TBILIS 1984 11 19 2  8427  8383  8424  8445  8414  8396  8437  8417  8396  8408  8412  8383
TBILIS 1984 11 20 1  8397  8425  8402  8409  8466  8427  8431  8447  8474  8485  8484  8500
TBILIS 1984 11 20 2  8513  8492  8512  8437  8436  8362  8372  8366  8361  8388  8401  8388
TBILIS 1984 11 21 1  8392  8388  8389  8426  8434  8377  8427  8403  8419  8409  8409  8423
TBILIS 1984 11 21 2  8469  8469  8521  8467  8527  8555  8485  8488  8460  8518  8474  8483
TBILIS 1984 11 22 1  8491  8473  8452  8441  8469  8481  8420  8437  8489  8504  8520  8522
TBILIS 1984 11 22 2  8508  8502  8505  8526  8553  8475  8486  8496  8532  8515  8485  8488
TBILIS 1984 11 23 1  8448  8486  8524  8479  8462  8464  8497  8464  8455  8500  8496  8526
TBILIS 1984 11 23 2  8542  8525  8512  8522  8527  8530  8524  8531  8532  8543  8530  8524
TBILIS 1984 11 24 1  8535  8522  8531  8501  8519  8486  8491  8474  8485  8513  8520  8507
TBILIS 1984 11 24 2  8488  8473  8468  8519  8530  8540  8551  8560  8523  8542  8570  8557
TBILIS 1984 11 25 1  8551  8533  8483  8523  8538  8495  8509  8508  8512  8533  8509  8539
TBILIS 1984 11 25 2  8565  8555  8547  8535  8563  8510  8546  8615  8605  8614  8587  8572
TBILIS 1984 11 26 1  8578  8526  8582  8548  8526  8538  8544  8506  8476  8502  8506  8478
TBILIS 1984 11 26 2  8500  8512  8530  8559  8548  8527  8531  8555  8558  8624  8579  8591
TBILIS 1984 11 27 1  8574  8556  8537  8518  8536  8518  8472  8489  8530  8543  8584  8573
TBILIS 1984 11 27 2  8588  8594  8596  8618  8653  8619  8604  8636  8582  8596  8552  8545
TBILIS 1984 11 28 1  8583  8547  8567  8532  8500  8555  8531  8551  8599  8626  8653  8673
TBILIS 1984 11 28 2  8679  8688  8690  8638  8695  8712  8690  8725  8704  8709  8723  8639
TBILIS 1984 11 29 1  8651  8605  8604  8621  8630  8545  8604  8602  8582  8665  8621  8646
TBILIS 1984 11 29 2  8559  8652  8680  8644  8621  8664  8628  8544  8613  8624  8614  8567
TBILIS 1984 11 30 1  8559  8586  8618  8497  8510  8528  8576  8562  8553  8557  8575  8590
TBILIS 1984 11 30 2  8531  8502  8516  8454  8469  8404  8429  8385  8375  8343  8355  8372
TBILIS 1984 11 31 1 99999 99999 99999 99999 99999 99999 99999 99999 99999 99999 99999 99999
TBILIS 1984 11 31 2 99999 99999 99999 99999 99999 99999 99999 99999 99999 99999 99999 99999
Cosmic-Ray Neutron Monitor Data (Hourly, Pressure-Corrected and Scale-Adjusted Counts)
Collections: WDC for Cosmic Rays, Solar-Terrestrial Environment Laboratory, Nagoya Univ.
Data Access: http://center.stelab.nagoya-u.ac.jp/WDCCR/index.html
Project: ICSU WDC
Citation: WDC for Cosmic Rays, Solar-Terrestrial Environment Laboratory, Nagoya University
Station ID: TBILIS
Station:  TBILISI,GIORGIA,INSTITUT GEOPHYSIKY (IG), GIORGIAN ACADEMY OF SCIENCES,GIORGIA 
Instrument: 18-NM-64 NEUTRON MONITOR, CORRECTED FOR PRESSURE TO 950.0 MB, COEF. = -0.69 %/MB
Latitude (deg.):   41.72  Longitude (deg.):   44.80  Altitude (m):  510.00
Cut-Off Rigidity (GV):    6.66
Year: 1984  Month:  12
Scaling Factor (SF):    64.0   Constant (CONST):     0.0  Real Counts = (DATA + CONST)*SF
Temporal Resolution: 1 hour
UTC Start Hour:     0.0
                                                                                
                                                        
Monthly Average:  8506.5
Updated (YYYY MM DD): 1987 07 15
*******************************************************************************************
ID     YYYY MM DD 1     0     1     2     3     4     5     6     7     8     9    10    11
ID     YYYY MM DD 2    12    13    14    15    16    17    18    19    20    21    22    23
*******************************************************************************************
TBILIS 1984 12 01 1  8360  8414  8459  8448  8422  8448  8462  8459  8452  8466  8490  8490
TBILIS 1984 12 01 2  8502  8428  8475  8485  8513  8485  8485  8485  8465  8425  8426  8490
TBILIS 1984 12 02 1  8477  8514  8520  8534  8490  8518  8505  8476  8542  8511  8533  8573
TBILIS 1984 12 02 2  8529  8527  8537  8510  8497  8485  8438  8484  8453  8431  8476  8377
TBILIS 1984 12 03 1  8419  8404  8416  8421  8398  8394  8402  8399  8450  8406  8440  8438
TBILIS 1984 12 03 2  8436  8407  8428  8452  8444  8425  8437  8418  8457  8455  8404  8429
TBILIS 1984 12 04 1  8428  8440  8416  8409  8412  8404  8420  8475  8453  8471  8490  8475
TBILIS 1984 12 04 2  8517  8518  8496  8481  8474  8455  8437  8420  8436  8426  8406  8390
TBILIS 1984 12 05 1  8394  8382  8409  8428  8417  8444  8457  8442  8493  8449  8479  8494
TBILIS 1984 12 05 2  8505  8503  8507 99999 99999  8474  8536  8485  8496  8471  8467  8402
TBILIS 1984 12 06 1  8437  8437  8443  8449  8496  8485  8475  8470  8432  8451  8482  8493
TBILIS 1984 12 06 2  8478  8456  8432  8454  8455  8468  8456  8462  8410  8433  8440  8432
TBILIS 1984 12 07 1  8453  8468  8500  8480  8466  8456  8541  8456  8481  8533  8600  8607
TBILIS 1984 12 07 2  8585  8598  8591  8535  8508  8507  8499  8530  8567  8536  8542  8499
TBILIS 1984 12 08 1  8515  8494  8505  8513  8496  8509  8482  8465  8489  8534  8515  8532
TBILIS 1984 12 08 2  8532  8530  8545  8503  8498  8536  8525  8542  8543  8506  8505  8497
TBILIS 1984 12 09 1  8528  8480  8525  8523  8491  8513  8493  8504  8496  8514  8546  8505
TBILIS 1984 12 09 2  8546  8558  8567  8542  8559  8592  8610  8612  8540  8547  8513  8537
TBILIS 1984 12 10 1  8522  8528  8509  8547  8538  8537  8504  8511  8497  8540  8598  8574
TBILIS 1984 12 10 2  8562  8570  8582  8633  8600  8611  8623  8608  8618  8586  8570  8584
TBILIS 1984 12 11 1  8553  8535  8567  8559  8533  8480  8500  8486  8536  8542  8576  8586
TBILIS 1984 12 11 2  8563  8609  8628  8618  8602  8564  8576  8533  8515  8516  8519  8524
TBILIS 1984 12 12 1  8488  8474  8489  8523  8541  8471  8467  8487  8493  8488  8533  8527
TBILIS 1984 12 12 2  8555  8575  8544  8535  8569  8547  8510  8576  8527  8565  8548  8521
TBILIS 1984 12 13 1  8532  8520  8497  8489  8480  8430  8462  8457  8474  8535  8540  8590
TBILIS 1984 12 13 2  8582  8605  8575  8598  8607  8581  8573  8581  8566  8536  8553  8521
TBILIS 1984 12 14 1  8527  8539  8564  8546  8572  8568  8560  8575  8540  8600  8604  8597
TBILIS 1984 12 14 2  8598  8565  8583  8599  8573  8556  8553  8531  8497  8538  8558  8502
TBILIS 1984 12 15 1  8537  8505  8474  8499  8528  8505  8493  8490  8468  8537  8523  8519
TBILIS 1984 12 15 2  8498  8498  8481  8461  8461  8481  8442  8442  8456  8422  8500  8460
TBILIS 1984 12 16 1  8419  8434  8422  8428  8425  8466  8478  8420  8443  8516  8497  8495
TBILIS 1984 12 16 2  8498  8490  8476  8476  8487  8525  8515  8497  8498  8504  8497  8476
TBILIS 1984 12 17 1  8469  8475  8491  8515  8497  8463  8419  8497  8473  8500  8565  8567
TBILIS 1984 12 17 2  8558  8549  8553  8521  8543  8542  8523  8541  8482  8463  8486  8508
TBILIS 1984 12 18 1  8504  8463  8509  8483  8478  8530  8506  8505  8467  8494  8546  8552
TBILIS 1984 12 18 2  8595  8586  8592  8551  8580  8528  8574  8578  8500  8566  8522  8475
TBILIS 1984 12 19 1  8479  8498  8475  8497  8507  8513  8502  8479  8520  8527  8525  8518
TBILIS 1984 12 19 2  8520  8524  8520  8534  8545  8571  8555  8539  8527  8537  8522  8543
TBILIS 1984 12 20 1  8494  8499  8526  8545  8507  8555  8526  8529  8538  8527  8563  8541
TBILIS 1984 12 20 2  8532  8565  8570  8582  8547  8591  8564  8572  8563  8557  8577  8544
TBILIS 1984 12 21 1  8530  8525  8548  8568  8602  8570  8602  8572  8559  8560  8620  8617
TBILIS 1984 12 21 2  8605  8607  8643  8592  8569  8558  8524  8554  8593  8550  8564  8487
TBILIS 1984 12 22 1  8540  8515  8479  8500  8498  8503  8486  8485  8485  8493  8503  8536
TBILIS 1984 12 22 2  8554  8559  8583  8584  8589  8560  8596  8569  8585  8580  8562  8576
TBILIS 1984 12 23 1  8520  8547  8547  8505  8498  8509  8466  8467  8510  8570  8555  8590
TBILIS 1984 12 23 2  8603  8610  8588  8599  8579  8604  8554  8615  8581  8562  8562  8524
TBILIS 1984 12 24 1  8518  8532  8542  8528  8544  8566  8507  8504  8532  8492  8511  8537
TBILIS 1984 12 24 2  8542  8513  8506  8538  8536  8560  8542  8519  8478  8485  8504  8501
TBILIS 1984 12 25 1  8446  8442  8459  8510  8514  8524  8525  8518  8541  8501  8525  8527
TBILIS 1984 12 25 2  8504  8526  8517  8501  8509  8499  8507  8490  8458  8474  8466  8436
TBILIS 1984 12 26 1  8467  8479  8500  8492  8554  8550  8516  8518  8529  8542  8565  8592
TBILIS 1984 12 26 2  8552  8548  8526  8492  8470  8497  8483  8524  8457  8503  8501  8496
TBILIS 1984 12 27 1  8496  8531  8465  8472  8435  8466  8411  8374  8413  8447  8457  8467
TBILIS 1984 12 27 2  8461  8565  8553  8490  8502  8503  8517  8466  8439  8477  8481  8471
TBILIS 1984 12 28 1  8486  8497  8505  8486  8483  8459  8457  8455  8488  8481  8483  8494
TBILIS 1984 12 28 2  8468  8543  8479  8474  8488  8503  8504  8449  8465  8436  8494  8432
TBILIS 1984 12 29 1  8465  8464  8439  8435  8423  8458  8454  8448  8421  8472  8467  8464
TBILIS 1984 12 29 2  8413  8401  8376  8384  8368  8396  8369  8338  8376  8345  8357  8331
TBILIS 1984 12 30 1  8341  8356  8330  8367  8392  8481  8476  8508  8512  8504  8526  8567
TBILIS 1984 12 30 2  8562  8503  8519  8505  8542  8550  8576  8545  8535  8526  8529  8494
TBILIS 1984 12 31 1  8503  8496  8511  8462  8475  8477  8496  8517  8482  8531  8530  8537
TBILIS 1984 12 31 2  8572  8534  8559  8604  8581  8572  8566  8547  8586  8557  8561  8525
