Cosmic-Ray Neutron Monitor Data (Hourly, Pressure-Corrected and Scale-Adjusted Counts)
Collections: WDC for Cosmic Rays, Solar-Terrestrial Environment Laboratory, Nagoya Univ.
Data Access: http://center.stelab.nagoya-u.ac.jp/WDCCR/index.html
Project: ICSU WDC
Citation: WDC for Cosmic Rays, Solar-Terrestrial Environment Laboratory, Nagoya University
Station ID: TBILIS
Station:  TBILISI,GIORGIA,INSTITUT GEOPHYSIKY (IG), GIORGIAN ACADEMY OF SCIENCES,GIORGIA 
Instrument: 18-NM-64 NEUTRON MONITOR, CORRECTED FOR PRESSURE TO 950.0 MB, COEF. = -0.69 %/MB
Latitude (deg.):   41.72  Longitude (deg.):   44.80  Altitude (m):  510.00
Cut-Off Rigidity (GV):    6.66
Year: 1987  Month:   1
Scaling Factor (SF):    64.0   Constant (CONST):     0.0  Real Counts = (DATA + CONST)*SF
Temporal Resolution: 1 hour
UTC Start Hour:     0.0
EFFICIENCY = 100.0 %, FILE WAS PREPARED IN WDC B2                               
                                                        
Monthly Average:  9004.8
Updated (YYYY MM DD): 1989 02 03
*******************************************************************************************
ID     YYYY MM DD 1     0     1     2     3     4     5     6     7     8     9    10    11
ID     YYYY MM DD 2    12    13    14    15    16    17    18    19    20    21    22    23
*******************************************************************************************
TBILIS 1987 01 01 1  8824  8877  8889  8878  8897  8902  8890  8866  8880  8933  8962  8933
TBILIS 1987 01 01 2  9000  8988  8984  8982  8949  8976  8958  8956  8952  8966  8963  8981
TBILIS 1987 01 02 1  8955  8974  8963  8972  8947  8975  9001  8977  8960  9007  9042  9026
TBILIS 1987 01 02 2  9000  9014  9034  9051  9024  9058  9070  8988  9018  9026  8980  9005
TBILIS 1987 01 03 1  8998  9010  8949  8962  8921  8970  8912  8926  8911  8949  8985  8948
TBILIS 1987 01 03 2  8976  9006  8977  8972  8990  8982  8988  9004  9010  8991  8950  8943
TBILIS 1987 01 04 1  8952  8947  8941  8944  8908  8942  8946  8949  8972  8981  9017  9072
TBILIS 1987 01 04 2  9037  9049  9039  9040  9064  9099  9088  9046  9067  9089  9073  9039
TBILIS 1987 01 05 1  9018  9031  9015  9004  9023  9021  9013  9009  8978  9037  9065  9065
TBILIS 1987 01 05 2  9077  9042  9044  9063  9079  9062  9041  9057  9057  9048  9002  9040
TBILIS 1987 01 06 1  9018  9000  8987  9006  8987  9017  8990  8991  8999  8993  8995  9001
TBILIS 1987 01 06 2  8985  8998  8976  9001  8979  8948  8956  8973  8945  8967  8975  8971
TBILIS 1987 01 07 1  8959  8993  8972  8963  8979  8961  8936  8942  8957  8995  8979  9016
TBILIS 1987 01 07 2  9005  8970  8989  8968  8967  8973  8972  8983  8948  8885  8912  8931
TBILIS 1987 01 08 1  8890  8927  8936  8941  8953  8936  8993  8939  8948  9018  9009  9016
TBILIS 1987 01 08 2  9022  9021  9072  9057  9055  9065  9063  9040  9052  9010  9036  8978
TBILIS 1987 01 09 1  8996  8959  8950  8924  8982  8923  8938  8943  9006  8982  9057  9068
TBILIS 1987 01 09 2  9021  9073  9082  9094  9080  9058  9050  9077  9074  9078  9029  9036
TBILIS 1987 01 10 1  9074  9078  9082  9078  9065  9059  9000  9043  9104  9091  9108  9104
TBILIS 1987 01 10 2  9116  9161  9120  9157  9124  9109  9020  9016  9029  9019  9020  8985
TBILIS 1987 01 11 1  8962  8971  9006  8972  8967  8975  8978  8958  8939  8924  8905  8901
TBILIS 1987 01 11 2  8929  8892  8900  8900  8914  8886  8896  8888  8887  8900  8888  8890
TBILIS 1987 01 12 1  8875  8904  8916  8957  8947  8923  8938  8939  8910  8952  8969  8991
TBILIS 1987 01 12 2  8993  8983  8982  9013  9010  8993  8976  9022  8986  9018  9022  9009
TBILIS 1987 01 13 1  8969  8956  8998  9006  8997  8986  8963  8960  8946  8997  8946  8976
TBILIS 1987 01 13 2  8963  9030  8976  8981  8971  9000  9008  8991  9050  9038  9040  9019
TBILIS 1987 01 14 1  9013  9002  9031  9007  8999  9001  8990  8982  8952  8930  9018  9031
TBILIS 1987 01 14 2  8985  9032  9031  9005  9051  9002  9001  8984  9008  8993  8983  9003
TBILIS 1987 01 15 1  8995  8974  8984  8956  8985  8970  9018  8984  8948  8975  9019  8998
TBILIS 1987 01 15 2  8977  9003  8992  8987  9007  9012  8976  9005  8996  9023  9001  9016
TBILIS 1987 01 16 1  9020  9018  9001  8963  8978  8969  8950  8964  8952  9010  9007  9013
TBILIS 1987 01 16 2  9053  9047  9042  9053  9086  9040  9078  9024  9038  9037  9053  9050
TBILIS 1987 01 17 1  9063  9068  9045  9059  9061  9008  9012  8984  8979  8984  8982  8933
TBILIS 1987 01 17 2  8944  8982  8984  8986  8994  9048  9067  9039  9025  9018  9027  8997
TBILIS 1987 01 18 1  9023  9015  9011  8979  8973  8983  8932  8946  8954  9009  8980  8991
TBILIS 1987 01 18 2  9043  9063  9069  9049  9114  9073  9045  9046  9034  9042  9037  9049
TBILIS 1987 01 19 1  9023  9030  9038  9019  9007  8977  8990  8969  8974  8978  8966  8997
TBILIS 1987 01 19 2  8953  8970  8968  8956  8946  8925  8953  8947  8940  8927  8918  8883
TBILIS 1987 01 20 1  8892  8882  8891  8906  8867  8887  8908  8921  8921  8933  8947  8940
TBILIS 1987 01 20 2  8960  8938  8954  8957  8990  8956  8982  8928  8938  8939  8921  8964
TBILIS 1987 01 21 1  8893  8945  8920  8949  8941  8944  8937  8919  8976  8952  8984  8984
TBILIS 1987 01 21 2  9002  9006  8980  8994  9005  8978  9009  8955  8971  8999  8946  8975
TBILIS 1987 01 22 1  8970  8966  8968  8967  8934  8958  8946  8955  8964  8919  8969  8985
TBILIS 1987 01 22 2  9014  9043  9021  9029  9059  9056  9053  9070  9086  9071  9053  9042
TBILIS 1987 01 23 1  9042  8974  8982  9003  9010  8994  8982  8980 99999 99999 99999  9068
TBILIS 1987 01 23 2  9093  9144  9119  9139  9131  9130  9134  9108  9134  9123  9094  9106
TBILIS 1987 01 24 1  9123  9106  9106  9069  9038  9050  9096  9034  9035  9014  9038  9037
TBILIS 1987 01 24 2  9057  9038  9052  9032  9055  9083  9041  9034  9053  9011  9015  8964
TBILIS 1987 01 25 1  9007  8984  8972  8991  9003  8969  9044  8999  9021  8975  9012  9012
TBILIS 1987 01 25 2  9032  8989  9012  9028  9038  9035  9052  9057  9015  8984  9006  9022
TBILIS 1987 01 26 1  8971  8963  8983  8955  8974  8954  8973  8979  8976  8901  8932  8993
TBILIS 1987 01 26 2  9062  9113  9110  9093  9065  9094  9087  9089  9077  9041  9072  9028
TBILIS 1987 01 27 1  9026  9016  9030  9009  9031  9021  9031  8977  8979  9021  9086  9092
TBILIS 1987 01 27 2  9096  9113  9121  9143  9121  9161  9193  9131  9114  9111  9166  9173
TBILIS 1987 01 28 1  9102  9052  9039  9042  8973  8966  9025  9066  9018  8970  8993  8994
TBILIS 1987 01 28 2  9022  8978  9027  8993  8985  9042  8982  8951  8945  8934  8922  8919
TBILIS 1987 01 29 1  8909  8921  8922  8977  8968  8969  8982  9008  8983  9045  9067  9046
TBILIS 1987 01 29 2  9025  9052  9072  9104  9096  9102  9117  9121  9098  9086  9039  9028
TBILIS 1987 01 30 1  9033  9037  9049  9041  9002  9040  9000  8988  9025  9032  9060  8977
TBILIS 1987 01 30 2  9049  9014  9048  9079  9060  9095  9058  9056  9068  9081  9109  9078
TBILIS 1987 01 31 1  9073  9085  9139  9105  9123  9147  9109  9082  9054  9044  9062  9077
TBILIS 1987 01 31 2  9109  9062  8998  9007  9001  9030  9002  9002  9037  9043  9007  8968
Cosmic-Ray Neutron Monitor Data (Hourly, Pressure-Corrected and Scale-Adjusted Counts)
Collections: WDC for Cosmic Rays, Solar-Terrestrial Environment Laboratory, Nagoya Univ.
Data Access: http://center.stelab.nagoya-u.ac.jp/WDCCR/index.html
Project: ICSU WDC
Citation: WDC for Cosmic Rays, Solar-Terrestrial Environment Laboratory, Nagoya University
Station ID: TBILIS
Station:  TBILISI,GIORGIA,INSTITUT GEOPHYSIKY (IG), GIORGIAN ACADEMY OF SCIENCES,GIORGIA 
Instrument: 18-NM-64 NEUTRON MONITOR, CORRECTED FOR PRESSURE TO 950.0 MB, COEF. = -0.69 %/MB
Latitude (deg.):   41.72  Longitude (deg.):   44.80  Altitude (m):  510.00
Cut-Off Rigidity (GV):    6.66
Year: 1987  Month:   2
Scaling Factor (SF):    64.0   Constant (CONST):     0.0  Real Counts = (DATA + CONST)*SF
Temporal Resolution: 1 hour
UTC Start Hour:     0.0
EFFICIENCY = 100.0 %, FILE WAS PREPARED IN WDC B2                               
                                                        
Monthly Average:  9050.1
Updated (YYYY MM DD): 1989 02 03
*******************************************************************************************
ID     YYYY MM DD 1     0     1     2     3     4     5     6     7     8     9    10    11
ID     YYYY MM DD 2    12    13    14    15    16    17    18    19    20    21    22    23
*******************************************************************************************
TBILIS 1987 02 01 1  8970  8928  8959  8953  8956  8921  8912  8869  8909  8915  8936  8974
TBILIS 1987 02 01 2  8968  8956  9018  8980  8964  8952  8914  8929  8938  8906  8899  8871
TBILIS 1987 02 02 1  8903  8917  8886  8932  8943  8902  8993  8966  8936  8960  8984  9017
TBILIS 1987 02 02 2  8979  9003  9000  9015  9020  9076  9012  8981  8979  9014  9036  8978
TBILIS 1987 02 03 1  8983  8971  8974  8948  8956  8947  8952  8917  8952  8982  9030  9032
TBILIS 1987 02 03 2 99999 99999 99999  9029  9023  9055  9034  9027  9015  8986  8978  8986
TBILIS 1987 02 04 1  8986  8989  9020  9016  9031  9016  9017  9043  8965  8948  8983  8977
TBILIS 1987 02 04 2  8951  8969  9013  8984  9050  9026  8992  8994  9015  9026  9065  9010
TBILIS 1987 02 05 1  8991  9030  9044  9012  9019  9019  9010  9060  8996  9078  9074  9071
TBILIS 1987 02 05 2  9117  9094  9073  9067  9088  9081  9035  9013  9015  9048  9072  9052
TBILIS 1987 02 06 1  9052  9003  9029  9031  9016  8977  9003  8965  9022  8953  8996  9012
TBILIS 1987 02 06 2  8967  9012  9056  9020  8990  8982  9001  8979  8964  9005  9024  8980
TBILIS 1987 02 07 1  8997  9023  8997  8997  8983  8991  8961  8945  8939  8981  8976  8978
TBILIS 1987 02 07 2  8961  9005  9008  9025  9023  9027  8995  9025  8998  9011  9031  8998
TBILIS 1987 02 08 1  9004  8981  8955  8932  8934  8944  8965  8963  8957  9028  9054  9072
TBILIS 1987 02 08 2  9075  9077  9117  9120  9179  9179  9145  9122  9125  9096  9103  9127
TBILIS 1987 02 09 1  9090  9084  9063  9078  9057  9035  9071  9085  9078  9097  9135  9140
TBILIS 1987 02 09 2  9119  9117  9108  9110  9080  9079  9049  9019  9060  9051  9084  9086
TBILIS 1987 02 10 1  9031  9017  9084  9100  9096  9093  9078  9076  9125  9117  9114  9118
TBILIS 1987 02 10 2  9138  9148  9156  9047  9040  9069  9030  9026  9078  9020  9034  9060
TBILIS 1987 02 11 1  9018  9013  8988  9014  9007  8997  9017  9064  9057  9000  8974  9004
TBILIS 1987 02 11 2  9039  8991  9004  8991  9031  9019  9014  9004  9025  9008  8996  8951
TBILIS 1987 02 12 1  8998  9031  9040  9045  9035  9053  9056  9033  9030  9077  9085  9126
TBILIS 1987 02 12 2  9122  9190  9175  9119  9133  9143  9177  9139  9135  9141  9142  9089
TBILIS 1987 02 13 1  9102  9125  9110  9132  9123  9088  9065  9057  9045  9031  9056  9068
TBILIS 1987 02 13 2  9057  9079  9069  9063  9054  9053  9066  9052  9090  9094  9095  9076
TBILIS 1987 02 14 1  9060  9074  9045  9021  9014  9012  9038  8976  8994  8980  9012  9039
TBILIS 1987 02 14 2  9058  8997  9040  9026  9025  9027  9040  9068  9047  9072  9069  9012
TBILIS 1987 02 15 1  9055  9031  8996  9054  9020  9023  9011  9001  9011  8998  9014  8999
TBILIS 1987 02 15 2  8966  8987  9032  8966  9020  9034  9060  9048  9010  9035  9003  8993
TBILIS 1987 02 16 1  9005  9021  8994  8964  8998  8981  8963  9029  9020  9042  9019  9059
TBILIS 1987 02 16 2  9071  9001  9028  9025  9074  9047  9087  9069  9056  9066  9036  9004
TBILIS 1987 02 17 1  8991  9035  9010  9043  9041  8983  9018  9025  9021  9047  9065  9081
TBILIS 1987 02 17 2  9055  9074  9111  9093  9065  9118  9098  9091  9109  9055  9081  9073
TBILIS 1987 02 18 1  9009  9046  9070  9100  9026  9026  9051  9074  9068  9096  9076  9082
TBILIS 1987 02 18 2  9100  9143  9144  9088  9120  9074  9089  9070  9109  9090  9076  9089
TBILIS 1987 02 19 1  9067  9071  9106  9096  9081  9049  9067  9106  9052  9091  9107  9076
TBILIS 1987 02 19 2  9117  9115  9119  9149  9132  9122  9106  9112  9100  9077  9077  9084
TBILIS 1987 02 20 1  9065  9068  9080  9054  9018  8982  9010  9008  8994  9041  9125  9074
TBILIS 1987 02 20 2  9086  9068  9052  9003  9070  9018  9046  9018  9062  9037  9041  9053
TBILIS 1987 02 21 1  9044  9037  9074  9053  9007  9024  9047  9058  9092  9069  9124  9105
TBILIS 1987 02 21 2  9090  9117  9071  9110  9035  9091  9074  9104  9070  9068  9097  9056
TBILIS 1987 02 22 1  9021  9041  9047  9020  9071  9058  9032  9018  9093  9071  9069  9061
TBILIS 1987 02 22 2  9076  9010  9057  9122  9037  9057  9064  9012  9026  8993  8994  9002
TBILIS 1987 02 23 1  9018  9029  9026  8998  9018  9059  9053  9035  9036  9070  9100  9102
TBILIS 1987 02 23 2  9094  9134  9104  9120  9125  9130 99999 99999  9140  9144  9142  9122
TBILIS 1987 02 24 1  9161  9152  9132  9129  9165  9142  9121 99999 99999  9174  9185  9191
TBILIS 1987 02 24 2  9211 99999 99999  9208  9233  9235  9209  9240  9251  9230  9219  9208
TBILIS 1987 02 25 1  9214  9189  9177  9188  9214  9170  9199  9229  9227  9253  9292 99999
TBILIS 1987 02 25 2 99999 99999  9205  9158  9208  9172  9186  9160  9124  9133  9125  9155
TBILIS 1987 02 26 1  9154  9094  9125  9100  9120  9101  9064  9061  9051  9059  9061  9057
TBILIS 1987 02 26 2  9065  9081  9066  9074  9079  9055  9098  9079  9071 99999 99999 99999
TBILIS 1987 02 27 1 99999 99999 99999 99999 99999 99999 99999  9002  8974  9006  8995  9032
TBILIS 1987 02 27 2  9008  9037  9013  9064  9082  9105  9091  9079  9054  9055  9058  9023
TBILIS 1987 02 28 1  9056  9019  9047  9075  9097  9027  9057  8987  8998  9014  9022  9029
TBILIS 1987 02 28 2  9045  9037  9068  9095  9065  9083  9071  9077  9018  9013  8967  9033
TBILIS 1987 02 29 1 99999 99999 99999 99999 99999 99999 99999 99999 99999 99999 99999 99999
TBILIS 1987 02 29 2 99999 99999 99999 99999 99999 99999 99999 99999 99999 99999 99999 99999
TBILIS 1987 02 30 1 99999 99999 99999 99999 99999 99999 99999 99999 99999 99999 99999 99999
TBILIS 1987 02 30 2 99999 99999 99999 99999 99999 99999 99999 99999 99999 99999 99999 99999
TBILIS 1987 02 31 1 99999 99999 99999 99999 99999 99999 99999 99999 99999 99999 99999 99999
TBILIS 1987 02 31 2 99999 99999 99999 99999 99999 99999 99999 99999 99999 99999 99999 99999
Cosmic-Ray Neutron Monitor Data (Hourly, Pressure-Corrected and Scale-Adjusted Counts)
Collections: WDC for Cosmic Rays, Solar-Terrestrial Environment Laboratory, Nagoya Univ.
Data Access: http://center.stelab.nagoya-u.ac.jp/WDCCR/index.html
Project: ICSU WDC
Citation: WDC for Cosmic Rays, Solar-Terrestrial Environment Laboratory, Nagoya University
Station ID: TBILIS
Station:  TBILISI,GIORGIA,INSTITUT GEOPHYSIKY (IG), GIORGIAN ACADEMY OF SCIENCES,GIORGIA 
Instrument: 18-NM-64 NEUTRON MONITOR, CORRECTED FOR PRESSURE TO 950.0 MB, COEF. = -0.69 %/MB
Latitude (deg.):   41.72  Longitude (deg.):   44.80  Altitude (m):  510.00
Cut-Off Rigidity (GV):    6.66
Year: 1987  Month:   3
Scaling Factor (SF):    64.0   Constant (CONST):     0.0  Real Counts = (DATA + CONST)*SF
Temporal Resolution: 1 hour
UTC Start Hour:     0.0
EFFICIENCY = 100.0 %, FILE WAS PREPARED IN WDC B2                               
                                                        
Monthly Average:  9075.3
Updated (YYYY MM DD): 1989 02 03
*******************************************************************************************
ID     YYYY MM DD 1     0     1     2     3     4     5     6     7     8     9    10    11
ID     YYYY MM DD 2    12    13    14    15    16    17    18    19    20    21    22    23
*******************************************************************************************
TBILIS 1987 03 01 1  9037  9017  8995  9024  9028  8978  8980  9012  8955  8994  9056  9035
TBILIS 1987 03 01 2  9069  9061  9075  9088  9107  9067  9071  9056  9061  9002  9025  9043
TBILIS 1987 03 02 1  9051  9037  9009  9024  9035  9054  8990  9062  9072  9051  9089  9122
TBILIS 1987 03 02 2  9063  9053  9084  9116  9107  9103  9086  9083  9092  9092  9072  9061
TBILIS 1987 03 03 1  9092  9073  9063  9068  9031  9058  9095  9097  9101  9100  9084  9091
TBILIS 1987 03 03 2  9125  9103  9144  9103  9092  9130  9108  9086  9078  9062  9024  9077
TBILIS 1987 03 04 1  9104  9061  9057  9052  9045  9061  9069  9078  9093  9119  9095  9091
TBILIS 1987 03 04 2  9070  9091  9126  9099  9098  9071  9118  9134  9077  9101  9107  9107
TBILIS 1987 03 05 1  9078  9095  9053  9099  9084  9084  9060  9055  9066  9080  9096  9111
TBILIS 1987 03 05 2  9165  9142  9135  9126  9147  9126  9117  9133  9106  9110  9059  9070
TBILIS 1987 03 06 1  9026  9102  9044  9045  9082  9044  9103  9085  9082  9123  9129  9095
TBILIS 1987 03 06 2  9113  9068  9107  9100  9122  9084  9074  9052  9075  9108  9129  9082
TBILIS 1987 03 07 1  9118  9102  9073  9063  9040  9042  9077  9109  9102  9060  9080  9074
TBILIS 1987 03 07 2  9087  9081  9078  9046  9037  9040  9091  9074  9068  9064  9069  9011
TBILIS 1987 03 08 1  9051  9053  9039  9056  9017  9033  9018  9040  9066  9059  9046  9045
TBILIS 1987 03 08 2  9059  9095  9038  9033  9038  9060  9059  9078  9073  9093  9096  9085
TBILIS 1987 03 09 1  9098  9135  9100  9110  9133  9139  9075  9075  9061  9089  9081  9072
TBILIS 1987 03 09 2  9076  9080  9121  9050  9059  9093  9125  9068  9081  9113  9056  9055
TBILIS 1987 03 10 1  9115  9100  9093  9126  9097  9079  9074  9039  9053  9043  9133  9107
TBILIS 1987 03 10 2  9094  9136  9162  9111  9094  9133  9127  9103  9141  9146  9102  9129
TBILIS 1987 03 11 1  9104  9110  9117  9092  9084  9071  9112  9086  9076  9085  9067  9084
TBILIS 1987 03 11 2  9099  9096  9097  9073  9070  9057  9082  9142  9118  9115  9101  9089
TBILIS 1987 03 12 1  9132  9133  9146  9125  9144  9141  9082  9118  9114  9131  9144  9148
TBILIS 1987 03 12 2  9144  9123  9170  9161  9191  9204  9191  9168  9169  9160  9187  9129
TBILIS 1987 03 13 1  9095  9105  9099  9098  9073  9093  9038  9044  9111  9117  9112  9118
TBILIS 1987 03 13 2  9131  9173  9157  9176  9162  9224  9140  9160  9172  9149  9145  9169
TBILIS 1987 03 14 1  9170  9129  9167  9135  9116  9111  9091  9096  9093 99999 99999 99999
TBILIS 1987 03 14 2  9095  9152  9168  9166  9134  9140  9166  9152  9147  9158  9130  9138
TBILIS 1987 03 15 1  9176  9161  9141  9088  9078  9063  9061  9067  9109  9080  9096  9100
TBILIS 1987 03 15 2  9110  9088  9063  9067  9049  9080  9049  9060  9063  9070  9084  9076
TBILIS 1987 03 16 1  9068  9057  9083  9023  9058  9049  9041  9045  9087  9096  9120  9133
TBILIS 1987 03 16 2  9151  9150  9108  9059  9052  9073  9005  9052  9044  9042  9015  9023
TBILIS 1987 03 17 1  9050  9049  9010  9041  9014  9102  9106  9076  9082  9065  9075  9083
TBILIS 1987 03 17 2  9096  9155  9139  9131  9136  9127  9131  9156  9109  9091  9100  9092
TBILIS 1987 03 18 1  9067  9085  9070  9076  9093  9045  9089  9089  9043  9038  9037  9062
TBILIS 1987 03 18 2  9089  9103  9104  9109  9173  9133  9123  9099  9135  9102  9099  9105
TBILIS 1987 03 19 1  9118  9157  9130  9104  9111  9097  9090  9104  9111  9110  9200  9208
TBILIS 1987 03 19 2  9201  9247  9266  9225  9216  9209  9214  9201  9229  9200  9155  9149
TBILIS 1987 03 20 1  9134  9126  9124  9108  9110  9081  9096  9099  9108  9087  9122  9122
TBILIS 1987 03 20 2  9121  9144  9169  9173  9133  9140  9109  9121  9164  9150  9129  9107
TBILIS 1987 03 21 1  9064  9069  9103  9061  9056  9072  9052  9056  9081  9040  9062  9055
TBILIS 1987 03 21 2  9078  9054  9111  9129  9122  9101  9060  9049  8985  8985  9000  9013
TBILIS 1987 03 22 1  9017  9023  9040  9007  9087  9042  9018  9037  9047  9100  9089  9081
TBILIS 1987 03 22 2  9067  9104  9083  9076  9034  9039  9075  9064  9065  9067  9048  9024
TBILIS 1987 03 23 1  9065  9072  9033  9039  9061  8994  9008  8990  8987  9017  9018  9025
TBILIS 1987 03 23 2  9002  8976  9031  9066  9060  9057  9052  9071  9072  9045  9010  9001
TBILIS 1987 03 24 1  8989  8994  9001  9023  9039  9015  8980  8968  8983  9005  9024  9023
TBILIS 1987 03 24 2  9025  9048  9056  9083  9052  9049  9096  9096  9067  9065  9059  9059
TBILIS 1987 03 25 1  9006  8995  8995  9022  8994  8976  8994  9006  9036  9037  9040  9058
TBILIS 1987 03 25 2  9046  9117  9138  9078  9116  9127  9089  9084  9081  9093  9086  9097
TBILIS 1987 03 26 1  9106  9103  9079  9096  9083  9079  9095  9105  9126  9163  9118  9110
TBILIS 1987 03 26 2  9131  9118  9088  9120  9195  9166  9147  9121  9128  9104  9099  9077
TBILIS 1987 03 27 1  9081  9057  9043  9032  9014  8965  8975  8977  8982  8983  9031  9029
TBILIS 1987 03 27 2  9040  9016  9070  9079  9092  8986  8988  9026  8997  9061  9015  9017
TBILIS 1987 03 28 1  9003  9007  8990  8994  8965  8972  8976  8987  8990  9007  8986  9038
TBILIS 1987 03 28 2  9036  9031  9034  9073  9005  9010  9021  9009  9013  8996  9041  9040
TBILIS 1987 03 29 1  9010  8983  9015  9019  9026  9017  8958  8985  9023  8973  9004  9014
TBILIS 1987 03 29 2  9043  8991  9033  9019  9028  9024  9030  9048  9066  8988  9010  9004
TBILIS 1987 03 30 1  9046  8997  8996  9030  9026  9043  9016  9013  9009  8922  8986  8999
TBILIS 1987 03 30 2  9037  9000  8995  9042  9029  9031  9029  9044  9041  9034  8988  8964
TBILIS 1987 03 31 1  9009  8992  9052  9013  9050  9038  9010  8974  8986  9016  9003  8999
TBILIS 1987 03 31 2  9008  8998  9022  9011  9026  8982  9014  8995  9034  9013  9030  9021
Cosmic-Ray Neutron Monitor Data (Hourly, Pressure-Corrected and Scale-Adjusted Counts)
Collections: WDC for Cosmic Rays, Solar-Terrestrial Environment Laboratory, Nagoya Univ.
Data Access: http://center.stelab.nagoya-u.ac.jp/WDCCR/index.html
Project: ICSU WDC
Citation: WDC for Cosmic Rays, Solar-Terrestrial Environment Laboratory, Nagoya University
Station ID: TBILIS
Station:  TBILISI,GIORGIA,INSTITUT GEOPHYSIKY (IG), GIORGIAN ACADEMY OF SCIENCES,GIORGIA 
Instrument: 18-NM-64 NEUTRON MONITOR, CORRECTED FOR PRESSURE TO 950.0 MB, COEF. = -0.69 %/MB
Latitude (deg.):   41.72  Longitude (deg.):   44.80  Altitude (m):  510.00
Cut-Off Rigidity (GV):    6.66
Year: 1987  Month:   4
Scaling Factor (SF):    64.0   Constant (CONST):     0.0  Real Counts = (DATA + CONST)*SF
Temporal Resolution: 1 hour
UTC Start Hour:     0.0
EFFICIENCY = 100.0 %, FILE WAS PREPARED IN WDC B2                               
                                                        
Monthly Average:  9020.9
Updated (YYYY MM DD): 1989 02 03
*******************************************************************************************
ID     YYYY MM DD 1     0     1     2     3     4     5     6     7     8     9    10    11
ID     YYYY MM DD 2    12    13    14    15    16    17    18    19    20    21    22    23
*******************************************************************************************
TBILIS 1987 04 01 1  9014  9029  8999  8998  8975  8996  8988  8999  9015  8993  8980  8994
TBILIS 1987 04 01 2  8998  9024  9007  9007  9046  9004  9039  9044  9052  9080  9021  9028
TBILIS 1987 04 02 1  9037  9066  9023  9010  9029  8974  9017  9045  9081  9094  9086  9068
TBILIS 1987 04 02 2  9096  9127  9123  9112  9139  9113  9120  9100  9097  9093  9059  9063
TBILIS 1987 04 03 1  9095  9058  9057  9041  9015  8992  8986  9012  9018  9027  9040  9009
TBILIS 1987 04 03 2  9042  9018  9077  9070  9053  9054  9058  9060  9089  9133  9116  9093
TBILIS 1987 04 04 1  9114  9137  9109  9109  9105  9082  9029  9031  9011  9074  9078  9117
TBILIS 1987 04 04 2  9120  9169  9140  9154  9127  9097  9103  9098  9063  9043  9071  9054
TBILIS 1987 04 05 1  9049  9054  9014  9021  8990  9035  9027  8987  8993  9032  9061  9049
TBILIS 1987 04 05 2  9057  9071  9079  9138  9093  9037  9042  9024  9027  9037  9023  8986
TBILIS 1987 04 06 1  8967  8972  8980  8988  8967  8967  8945  8913  8943  8887  8868  8918
TBILIS 1987 04 06 2  8924  8978  8969  8985  9002  8984  8987  8992  9005  8968  9003  8986
TBILIS 1987 04 07 1  8975  9008  9025  8968  8968  8992  9024  8999  8997  9023  9010  9044
TBILIS 1987 04 07 2  9054  9055  9048  9047  9030  8991  9036  9056  9027  8982  9017  9023
TBILIS 1987 04 08 1  9006  9011  9030  8998  8976  9002  8994 99999 99999  9016  9113  9097
TBILIS 1987 04 08 2  9107  9174  9068  9056  9096  9049  9042  9044  9026  9052  9077  9035
TBILIS 1987 04 09 1  8992  9039  9015  9004  8975  8957  8969  8983  9004  9011  9021  9014
TBILIS 1987 04 09 2  9000  9027  9043  9044  9047  9023  9037  9054  9063  9058  9042  8998
TBILIS 1987 04 10 1  8995  8982  9038  9034  9012  9004  8980  9002  9009  9043  9020  9049
TBILIS 1987 04 10 2  9049  9098  9070  9096  9075  9058  9034  9009  9028  9028  9048  9001
TBILIS 1987 04 11 1  9014  9002  9008  8999  8975  8963  8996  8994  9036  9009  9036  9083
TBILIS 1987 04 11 2  9059  9076  9104  9107  9064  9100  9085  9048  9061  9047  9062  9049
TBILIS 1987 04 12 1  9035  9055  9033  9036  9045  9027  9033  9015  9033  9085  9132  9119
TBILIS 1987 04 12 2  9132  9117  9131  9098  9062  9078  9096  9093  9035  8982  9009  9013
TBILIS 1987 04 13 1  8995  8984  9014  8990  9070  9030  8965  8988  9017  9029  9048  9049
TBILIS 1987 04 13 2  9111  9087  9071  9093  9091  9083  9096  9077  9089  9058  9042  9025
TBILIS 1987 04 14 1  9058  9028  9053  9056  9037  8992  9031  9035  9048  9048  9076  9083
TBILIS 1987 04 14 2  9151  9106  9098  9163  9153  9179  9147  9192  9127  9082  9065  9075
TBILIS 1987 04 15 1  9065  9083  9087  9016  8986  8999  9006  9015  9041  9053  9064  9055
TBILIS 1987 04 15 2  9070  9063  9115  9066  9127  9051  9097  9089  9102  9056  9042  9040
TBILIS 1987 04 16 1  8993  9016  8974  9001  9004  9083  9078  8972  8925  8923  8890  9015
TBILIS 1987 04 16 2  9017  9013  9054  9014  9106  9062  9048  9051  9084  9108  9096  9086
TBILIS 1987 04 17 1  9114  9074  9110  9126  9110  9091  9066  9057  9040  9054  9040  9016
TBILIS 1987 04 17 2  9016  8989  8961  8988  8941  8929  8961  8958  8980  8957  8958  8954
TBILIS 1987 04 18 1  8933  8990  8989  8991  8953  8967  8998  8948  9013  8992  9022  9004
TBILIS 1987 04 18 2  9039  9017  9041  9030  9070  9032  9017  9006  9004  9015  9030  9052
TBILIS 1987 04 19 1  9008  9041  9085  9034  9033  8975  8942  8962  9037  9090  9096  9081
TBILIS 1987 04 19 2  9165  9149  9163  9158  9109  9100  8996  9051  9093  9030  9007  9016
TBILIS 1987 04 20 1  8968  9027  8979  8973  8967  8939  8943  9009  9007  9013  9033  9054
TBILIS 1987 04 20 2  9059  9001  9001  8968  8868  8894  8913  8895  8947  8946  8963  8951
TBILIS 1987 04 21 1  8935  8967  8944  8929  8926  8918  8948  8942  8948  8994  8993  8996
TBILIS 1987 04 21 2  9003  9046  9016  9029  8974  8944  8970  8920  8928  8923  8921  8896
TBILIS 1987 04 22 1  8895  8908  8914  8925  8903  8889  8925  8967  8998  8966  8988  8997
TBILIS 1987 04 22 2  8989  9012  9035  8997  9002  9053  8993  9002  9009  8975  9025  8983
TBILIS 1987 04 23 1  8957  8980  8940  8932  8944  8948  8961  8938  9001  9006  9042  9113
TBILIS 1987 04 23 2  9076  9046  9080  9083  9044  8986  8973  8998  8995  9004  8988  8958
TBILIS 1987 04 24 1  9058  9008  8964  8970  8961  8999  8986  8997  8977  8957  8991  9031
TBILIS 1987 04 24 2  9019  9020  9000  9008  8988  8971  8990  8994  8978  9004  8982  8975
TBILIS 1987 04 25 1  8974  8971  9006  8962  8999  8997  8952  8951  8979  8982  9028  9003
TBILIS 1987 04 25 2  9017  9022  9054  9059  9074  9032  9081  9058  9075  9040  9022  9032
TBILIS 1987 04 26 1  9038  8984  8960  8965  9009  8996  9056  9046  9044  9036  9028  9031
TBILIS 1987 04 26 2  9039  9050  9030  9047  9009  9005  8993  9019  9039  8988  8976  8960
TBILIS 1987 04 27 1  8977  8985  8959  8911  8948  8936  8930  8947  8938  9005  9033  9023
TBILIS 1987 04 27 2  9050  9015  9042  9018  9045  8981  8977  9011  8978  9033  9013  9001
TBILIS 1987 04 28 1  8994  8981  8991  9044  9010  8949  8995  8938  8970  8956  8971  8991
TBILIS 1987 04 28 2  8963  8989  8989  8994  9012  8982  8934  8940  8979  9032  8973  8948
TBILIS 1987 04 29 1  8958  8939  9012  8943  8901  8949  8978  8947  8976  8922  8930  8975
TBILIS 1987 04 29 2  9004  9011  9047  9035  9019  9042  9011  9019  9031  8996  9010  8995
TBILIS 1987 04 30 1  8984  8979  8953  8988  8939  8976  8977  8947  8981  8993  8986  9031
TBILIS 1987 04 30 2  9044  9009  9040  9062  9037  9025  9042  8962  8996  9008  8969  8959
TBILIS 1987 04 31 1 99999 99999 99999 99999 99999 99999 99999 99999 99999 99999 99999 99999
TBILIS 1987 04 31 2 99999 99999 99999 99999 99999 99999 99999 99999 99999 99999 99999 99999
Cosmic-Ray Neutron Monitor Data (Hourly, Pressure-Corrected and Scale-Adjusted Counts)
Collections: WDC for Cosmic Rays, Solar-Terrestrial Environment Laboratory, Nagoya Univ.
Data Access: http://center.stelab.nagoya-u.ac.jp/WDCCR/index.html
Project: ICSU WDC
Citation: WDC for Cosmic Rays, Solar-Terrestrial Environment Laboratory, Nagoya University
Station ID: TBILIS
Station:  TBILISI,GIORGIA,INSTITUT GEOPHYSIKY (IG), GIORGIAN ACADEMY OF SCIENCES,GIORGIA 
Instrument: 18-NM-64 NEUTRON MONITOR, CORRECTED FOR PRESSURE TO 950.0 MB, COEF. = -0.69 %/MB
Latitude (deg.):   41.72  Longitude (deg.):   44.80  Altitude (m):  510.00
Cut-Off Rigidity (GV):    6.66
Year: 1987  Month:   5
Scaling Factor (SF):    64.0   Constant (CONST):     0.0  Real Counts = (DATA + CONST)*SF
Temporal Resolution: 1 hour
UTC Start Hour:     0.0
EFFICIENCY = 100.0 %, FILE WAS PREPARED IN WDC B2                               
                                                        
Monthly Average:  9023.6
Updated (YYYY MM DD): 1989 02 03
*******************************************************************************************
ID     YYYY MM DD 1     0     1     2     3     4     5     6     7     8     9    10    11
ID     YYYY MM DD 2    12    13    14    15    16    17    18    19    20    21    22    23
*******************************************************************************************
TBILIS 1987 05 01 1  8930  8943  8934  8942  8906  8923  8938  8977  8956  9005  8982  8998
TBILIS 1987 05 01 2  8988  9012  8982  9006  9011  9007  8973  8995  8991  9015  8977  8947
TBILIS 1987 05 02 1  8989  8948  8954  8956  8967  8955  9013  9025  9068  9055  9038  9050
TBILIS 1987 05 02 2  9057  9070  9085  9061  9059  9033  9066  9041  9006  9007  9024  8998
TBILIS 1987 05 03 1  9006  9011  8960  8985  8942  8988  8942  8975  9010  8987  9029  9011
TBILIS 1987 05 03 2  9012  9044  9040  9063  9057  9041  9036  9042  9025  9040  9054  9053
TBILIS 1987 05 04 1  9049  9051  9015  8982  8968  8968  9010  8952  8981  8992  8995  9034
TBILIS 1987 05 04 2  9003  9032  9050  9084  9067  9067  9052  9039  9029  9019  9024  9004
TBILIS 1987 05 05 1  9016  9010  8982  8943  8944  8962  8987  8967  8960  9005  9023  9007
TBILIS 1987 05 05 2  9026  9050  9057  9107  9096  9118  9060  9047  9065  8996  9011  9030
TBILIS 1987 05 06 1  8989  9006  9015  8960  8965  8986  9036  9012  9036  9015  9023  9045
TBILIS 1987 05 06 2  9022  9068  9041  9096  9061  9054  9021  9033  9067  9025  9050  9031
TBILIS 1987 05 07 1  8999  8998  8960  8991  9038  9000  8996  9002  9011  9023  9037  9034
TBILIS 1987 05 07 2  9028  9033  9033  9021  9032  9050  9045  9044  8991  9056  9049  9016
TBILIS 1987 05 08 1  9051  9022  9053  9040  9050  9021  9030  9041  9057  9086  9061  9067
TBILIS 1987 05 08 2  9081  9105  9141  9151  9115  9078  9085  9098  9078  9084  9065  9037
TBILIS 1987 05 09 1  9017  9042  9028  9042  9008  9011  9015  9008  9027  9044  9068  9054
TBILIS 1987 05 09 2  9124  9038  9067  9111  9108  9092  9086  9052  9065  9062  9061  9048
TBILIS 1987 05 10 1  9072  9031  9042  8988  8983  8963  8983  8981  8997  9000  9017  9062
TBILIS 1987 05 10 2  9039  9044  9054  9059  9026  9023  9007  9039  8999  8945  8982  9011
TBILIS 1987 05 11 1  9013  9016  8993  8947  8956  9002  9008  9001  9004  9025  9061  9006
TBILIS 1987 05 11 2  9036  9043  9052  9034  9032  9060  9068  9073  9077  9068  9078  9074
TBILIS 1987 05 12 1  9043  9064  9027  9039  9014  9013  9029  9022  9086  9071  9049  9081
TBILIS 1987 05 12 2  9053  9071  9096  9105  9101  9098  9087  9084  9108  9083  9056  9062
TBILIS 1987 05 13 1  9092  9019  9024  9027  8993  9002  8988  9054  9005  9014  9039  9019
TBILIS 1987 05 13 2  9003  9004  8994  9018  9051  9067  9037  9016  9010  9040  8997  9005
TBILIS 1987 05 14 1  8978  8989  8989  8976  8993  8975  8997  8984  9011  9042  8998  9002
TBILIS 1987 05 14 2  8998  9017  9021  8975  8929  8981  8949  8979  8968  8993  8986  8946
TBILIS 1987 05 15 1  8965  8926  8989  8970  8962  8972  8978  8985  8946  8972  8972  8994
TBILIS 1987 05 15 2  9000  9027  9056  9031  9029  9032  9026  9018  9044  9033  9045  9041
TBILIS 1987 05 16 1  9035  9020  9032  8993  8978  9013  9005  8998  9050  9032  9024  9006
TBILIS 1987 05 16 2  9040  8990  9054  9028  9035  9051  9038  9038  9033  9053  9011  9025
TBILIS 1987 05 17 1  9005  9013  9026  8987  9007  8973  8988  8988  8989  9013  9038  9017
TBILIS 1987 05 17 2  9031  9039  9073  9109  9105  9037  9109  9067  9058  9074  9065  9033
TBILIS 1987 05 18 1  9031  9005  9034  8983  9021  9008  8954  8987  8977  8994  9040  9006
TBILIS 1987 05 18 2  9068  9052  9056  9122  9090  9093  9108  9095  9088  9105  9091  9033
TBILIS 1987 05 19 1  9043  9068  9044  9033  8994  9021  9022  9044  9033  9030  9015  9042
TBILIS 1987 05 19 2  9091  9045  9080  9093  9085  9105  9067  9055  9080  9073  9095  9085
TBILIS 1987 05 20 1  9074  9071  9040  9046  9022  9008  9065  9060  9085  9097  9108  9150
TBILIS 1987 05 20 2  9107  9099  9097  9148  9122  9094  9061  9080  9117  9112  9120  9139
TBILIS 1987 05 21 1  9136  9135  9090  9085  9058  9081  9069  9058  9059  9071  9087  9107
TBILIS 1987 05 21 2  9117  9135  9114  9083  9090  9093  9074  9042  9087  9074  9060  9033
TBILIS 1987 05 22 1  9048  9031  9058  9014  9013  9031  9048  9044  9021  9063  9064  9090
TBILIS 1987 05 22 2  9091  9087  9103  9143  9110  9104  9061  9090  9139  9076  9091  9112
TBILIS 1987 05 23 1  9040  9028  9036  9063  8990  9031  9050  9083  9074  9079  9120  9108
TBILIS 1987 05 23 2  9136  9145  9189  9204  9151  9161  9138  9100  9095  9079  9087  9070
TBILIS 1987 05 24 1  9071  9054  9023  9045  9066  9057  9085  9113  9129  9109  9161  9177
TBILIS 1987 05 24 2  9124  9137  9171  9157  9145  9140  9126  9159  9133  9085  9087  9057
TBILIS 1987 05 25 1  9078  9048  9063  9065  9085  9047  9068  9067  9056  9060  9055  9046
TBILIS 1987 05 25 2  9053  9059  9053  9028  9033  9007  9008  9053  9008  9052  9047  9043
TBILIS 1987 05 26 1  9031  9034  9051  8970  8957  8969  8979  8938  8933  8972  8966  8987
TBILIS 1987 05 26 2  9005  9017  9042  9068  9115  9027  9021  9064  9003  9064  8994  9028
TBILIS 1987 05 27 1  8962  8975  8987  9009  8980  8990  9002  9015  9045  9106  9114  9104
TBILIS 1987 05 27 2  9096  9112  9128  9082  9028  9046  9031  9029  9025  9000  8999  8993
TBILIS 1987 05 28 1  8991  9006  8988  8932  8977  8917  8922  8951  9000  8969  9021  9018
TBILIS 1987 05 28 2  9030  8973  8970  8974  8981  9019  8950  8955  8963  8987  8944  8890
TBILIS 1987 05 29 1  8896  8879  8899  8879  8916  8875  8889  8909  8910  8935  8930  8926
TBILIS 1987 05 29 2  8967  8959  8933  8911  8932  8919  8873  8873  8881  8880  8898  8918
TBILIS 1987 05 30 1  8890  8917  8880  8910  8858  8926  8954  8929  8991  8951  8960  8935
TBILIS 1987 05 30 2  8939  8971  8982  8902  8897  8896  8867  8876  8830  8879  8878  8874
TBILIS 1987 05 31 1  8878  8865  8858  8841  8822  8800  8873  8866  8877  8852  8927  8951
TBILIS 1987 05 31 2  8950  8971  8955  8990  8970  8989  8937  8889  8898  8872  8886  8867
Cosmic-Ray Neutron Monitor Data (Hourly, Pressure-Corrected and Scale-Adjusted Counts)
Collections: WDC for Cosmic Rays, Solar-Terrestrial Environment Laboratory, Nagoya Univ.
Data Access: http://center.stelab.nagoya-u.ac.jp/WDCCR/index.html
Project: ICSU WDC
Citation: WDC for Cosmic Rays, Solar-Terrestrial Environment Laboratory, Nagoya University
Station ID: TBILIS
Station:  TBILISI,GIORGIA,INSTITUT GEOPHYSIKY (IG), GIORGIAN ACADEMY OF SCIENCES,GIORGIA 
Instrument: 18-NM-64 NEUTRON MONITOR, CORRECTED FOR PRESSURE TO 950.0 MB, COEF. = -0.69 %/MB
Latitude (deg.):   41.72  Longitude (deg.):   44.80  Altitude (m):  510.00
Cut-Off Rigidity (GV):    6.66
Year: 1987  Month:   6
Scaling Factor (SF):    64.0   Constant (CONST):     0.0  Real Counts = (DATA + CONST)*SF
Temporal Resolution: 1 hour
UTC Start Hour:     0.0
EFFICIENCY = 100.0 %, FILE WAS PREPARED IN WDC B2                               
                                                        
Monthly Average:  8928.7
Updated (YYYY MM DD): 1989 02 03
*******************************************************************************************
ID     YYYY MM DD 1     0     1     2     3     4     5     6     7     8     9    10    11
ID     YYYY MM DD 2    12    13    14    15    16    17    18    19    20    21    22    23
*******************************************************************************************
TBILIS 1987 06 01 1  8882  8864  8829  8885  8835  8861  8884  8912  8893  8907  8940  8946
TBILIS 1987 06 01 2  8939  8918  8941  8968  8902  8919  8885  8890  8887  8888  8887  8894
TBILIS 1987 06 02 1  8895  8881  8850  8900  8845  8883  8881  8906  8910  8936  8941  8956
TBILIS 1987 06 02 2  8932  8909  8902  8946  8903  8965  8934  8861  8888  8886  8936  8937
TBILIS 1987 06 03 1  8928  8881  8852  8822  8847  8893  8922  8885  8935  8948  8937  8926
TBILIS 1987 06 03 2  8885  8936  8925  8890  8888  8911  8895  8879  8885  8874  8889  8859
TBILIS 1987 06 04 1  8862  8847  8772  8787  8801  8824  8835  8871  8872  8920  8900  8949
TBILIS 1987 06 04 2  8977  8967  8977  8915  8919  8946  8937  8931  8913  8896  8896  8927
TBILIS 1987 06 05 1  8927  8924  8912  8931  8938  8903  8971  8964  9004  9018  9020  8989
TBILIS 1987 06 05 2  9019  8982  8978  8986  9013  9002  8961  8968  8953  8929  8942  8961
TBILIS 1987 06 06 1  8981  8946  8952  8985  8951  8920  8981  8963  8949  8968  9010  9015
TBILIS 1987 06 06 2  8987  8958  8934  8943  8916  8902  8910  8872  8892  8879  8864  8830
TBILIS 1987 06 07 1  8895  8893  8898  8865  8886  8929  8897  8929  8931  8931  8965  8941
TBILIS 1987 06 07 2  8944  8944  8954  8958  8977  8959  8973  8976  8936  8889  8916  8886
TBILIS 1987 06 08 1  8881  8842  8877  8886  8903  8874  8904  8859  8885  8920  8901  8912
TBILIS 1987 06 08 2  8915  8914  8889  8900  8928  8856  8844  8858  8874  8832  8847  8822
TBILIS 1987 06 09 1  8805  8844  8807  8851  8822  8882  8860  8870  8889  8908  8938  8897
TBILIS 1987 06 09 2  8956  8920  8952  8973  8952  8905  8856  8874  8889  8898  8896  8885
TBILIS 1987 06 10 1  8861  8896  8900  8888 99999 99999  8945  8984  8964  8904  8952  8924
TBILIS 1987 06 10 2  8928  8905  8896  8907  8897  8902  8838  8820  8820  8838  8805  8818
TBILIS 1987 06 11 1  8848  8833  8845  8857  8838  8863  8852  8929  8977  8969  8979  8943
TBILIS 1987 06 11 2  8952  8918  8946  8898  8904  8916  8864  8899  8946  8944  8933  8936
TBILIS 1987 06 12 1  8960  8950  8912  8949  8934  8926  8916  8925  8908  8930  8963  8943
TBILIS 1987 06 12 2  8972  8995  9010  8970  8987  8932  8928  8921  8910  8963  8945  8957
TBILIS 1987 06 13 1  8947  8958  8943  8956  8931  8938  8968  9009  8995  9021  9022  9009
TBILIS 1987 06 13 2  9034  9025  9037  9038  9056  9020  9010  9000  8961  8927  8953  8928
TBILIS 1987 06 14 1  8933  8961  8925  8921  8953  8897  8930  8952  8963  8927  8959  8956
TBILIS 1987 06 14 2  8987  8971  8984  9001  8976  8952  8923  8938  8940  8918  8963  8885
TBILIS 1987 06 15 1  8933  8926  8911  8940  8931  8947  8960  8945  8964  8962  8969  8951
TBILIS 1987 06 15 2  8977  8962  8984  8952  8954  8945  8933  8911  8899  8905  8889  8905
TBILIS 1987 06 16 1  8878  8876  8898  8890  8865  8942  8899  8908  8939  8936  8962  8977
TBILIS 1987 06 16 2  8970  8972  8982  8960  8970  8960  8932  8975  8954  8981  8917  8927
TBILIS 1987 06 17 1  8896  8911  8896  8902  8915  8939  8961  8958  9013  9012  8994  9012
TBILIS 1987 06 17 2  9033  9013  9039  9010  9012  8988  8895  8956  8940  8909  8885  8916
TBILIS 1987 06 18 1  8924  8926  8924  8881  8891  8919  8951  8962  8982  8991  9017  9045
TBILIS 1987 06 18 2  9012  8973  9019  9022  8980  8936  8924  8960  8899  8909  8920  8912
TBILIS 1987 06 19 1  8928  8912  8924  8943  8930  8918  8976  8992  9023  9041  9029  9045
TBILIS 1987 06 19 2  9081  9058  9020  9013  9000  9036  9003  8996  8961  8939  8913  8954
TBILIS 1987 06 20 1  8923  8889  8891  8899  8875  8877  8867  8930  8937  8913  8989  8973
TBILIS 1987 06 20 2  8992  8998  8996  9003  8992  8951  8956  8957  8930  8926  8914  8907
TBILIS 1987 06 21 1  8913  8909  8905  8863  8867  8915  8933  8995  8966  9005  9047  9041
TBILIS 1987 06 21 2  9029  9037  9041  9035  9018  8990  8946  8983  8947  8935  8904  8881
TBILIS 1987 06 22 1  8895  8884  8873  8890  8884  8891  8908  8952  8968  8963  9007  8976
TBILIS 1987 06 22 2  9037  8985  9005  8969  8950  8938  8935  8934  8939  8923  8925  8915
TBILIS 1987 06 23 1  8905  8916  8914  8920  8930  8921  8971  8988  8978  8988  9039  9031
TBILIS 1987 06 23 2  9025  8996  9012  8972  8997  8961  8920  8946  8925  8898  8881  8869
TBILIS 1987 06 24 1  8890  8874  8862  8872  8865  8872  8895  8878  8913  8932  8937  8912
TBILIS 1987 06 24 2  8938  8905  8908  8927  8944  8911  8914  8905  8913  8928  8917  8939
TBILIS 1987 06 25 1  8882  8885  8916  8878  8920  8902  8908  8902  8921  8905  8950  8935
TBILIS 1987 06 25 2  8920  8944  8974  8940  8921  8898  8913  8877  8913  8927  8945  8963
TBILIS 1987 06 26 1  8926  8948  8953  8943  8914  8871  8890  8959  8983  8987  9035  9022
TBILIS 1987 06 26 2  9030  9025  9018  8994  8958  8946  8903  8901  8902  8902  8881  8889
TBILIS 1987 06 27 1  8906  8918  8913  8887  8887  8886  8906  8884  8906  8969  8965  8965
TBILIS 1987 06 27 2  8911  8960  8945  8890  8857  8833  8818  8867  8821  8787  8808  8998
TBILIS 1987 06 28 1  8797  8878  8825  8819  8836  8855  8827  8882  8909  8934  8927  8916
TBILIS 1987 06 28 2  8884  8957  8931  8888  8886  8861  8885  8879  8864  8900  8901  8885
TBILIS 1987 06 29 1  8853  8851  8871  8891  8878  8901  8917  8930  8930  8995  8978  8958
TBILIS 1987 06 29 2  8992  9001  8984 99999 99999 99999 99999 99999 99999 99999 99999 99999
TBILIS 1987 06 30 1 99999 99999 99999 99999 99999  8875  8919  8941  8976  8999  9002  9012
TBILIS 1987 06 30 2 99999 99999 99999 99999 99999 99999 99999 99999 99999 99999 99999 99999
TBILIS 1987 06 31 1 99999 99999 99999 99999 99999 99999 99999 99999 99999 99999 99999 99999
TBILIS 1987 06 31 2 99999 99999 99999 99999 99999 99999 99999 99999 99999 99999 99999 99999
Cosmic-Ray Neutron Monitor Data (Hourly, Pressure-Corrected and Scale-Adjusted Counts)
Collections: WDC for Cosmic Rays, Solar-Terrestrial Environment Laboratory, Nagoya Univ.
Data Access: http://center.stelab.nagoya-u.ac.jp/WDCCR/index.html
Project: ICSU WDC
Citation: WDC for Cosmic Rays, Solar-Terrestrial Environment Laboratory, Nagoya University
Station ID: TBILIS
Station:  TBILISI,GIORGIA,INSTITUT GEOPHYSIKY (IG), GIORGIAN ACADEMY OF SCIENCES,GIORGIA 
Instrument: 18-NM-64 NEUTRON MONITOR, CORRECTED FOR PRESSURE TO 950.0 MB, COEF. = -0.69 %/MB
Latitude (deg.):   41.72  Longitude (deg.):   44.80  Altitude (m):  510.00
Cut-Off Rigidity (GV):    6.66
Year: 1987  Month:   7
Scaling Factor (SF):    64.0   Constant (CONST):     0.0  Real Counts = (DATA + CONST)*SF
Temporal Resolution: 1 hour
UTC Start Hour:     0.0
EFFICIENCY = 100.0 %, FILE WAS PREPARED IN WDC B2                               
                                                        
Monthly Average:  8925.9
Updated (YYYY MM DD): 1989 02 03
*******************************************************************************************
ID     YYYY MM DD 1     0     1     2     3     4     5     6     7     8     9    10    11
ID     YYYY MM DD 2    12    13    14    15    16    17    18    19    20    21    22    23
*******************************************************************************************
TBILIS 1987 07 01 1 99999 99999 99999 99999 99999  8874  8897  8909  8931  8924  8933  8954
TBILIS 1987 07 01 2  8955  8957  8886  8887  8903  8916  8891  8850  8855  8833  8831  8861
TBILIS 1987 07 02 1  8902  8839  8870  8856  8883  8896  8909  8923  8957  8989  8935  8947
TBILIS 1987 07 02 2  8963  9014  8968  8980  8933  8924  8976  8963  8904  8938  8982  8955
TBILIS 1987 07 03 1  8990  8957  8968  8938  8925  8926  8940  8942  8942  8938  8994  8995
TBILIS 1987 07 03 2  8991  9023  9029  9011  8983  8962  8933  8923  8918  8942  8918  8899
TBILIS 1987 07 04 1  8928  8914  8961  8918  8931  8905  8958  8978  8993  8988  8967  8972
TBILIS 1987 07 04 2  8983  8991  8986  9016  9004  8959  8934  8960  8979  8908  8944  8959
TBILIS 1987 07 05 1  8954  8920  8931  8944  8917  8957  8886  8918  8983  8992  9014  9001
TBILIS 1987 07 05 2  9019  8982  9021  9015  8916  8958  8949  8952  8946  8897  8899  8880
TBILIS 1987 07 06 1  8878  8861  8916  8869 99999 99999  8945  8941  8963  8961  8949  8976
TBILIS 1987 07 06 2  8968  8969  8942  8897  8891  8917  8893  8907  8939  8939  8916  8902
TBILIS 1987 07 07 1  8939  8911  8923  8862  8886  8940  8924  8947  8982  8966  8969  8940
TBILIS 1987 07 07 2  8974  8953  8993  8981  8944  8947  8931  8928  8924  8943  8875  8888
TBILIS 1987 07 08 1  8876  8877  8901  8922  8899  8921  8961  8983  8986  8973  8964  8940
TBILIS 1987 07 08 2  8976  8960  8988  8965  8932  8902  8888  8886  8931  8934  8904  8915
TBILIS 1987 07 09 1  8922  8887  8891  8847  8850  8852  8914  8902  8968  8942  8980  8949
TBILIS 1987 07 09 2  9009  8966  8957  8977  8965  8924  8916  8879  8875  8869  8848  8861
TBILIS 1987 07 10 1  8854  8893  8844  8842  8883  8904  8891  8923  8883  8890  8911  8925
TBILIS 1987 07 10 2  8929  8939  8910  8876  8846  8847  8812  8844  8834  8803  8807  8844
TBILIS 1987 07 11 1  8804  8820  8824  8856  8849  8838  8882  8894  8885  8897  8919  8930
TBILIS 1987 07 11 2  8942  8920  8916  8906  8904  8896  8879  8886  8870  8851  8847  8886
TBILIS 1987 07 12 1  8844  8867  8842  8827  8839  8881  8894  8893  8926  8954  9014  9015
TBILIS 1987 07 12 2  9005  9022  9008  9027  8993  8961  8973  8923  8932  8912  8910  8911
TBILIS 1987 07 13 1  8883  8898  8865  8909  8878  8823  8916  8963  8940  8968  8930  8957
TBILIS 1987 07 13 2  8978  9006  8986  8991  8957  8921  8918  8912  8908  8912  8939  8889
TBILIS 1987 07 14 1  8895  8873  8859  8872  8868  8907  8884  8919  8914  8972  8921  8952
TBILIS 1987 07 14 2  8975  9026  9005  9027  9011  8992  8980  8946  8983  8957  8939  8930
TBILIS 1987 07 15 1  8940  8933  8943  8922  8926  8902  8927  8929  8965  8923  8962  8971
TBILIS 1987 07 15 2  8985  9007  9037  9048  9067  9037  8997  8945  8918  8957  8948  8904
TBILIS 1987 07 16 1  8911  8914  8888  8942  8961  8939  8950  8930  8975  8965  8967  8946
TBILIS 1987 07 16 2  8943  8953  8926  8958  8881  8887  8922  8883  8927  8878  8893  8841
TBILIS 1987 07 17 1  8926  8926  8927  8933  8881  8933  8935  8961  8998  9019  9048  9055
TBILIS 1987 07 17 2 99999 99999 99999  9021  8956  8914  8950  8950  8958  8939  8916  8905
TBILIS 1987 07 18 1  8882  8881  8928  8895  8889  8920  8914  8947  8953  8991  8983  9026
TBILIS 1987 07 18 2  8992  8975  8988  8985  8976  8931  8945  8902  8915  8924  8926  8906
TBILIS 1987 07 19 1  8905  8889  8875  8899  8890  8871  8906  8944  8906  8962  8963  8995
TBILIS 1987 07 19 2  8935  8960  9001  8960  8941  8959  8949  8887  8889  8873  8931  8912
TBILIS 1987 07 20 1  8916  8864  8867  8877  8897  8865  8942  8937  8973  8947  8937  8998
TBILIS 1987 07 20 2  8984  9022  9018  9016  8997  8976  8979  8955  8930  8958  8910  8941
TBILIS 1987 07 21 1  8900  8910  8907  8894  8886  8927  8923  8943  8955  8963  8999  9017
TBILIS 1987 07 21 2  9022  9033  8991  9002  9033  8959  8921  8930  8937  8902  8906  8883
TBILIS 1987 07 22 1  8885  8863  8879  8873  8841  8852  8863  8888  8914  8910  8933  8906
TBILIS 1987 07 22 2  8953  8973  8967  8938  8908  8925  8923  8896  8899  8880  8907  8886
TBILIS 1987 07 23 1  8893  8863  8882  8848  8883  8888  8888  8890  8919  8918  8952  8952
TBILIS 1987 07 23 2  8935  8965  8995  8973  8964  8947  8918  8913  8878  8865  8909  8884
TBILIS 1987 07 24 1  8854  8872  8869  8859  8836  8881  8914  8915  8889  8945  8922  8946
TBILIS 1987 07 24 2  8953  8942  8895  8910  8899  8895  8855  8879  8877  8865  8784  8785
TBILIS 1987 07 25 1  8854  8859  8854  8835  8836  8841  8846  8879  8895  8883  8892  8916
TBILIS 1987 07 25 2  8915  8907  8922  8895  8916  8909  8881  8846  8868  8910  8869  8878
TBILIS 1987 07 26 1  8886  8947  8897  8889  8862  8870  8889  8897  8895  8890  8896  8925
TBILIS 1987 07 26 2  8867  8936  8904  8919  8935  8937  8888  8887  8920  8874  8876  8878
TBILIS 1987 07 27 1  8914  8880  8888  8878  8915  8877  8909  8899  8968  8965  8982  9011
TBILIS 1987 07 27 2  8954  8982  8965  8996  8966  8937  8937  8903  8903  8923  8917  8886
TBILIS 1987 07 28 1  8920  8901  8902  8892  8866  8861  8893  8893  8900  8889  8905  8914
TBILIS 1987 07 28 2  8951  8919  8988  8954  8902  8878  8845  8896  8922  8867  8832  8841
TBILIS 1987 07 29 1  8871  8910  8891  8893  8883  8894  8916  8931  8962  8956  8950  9005
TBILIS 1987 07 29 2  8990  9004  8968  8941  8950  8893  8909  8957  8931  8918  8922  8908
TBILIS 1987 07 30 1  8906  8882  8879  8881  8903  8899  8921  8929  8972  8960  9008  9050
TBILIS 1987 07 30 2  9033  9041  9012  9021  8946  8971  8969  8885  8933  8887  8892  8891
TBILIS 1987 07 31 1  8920  8921  8924  8905  8921  8929  8922  9002  9026  8971  8994  9041
TBILIS 1987 07 31 2  9011  9021  9009  9009  8969  8959  8931  8890  8868  8899  8885  8995
Cosmic-Ray Neutron Monitor Data (Hourly, Pressure-Corrected and Scale-Adjusted Counts)
Collections: WDC for Cosmic Rays, Solar-Terrestrial Environment Laboratory, Nagoya Univ.
Data Access: http://center.stelab.nagoya-u.ac.jp/WDCCR/index.html
Project: ICSU WDC
Citation: WDC for Cosmic Rays, Solar-Terrestrial Environment Laboratory, Nagoya University
Station ID: TBILIS
Station:  TBILISI,GIORGIA,INSTITUT GEOPHYSIKY (IG), GIORGIAN ACADEMY OF SCIENCES,GIORGIA 
Instrument: 18-NM-64 NEUTRON MONITOR, CORRECTED FOR PRESSURE TO 950.0 MB, COEF. = -0.69 %/MB
Latitude (deg.):   41.72  Longitude (deg.):   44.80  Altitude (m):  510.00
Cut-Off Rigidity (GV):    6.66
Year: 1987  Month:   8
Scaling Factor (SF):    64.0   Constant (CONST):     0.0  Real Counts = (DATA + CONST)*SF
Temporal Resolution: 1 hour
UTC Start Hour:     0.0
EFFICIENCY = 100.0 %, FILE WAS PREPARED IN WDC B2                               
                                                        
Monthly Average:  8881.4
Updated (YYYY MM DD): 1989 02 03
*******************************************************************************************
ID     YYYY MM DD 1     0     1     2     3     4     5     6     7     8     9    10    11
ID     YYYY MM DD 2    12    13    14    15    16    17    18    19    20    21    22    23
*******************************************************************************************
TBILIS 1987 08 01 1  8890  8848  8871  8870  8853  8882  8935  8916  8919  9006  8971  8973
TBILIS 1987 08 01 2  9000  9030  9002  8990  8970  8929  8897  8888  8907  8928  8904  8877
TBILIS 1987 08 02 1  8846  8874  8828  8819  8876  8847  8894  8919  8894  8900  8944  8974
TBILIS 1987 08 02 2  8996  8925  8987  8936  8911  8861  8871  8871  8868  8861  8880  8840
TBILIS 1987 08 03 1  8860  8848  8849  8870  8877  8834  8812  8810  8814  8830  8814  8816
TBILIS 1987 08 03 2  8821  8887  8908  8932  8910  8913  8924  8847  8827  8840  8813  8805
TBILIS 1987 08 04 1  8847  8802  8822  8850  8828  8830  8840  8846  8926  8916  8883  8925
TBILIS 1987 08 04 2  8936  8920  8951  8906  8889  8906  8891  8849  8854  8850  8860  8864
TBILIS 1987 08 05 1  8869  8913  8856  8851  8874  8881  8859  8896  8898  8946  8983  8961
TBILIS 1987 08 05 2  8978  8994  8940  8940  8951  8920  8886  8877  8882  8855  8876  8889
TBILIS 1987 08 06 1  8872  8863  8882  8885  8896  8856  8895  8890  8926  8930  8926  8913
TBILIS 1987 08 06 2  8954  8946  8987  8992  8960  8921  8914  8930  8945  8929  8907  8839
TBILIS 1987 08 07 1  8876  8859  8883  8853  8883  8875  8891  8884  8901  8922  8930  8898
TBILIS 1987 08 07 2  8947  8921  8931  8923  8926  8895  8882  8884  8912  8896  8876  8816
TBILIS 1987 08 08 1  8861  8875  8820  8807  8834  8870  8858  8847  8875  8879  8905  8897
TBILIS 1987 08 08 2  8912  8953  8908  8891  8970  8930  8901  8923  8897  8900  8854  8851
TBILIS 1987 08 09 1  8839  8812  8828  8851  8887  8879  8901  8886  8927  9013  8970  8969
TBILIS 1987 08 09 2  8968  9010  9013  8978  8982  8973  8956  8944  8946  8930  8937  8906
TBILIS 1987 08 10 1  8927  8893  8917  8863  8901  8903  8904  8948  8957  8989  8950  8966
TBILIS 1987 08 10 2  9016  8964  9039  9000  8964  8907  8905  8942  8890  8921  8904  8882
TBILIS 1987 08 11 1  8867  8918  8938  8913  8913  8930  8910  8898  8950  8955  8928  8926
TBILIS 1987 08 11 2  8925  8930  8917  8973  8989  8922  8961  8872  8866  8852  8860  8871
TBILIS 1987 08 12 1  8872  8859  8906  8906  8877  8861  8871  8897  8908  8916  8927  8886
TBILIS 1987 08 12 2  8933  8960  9043  8976  8917  8949  8953  8998  8939  8954  8929  8909
TBILIS 1987 08 13 1  8897  8883  8941  8899  8877  8868  8876  8896  8948  9003  8944  8953
TBILIS 1987 08 13 2  8993  8959  9016  8989  9012  8996  9016  9000  8968  8973  8944  8941
TBILIS 1987 08 14 1  8938  8943  8927  8928  8924  8903  8931  8931  8927  8941  8943  8896
TBILIS 1987 08 14 2  8937  8948  8937  8943  8902  8922  8909  8923  8902  8873  8896  8893
TBILIS 1987 08 15 1  8926  8863  8884  8893  8918  8923  8895  8910  8971  8952  8959  8956
TBILIS 1987 08 15 2  8984  8942  8943  8928  8901  8880  8910  8920  8935  8904  8894  8886
TBILIS 1987 08 16 1  8903  8880  8821  8865  8939  8949  8946  8958  8939  8983  8987  8985
TBILIS 1987 08 16 2  8996  8945  8979  8996  9036  8989  8995  8966  8991  8967  8958  8953
TBILIS 1987 08 17 1  8939  8941  8915  8885  8860  8867  8919  8927  8916  8909  8975  8901
TBILIS 1987 08 17 2  8905  8948  8953  8958  8979  8933  8918  8911  8849  8880  8870  8859
TBILIS 1987 08 18 1  8895  8880  8907  8858  8865  8875  8887  8942  8953  8969  8919  8961
TBILIS 1987 08 18 2  8951  8935  8969  8979  8955  8930  8900  8851  8855  8858  8852  8855
TBILIS 1987 08 19 1  8870  8844  8856  8875  8856  8874  8861  8901  8914  8877  8891  8867
TBILIS 1987 08 19 2  8937  8945  8915  8923  8887  8880  8922  8910  8880  8903  8890  8880
TBILIS 1987 08 20 1  8850  8850  8846  8874  8840  8875  8897  8859  8926  8900  8942  8910
TBILIS 1987 08 20 2  8961  8914  8922  8915  8924  8938  8900  8928  8890  8908  8891  8871
TBILIS 1987 08 21 1  8853  8838  8849  8844  8852  8873  8893  8909  8908  8922  8997  8976
TBILIS 1987 08 21 2  8938  8998  8963  8988  8991  8955  8975  9002  9026  8980  8990  8939
TBILIS 1987 08 22 1  8935  8885  8889  8835  8855  8826  8835  8840  8859  8852  8892  8866
TBILIS 1987 08 22 2  8891  8873  8877  8909  8911  8916  8885  8866  8855  8821  8837  8798
TBILIS 1987 08 23 1  8849  8849  8853  8809  8811  8815  8828  8834  8888  8853  8870  8880
TBILIS 1987 08 23 2  8918  8925  8904  8889  8870  8869  8819  8825  8854  8832  8828  8853
TBILIS 1987 08 24 1  8820  8819  8819  8805  8856  8858  8874  8889  8921  8914  8944  8894
TBILIS 1987 08 24 2  8924  8948  8921  8940  8873  8857  8850  8796  8815  8801  8776  8802
TBILIS 1987 08 25 1  8823  8771  8755  8734  8771  8758  8779  8763  8773  8798  8805  8842
TBILIS 1987 08 25 2  8816  8847  8801  8754  8781  8787  8831  8828  8837  8857  8832  8831
TBILIS 1987 08 26 1  8831  8847  8805  8793  8830  8816  8856  8880  8898  8847  8875  8896
TBILIS 1987 08 26 2  8870  8870  8861  8847  8832  8793  8799  8734  8737  8735  8748  8750
TBILIS 1987 08 27 1  8769  8784  8787  8792  8785  8844  8853  8838  8871  8849  8836  8795
TBILIS 1987 08 27 2  8825  8814  8756  8802  8799  8748  8731  8707  8732  8738  8740  8725
TBILIS 1987 08 28 1  8715  8726  8720  8714  8693  8702  8681  8727  8710  8751  8755  8727
TBILIS 1987 08 28 2  8740  8730  8754  8733  8740  8735  8704  8733  8807  8761  8791  8793
TBILIS 1987 08 29 1  8775  8743  8750  8788  8751  8755  8732  8752  8737  8767  8783  8772
TBILIS 1987 08 29 2  8803  8800  8832  8842  8880  8863  8859  8845  8817  8857  8815  8799
TBILIS 1987 08 30 1  8776  8765  8772  8748  8753  8705  8761  8843  8880  8864  8889  8856
TBILIS 1987 08 30 2  8873  8830  8879  8898  8906  8868  8835  8824  8855  8810  8812  8834
TBILIS 1987 08 31 1  8817  8774  8721  8682  8693  8705  8731  8769  8799  8835  8847  8867
TBILIS 1987 08 31 2  8873  8920  8934  8894  8938  8944  8885  8888  8854  8848  8837  8805
Cosmic-Ray Neutron Monitor Data (Hourly, Pressure-Corrected and Scale-Adjusted Counts)
Collections: WDC for Cosmic Rays, Solar-Terrestrial Environment Laboratory, Nagoya Univ.
Data Access: http://center.stelab.nagoya-u.ac.jp/WDCCR/index.html
Project: ICSU WDC
Citation: WDC for Cosmic Rays, Solar-Terrestrial Environment Laboratory, Nagoya University
Station ID: TBILIS
Station:  TBILISI,GIORGIA,INSTITUT GEOPHYSIKY (IG), GIORGIAN ACADEMY OF SCIENCES,GIORGIA 
Instrument: 18-NM-64 NEUTRON MONITOR, CORRECTED FOR PRESSURE TO 950.0 MB, COEF. = -0.69 %/MB
Latitude (deg.):   41.72  Longitude (deg.):   44.80  Altitude (m):  510.00
Cut-Off Rigidity (GV):    6.66
Year: 1987  Month:   9
Scaling Factor (SF):    64.0   Constant (CONST):     0.0  Real Counts = (DATA + CONST)*SF
Temporal Resolution: 1 hour
UTC Start Hour:     0.0
EFFICIENCY = 100.0 %, FILE WAS PREPARED IN WDC B2                               
                                                        
Monthly Average:  8812.9
Updated (YYYY MM DD): 1989 02 03
*******************************************************************************************
ID     YYYY MM DD 1     0     1     2     3     4     5     6     7     8     9    10    11
ID     YYYY MM DD 2    12    13    14    15    16    17    18    19    20    21    22    23
*******************************************************************************************
TBILIS 1987 09 01 1  8793  8757  8741  8754  8726  8764  8774  8788  8840  8810  8821  8841
TBILIS 1987 09 01 2  8867  8840  8845  8842  8774  8757  8769  8806  8781  8809  8767  8768
TBILIS 1987 09 02 1  8813  8783  8704  8757  8747  8757  8786  8807  8826  8791  8769  8813
TBILIS 1987 09 02 2  8821  8828  8788  8872  8831  8770  8807  8812  8796  8777  8800  8822
TBILIS 1987 09 03 1  8770  8784  8732  8746  8780  8718  8748  8798  8775  8838  8848  8880
TBILIS 1987 09 03 2  8802  8874  8845  8852  8831  8803  8803  8806  8756  8812  8820  8786
TBILIS 1987 09 04 1  8761  8758  8770  8775  8805  8797  8806  8788  8836  8799  8823  8814
TBILIS 1987 09 04 2  8860  8844  8843  8893  8862  8884  8880  8880  8843  8825  8812  8815
TBILIS 1987 09 05 1  8798  8799  8788  8768  8809  8802  8822  8847  8844  8854  8850  8849
TBILIS 1987 09 05 2  8856  8875  8869  8850  8837  8833  8828  8815  8784  8769  8799  8788
TBILIS 1987 09 06 1  8803  8774  8775  8826  8803  8795  8788  8810  8809  8828  8857  8861
TBILIS 1987 09 06 2  8913  8872  8904  8883  8878  8898  8855  8856  8842  8854  8864  8821
TBILIS 1987 09 07 1  8795  8795  8843  8776  8792  8773  8792  8814  8871  8841  8874  8869
TBILIS 1987 09 07 2  8871  8888  8925  8931  8911  8923  8890  8874  8853  8857  8819  8786
TBILIS 1987 09 08 1  8796  8772  8810  8797  8786  8777  8768  8801  8817  8838  8840  8852
TBILIS 1987 09 08 2  8876  8886  8887  8888  8902  8882  8895  8830  8856  8842  8823  8788
TBILIS 1987 09 09 1  8776  8807  8819  8798  8810  8772  8791  8799  8847  8858  8879  8868
TBILIS 1987 09 09 2  8871  8869  8860  8886  8858  8898  8856  8873  8876  8882  8876  8896
TBILIS 1987 09 10 1  8845  8828  8842  8855  8861  8891  8886  8864  8908  8868  8935  8902
TBILIS 1987 09 10 2  8935  9000  9032  9030  8948  8922  8889  8891  8873  8913  8892  8914
TBILIS 1987 09 11 1  8905  8897  8873  8869  8878  8835  8825  8826  8873  8849  8885  8936
TBILIS 1987 09 11 2  8895  8851  8856  8893  8859  8938  8871  8859  8840  8838  8824  8847
TBILIS 1987 09 12 1  8861  8831  8834  8822  8859  8828  8859  8831  8877  8859  8861  8852
TBILIS 1987 09 12 2  8893  8862  8861  8880  8859  8862  8877  8813  8808  8811  8805  8781
TBILIS 1987 09 13 1  8825  8759  8762  8752  8767  8772  8776  8788  8803  8820  8818  8832
TBILIS 1987 09 13 2  8834  8861  8876  8898  8876  8833  8817  8811  8792  8783  8780  8754
TBILIS 1987 09 14 1  8754  8790  8789  8788  8786  8796  8848  8835  8808  8841  8867  8850
TBILIS 1987 09 14 2  8874  8867  8873  8847  8849  8815  8783  8736  8754  8762  8745  8768
TBILIS 1987 09 15 1  8740  8717  8775  8732  8749  8781  8779  8799  8806  8829  8823  8824
TBILIS 1987 09 15 2  8866  8895  8874  8894  8865  8824  8869  8865  8854  8810  8805  8790
TBILIS 1987 09 16 1  8797  8820  8828  8810  8752  8773  8771  8796  8846  8862  8852  8898
TBILIS 1987 09 16 2  8862  8883  8886  8897  8888  8878  8833  8819  8795  8766  8791  8810
TBILIS 1987 09 17 1  8790  8758  8768  8761  8773  8791  8794  8786  8829  8824  8869  8829
TBILIS 1987 09 17 2  8874  8883  8851  8822  8869  8810  8766  8786  8802  8802  8808  8812
TBILIS 1987 09 18 1  8780  8761  8732  8785  8775  8747  8731  8772  8770  8823  8807  8823
TBILIS 1987 09 18 2  8810  8844  8819  8810  8837  8798  8790  8770  8804  8796  8780  8809
TBILIS 1987 09 19 1  8768  8792  8758  8786  8794  8793  8771  8803  8773  8773  8810  8812
TBILIS 1987 09 19 2  8811  8797  8822  8847  8827  8821  8793  8825  8830  8805  8830  8822
TBILIS 1987 09 20 1  8813  8801  8844  8839  8802  8808  8774  8793  8770  8741  8771  8799
TBILIS 1987 09 20 2  8815  8826  8833  8828  8839  8860  8813  8834  8823  8807  8812  8780
TBILIS 1987 09 21 1  8773  8806  8783  8749  8758  8747  8744  8726  8773  8755  8776  8765
TBILIS 1987 09 21 2  8800  8808  8817  8806  8761  8739  8747  8793  8718  8798  8766  8737
TBILIS 1987 09 22 1  8750  8779  8745  8798  8737  8747  8761  8825  8814  8789  8815  8877
TBILIS 1987 09 22 2  8902  8909  8833  8842  8757  8818  8785  8727  8745  8777  8799  8796
TBILIS 1987 09 23 1  8782  8814  8782  8785  8786  8796  8766  8759  8791  8830  8802  8773
TBILIS 1987 09 23 2  8848  8818  8811  8849  8816  8808  8831  8834  8847  8840  8847  8874
TBILIS 1987 09 24 1  8879  8841  8791  8769  8768  8800  8817  8795  8794  8815  8802  8760
TBILIS 1987 09 24 2  8704  8697  8742  8738  8738  8741  8762  8759  8714  8810  8815  8771
TBILIS 1987 09 25 1  8781  8783  8769  8777  8731  8737  8745  8701  8761  8790  8807  8833
TBILIS 1987 09 25 2  8812  8836  8849  8871  8841  8818  8783  8797  8808  8762  8754  8773
TBILIS 1987 09 26 1  8739  8752  8720  8744  8727  8743  8774  8808  8794  8783  8810  8795
TBILIS 1987 09 26 2  8773  8802  8820  8797  8793  8791  8772  8742  8752  8745  8747  8732
TBILIS 1987 09 27 1  8709  8719  8690  8661  8700  8703  8668  8623  8626  8635  8665  8663
TBILIS 1987 09 27 2  8692  8724  8726  8716  8762  8757  8733  8769  8731  8774  8769  8789
TBILIS 1987 09 28 1  8779  8804  8825  8797  8764  8806  8755  8739  8786  8790  8849  8857
TBILIS 1987 09 28 2  8843  8855  8843  8851  8913  8888  8872  8855  8869  8868  8887  8893
TBILIS 1987 09 29 1  8870  8822  8813  8852  8816  8836  8855  8853  8870  8882  8917  8891
TBILIS 1987 09 29 2  8901  8888  8907  8904  8857  8885  8871  8825  8798  8820  8802  8784
TBILIS 1987 09 30 1  8788  8771  8796  8771  8740  8753  8770  8800  8797  8802  8805  8801
TBILIS 1987 09 30 2  8784  8809  8835  8769  8759  8760  8739  8758  8743  8755  8877  8786
TBILIS 1987 09 31 1 99999 99999 99999 99999 99999 99999 99999 99999 99999 99999 99999 99999
TBILIS 1987 09 31 2 99999 99999 99999 99999 99999 99999 99999 99999 99999 99999 99999 99999
Cosmic-Ray Neutron Monitor Data (Hourly, Pressure-Corrected and Scale-Adjusted Counts)
Collections: WDC for Cosmic Rays, Solar-Terrestrial Environment Laboratory, Nagoya Univ.
Data Access: http://center.stelab.nagoya-u.ac.jp/WDCCR/index.html
Project: ICSU WDC
Citation: WDC for Cosmic Rays, Solar-Terrestrial Environment Laboratory, Nagoya University
Station ID: TBILIS
Station:  TBILISI,GIORGIA,INSTITUT GEOPHYSIKY (IG), GIORGIAN ACADEMY OF SCIENCES,GIORGIA 
Instrument: 18-NM-64 NEUTRON MONITOR, CORRECTED FOR PRESSURE TO 950.0 MB, COEF. = -0.69 %/MB
Latitude (deg.):   41.72  Longitude (deg.):   44.80  Altitude (m):  510.00
Cut-Off Rigidity (GV):    6.66
Year: 1987  Month:  10
Scaling Factor (SF):    64.0   Constant (CONST):     0.0  Real Counts = (DATA + CONST)*SF
Temporal Resolution: 1 hour
UTC Start Hour:     0.0
EFFICIENCY = 100.0 %, FILE WAS PREPARED IN WDC B2                               
                                                        
Monthly Average:  8787.1
Updated (YYYY MM DD): 1989 02 03
*******************************************************************************************
ID     YYYY MM DD 1     0     1     2     3     4     5     6     7     8     9    10    11
ID     YYYY MM DD 2    12    13    14    15    16    17    18    19    20    21    22    23
*******************************************************************************************
TBILIS 1987 10 01 1  8772  8753  8747  8757  8776  8763  8769  8781  8770  8777 99999 99999
TBILIS 1987 10 01 2  8737  8737  8715  8714  8737  8742  8716  8727  8728  8729  8717  8747
TBILIS 1987 10 02 1  8770  8748  8754  8764  8769  8794  8825  8832  8858  8886  8857  8890
TBILIS 1987 10 02 2  8891  8846  8892  8896  8881  8848  8832  8834  8831  8816  8811  8826
TBILIS 1987 10 03 1  8800  8803  8805  8800  8790  8756  8775  8765  8821  8819  8843  8836
TBILIS 1987 10 03 2  8852  8843  8942  8908  8907  8966  8941  8918  8920  8878  8882  8839
TBILIS 1987 10 04 1  8874  8861  8844  8854  8819  8814  8871  8813  8848  8892  8896  8920
TBILIS 1987 10 04 2  8852  8841  8842  8840  8854  8819  8771  8822  8805  8813  8827  8788
TBILIS 1987 10 05 1  8827  8820  8863  8839  8822  8831  8798  8836  8845  8835  8879  8868
TBILIS 1987 10 05 2  8873  8865  8891  8889  8853  8882  8854  8884  8871  8915  8897  8843
TBILIS 1987 10 06 1  8854  8803  8819  8795  8805  8797  8830  8806  8832  8848  8832  8855
TBILIS 1987 10 06 2  8872  8860  8822  8787  8816  8810  8798  8809  8821  8804  8857  8818
TBILIS 1987 10 07 1  8783  8789  8815  8790  8818  8787  8840  8874  8868  8867  8849  8865
TBILIS 1987 10 07 2  8845  8912  8931  8877  8891  8879  8840  8874  8863  8854  8851  8842
TBILIS 1987 10 08 1  8822  8842  8849  8817  8798  8806  8800  8808  8848  8839  8778  8762
TBILIS 1987 10 08 2  8772  8717  8740  8740  8734  8774  8776  8792  8804  8789  8778  8762
TBILIS 1987 10 09 1  8791  8812  8795  8766  8763  8741  8758  8720  8750  8719  8769  8751
TBILIS 1987 10 09 2  8750  8747  8782  8778  8791  8800  8819  8807  8802  8840  8780  8856
TBILIS 1987 10 10 1  8809  8821  8843  8774  8814  8835  8828  8819  8849  8825  8838  8825
TBILIS 1987 10 10 2  8844  8856  8863  8796  8816  8787  8835  8843  8843  8821  8828  8798
TBILIS 1987 10 11 1  8824  8791  8809  8806  8840  8835  8837  8765  8793  8793  8768  8818
TBILIS 1987 10 11 2  8815  8757  8795  8825  8797  8787  8759  8772  8795  8769  8739  8720
TBILIS 1987 10 12 1  8721  8721  8696  8675  8681  8679  8677  8661  8684  8736  8723  8701
TBILIS 1987 10 12 2  8713  8700  8705  8706  8711  8702  8710  8730  8704  8739  8711  8732
TBILIS 1987 10 13 1  8708  8727  8697  8702  8711  8702  8723  8712  8722  8758  8742  8740
TBILIS 1987 10 13 2  8764  8760  8746  8741  8742  8770  8755  8755  8745  8745  8739  8722
TBILIS 1987 10 14 1  8737  8745  8763  8721  8738  8745  8787  8797  8817  8847  8826  8832
TBILIS 1987 10 14 2  8843  8869  8850  8808  8788  8831  8801  8826  8786  8815  8786  8762
TBILIS 1987 10 15 1  8754  8773  8780  8806  8791  8796  8789  8770  8820  8827  8821  8860
TBILIS 1987 10 15 2  8844  8796  8821  8808  8781  8767  8807  8786  8780  8730  8737  8752
TBILIS 1987 10 16 1  8751  8765  8749  8740  8754  8748  8739  8768  8744  8750  8762  8766
TBILIS 1987 10 16 2  8745  8722  8734  8705  8717  8715  8731  8769  8745  8779  8756  8755
TBILIS 1987 10 17 1  8743  8785  8742  8757  8729  8777  8781  8765  8740  8769  8728  8752
TBILIS 1987 10 17 2  8761  8780  8793  8780  8808  8755  8744  8789  8781  8750  8768  8787
TBILIS 1987 10 18 1  8756  8760  8767  8758  8729  8773  8766  8769  8740  8746  8727  8750
TBILIS 1987 10 18 2  8755  8763  8745  8793  8787  8816  8811  8822  8797  8794  8789  8768
TBILIS 1987 10 19 1  8764  8831  8796  8781  8805  8781  8762  8797  8791  8809  8816  8808
TBILIS 1987 10 19 2  8842  8810  8803  8830  8823  8836  8837  8805  8792  8790  8762  8779
TBILIS 1987 10 20 1  8777  8741  8792  8744  8791  8762  8774  8749  8754  8806  8774  8774
TBILIS 1987 10 20 2  8772  8828  8859  8831  8832  8824  8861  8871  8909  8828  8832  8834
TBILIS 1987 10 21 1  8825  8820  8826  8832  8805  8799  8803  8768  8791  8810  8768  8790
TBILIS 1987 10 21 2  8795  8790  8778  8829  8811  8813  8815  8795  8836  8806  8820  8811
TBILIS 1987 10 22 1  8775  8841  8821  8805  8837  8830  8819  8827  8851  8909  8901  8863
TBILIS 1987 10 22 2  8835  8859  8870  8848  8869  8877  8873  8890  8856  8829  8796  8818
TBILIS 1987 10 23 1  8804  8783  8797  8816  8763  8777  8781  8785  8795  8812  8836  8843
TBILIS 1987 10 23 2  8793  8759  8811  8836  8834  8811  8793  8802  8841  8814  8796  8786
TBILIS 1987 10 24 1  8764  8799  8743  8778  8753  8732  8775  8807  8795  8817  8828  8797
TBILIS 1987 10 24 2  8767  8795  8810  8757  8817  8801  8810  8810  8800  8780  8764  8717
TBILIS 1987 10 25 1  8739  8735  8770  8742  8752  8759  8767  8764  8755  8795  8824  8836
TBILIS 1987 10 25 2  8819  8752  8752  8726  8711  8744  8723  8749  8760  8772  8767  8739
TBILIS 1987 10 26 1  8766  8738  8747  8710  8686  8726  8740  8751  8721  8736  8787  8767
TBILIS 1987 10 26 2  8723  8771  8788  8814  8820  8821  8833  8872  8833  8841  8807  8816
TBILIS 1987 10 27 1  8768  8760  8772  8719  8712  8732  8734  8799  8799  8807  8850  8834
TBILIS 1987 10 27 2  8846  8736  8817  8765  8818  8814  8840  8810  8825  8819  8799  8754
TBILIS 1987 10 28 1  8704  8739  8748  8735  8744  8755  8701  8735  8774  8791  8798  8803
TBILIS 1987 10 28 2  8791  8780  8748  8819  8772  8743  8770  8756  8739  8717  8699  8670
TBILIS 1987 10 29 1  8713  8686  8703  8715  8689  8657  8669  8663  8653  8662  8654  8680
TBILIS 1987 10 29 2  8664  8678  8664  8682  8682  8658  8682  8667  8705  8684  8683  8701
TBILIS 1987 10 30 1  8658  8711  8674  8702  8712  8695  8714  8737  8779  8798  8763  8787
TBILIS 1987 10 30 2  8771  8711  8742  8711  8707  8669  8742  8758  8775  8766  8758  8760
TBILIS 1987 10 31 1  8740  8749  8762  8722  8718  8684  8716  8712  8750  8799  8775  8814
TBILIS 1987 10 31 2  8784  8811  8814  8808  8784  8798  8825  8789  8789  8798  8758  8727
Cosmic-Ray Neutron Monitor Data (Hourly, Pressure-Corrected and Scale-Adjusted Counts)
Collections: WDC for Cosmic Rays, Solar-Terrestrial Environment Laboratory, Nagoya Univ.
Data Access: http://center.stelab.nagoya-u.ac.jp/WDCCR/index.html
Project: ICSU WDC
Citation: WDC for Cosmic Rays, Solar-Terrestrial Environment Laboratory, Nagoya University
Station ID: TBILIS
Station:  TBILISI,GIORGIA,INSTITUT GEOPHYSIKY (IG), GIORGIAN ACADEMY OF SCIENCES,GIORGIA 
Instrument: 18-NM-64 NEUTRON MONITOR, CORRECTED FOR PRESSURE TO 950.0 MB, COEF. = -0.69 %/MB
Latitude (deg.):   41.72  Longitude (deg.):   44.80  Altitude (m):  510.00
Cut-Off Rigidity (GV):    6.66
Year: 1987  Month:  11
Scaling Factor (SF):    64.0   Constant (CONST):     0.0  Real Counts = (DATA + CONST)*SF
Temporal Resolution: 1 hour
UTC Start Hour:     0.0
EFFICIENCY = 100.0 %, FILE WAS PREPARED IN WDC B2                               
                                                        
Monthly Average:  8695.7
Updated (YYYY MM DD): 1989 02 03
*******************************************************************************************
ID     YYYY MM DD 1     0     1     2     3     4     5     6     7     8     9    10    11
ID     YYYY MM DD 2    12    13    14    15    16    17    18    19    20    21    22    23
*******************************************************************************************
TBILIS 1987 11 01 1  8788  8745  8748  8768  8753  8764  8778  8748  8796  8796  8827  8851
TBILIS 1987 11 01 2  8864  8881  8873  8887  8883  8831  8828  8841  8815  8841  8829  8812
TBILIS 1987 11 02 1  8785  8796  8820  8799  8788  8783  8768  8779  8762  8756  8765  8792
TBILIS 1987 11 02 2  8785  8787  8825  8780  8795  8838  8862  8812  8771  8743  8695  8740
TBILIS 1987 11 03 1  8731  8772  8764  8762  8767  8756  8726  8721  8707  8734  8696  8670
TBILIS 1987 11 03 2  8709  8631  8669  8674  8720  8742  8745  8761  8691  8686  8710  8733
TBILIS 1987 11 04 1  8717  8716  8658  8671  8651  8717  8650  8648  8658  8722  8667  8695
TBILIS 1987 11 04 2  8663  8649  8644  8664  8621  8669  8670  8732  8712  8710  8685  8708
TBILIS 1987 11 05 1  8684  8682  8641  8633  8658  8632  8622  8709  8670  8680  8654  8648
TBILIS 1987 11 05 2  8648  8645  8683  8712  8722  8751  8727  8738  8740  8714  8717  8689
TBILIS 1987 11 06 1  8736  8717  8721  8711  8674  8659  8687  8729  8723  8713  8710  8747
TBILIS 1987 11 06 2  8717  8701  8712  8701  8711  8708  8698  8718  8712  8725  8702  8750
TBILIS 1987 11 07 1  8724  8752  8719  8678  8701  8675  8702  8623  8638  8644  8690  8684
TBILIS 1987 11 07 2  8710  8673  8634  8701  8698  8658  8676  8634  8669  8654  8647  8603
TBILIS 1987 11 08 1  8605  8550  8581  8570  8576  8641  8643  8685  8718  8699  8667  8651
TBILIS 1987 11 08 2  8644  8648  8635  8614  8597  8588  8622  8620  8588  8587  8670  8616
TBILIS 1987 11 09 1  8609  8616  8624  8635  8589  8590  8575  8618  8673  8677  8691  8665
TBILIS 1987 11 09 2  8658  8687  8661  8695  8763  8723  8696  8655  8619  8648  8633  8635
TBILIS 1987 11 10 1  8653  8652  8618  8591  8540  8608  8589  8599  8603  8659  8682  8638
TBILIS 1987 11 10 2  8688  8676  8649  8675  8670  8662  8623  8616  8621  8658  8627  8586
TBILIS 1987 11 11 1  8600  8606  8597  8600  8634  8659  8693  8688  8712  8726  8788  8749
TBILIS 1987 11 11 2  8739  8737  8713  8686  8664  8685  8717  8628  8617  8651  8625  8609
TBILIS 1987 11 12 1  8627  8668  8614  8654  8640  8636  8688  8667  8723  8736  8705  8711
TBILIS 1987 11 12 2  8701  8738  8702  8736  8706  8678  8684  8659  8641  8648  8648  8621
TBILIS 1987 11 13 1  8603  8655  8646  8641  8656  8641  8673  8710  8706  8713  8739  8744
TBILIS 1987 11 13 2  8706  8708  8702  8701  8661  8673  8670  8644  8636  8639  8590  8637
TBILIS 1987 11 14 1  8621  8645  8634  8623  8674  8642  8620  8675  8682  8700  8689  8719
TBILIS 1987 11 14 2  8684  8713  8727  8680  8692  8689  8681  8684  8680  8643  8661  8659
TBILIS 1987 11 15 1  8684  8657  8644  8631  8611  8631  8596  8617  8598  8638  8636  8640
TBILIS 1987 11 15 2  8650  8600  8611  8609  8629  8634  8621  8625  8582  8652  8656  8642
TBILIS 1987 11 16 1  8650  8662  8621  8631  8592  8581  8590  8601  8613  8650  8665  8653
TBILIS 1987 11 16 2  8650  8712  8711  8703  8723  8715  8750  8754  8744  8750  8740  8694
TBILIS 1987 11 17 1  8702  8684  8667  8631  8615  8601  8638  8610  8654  8677  8726  8700
TBILIS 1987 11 17 2  8727  8691  8716  8692  8713  8711  8687  8736  8721  8689  8642  8664
TBILIS 1987 11 18 1  8679  8672  8637  8635  8651  8671  8656  8651  8641  8673  8689  8673
TBILIS 1987 11 18 2  8700  8680  8722  8679  8734  8751  8740  8710  8746  8710  8715  8743
TBILIS 1987 11 19 1  8661  8647  8676  8639  8628  8639  8684  8687  8655  8721  8715  8756
TBILIS 1987 11 19 2  8767  8755  8755  8777  8751  8752  8758  8761  8780  8775  8740  8747
TBILIS 1987 11 20 1  8742  8702  8718  8730  8706  8750  8724  8709  8733  8770  8767  8800
TBILIS 1987 11 20 2  8817  8774  8825  8829  8860  8887  8849  8832  8837  8814  8842  8808
TBILIS 1987 11 21 1  8836  8796  8749  8758  8734  8705  8662  8658  8695  8732  8713  8693
TBILIS 1987 11 21 2  8733  8680  8706  8692  8694  8697  8724  8684  8726  8697  8689  8767
TBILIS 1987 11 22 1  8672  8652  8678  8699  8712  8686  8705  8728  8737  8760  8773  8718
TBILIS 1987 11 22 2  8724  8760  8719  8712  8698  8777  8724  8716  8750  8729  8696  8743
TBILIS 1987 11 23 1  8696  8712  8738  8712  8701  8635  8671  8675  8720  8765  8731  8752
TBILIS 1987 11 23 2  8739  8728  8748  8701  8706  8711  8720  8739  8757  8745  8719  8706
TBILIS 1987 11 24 1  8667  8682  8674  8654  8647  8619  8648  8659  8708  8736  8707  8688
TBILIS 1987 11 24 2  8702  8730  8712  8704  8684  8661  8685  8692  8682  8672  8686  8649
TBILIS 1987 11 25 1  8614  8635  8600  8615  8579  8562  8569  8565  8554  8610  8629  8647
TBILIS 1987 11 25 2  8662  8684  8661  8690  8666  8676  8657  8664  8653  8662  8673  8638
TBILIS 1987 11 26 1  8620  8645  8626  8615  8656  8603  8622  8625  8652  8667  8708  8691
TBILIS 1987 11 26 2  8673  8684  8694  8698  8702  8670  8716  8705  8696  8656  8678  8664
TBILIS 1987 11 27 1  8693  8718  8742  8670  8668  8668  8646  8646  8691  8693  8706  8772
TBILIS 1987 11 27 2  8718  8735  8737  8705  8713  8723  8713  8711  8712  8703  8693  8662
TBILIS 1987 11 28 1  8654  8679  8637  8657  8663  8670  8635  8620  8627  8667  8683  8698
TBILIS 1987 11 28 2  8703  8675  8696  8660  8725  8731  8727  8715  8705  8736  8736  8738
TBILIS 1987 11 29 1  8720  8734  8696  8695  8645  8681  8685  8665  8670  8721  8718  8738
TBILIS 1987 11 29 2  8766  8749  8791  8770  8767  8741  8776  8780  8782  8818  8812  8780
TBILIS 1987 11 30 1  8810  8813  8840  8824  8805  8805  8783  8797  8814  8812  8808  8784
TBILIS 1987 11 30 2  8779  8786  8739  8744  8739  8725  8737  8737  8721  8730  8700  8735
TBILIS 1987 11 31 1 99999 99999 99999 99999 99999 99999 99999 99999 99999 99999 99999 99999
TBILIS 1987 11 31 2 99999 99999 99999 99999 99999 99999 99999 99999 99999 99999 99999 99999
Cosmic-Ray Neutron Monitor Data (Hourly, Pressure-Corrected and Scale-Adjusted Counts)
Collections: WDC for Cosmic Rays, Solar-Terrestrial Environment Laboratory, Nagoya Univ.
Data Access: http://center.stelab.nagoya-u.ac.jp/WDCCR/index.html
Project: ICSU WDC
Citation: WDC for Cosmic Rays, Solar-Terrestrial Environment Laboratory, Nagoya University
Station ID: TBILIS
Station:  TBILISI,GIORGIA,INSTITUT GEOPHYSIKY (IG), GIORGIAN ACADEMY OF SCIENCES,GIORGIA 
Instrument: 18-NM-64 NEUTRON MONITOR, CORRECTED FOR PRESSURE TO 950.0 MB, COEF. = -0.69 %/MB
Latitude (deg.):   41.72  Longitude (deg.):   44.80  Altitude (m):  510.00
Cut-Off Rigidity (GV):    6.66
Year: 1987  Month:  12
Scaling Factor (SF):    64.0   Constant (CONST):     0.0  Real Counts = (DATA + CONST)*SF
Temporal Resolution: 1 hour
UTC Start Hour:     0.0
EFFICIENCY = 100.0 %, FILE WAS PREPARED IN WDC B2                               
                                                        
Monthly Average:  8736.1
Updated (YYYY MM DD): 1989 02 03
*******************************************************************************************
ID     YYYY MM DD 1     0     1     2     3     4     5     6     7     8     9    10    11
ID     YYYY MM DD 2    12    13    14    15    16    17    18    19    20    21    22    23
*******************************************************************************************
TBILIS 1987 12 01 1  8733  8694  8703  8692  8710  8721  8723  8708  8736  8768  8786  8777
TBILIS 1987 12 01 2  8703  8749  8727  8723  8725  8720  8707  8708  8710  8735  8739  8717
TBILIS 1987 12 02 1  8727  8691  8734  8702  8672  8631  8644  8677  8727  8721  8736  8698
TBILIS 1987 12 02 2  8715  8713  8650  8665  8673  8633  8600  8638  8661  8676  8667  8686
TBILIS 1987 12 03 1  8721  8649  8713  8690  8646  8663  8630  8635  8654  8652  8648  8646
TBILIS 1987 12 03 2  8645  8642  8690  8718  8705  8684  8673  8677  8684  8672  8674  8650
TBILIS 1987 12 04 1  8634  8635  8612  8632  8620  8647  8623  8644  8653  8684  8690  8700
TBILIS 1987 12 04 2  8705  8710  8694  8671  8681  8694  8642  8643  8655  8667  8658  8670
TBILIS 1987 12 05 1  8716  8710  8668  8697  8663  8637  8661  8640  8640  8728  8688  8710
TBILIS 1987 12 05 2  8703  8681  8668  8669  8673  8659  8669  8631  8633  8665  8690  8622
TBILIS 1987 12 06 1  8646  8653  8686  8658  8664  8631  8645  8654  8664  8689  8706  8729
TBILIS 1987 12 06 2  8753  8755  8757  8746  8707  8699  8755  8742  8743  8737  8712  8691
TBILIS 1987 12 07 1  8691  8659  8670  8690  8683  8683  8635  8665  8646  8676  8685  8630
TBILIS 1987 12 07 2  8624  8682  8655  8656  8649  8660  8701  8701  8723  8669  8658  8658
TBILIS 1987 12 08 1  8656  8638  8624  8622  8632  8681  8666  8702  8706  8738  8747  8721
TBILIS 1987 12 08 2  8734  8758  8765  8732  8757  8717  8732  8722  8739  8742  8722  8732
TBILIS 1987 12 09 1  8657  8694  8679  8712  8695  8680  8716  8713  8789  8790  8775  8772
TBILIS 1987 12 09 2  8750  8732  8732  8730  8752  8752  8733  8694  8670  8706  8681  8697
TBILIS 1987 12 10 1  8681  8634  8671  8665  8686  8648  8687  8684  8702  8732  8754  8719
TBILIS 1987 12 10 2  8730  8748  8785  8770  8758  8746  8789  8749  8775  8777  8754  8740
TBILIS 1987 12 11 1  8750  8704  8708  8704  8696  8724  8702  8738  8750  8762  8755  8774
TBILIS 1987 12 11 2  8738  8747  8752  8764  8813  8802  8813  8790  8782  8805  8761  8706
TBILIS 1987 12 12 1  8765  8751  8745  8729  8770  8750  8764  8729  8725  8740  8786  8752
TBILIS 1987 12 12 2  8781  8759  8756  8761  8749  8768  8796  8779  8770  8773  8750  8796
TBILIS 1987 12 13 1  8742  8723  8768  8813  8718  8707  8734  8768  8805  8825  8785  8799
TBILIS 1987 12 13 2  8842  8756  8798  8777  8758  8775  8788  8766  8750  8780  8764  8777
TBILIS 1987 12 14 1  8782  8762  8761  8763  8756  8716  8765  8769  8823  8846  8814  8815
TBILIS 1987 12 14 2  8805  8815  8826  8821  8809  8803  8789  8749  8716  8713  8704  8728
TBILIS 1987 12 15 1  8736  8703  8708  8693  8701  8743  8742  8733  8787  8754  8748  8747
TBILIS 1987 12 15 2  8777  8748  8770  8799  8822  8804  8758  8775  8778  8728  8706  8695
TBILIS 1987 12 16 1  8701  8688  8697  8710  8682  8718  8716  8669  8707  8763  8768  8749
TBILIS 1987 12 16 2  8762  8803  8742  8772  8797  8770  8778  8772  8743  8748  8780  8715
TBILIS 1987 12 17 1  8716  8733  8732  8696  8731  8670  8706  8697  8713  8704  8722  8779
TBILIS 1987 12 17 2  8768  8765  8747  8748  8784  8741  8788  8757  8762  8729  8782  8792
TBILIS 1987 12 18 1  8761  8751  8782  8720  8718  8718  8707  8748  8726  8741  8741  8757
TBILIS 1987 12 18 2  8757  8759  8723  8748  8764  8764  8759  8743  8750  8724  8711  8699
TBILIS 1987 12 19 1  8701  8697  8658  8683  8728  8709  8712  8677  8693  8719  8726  8711
TBILIS 1987 12 19 2  8742  8711  8733  8692  8710  8734  8698  8695  8699  8719  8674  8710
TBILIS 1987 12 20 1  8704  8696  8729  8731  8732  8725  8711  8714  8749  8740  8761  8732
TBILIS 1987 12 20 2  8771  8811  8771  8767  8790  8807  8768  8817  8770  8746  8746  8740
TBILIS 1987 12 21 1  8737  8683  8716  8697  8696  8691  8704  8691  8800  8785  8818  8780
TBILIS 1987 12 21 2  8822  8815  8788  8762  8815  8818  8854  8855  8830  8824  8847  8818
TBILIS 1987 12 22 1  8804  8794  8749  8778  8749  8719  8736  8736  8729  8751  8755  8764
TBILIS 1987 12 22 2  8781  8762  8774  8759  8819  8812  8750  8788  8752  8753  8755  8770
TBILIS 1987 12 23 1  8721  8749  8728  8745  8725  8744  8750  8764  8761  8760  8776  8798
TBILIS 1987 12 23 2  8813  8804  8867  8836  8848  8890  8873  8830  8824  8839  8820  8826
TBILIS 1987 12 24 1  8762  8797  8793  8781  8795  8786  8768  8788  8765  8775  8811  8796
TBILIS 1987 12 24 2  8792  8832  8814  8877  8806  8822  8841  8862  8839  8870  8828  8780
TBILIS 1987 12 25 1  8742  8797  8729  8771  8780  8737  8741  8699  8730  8773  8781  8753
TBILIS 1987 12 25 2  8758  8764  8758  8704  8685  8767  8721  8694  8687  8720  8698  8664
TBILIS 1987 12 26 1  8738  8713  8750  8716  8746  8703  8739  8750  8731  8795  8755  8781
TBILIS 1987 12 26 2  8750  8756  8722  8713  8723  8738  8711  8746  8760  8704  8699  8689
TBILIS 1987 12 27 1  8667  8689  8707  8682  8692  8726  8727  8716  8755  8804  8819  8831
TBILIS 1987 12 27 2  8838  8848  8859  8844  8859  8855  8827  8808  8796  8778  8782  8798
TBILIS 1987 12 28 1  8746  8743  8780  8751  8703  8714  8739  8757  8764  8758  8784  8779
TBILIS 1987 12 28 2  8775  8783  8827  8828  8824  8816  8826  8810  8780  8746  8762  8748
TBILIS 1987 12 29 1  8736  8744  8697  8698  8688  8684  8699  8710  8754  8774  8806  8841
TBILIS 1987 12 29 2  8846  8835  8829  8806  8812  8838  8806  8835  8780  8763  8782  8782
TBILIS 1987 12 30 1  8783  8799  8743  8735  8746  8714  8722  8717  8716  8783  8807  8795
TBILIS 1987 12 30 2  8785  8750  8760  8718  8708  8707  8696  8682  8634  8612  8607  8595
TBILIS 1987 12 31 1  8619  8604  8623  8644  8613  8637  8620  8707  8708  8742  8763  8766
TBILIS 1987 12 31 2  8775  8786  8856  8851  8857  8844  8823  8823  8824  8809  8782  8727
