Cosmic-Ray Neutron Monitor Data (Hourly, Pressure-Corrected and Scale-Adjusted Counts)
Collections: WDC for Cosmic Rays, Solar-Terrestrial Environment Laboratory, Nagoya Univ.
Data Access: http://center.stelab.nagoya-u.ac.jp/WDCCR/index.html
Project: ICSU WDC
Citation: WDC for Cosmic Rays, Solar-Terrestrial Environment Laboratory, Nagoya University
Station ID: TBILIS
Station:  TBILISI,GIORGIA,INSTITUT GEOPHYSIKY (IG), GIORGIAN ACADEMY OF SCIENCES,GIORGIA 
Instrument: 18-NM-64 NEUTRON MONITOR, CORRECTED FOR PRESSURE TO 950.0 MB, COEF. = -0.69 %/MB
Latitude (deg.):   41.72  Longitude (deg.):   44.80  Altitude (m):  510.00
Cut-Off Rigidity (GV):    6.66
Year: 1985  Month:   1
Scaling Factor (SF):    64.0   Constant (CONST):     0.0  Real Counts = (DATA + CONST)*SF
Temporal Resolution: 1 hour
UTC Start Hour:     0.0
                                                                                
                                                        
Monthly Average:  8531.2
Updated (YYYY MM DD): 1987 07 15
*******************************************************************************************
ID     YYYY MM DD 1     0     1     2     3     4     5     6     7     8     9    10    11
ID     YYYY MM DD 2    12    13    14    15    16    17    18    19    20    21    22    23
*******************************************************************************************
TBILIS 1985 01 01 1  8520  8543  8525  8523  8486  8514  8517  8514  8519  8564  8565  8563
TBILIS 1985 01 01 2  8590  8598  8573  8590  8575  8605  8625  8607  8588  8561  8530  8511
TBILIS 1985 01 02 1  8444  8491  8516  8530  8531  8503  8585  8535  8587  8617  8607  8624
TBILIS 1985 01 02 2  8650  8624  8639  8591  8589  8606  8590  8581  8562  8578  8585  8565
TBILIS 1985 01 03 1  8572  8582  8579  8572  8608  8530  8503  8550  8573  8562  8613  8578
TBILIS 1985 01 03 2  8584  8573  8578  8559  8557  8545  8524  8561  8536  8586  8511  8506
TBILIS 1985 01 04 1  8469  8492  8464  8491  8535  8536  8544  8517  8587  8569  8543  8601
TBILIS 1985 01 04 2  8593  8619  8568  8579  8574  8570  8567  8543  8525  8520  8531  8518
TBILIS 1985 01 05 1  8522  8531  8541  8520  8559  8561  8598  8576  8605  8609  8611  8611
TBILIS 1985 01 05 2  8618  8624  8598  8586  8581  8576  8543  8556  8564  8565  8576  8538
TBILIS 1985 01 06 1  8542  8533  8549  8589  8554  8613  8576  8584  8605  8615  8682  8708
TBILIS 1985 01 06 2  8640  8694  8725  8677  8654  8604  8597  8584  8529  8564  8537  8497
TBILIS 1985 01 07 1  8524  8508  8557  8565  8538  8553  8577  8566  8608  8624  8601  8590
TBILIS 1985 01 07 2  8614  8608  8562  8585  8595  8581  8621  8614  8596  8570  8539  8510
TBILIS 1985 01 08 1  8568  8556  8510  8540  8569  8546  8591  8596  8585  8595  8611  8591
TBILIS 1985 01 08 2  8604  8619  8545  8523  8496  8641  8647  8607  8585  8561  8454  8514
TBILIS 1985 01 09 1  8506  8508  8500  8506  8502  8473  8486  8538  8568  8616  8608  8579
TBILIS 1985 01 09 2  8630  8611  8566  8541  8565  8535  8537  8536  8519  8508  8482  8467
TBILIS 1985 01 10 1  8456  8487  8585  8501  8506  8515  8533  8520  8566  8646  8639  8630
TBILIS 1985 01 10 2  8605  8585  8551  8552  8567  8562  8494  8494  8489  8457  8469  8484
TBILIS 1985 01 11 1  8467  8467  8499  8500  8498  8531  8558  8568  8575  8591  8654  8674
TBILIS 1985 01 11 2  8641  8638  8672  8597  8521  8570  8611  8533  8535  8557  8568  8545
TBILIS 1985 01 12 1  8609  8618  8583  8606  8599  8608  8568  8570  8569  8582  8644  8652
TBILIS 1985 01 12 2  8617  8580  8585  8587  8545  8571  8556  8561  8519  8580  8561  8539
TBILIS 1985 01 13 1  8579  8511  8587  8592  8594  8568  8576  8557  8514  8541  8547  8536
TBILIS 1985 01 13 2  8487  8511  8472  8492  8469  8507  8484  8473  8440  8444  8392  8374
TBILIS 1985 01 14 1  8385  8405  8418  8420  8442  8505  8529  8550  8515  8539  8571  8599
TBILIS 1985 01 14 2  8585  8609  8559  8516  8482  8445  8443  8415  8375  8410  8399  8416
TBILIS 1985 01 15 1  8380  8402  8448  8462  8486  8450  8463  8485  8511  8542  8567  8543
TBILIS 1985 01 15 2  8516  8502  8479  8421  8384  8403  8393  8349  8318  8317  8366  8333
TBILIS 1985 01 16 1  8353  8339  8374  8419  8420  8455  8492  8469  8539  8539  8616  8629
TBILIS 1985 01 16 2  8618  8588  8539  8553  8475  8482  8488  8478  8464  8456  8494  8503
TBILIS 1985 01 17 1  8501  8517  8528  8512  8512  8500  8512  8489  8493  8563  8588  8606
TBILIS 1985 01 17 2  8630  8693  8641  8635  8595  8539  8522  8514  8514  8489  8468  8451
TBILIS 1985 01 18 1  8445  8453  8471  8455  8471  8458  8474  8508  8523  8564  8548  8558
TBILIS 1985 01 18 2  8550  8512  8545  8522  8541  8511  8532  8521  8530  8539  8544  8532
TBILIS 1985 01 19 1  8475  8455  8474  8469  8450  8462  8501  8448  8438  8500  8517  8546
TBILIS 1985 01 19 2  8543  8542  8533  8499  8493  8512  8509  8511  8465  8473  8477  8469
TBILIS 1985 01 20 1  8430  8444  8490  8481  8479  8476  8521  8493  8603  8629  8645  8616
TBILIS 1985 01 20 2  8628  8559  8557  8563  8580  8567  8557  8535  8520  8504  8484  8508
TBILIS 1985 01 21 1  8475  8485  8483  8477  8501  8571  8573  8565  8602  8612  8604  8622
TBILIS 1985 01 21 2  8660  8594  8576  8620  8626  8651  8625  8607  8572  8637  8626  8592
TBILIS 1985 01 22 1  8612  8579  8505  8556  8504  8511  8581  8565  8543  8590  8563  8541
TBILIS 1985 01 22 2  8547  8520  8497  8481  8468  8455  8456  8424  8408  8395  8386  8457
TBILIS 1985 01 23 1  8452  8444  8452  8510  8500  8493  8524  8494  8453  8447  8488  8532
TBILIS 1985 01 23 2  8498  8524  8546  8563  8573  8551  8507  8519  8534  8483  8498  8503
TBILIS 1985 01 24 1  8545  8577  8550  8533  8505  8479  8463  8505  8535  8550  8583  8592
TBILIS 1985 01 24 2  8620  8599  8577  8525  8506  8532  8516  8498  8475  8481  8534  8527
TBILIS 1985 01 25 1  8498  8525  8497  8559  8532  8513  8533  8508  8501  8482  8432  8441
TBILIS 1985 01 25 2  8413  8414  8456  8444  8382  8431  8339  8363  8380  8357  8347  8334
TBILIS 1985 01 26 1  8354  8383  8365  8354  8407  8405  8417  8427  8423  8433  8417  8418
TBILIS 1985 01 26 2  8434  8413  8464  8473  8424  8405  8419  8408  8441  8411  8435  8453
TBILIS 1985 01 27 1  8427  8423  8427  8452  8455  8436  8482  8489  8477  8503  8542  8499
TBILIS 1985 01 27 2  8531  8502  8495  8436  8418  8402  8383  8405  8432  8414  8429  8415
TBILIS 1985 01 28 1  8415  8452  8448  8489  8490  8495  8463  8425  8408  8455  8492  8541
TBILIS 1985 01 28 2  8599  8668  8631  8666  8629  8601  8610  8554  8571  8569  8557  8577
TBILIS 1985 01 29 1  8537  8579  8575  8588  8543  8558  8545  8513  8529  8528  8571  8551
TBILIS 1985 01 29 2  8566  8588  8590  8593  8568  8628  8630  8603  8596  8628  8602  8604
TBILIS 1985 01 30 1  8626  8621  8647  8573  8592  8595  8557  8515  8523  8555  8519  8468
TBILIS 1985 01 30 2  8529  8538  8521  8551  8556  8529  8525  8591  8573  8551  8583  8557
TBILIS 1985 01 31 1  8595  8563  8560  8574  8558  8549  8579  8547  8575  8558  8569  8575
TBILIS 1985 01 31 2  8580  8583  8602  8587  8653  8616  8611  8648  8583  8590  8595  8607
Cosmic-Ray Neutron Monitor Data (Hourly, Pressure-Corrected and Scale-Adjusted Counts)
Collections: WDC for Cosmic Rays, Solar-Terrestrial Environment Laboratory, Nagoya Univ.
Data Access: http://center.stelab.nagoya-u.ac.jp/WDCCR/index.html
Project: ICSU WDC
Citation: WDC for Cosmic Rays, Solar-Terrestrial Environment Laboratory, Nagoya University
Station ID: TBILIS
Station:  TBILISI,GIORGIA,INSTITUT GEOPHYSIKY (IG), GIORGIAN ACADEMY OF SCIENCES,GIORGIA 
Instrument: 18-NM-64 NEUTRON MONITOR, CORRECTED FOR PRESSURE TO 950.0 MB, COEF. = -0.69 %/MB
Latitude (deg.):   41.72  Longitude (deg.):   44.80  Altitude (m):  510.00
Cut-Off Rigidity (GV):    6.66
Year: 1985  Month:   2
Scaling Factor (SF):    64.0   Constant (CONST):     0.0  Real Counts = (DATA + CONST)*SF
Temporal Resolution: 1 hour
UTC Start Hour:     0.0
                                                                                
                                                        
Monthly Average:  8657.7
Updated (YYYY MM DD): 1987 07 15
*******************************************************************************************
ID     YYYY MM DD 1     0     1     2     3     4     5     6     7     8     9    10    11
ID     YYYY MM DD 2    12    13    14    15    16    17    18    19    20    21    22    23
*******************************************************************************************
TBILIS 1985 02 01 1  8606  8628  8603  8639  8553  8582  8588  8562  8578  8638  8676  8691
TBILIS 1985 02 01 2  8686  8715  8687  8671  8656  8679  8629  8652  8667  8650  8658  8644
TBILIS 1985 02 02 1  8630  8632  8646  8644  8630  8635  8615  8603  8628  8639  8652  8699
TBILIS 1985 02 02 2  8713  8670  8721  8689  8694  8684  8682  8702  8706  8691  8683  8651
TBILIS 1985 02 03 1  8668  8662  8657  8671  8686  8693  8612  8664  8614  8602  8666  8657
TBILIS 1985 02 03 2  8676  8658  8640  8627  8655  8624  8690  8702  8686  8680  8676  8681
TBILIS 1985 02 04 1  8669  8690  8673  8706  8649  8675  8639  8642  8628  8648  8640  8677
TBILIS 1985 02 04 2  8672  8670  8695  8662  8598  8582  8660  8647  8690  8683  8669  8681
TBILIS 1985 02 05 1  8735  8682  8678  8708  8652  8656  8652  8648  8713  8758  8749  8774
TBILIS 1985 02 05 2  8762  8774  8817  8820  8769  8815  8739  8770  8719  8746  8738  8707
TBILIS 1985 02 06 1  8695  8709  8645  8583  8566  8604 99999 99999 99999 99999 99999  8681
TBILIS 1985 02 06 2  8686  8670  8633  8611  8619  8601  8588  8630  8597  8583  8592  8619
TBILIS 1985 02 07 1  8608  8583  8605  8590  8598  8558  8536  8528  8599  8585  8620  8586
TBILIS 1985 02 07 2  8553  8527  8584  8569  8537  8544  8555  8526  8547  8557  8541  8547
TBILIS 1985 02 08 1  8575  8578  8563  8586  8582  8548  8525  8528  8569  8576  8640  8651
TBILIS 1985 02 08 2  8659  8659  8699  8682  8706  8721  8690  8699  8736  8709  8723  8734
TBILIS 1985 02 09 1  8712  8682  8686  8612  8643  8610  8581  8665  8672  8699  8685  8645
TBILIS 1985 02 09 2  8670  8677  8633  8648  8637  8623  8636  8632  8560  8648  8645  8633
TBILIS 1985 02 10 1  8594  8648  8600  8578  8563  8573  8611  8584  8569  8592  8605  8595
TBILIS 1985 02 10 2  8605  8583  8618  8572  8610  8566  8570  8587  8570  8586  8628  8575
TBILIS 1985 02 11 1  8599  8547  8537  8601  8543  8571  8588  8594  8574  8601  8593  8616
TBILIS 1985 02 11 2  8625  8651  8659  8637  8601  8613  8571  8560  8565  8600  8581  8517
TBILIS 1985 02 12 1  8555  8581  8586  8555  8584  8616  8621  8582  8606  8623  8636  8638
TBILIS 1985 02 12 2  8654  8677  8678  8644  8653  8642  8648  8631  8648  8648  8645  8595
TBILIS 1985 02 13 1  8618  8631  8645  8637  8640  8646  8649  8686  8640  8668  8696  8699
TBILIS 1985 02 13 2  8725  8671  8714  8667  8654  8656  8681  8613  8626  8639  8641  8614
TBILIS 1985 02 14 1  8636  8646  8628  8640  8609  8612  8601  8649  8626  8677  8685  8695
TBILIS 1985 02 14 2  8681  8673  8675  8675  8697  8696  8712  8720  8696  8685  8672  8651
TBILIS 1985 02 15 1  8629  8651  8620  8633  8584  8620  8626  8635  8674  8705  8724  8769
TBILIS 1985 02 15 2  8734  8766  8743  8763  8704  8693  8688  8642  8722  8744  8695  8663
TBILIS 1985 02 16 1  8668  8684  8707  8709  8672  8719  8738  8696  8738  8683  8754  8730
TBILIS 1985 02 16 2  8701  8699  8719  8757  8740  8701  8674  8680  8695  8647  8656  8684
TBILIS 1985 02 17 1  8658  8694  8665  8709  8684  8645  8693  8644  8673  8701  8629  8718
TBILIS 1985 02 17 2  8727  8710  8735  8698  8719  8722  8739  8713  8618  8712  8691  8745
TBILIS 1985 02 18 1  8705  8613  8610  8634  8614  8654  8645  8672  8664  8653  8679  8719
TBILIS 1985 02 18 2  8657  8703  8675  8672  8667  8666  8707  8661  8613  8614  8617  8614
TBILIS 1985 02 19 1  8602  8593  8618  8566  8619  8655  8633  8682  8683  8676  8702  8652
TBILIS 1985 02 19 2  8656  8619  8638  8645  8607  8638  8627  8585  8618  8644  8631  8629
TBILIS 1985 02 20 1  8647  8617  8637  8640  8657  8627  8647  8665  8653  8677  8719  8681
TBILIS 1985 02 20 2  8696  8683  8667  8655  8645  8689  8723  8697  8689  8684  8678  8681
TBILIS 1985 02 21 1  8665  8682  8687  8696  8673  8707  8689  8676  8691  8703  8733  8722
TBILIS 1985 02 21 2  8758  8750  8755  8762  8756  8761  8728  8715  8733  8694  8710  8698
TBILIS 1985 02 22 1  8723  8746  8750  8712  8725  8649  8679  8650  8680  8720  8691  8720
TBILIS 1985 02 22 2  8673  8730  8742  8694  8716  8716  8780  8720  8710  8697  8676  8616
TBILIS 1985 02 23 1  8656  8653  8663  8629  8666  8724  8625  8671  8666  8685  8705  8731
TBILIS 1985 02 23 2  8716  8706  8678  8706  8670  8641  8701  8694  8655  8644  8653  8655
TBILIS 1985 02 24 1  8614  8640  8653  8639  8641  8647  8655  8684  8655  8666  8634  8647
TBILIS 1985 02 24 2  8693  8634  8670  8681  8666  8657  8662  8659  8661  8620  8643  8630
TBILIS 1985 02 25 1  8680  8667  8648  8684  8636  8653  8602  8589  8637  8644  8644  8674
TBILIS 1985 02 25 2  8708  8669  8648  8647  8664  8644  8639  8641  8657  8666  8668  8626
TBILIS 1985 02 26 1  8641  8664  8638  8695  8671  8653  8655  8669  8636  8656  8675  8672
TBILIS 1985 02 26 2  8694  8666  8647  8656  8648  8616  8655  8684  8652  8666  8658  8675
TBILIS 1985 02 27 1  8679  8721  8691  8718  8696  8697  8657  8667  8687  8640  8660  8681
TBILIS 1985 02 27 2  8683  8665  8673  8674  8652  8675  8713  8616  8559  8583  8631  8679
TBILIS 1985 02 28 1  8668  8666  8674  8654  8644  8641  8706  8691  8713  8669  8739  8719
TBILIS 1985 02 28 2  8734  8743  8733  8743  8731  8707  8650  8638  8660  8673  8668  8678
TBILIS 1985 02 29 1 99999 99999 99999 99999 99999 99999 99999 99999 99999 99999 99999 99999
TBILIS 1985 02 29 2 99999 99999 99999 99999 99999 99999 99999 99999 99999 99999 99999 99999
TBILIS 1985 02 30 1 99999 99999 99999 99999 99999 99999 99999 99999 99999 99999 99999 99999
TBILIS 1985 02 30 2 99999 99999 99999 99999 99999 99999 99999 99999 99999 99999 99999 99999
TBILIS 1985 02 31 1 99999 99999 99999 99999 99999 99999 99999 99999 99999 99999 99999 99999
TBILIS 1985 02 31 2 99999 99999 99999 99999 99999 99999 99999 99999 99999 99999 99999 99999
Cosmic-Ray Neutron Monitor Data (Hourly, Pressure-Corrected and Scale-Adjusted Counts)
Collections: WDC for Cosmic Rays, Solar-Terrestrial Environment Laboratory, Nagoya Univ.
Data Access: http://center.stelab.nagoya-u.ac.jp/WDCCR/index.html
Project: ICSU WDC
Citation: WDC for Cosmic Rays, Solar-Terrestrial Environment Laboratory, Nagoya University
Station ID: TBILIS
Station:  TBILISI,GIORGIA,INSTITUT GEOPHYSIKY (IG), GIORGIAN ACADEMY OF SCIENCES,GIORGIA 
Instrument: 18-NM-64 NEUTRON MONITOR, CORRECTED FOR PRESSURE TO 950.0 MB, COEF. = -0.69 %/MB
Latitude (deg.):   41.72  Longitude (deg.):   44.80  Altitude (m):  510.00
Cut-Off Rigidity (GV):    6.66
Year: 1985  Month:   3
Scaling Factor (SF):    64.0   Constant (CONST):     0.0  Real Counts = (DATA + CONST)*SF
Temporal Resolution: 1 hour
UTC Start Hour:     0.0
                                                                                
                                                        
Monthly Average:  8671.1
Updated (YYYY MM DD): 1987 07 15
*******************************************************************************************
ID     YYYY MM DD 1     0     1     2     3     4     5     6     7     8     9    10    11
ID     YYYY MM DD 2    12    13    14    15    16    17    18    19    20    21    22    23
*******************************************************************************************
TBILIS 1985 03 01 1  8645  8607  8646  8751  8718  8677  8680  8712  8680  8687  8701  8719
TBILIS 1985 03 01 2  8733  8746  8742  8769  8764  8742  8744  8722  8700  8697  8688  8711
TBILIS 1985 03 02 1  8725  8704  8669  8635  8639  8616  8650  8637  8689  8616  8670  8706
TBILIS 1985 03 02 2  8732  8717  8690  8717  8701  8711  8737  8690  8687  8690  8690  8648
TBILIS 1985 03 03 1  8659  8639  8634  8632  8606  8620  8638  8606  8638  8624  8621  8682
TBILIS 1985 03 03 2  8651  8701  8686  8709  8690  8681  8644  8655  8641  8642  8622  8625
TBILIS 1985 03 04 1  8581  8594  8608  8618  8626  8619  8635  8671  8640  8625  8677  8688
TBILIS 1985 03 04 2  8684  8700  8726  8693  8643  8676  8629  8603  8628  8611  8587  8580
TBILIS 1985 03 05 1  8568  8614  8602  8642  8632  8601  8586  8586  8589  8595  8641  8653
TBILIS 1985 03 05 2  8631  8655  8664  8648  8686  8678  8642  8641  8603  8620  8611  8632
TBILIS 1985 03 06 1 99999 99999 99999 99999 99999 99999 99999 99999 99999 99999 99999 99999
TBILIS 1985 03 06 2  8567  8592  8617  8601  8607  8560  8519  8542  8577  8539  8587  8552
TBILIS 1985 03 07 1  8568  8587  8582  8582  8569  8594  8565  8597  8599  8652  8658  8633
TBILIS 1985 03 07 2  8587  8611  8621  8600  8607  8626  8638  8567  8592  8621  8588  8627
TBILIS 1985 03 08 1  8629  8583  8588  8597  8621  8579  8580  8571  8623  8645  8717  8707
TBILIS 1985 03 08 2  8729  8700  8704  8648  8670  8667  8657  8614  8593  8627  8612  8651
TBILIS 1985 03 09 1  8572  8630  8634  8639  8601  8634  8562  8577  8569  8537  8584  8586
TBILIS 1985 03 09 2  8632  8660  8685  8674  8691  8629  8597  8648  8631  8653  8638  8607
TBILIS 1985 03 10 1  8604  8611  8623  8614  8624  8592  8592  8579  8589  8567  8576  8588
TBILIS 1985 03 10 2  8582  8590  8591  8658  8687  8677  8692  8682  8657  8636  8669  8634
TBILIS 1985 03 11 1  8682  8666  8646  8636  8646  8611  8609  8565  8618  8593  8612  8658
TBILIS 1985 03 11 2  8677  8643  8651  8670  8649  8688  8661  8653  8653  8649  8660  8637
TBILIS 1985 03 12 1  8696  8666  8629  8650  8626  8622  8580  8560  8608  8603  8655  8665
TBILIS 1985 03 12 2  8691  8664  8681  8657  8659  8684  8639  8665  8681  8675  8641  8643
TBILIS 1985 03 13 1  8623  8630  8597  8606  8577  8584  8631  8609  8586  8633  8594  8663
TBILIS 1985 03 13 2  8664  8676  8675  8673  8661  8649  8685  8655  8692  8655  8646  8662
TBILIS 1985 03 14 1  8644  8638  8644  8610  8600  8641  8598  8576  8618  8626  8611 99999
TBILIS 1985 03 14 2 99999 99999  8723  8743  8732  8745  8704  8694  8701  8696  8675  8761
TBILIS 1985 03 15 1  8708  8653  8679  8600  8670  8659  8688  8684  8694  8678  8692  8690
TBILIS 1985 03 15 2  8723  8744  8749  8717  8692  8677  8679  8660  8610  8648  8601  8619
TBILIS 1985 03 16 1  8640  8635  8611  8595  8633  8621  8613  8585  8625  8609  8641  8653
TBILIS 1985 03 16 2  8657  8676  8698  8698  8661  8643  8665  8618  8637  8614  8613  8609
TBILIS 1985 03 17 1  8614  8593  8616  8592  8566  8602  8581  8618  8659  8665  8685  8669
TBILIS 1985 03 17 2  8697  8659  8681  8696  8682  8660  8683  8677  8654  8652  8628  8624
TBILIS 1985 03 18 1  8642  8609  8589  8605  8650  8629  8691  8690  8692  8683  8665  8702
TBILIS 1985 03 18 2  8666  8672  8697  8674  8681  8628  8610  8644  8623  8618  8614  8589
TBILIS 1985 03 19 1  8584  8556  8579  8579  8604  8580  8605  8584  8639  8720  8777  8785
TBILIS 1985 03 19 2  8809  8828  8821  8821  8776  8833  8802  8773  8780  8769  8773  8749
TBILIS 1985 03 20 1  8708  8726  8727  8695  8746  8730  8731  8700  8715  8668  8749  8732
TBILIS 1985 03 20 2  8744  8728  8738  8762  8740  8735  8710  8698  8680  8678  8652  8659
TBILIS 1985 03 21 1  8657  8641  8656  8658  8643  8651  8704  8702  8739  8729  8766  8804
TBILIS 1985 03 21 2  8764  8769  8743  8800  8786  8686  8786  8794  8746  8746  8675  8687
TBILIS 1985 03 22 1  8667  8636  8661  8708  8699  8701  8682  8694  8689  8725  8699  8682
TBILIS 1985 03 22 2  8714  8676  8701  8715  8672  8646  8612  8582  8562  8586  8562  8590
TBILIS 1985 03 23 1  8569  8607  8639  8687  8655  8682  8664  8672  8711  8698  8692  8740
TBILIS 1985 03 23 2  8756  8807  8765  8790  8736  8766  8751  8681  8703  8707  8705  8714
TBILIS 1985 03 24 1  8739  8748  8751  8755  8769 99999 99999 99999  8785  8774  8807  8818
TBILIS 1985 03 24 2  8832  8812  8747  8789  8739  8742  8766  8742  8721  8744  8713  8730
TBILIS 1985 03 25 1  8748  8735  8736  8697  8684 99999 99999 99999 99999 99999 99999 99999
TBILIS 1985 03 25 2 99999 99999 99999 99999 99999 99999 99999 99999 99999 99999 99999 99999
TBILIS 1985 03 26 1 99999 99999 99999 99999 99999 99999 99999 99999 99999 99999 99999 99999
TBILIS 1985 03 26 2 99999  8747  8723  8721  8686  8711  8690  8793  8729  8733  8736  8747
TBILIS 1985 03 27 1  8719  8721  8715  8761  8773  8733  8747  8734  8723  8778  8760  8831
TBILIS 1985 03 27 2  8822  8793  8766  8797  8733  8712  8744  8706  8685  8664  8675  8646
TBILIS 1985 03 28 1  8667  8708  8691  8726  8656  8666  8667  8667  8714  8737  8732  8718
TBILIS 1985 03 28 2  8740  8740  8715  8723  8744  8746  8755  8727  8744  8690  8723  8733
TBILIS 1985 03 29 1  8706  8679  8695  8684  8673  8653  8657  8669  8682  8701  8742  8676
TBILIS 1985 03 29 2  8742  8702  8736  8697  8644  8632  8604  8582  8604  8575  8623  8609
TBILIS 1985 03 30 1  8607  8633  8628  8656  8683  8681  8653  8658  8699  8735  8677  8751
TBILIS 1985 03 30 2  8802  8766  8715  8748  8735  8702  8740  8681  8720  8663  8682  8690
TBILIS 1985 03 31 1  8707  8678  8671  8695  8688  8695  8687  8707  8722  8758  8745  8795
TBILIS 1985 03 31 2  8805  8843  8816  8790  8802  8769  8744  8737  8707  8729  8720  8720
Cosmic-Ray Neutron Monitor Data (Hourly, Pressure-Corrected and Scale-Adjusted Counts)
Collections: WDC for Cosmic Rays, Solar-Terrestrial Environment Laboratory, Nagoya Univ.
Data Access: http://center.stelab.nagoya-u.ac.jp/WDCCR/index.html
Project: ICSU WDC
Citation: WDC for Cosmic Rays, Solar-Terrestrial Environment Laboratory, Nagoya University
Station ID: TBILIS
Station:  TBILISI,GIORGIA,INSTITUT GEOPHYSIKY (IG), GIORGIAN ACADEMY OF SCIENCES,GIORGIA 
Instrument: 18-NM-64 NEUTRON MONITOR, CORRECTED FOR PRESSURE TO 950.0 MB, COEF. = -0.69 %/MB
Latitude (deg.):   41.72  Longitude (deg.):   44.80  Altitude (m):  510.00
Cut-Off Rigidity (GV):    6.66
Year: 1985  Month:   4
Scaling Factor (SF):    64.0   Constant (CONST):     0.0  Real Counts = (DATA + CONST)*SF
Temporal Resolution: 1 hour
UTC Start Hour:     0.0
                                                                                
                                                        
Monthly Average:  8789.1
Updated (YYYY MM DD): 1987 07 15
*******************************************************************************************
ID     YYYY MM DD 1     0     1     2     3     4     5     6     7     8     9    10    11
ID     YYYY MM DD 2    12    13    14    15    16    17    18    19    20    21    22    23
*******************************************************************************************
TBILIS 1985 04 01 1  8707  8653  8699  8690  8631  8630  8622  8635  8692  8730  8745  8754
TBILIS 1985 04 01 2  8825  8819  8847  8856  8854  8808  8818  8737  8744  8729  8725  8755
TBILIS 1985 04 02 1  8729  8749  8746  8722  8718  8704  8689  8708  8733  8750  8776  8808
TBILIS 1985 04 02 2  8813  8834  8831  8840  8821  8832  8843  8801  8792  8799  8760  8708
TBILIS 1985 04 03 1  8731  8761  8709  8741  8753  8741  8765  8755  8795  8793  8806  8796
TBILIS 1985 04 03 2 99999 99999 99999 99999 99999 99999 99999  8706  8667  8665  8663  8683
TBILIS 1985 04 04 1  8674  8670  8741  8714  8753  8725  8759  8788  8779  8798  8782  8762
TBILIS 1985 04 04 2  8813  8778  8813  8780  8727  8721  8743  8732  8727  8705  8713  8715
TBILIS 1985 04 05 1  8712  8732  8723  8744  8746  8744  8717  8708  8762  8760  8802  8800
TBILIS 1985 04 05 2  8809  8811  8841  8815  8815  8846  8812  8790  8825  8832  8729  8755
TBILIS 1985 04 06 1  8723  8714  8718  8711  8751  8735  8736  8697  8794  8786  8814  8803
TBILIS 1985 04 06 2  8842  8781  8775  8763  8771  8776  8789  8797  8820  8781  8750  8709
TBILIS 1985 04 07 1  8699  8726  8685  8698  8811  8720  8658  8742  8788  8775  8802  8832
TBILIS 1985 04 07 2  8807  8825  8833  8768  8798  8804  8830  8735  8744  8727  8703  8683
TBILIS 1985 04 08 1  8733  8734  8766  8749  8775  8752  8771  8748  8738 99999 99999 99999
TBILIS 1985 04 08 2  8772  8795  8814  8903  8825  8802  8805  8775  8804  8774  8823  8813
TBILIS 1985 04 09 1  8817  8794  8823  8821  8808  8802  8795  8767  8761  8801  8816  8808
TBILIS 1985 04 09 2  8805  8800  8786  8824  8871  8765  8771  8720  8781  8782  8791  8756
TBILIS 1985 04 10 1  8856  8822  8841  8836  8808  8751  8814  8861  8819  8901  8878  8862
TBILIS 1985 04 10 2  8813  8830  8880  8939  8895  8810  8767  8777  8788  8774  8747  8739
TBILIS 1985 04 11 1  8741  8782  8785  8773  8833  8822  8796  8822  8857  8874  8895  8958
TBILIS 1985 04 11 2  8975  8990  8882  8912  8820  8817  8804  8776  8785  8754  8762  8814
TBILIS 1985 04 12 1  8762  8773  8746  8814  8796  8848  8846  8810  8846  8897  8898  8942
TBILIS 1985 04 12 2  8975  8792  8974  8994  9055  8965  8919  8878  8879  8868  8837  8805
TBILIS 1985 04 13 1  8839  8787  8823  8834  8761  8825  8812  8847  8898  8842  8866  8876
TBILIS 1985 04 13 2  8892  8873  8852  8835  8852  8841  8806  8814  8802  8759  8736  8782
TBILIS 1985 04 14 1  8793  8775  8775  8745  8765  8740  8776  8830  8869  8957  8976  8952
TBILIS 1985 04 14 2  8998 99999 99999 99999  9105  9058  8940  8915  8910  8937  8921  8903
TBILIS 1985 04 15 1  8900 99999 99999 99999  8828  8852  8856  8822  8864  8872  8891  8949
TBILIS 1985 04 15 2  8912  8918  8875  8890  8891  8852  8832  8827  8864  8795  8832  8849
TBILIS 1985 04 16 1  8832  8867  8830  8799  8829  8839  8795  8807  8803  8832  8816  8859
TBILIS 1985 04 16 2  8836  8825  8805  8881  8849  8818  8782  8756  8751  8740  8757  8783
TBILIS 1985 04 17 1  8802  8806  8811  8791  8815  8802  8808  8797  8781  8837  8804  8817
TBILIS 1985 04 17 2  8830  8791  8781  8799  8819  8812  8797  8828  8796  8794  8804  8804
TBILIS 1985 04 18 1  8779  8768  8829  8784  8826  8870  8840  8849  8879  8917  8911  8894
TBILIS 1985 04 18 2  8937  8932  8951  8990  8995  8952  8893  8882  8839  8835  8801  8793
TBILIS 1985 04 19 1  8762  8774  8784  8820  8863  8820  8789  8794  8813  8882  8854  8885
TBILIS 1985 04 19 2  8906  8876  8931  8940  8935  8949  8938  8920  8908  8845  8889  8845
TBILIS 1985 04 20 1  8875  8853  8861  8897  8919  8932  8929  8849  8874  8912  8862  8853
TBILIS 1985 04 20 2  8884  8858  8859  8851  8857  8874  8843  8805  8905  8926  8957  8944
TBILIS 1985 04 21 1  8891  8896  8897  8909  8881  8957  8912  8882  8894  8907  8843  8850
TBILIS 1985 04 21 2  8951  8956  8930  8937  8920  8876  8837  8881  8842  8830  8819  8855
TBILIS 1985 04 22 1  8878  8874  8836  8849  8855  8840  8829  8805  8851  8885  8924  8944
TBILIS 1985 04 22 2  8948  8944  8940  8867  8922  8919  8868  8940  8979  8895  8904  8904
TBILIS 1985 04 23 1  8888  8865  8871  8871  8835  8837  8848  8824  8892  8847  8887  8914
TBILIS 1985 04 23 2  8894  8950  8935  9005  8950  8926  8885  8899  8881  8855  8881  8903
TBILIS 1985 04 24 1  8869  8884  8900  8885  8860  8828  8876  8905  8913  8930  8920  8919
TBILIS 1985 04 24 2  8957  8946  8959  8908  8941  8923  8969  8954  8919  8911  8924  8922
TBILIS 1985 04 25 1  8884  8906  8930  8904  8854  8866  8857  8851  8788  8885  8867  8894
TBILIS 1985 04 25 2  8808  8801  8816  8835  8850  8893  8878  8933  8919  8893  8891  8881
TBILIS 1985 04 26 1 99999 99999 99999 99999  8668  8638  8630  8706  8794  8841  8818  8815
TBILIS 1985 04 26 2  8798  8740  8717  8677  8629  8590  8624  8572  8639  8634  8530  8582
TBILIS 1985 04 27 1  8579  8580  8564  8546  8560  8556  8570  8592  8613  8593  8517  8587
TBILIS 1985 04 27 2  8601  8540  8587  8580  8546  8555  8491  8516  8513  8551  8534  8532
TBILIS 1985 04 28 1  8526  8556  8561  8559  8531  8478  8507  8535  8558  8558  8533  8591
TBILIS 1985 04 28 2  8587  8610  8604  8602  8613  8567  8576  8567  8602  8612  8607  8609
TBILIS 1985 04 29 1  8567  8566  8557  8544  8537  8513  8543  8558  8581  8550  8545  8536
TBILIS 1985 04 29 2  8556  8578  8543  8504  8523  8491  8522  8508  8525  8550  8532  8543
TBILIS 1985 04 30 1  8530  8501  8533  8533  8561  8568  8557  8573  8579  8594  8568  8593
TBILIS 1985 04 30 2  8610  8725  8761  8834  8809  8697  8708  8742  8720  8673  8696  8724
TBILIS 1985 04 31 1 99999 99999 99999 99999 99999 99999 99999 99999 99999 99999 99999 99999
TBILIS 1985 04 31 2 99999 99999 99999 99999 99999 99999 99999 99999 99999 99999 99999 99999
Cosmic-Ray Neutron Monitor Data (Hourly, Pressure-Corrected and Scale-Adjusted Counts)
Collections: WDC for Cosmic Rays, Solar-Terrestrial Environment Laboratory, Nagoya Univ.
Data Access: http://center.stelab.nagoya-u.ac.jp/WDCCR/index.html
Project: ICSU WDC
Citation: WDC for Cosmic Rays, Solar-Terrestrial Environment Laboratory, Nagoya University
Station ID: TBILIS
Station:  TBILISI,GIORGIA,INSTITUT GEOPHYSIKY (IG), GIORGIAN ACADEMY OF SCIENCES,GIORGIA 
Instrument: 18-NM-64 NEUTRON MONITOR, CORRECTED FOR PRESSURE TO 950.0 MB, COEF. = -0.69 %/MB
Latitude (deg.):   41.72  Longitude (deg.):   44.80  Altitude (m):  510.00
Cut-Off Rigidity (GV):    6.66
Year: 1985  Month:   5
Scaling Factor (SF):    64.0   Constant (CONST):     0.0  Real Counts = (DATA + CONST)*SF
Temporal Resolution: 1 hour
UTC Start Hour:     0.0
                                                                                
                                                        
Monthly Average:  8841.6
Updated (YYYY MM DD): 1987 07 15
*******************************************************************************************
ID     YYYY MM DD 1     0     1     2     3     4     5     6     7     8     9    10    11
ID     YYYY MM DD 2    12    13    14    15    16    17    18    19    20    21    22    23
*******************************************************************************************
TBILIS 1985 05 01 1  8658  8696  8680  8664  8676  8636  8645  8709  8689  8712  8731  8720
TBILIS 1985 05 01 2  8717  8732  8724  8729  8724  8657  8678  8661  8681  8693  8689  8702
TBILIS 1985 05 02 1  8727  8722  8734  8735  8732  8744  8724  8652  8722  8731  8689  8701
TBILIS 1985 05 02 2  8720  8702  8738  8753  8735  8785  8742  8729  8725  8668  8751  8766
TBILIS 1985 05 03 1  8735  8750  8738  8728  8746  8686  8668  8660  8678  8704  8684  8709
TBILIS 1985 05 03 2  8705  8711  8723  8716  8713  8754  8697  8706  8713  8700  8754  8723
TBILIS 1985 05 04 1  8754  8699  8715  8725  8758  8745  8715  8761  8780  8840  8832  8829
TBILIS 1985 05 04 2  8839  8825  8829  8805  8811  8812  8770  8784  8779  8802  8762  8795
TBILIS 1985 05 05 1  8729  8735  8726  8715  8738  8715  8758  8787  8822  8803  8798  8792
TBILIS 1985 05 05 2  8801  8809  8831  8830  8816  8805  8817  8806  8779  8822  8763  8761
TBILIS 1985 05 06 1  8747  8746  8752  8748  8765  8756  8757  8741  8783  8788  8801  8779
TBILIS 1985 05 06 2  8866  8829  8843  8821  8824  8768  8737  8769  8778  8786  8745  8740
TBILIS 1985 05 07 1  8717  8741  8770  8754  8783  8804  8797  8773  8804  8815  8801  8822
TBILIS 1985 05 07 2  8822  8828  8823  8838  8823  8811  8809  8767  8778  8754  8748  8732
TBILIS 1985 05 08 1  8746  8762  8782  8738  8736  8795  8792  8800  8790  8798  8786  8842
TBILIS 1985 05 08 2  8794  8804  8823  8825  8822  8837  8770  8758  8747  8778  8724  8732
TBILIS 1985 05 09 1  8702  8717  8686  8694  8684  8697  8742  8779  8774  8808  8846  8858
TBILIS 1985 05 09 2  8847  8860  8870  8866  8881  8852  8809  8791  8812  8784  8758  8760
TBILIS 1985 05 10 1  8724  8749  8761  8781  8792  8797  8815  8817  8818  8793  8829  8849
TBILIS 1985 05 10 2  8856  8849  8869  8855  8882  8828  8817  8816  8839  8841  8842  8823
TBILIS 1985 05 11 1  8771  8765  8779  8775  8779  8745  8776  8819  8854  8803  8849  8816
TBILIS 1985 05 11 2  8814  8862  8857  8874  8853  8873  8792  8763  8779  8748  8759  8721
TBILIS 1985 05 12 1  8720  8771  8759  8802  8780  8800  8819  8868  8881  8856  8926  8841
TBILIS 1985 05 12 2  8897  8916  8911  8891  8922  8931  8859  8830  8824  8822  8796  8805
TBILIS 1985 05 13 1  8797  8771  8793  8828  8805  8844  8844  8870  8909  8888  8918  8927
TBILIS 1985 05 13 2  8939  8926  8915  8969  8966  8948  8919  8948  8974  8913  8887  8883
TBILIS 1985 05 14 1  8865  8861  8867  8862  8846  8888  8853  8873  8885  8934  8919  8927
TBILIS 1985 05 14 2  8918  8903  8981  8940  8940  8979  8867  8872  8889  8882  8840  8836
TBILIS 1985 05 15 1  8863  8810  8853  8812  8847  8842  8825  8845  8842  8932  8936  8915
TBILIS 1985 05 15 2  8922  8933  8982  8954  8938  8911  8927  8896  8878  8882  8835  8843
TBILIS 1985 05 16 1  8823  8828  8835  8867  8793  8829  8814  8872  8847  8831  8870  8852
TBILIS 1985 05 16 2  8888  8963  8968  8947  8996  8951  8875  8905  8847  8849  8846  8872
TBILIS 1985 05 17 1  8831  8801  8804  8825  8854  8847  8811  8804  8830  8821  8825  8801
TBILIS 1985 05 17 2  8858  8901  8866  8879  8906  8904  8863  8834  8838  8822  8850  8833
TBILIS 1985 05 18 1  8847  8826  8814  8834  8831  8785  8834  8838  8797  8830  8818  8878
TBILIS 1985 05 18 2  8854  8904  8897  8908  8880  8924  8899  8898  8855  8859  8852  8848
TBILIS 1985 05 19 1  8814  8834  8851  8816  8848  8868  8836  8899  8889  8935  8904  8884
TBILIS 1985 05 19 2  8915  8918  8879  8892  8919  8914  8907  8911  8889  8930  8899  8910
TBILIS 1985 05 20 1  8847  8892  8898  8913  8959  8900  8905  8964  8958  8942  8972  8959
TBILIS 1985 05 20 2  8980  8966  8975  8976  9007  8987  8962  8987  8970  8952  8924  8909
TBILIS 1985 05 21 1  8901  8904  8874  8900  8859  8854  8842  8850  8906  8911  8919  8967
TBILIS 1985 05 21 2  8928  8914  8883  8966  8922  8931  8932  8872  8865  8873  8879  8902
TBILIS 1985 05 22 1  8879  8872  8841  8888  8960  8908  8891  8891  8906  8929  8916  8951
TBILIS 1985 05 22 2  8956  8970  8969  8964  8955  8916  8926  8878  8916  8916  8839  8833
TBILIS 1985 05 23 1  8822  8800  8807  8844  8819  8823  8832  8843  8882  8877  8846  8881
TBILIS 1985 05 23 2  8874  8855  8877  8893  8943  8896  8876  8878  8839  8826  8810  8832
TBILIS 1985 05 24 1  8855  8797  8803  8835  8876  8898  8865  8884  8886  8894  8949  8989
TBILIS 1985 05 24 2  8970  8980  8922  8976  8928  8902  8887  8871  8860  8787  8800  8810
TBILIS 1985 05 25 1  8830  8824  8822  8810  8824  8789  8828  8890  8905  8865  8876  8903
TBILIS 1985 05 25 2  8886  8877  8857  8810  8882  8856  8828  8847  8811  8806  8899  8867
TBILIS 1985 05 26 1  8849  8845  8834  8839  8890  8834  8876  8871  8886  8913  8942  8943
TBILIS 1985 05 26 2  8899  8953  8949  8920  9011  8963  8927  8852  8853  8894  8908  8868
TBILIS 1985 05 27 1  8861  8851  8842  8837  8872  8867  8873  8864  8868  8890  8861  8895
TBILIS 1985 05 27 2  8913  8917  8938  8880  8894  8901  8912  8898  8900  8899  8854  8891
TBILIS 1985 05 28 1  8852  8863  8813  8858  8899  8853  8862  8867  8902  8939  8909  8946
TBILIS 1985 05 28 2  8938  8935  8928  8935  8911  8898  8860  8865  8830  8790  8820  8865
TBILIS 1985 05 29 1  8828  8843  8846  8851  8826  8830  8886  8826  8881  8910  8940  8902
TBILIS 1985 05 29 2  8960  8977  8985  8994  8931  8904  8923  8935  8929  8873  8877  8881
TBILIS 1985 05 30 1  8835  8884  8894  8913  8891  8840  8874  8857  8893  8936  8919  8985
TBILIS 1985 05 30 2  8936  8848  8839  8840  8836  8897  8859  8855  8934  8924  8929  8949
TBILIS 1985 05 31 1  8952  8931  8935  8853  8895  8850  8887  8861  8907  8882  8881  8888
TBILIS 1985 05 31 2  8835  8887  8904  8922  8940  8891  8883  8871  8851  8843  8829  8874
Cosmic-Ray Neutron Monitor Data (Hourly, Pressure-Corrected and Scale-Adjusted Counts)
Collections: WDC for Cosmic Rays, Solar-Terrestrial Environment Laboratory, Nagoya Univ.
Data Access: http://center.stelab.nagoya-u.ac.jp/WDCCR/index.html
Project: ICSU WDC
Citation: WDC for Cosmic Rays, Solar-Terrestrial Environment Laboratory, Nagoya University
Station ID: TBILIS
Station:  TBILISI,GIORGIA,INSTITUT GEOPHYSIKY (IG), GIORGIAN ACADEMY OF SCIENCES,GIORGIA 
Instrument: 18-NM-64 NEUTRON MONITOR, CORRECTED FOR PRESSURE TO 950.0 MB, COEF. = -0.69 %/MB
Latitude (deg.):   41.72  Longitude (deg.):   44.80  Altitude (m):  510.00
Cut-Off Rigidity (GV):    6.66
Year: 1985  Month:   6
Scaling Factor (SF):    64.0   Constant (CONST):     0.0  Real Counts = (DATA + CONST)*SF
Temporal Resolution: 1 hour
UTC Start Hour:     0.0
                                                                                
                                                        
Monthly Average:  8830.5
Updated (YYYY MM DD): 1987 07 15
*******************************************************************************************
ID     YYYY MM DD 1     0     1     2     3     4     5     6     7     8     9    10    11
ID     YYYY MM DD 2    12    13    14    15    16    17    18    19    20    21    22    23
*******************************************************************************************
TBILIS 1985 06 01 1  8783  8767  8785  8774  8782  8759  8776  8774  8856  8904  8927  8942
TBILIS 1985 06 01 2  8963  8962  8924  8935  8924  8922  8938  8831  8809  8727  8767  8771
TBILIS 1985 06 02 1  8756  8795  8776  8784  8806  8834  8833  8835  8809  8809  8839  8852
TBILIS 1985 06 02 2  8864  8857  8876  8848  8834  8836  8830  8814  8821  8824  8834  8833
TBILIS 1985 06 03 1  8826  8822  8826  8812  8837  8836  8842  8853  8885  8880  8894  8882
TBILIS 1985 06 03 2  8860  8933  8961  8893  8890  8908  8847  8835  8826  8815  8801  8790
TBILIS 1985 06 04 1  8747  8814  8763  8748  8794  8771  8784  8821  8844  8818  8832  8841
TBILIS 1985 06 04 2  8872  8853  8871  8895  8889  8838  8866  8807  8815  8793  8837  8795
TBILIS 1985 06 05 1  8801  8794  8804  8809  8805  8797  8796  8807  8785  8807  8807  8839
TBILIS 1985 06 05 2  8847  8849  8931  8782  8811  8834  8856  8827  8815  8805  8789  8807
TBILIS 1985 06 06 1  8767  8781  8799  8809  8820  8809  8814  8793  8804  8792  8811  8774
TBILIS 1985 06 06 2  8819  8857  8873  8873  8919  8855  8851  8832  8801  8856  8834  8794
TBILIS 1985 06 07 1  8824  8836  8810  8808  8808  8804  8789  8782  8795  8829  8803  8827
TBILIS 1985 06 07 2  8847  8867  8852  8902  8854  8817  8785  8800  8768  8791  8749  8797
TBILIS 1985 06 08 1  8708  8738  8740  8800  8770  8761  8768  8781  8856  8849  8848  8837
TBILIS 1985 06 08 2  8862  8847  8870  8822  8891  8820  8807  8806  8820  8839  8791  8769
TBILIS 1985 06 09 1  8763  8802  8785  8744  8812  8815  8777  8807  8833  8802  8834  8862
TBILIS 1985 06 09 2  8831  8851  8858  8845  8857  8788  8751  8777  8811  8797  8771  8791
TBILIS 1985 06 10 1  8785  8786  8772  8764  8748  8759  8724  8797  8842  8852  8859  8861
TBILIS 1985 06 10 2  8870  8858  8864  8889  8874  8862  8846  8862  8869  8835  8841  8845
TBILIS 1985 06 11 1  8765  8814  8768  8785  8791  8844  8873  8774  8783  8791  8806  8808
TBILIS 1985 06 11 2  8777  8809  8822  8812  8793  8781  8736  8743  8742  8746  8770  8769
TBILIS 1985 06 12 1  8778  8733  8710  8716  8764  8742  8807  8815  8750  8792  8791  8792
TBILIS 1985 06 12 2  8823  8828  8837  8883  8872  8857  8834  8813  8811  8803  8792  8790
TBILIS 1985 06 13 1  8801  8781  8764  8779  8783  8802  8796  8796  8788  8800  8818  8828
TBILIS 1985 06 13 2  8898  8824  8802  8822  8837  8823  8793  8796  8824  8860  8813  8843
TBILIS 1985 06 14 1  8849  8855  8850  8831  8824  8852  8777  8793  8845  8810  8827  8827
TBILIS 1985 06 14 2  8825  8884  8874  8873  8844  8825  8852  8837  8837  8851  8845  8801
TBILIS 1985 06 15 1  8799  8813  8801  8803  8806  8839  8800  8825  8812  8840  8831  8838
TBILIS 1985 06 15 2  8852  8850  8889  8893  8883  8873  8849  8832  8840  8826  8868  8863
TBILIS 1985 06 16 1  8873  8840  8868  8867  8859  8856  8839  8829  8865  8811  8805  8822
TBILIS 1985 06 16 2  8810  8791  8811  8805  8801  8814  8779  8785  8790  8811  8803  8836
TBILIS 1985 06 17 1  8821  8806  8785  8774  8809  8803  8793  8824  8839  8809  8797  8836
TBILIS 1985 06 17 2  8821  8850  8922  8907  8930  8884  8862  8881  8894  8873  8853  8825
TBILIS 1985 06 18 1  8808  8804  8791  8823  8816  8834  8848  8831  8861  8867  8875  8849
TBILIS 1985 06 18 2  8866  8923  8916  8936  8954  8927  8947  8985  8939  8929  8913  8926
TBILIS 1985 06 19 1  8889  8892  8831  8863  8867  8839  8822  8873  8849  8884  8877  8914
TBILIS 1985 06 19 2  8945  8911  8952  8940  8916  8930  8924  8917  8873  8873  8882  8860
TBILIS 1985 06 20 1  8812  8850  8848  8814  8876  8859  8839  8861  8842  8858  8858  8911
TBILIS 1985 06 20 2  8829  8853  8956  8900  8988  8973  8947  8911  8888  8800  8856  8804
TBILIS 1985 06 21 1  8807  8756  8805  8810  8835  8849  8846  8856  8837  8863  8856  8860
TBILIS 1985 06 21 2  8844  8884  8885  8872  8908  8866  8846  8862  8821  8841  8823  8801
TBILIS 1985 06 22 1  8792  8837  8766  8776  8776  8782  8744  8743  8770  8806  8814  8792
TBILIS 1985 06 22 2  8841  8812  8848  8842  8820  8841  8840  8812  8827  8842  8836  8800
TBILIS 1985 06 23 1  8823  8830  8766  8760  8742  8744  8787  8800  8832  8816  8816  8856
TBILIS 1985 06 23 2  8850  8863  8862  8872  8867  8834  8877  8853  8852  8827  8827  8793
TBILIS 1985 06 24 1  8766  8765  8793  8792  8825  8824  8836  8878  8864  8835  8841  8867
TBILIS 1985 06 24 2  8866  8826  8807  8879  8797  8817  8782  8814  8756  8732  8749  8759
TBILIS 1985 06 25 1  8785  8751  8739  8751  8733  8767  8756  8731  8767  8805  8789  8821
TBILIS 1985 06 25 2  8810  8829  8867  8845  8836  8822  8816  8794  8790  8852  8826  8834
TBILIS 1985 06 26 1  8817  8804  8819  8813  8821  8852  8810  8790  8792  8844  8810  8880
TBILIS 1985 06 26 2  8837  8836  8868  8839  8819  8853  8885  8855  8865  8812  8784  8804
TBILIS 1985 06 27 1  8773  8778  8792  8797  8784  8781  8741  8782  8811  8803  8829  8808
TBILIS 1985 06 27 2  8839  8892  8860  8858  8907  8919  8928  8897  8873  8866  8859  8845
TBILIS 1985 06 28 1  8864  8856  8872  8847  8836  8820  8844  8843  8851  8873  8910  8903
TBILIS 1985 06 28 2  8897  8922  8914  8911  8901  8886  8863  8874  8876  8810  8843  8822
TBILIS 1985 06 29 1  8810  8827  8814  8768  8768  8814  8823  8818  8768  8845  8862  8873
TBILIS 1985 06 29 2  8886  8879  8870  8895  8887  8867  8878  8870  8798  8835  8776  8821
TBILIS 1985 06 30 1  8821  8804  8832  8805  8832  8818  8836  8813  8812  8846  8840  8838
TBILIS 1985 06 30 2  8848  8879  8862  8898  8842  8902  8850  8835  8842  8871  8851  8852
TBILIS 1985 06 31 1 99999 99999 99999 99999 99999 99999 99999 99999 99999 99999 99999 99999
TBILIS 1985 06 31 2 99999 99999 99999 99999 99999 99999 99999 99999 99999 99999 99999 99999
Cosmic-Ray Neutron Monitor Data (Hourly, Pressure-Corrected and Scale-Adjusted Counts)
Collections: WDC for Cosmic Rays, Solar-Terrestrial Environment Laboratory, Nagoya Univ.
Data Access: http://center.stelab.nagoya-u.ac.jp/WDCCR/index.html
Project: ICSU WDC
Citation: WDC for Cosmic Rays, Solar-Terrestrial Environment Laboratory, Nagoya University
Station ID: TBILIS
Station:  TBILISI,GIORGIA,INSTITUT GEOPHYSIKY (IG), GIORGIAN ACADEMY OF SCIENCES,GIORGIA 
Instrument: 18-NM-64 NEUTRON MONITOR, CORRECTED FOR PRESSURE TO 950.0 MB, COEF. = -0.69 %/MB
Latitude (deg.):   41.72  Longitude (deg.):   44.80  Altitude (m):  510.00
Cut-Off Rigidity (GV):    6.66
Year: 1985  Month:   7
Scaling Factor (SF):    64.0   Constant (CONST):     0.0  Real Counts = (DATA + CONST)*SF
Temporal Resolution: 1 hour
UTC Start Hour:     0.0
                                                                                
                                                        
Monthly Average:  8778.3
Updated (YYYY MM DD): 1987 07 23
*******************************************************************************************
ID     YYYY MM DD 1     0     1     2     3     4     5     6     7     8     9    10    11
ID     YYYY MM DD 2    12    13    14    15    16    17    18    19    20    21    22    23
*******************************************************************************************
TBILIS 1985 07 01 1  8812  8811  8791  8807  8839  8851  8834  8832  8833  8838  8792  8830
TBILIS 1985 07 01 2  8854  8844  8837  8852  8838  8842  8801  8794  8798  8845  8803  8803
TBILIS 1985 07 02 1  8846  8876  8823  8833  8833  8871  8836  8830  8845  8835  8865  8847
TBILIS 1985 07 02 2  8885  8932  8884  8907  8888  8840  8893  8868  8857  8840  8841  8834
TBILIS 1985 07 03 1  8807  8770  8813  8813  8845  8858  8866  8826  8880  8875  8876  8850
TBILIS 1985 07 03 2  8854  8883  8912  8865  8884  8854  8824  8798  8805  8830  8813  8825
TBILIS 1985 07 04 1  8804  8815  8850  8831  8830  8794  8731  8803  8782  8792  8771  8777
TBILIS 1985 07 04 2  8812  8875  8857  8833  8889  8900  8876  8829  8844  8853  8860  8819
TBILIS 1985 07 05 1  8821  8774  8773  8773  8757  8771  8778  8786  8792  8802  8844  8822
TBILIS 1985 07 05 2  8810  8811  8832  8806  8812  8818  8783  8730  8757  8733  8754  8718
TBILIS 1985 07 06 1  8742  8695  8710  8719  8712  8724  8744  8732  8770  8768  8773  8768
TBILIS 1985 07 06 2  8795  8767  8829  8798  8783  8799  8747  8810  8775  8747  8827  8784
TBILIS 1985 07 07 1  8786  8762  8741  8758  8807  8784  8795  8838  8808  8809  8788  8807
TBILIS 1985 07 07 2  8800  8825  8814  8821  8773  8754  8728  8734  8761  8755  8719  8718
TBILIS 1985 07 08 1  8724  8707  8729  8735  8712  8747  8748  8736  8748  8759  8744  8739
TBILIS 1985 07 08 2  8770  8781  8797  8767  8815  8800  8776  8793  8817  8838  8806  8833
TBILIS 1985 07 09 1  8807  8768  8793  8794  8743  8772  8775  8804  8753  8748  8753  8759
TBILIS 1985 07 09 2  8734  8774  8752  8753  8780  8806  8776  8789  8804  8800  8819  8788
TBILIS 1985 07 10 1  8782  8778  8762  8775  8754  8745  8812  8788  8758  8757  8790  8774
TBILIS 1985 07 10 2  8792  8795  8781  8773  8803  8819  8835  8818  8812  8822  8834  8818
TBILIS 1985 07 11 1  8781  8806  8771  8754  8746  8776  8763  8730  8760  8763  8777  8786
TBILIS 1985 07 11 2  8763  8807  8794  8817  8832  8849  8848  8852  8859  8858  8793  8723
TBILIS 1985 07 12 1  8701  8668  8633  8677  8638  8713  8757  8746  8712  8694  8648  8623
TBILIS 1985 07 12 2  8622  8670  8674  8753  8695  8709  8682  8665  8684  8689  8667  8669
TBILIS 1985 07 13 1  8651  8635  8628  8641  8640  8626  8629  8610  8610  8630  8654  8696
TBILIS 1985 07 13 2  8698  8726  8744  8722  8719  8722  8726  8712  8732  8713  8701  8687
TBILIS 1985 07 14 1  8681  8677  8697  8676  8701  8695  8725  8752  8777  8799  8825  8810
TBILIS 1985 07 14 2  8770  8814  8756  8754  8759  8746  8721  8675  8719  8684  8701  8690
TBILIS 1985 07 15 1  8688  8702  8661  8725  8746  8743  8748  8784  8819  8828  8769  8801
TBILIS 1985 07 15 2  8824  8780  8742  8755  8749  8737  8774  8741  8728  8763  8745  8742
TBILIS 1985 07 16 1  8752  8758  8774  8759  8741  8748  8758  8770  8746  8739  8752  8745
TBILIS 1985 07 16 2  8725  8745  8744  8757  8711  8701  8712  8709  8703  8673  8704  8688
TBILIS 1985 07 17 1  8696  8687  8710  8701  8709  8728  8730  8713  8745  8736  8759  8760
TBILIS 1985 07 17 2  8798  8785  8831  8803  8772  8782  8751  8742  8719  8736  8717  8739
TBILIS 1985 07 18 1  8704  8690  8704  8744  8717  8716  8764  8788  8801  8757  8807  8794
TBILIS 1985 07 18 2  8825  8855  8872  8843  8818  8801  8801  8797  8810  8768  8764  8789
TBILIS 1985 07 19 1  8740  8735  8744  8755  8755  8743  8762  8779  8819  8818  8807  8807
TBILIS 1985 07 19 2  8842  8790  8798  8828  8838  8781  8776  8738  8752  8745  8725  8705
TBILIS 1985 07 20 1  8692  8682  8683  8662  8680  8708  8707  8738  8799  8782  8778  8770
TBILIS 1985 07 20 2  8768  8779  8763  8780  8810  8816  8781  8719  8737  8710  8728  8713
TBILIS 1985 07 21 1  8726  8680  8699  8701  8732  8738  8710  8707  8750  8754  8751  8807
TBILIS 1985 07 21 2  8770  8759  8773  8759  8715  8761  8710  8723  8708  8695  8650  8680
TBILIS 1985 07 22 1  8674  8652  8664  8732  8732  8722  8747  8786  8822  8822  8856  8909
TBILIS 1985 07 22 2  8855  8878  8880  8875  8870  8844  8825  8812  8758  8773  8755  8804
TBILIS 1985 07 23 1  8750  8715  8763  8715  8801  8793  8822  8796  8802  8797  8843  8814
TBILIS 1985 07 23 2  8812  8829  8825  8777  8713  8728  8742  8721  8789  8779  8759  8741
TBILIS 1985 07 24 1  8730  8746  8774  8689  8742  8726 99999 99999 99999 99999  8800  8853
TBILIS 1985 07 24 2  8849  8840  8865  8847  8858  8815  8828  8784  8825  8836  8815  8813
TBILIS 1985 07 25 1  8836  8838  8797  8788  8837  8845  8875  8900  8899  8936  8937  8889
TBILIS 1985 07 25 2  8913  8883 99999 99999 99999 99999 99999 99999 99999 99999 99999 99999
TBILIS 1985 07 26 1 99999 99999 99999 99999 99999  8779  8770  8811  8786  8787  8824  8859
TBILIS 1985 07 26 2  8837  8898  8858  8861  8814  8827  8814  8800  8815  8777  8802  8776
TBILIS 1985 07 27 1  8768  8825  8790  8770  8758  8781  8802  8815  8769  8807  8812  8800
TBILIS 1985 07 27 2  8811  8803  8801  8752  8785  8793  8783  8789  8777  8759  8768  8788
TBILIS 1985 07 28 1  8758  8753  8791  8780  8780  8823  8837  8831  8823  8817  8829  8823
TBILIS 1985 07 28 2  8826  8797  8756  8804  8810  8791  8767  8772  8754  8747  8794  8761
TBILIS 1985 07 29 1  8734  8764  8804  8816  8818  8795  8806  8837  8820  8833  8835  8847
TBILIS 1985 07 29 2  8852  8826  8848  8876  8863  8838  8797  8774  8754  8751  8720  8731
TBILIS 1985 07 30 1  8734  8754  8739  8731  8751  8763  8754  8783  8819  8794  8807  8806
TBILIS 1985 07 30 2  8844  8895  8922  8832  8809  8830  8778  8725  8772  8751  8726  8746
TBILIS 1985 07 31 1  8696  8694  8695  8693  8685  8730  8770  8803  8833  8845  8833  8776
TBILIS 1985 07 31 2  8846  8878  8879  8925  8901  8893  8865  8816  8762  8780  8746  8730
Cosmic-Ray Neutron Monitor Data (Hourly, Pressure-Corrected and Scale-Adjusted Counts)
Collections: WDC for Cosmic Rays, Solar-Terrestrial Environment Laboratory, Nagoya Univ.
Data Access: http://center.stelab.nagoya-u.ac.jp/WDCCR/index.html
Project: ICSU WDC
Citation: WDC for Cosmic Rays, Solar-Terrestrial Environment Laboratory, Nagoya University
Station ID: TBILIS
Station:  TBILISI,GIORGIA,INSTITUT GEOPHYSIKY (IG), GIORGIAN ACADEMY OF SCIENCES,GIORGIA 
Instrument: 18-NM-64 NEUTRON MONITOR, CORRECTED FOR PRESSURE TO 950.0 MB, COEF. = -0.69 %/MB
Latitude (deg.):   41.72  Longitude (deg.):   44.80  Altitude (m):  510.00
Cut-Off Rigidity (GV):    6.66
Year: 1985  Month:   8
Scaling Factor (SF):    64.0   Constant (CONST):     0.0  Real Counts = (DATA + CONST)*SF
Temporal Resolution: 1 hour
UTC Start Hour:     0.0
                                                                                
                                                        
Monthly Average:  8807.7
Updated (YYYY MM DD): 1987 07 23
*******************************************************************************************
ID     YYYY MM DD 1     0     1     2     3     4     5     6     7     8     9    10    11
ID     YYYY MM DD 2    12    13    14    15    16    17    18    19    20    21    22    23
*******************************************************************************************
TBILIS 1985 08 01 1  8715  8735  8720  8689  8652  8734  8739  8782  8786  8788  8778  8755
TBILIS 1985 08 01 2  8732  8740  8781  8783  8786  8781  8788  8760  8753  8750  8711  8721
TBILIS 1985 08 02 1  8710  8732  8757  8718  8694  8739  8778  8764  8823  8792  8770  8804
TBILIS 1985 08 02 2  8796  8814  8793  8772  8785  8751  8719  8757  8711  8707  8681  8646
TBILIS 1985 08 03 1  8696  8685  8683  8689  8700  8703  8694  8727  8769  8802  8771  8803
TBILIS 1985 08 03 2  8784  8809  8824  8791  8830  8810  8774  8797  8747  8761  8785  8739
TBILIS 1985 08 04 1  8766  8781  8734  8729  8735  8760  8753  8752  8747  8784  8785  8815
TBILIS 1985 08 04 2  8827  8817  8822  8816  8848  8904  8861  8834  8860  8792  8789  8734
TBILIS 1985 08 05 1  8750  8788  8761  8770  8734  8755  8751  8741  8762  8773  8777  8811
TBILIS 1985 08 05 2  8788  8810  8832  8812  8819  8834  8801  8769  8760  8780  8793  8746
TBILIS 1985 08 06 1  8771  8757  8742  8756  8743  8744  8764 99999 99999 99999 99999  8765
TBILIS 1985 08 06 2  8810  8822  8896  8865  8824  8812  8758  8805  8799  8735  8762  8729
TBILIS 1985 08 07 1  8769  8785  8750  8780  8756  8759  8793  8782  8838  8824  8823  8859
TBILIS 1985 08 07 2  8823  8873  8829  8842  8837  8831  8793  8803  8760  8783  8791  8779
TBILIS 1985 08 08 1  8780  8799  8782  8774  8769  8754  8778  8753  8792  8798  8816  8839
TBILIS 1985 08 08 2  8833  8832  8856  8869  8850  8837  8818  8790  8817  8819  8766  8790
TBILIS 1985 08 09 1  8768  8719  8769  8787  8794  8795  8804  8790  8805  8813  8876  8854
TBILIS 1985 08 09 2  8830  8861  8861  8855  8846  8813  8809  8763  8775  8802  8791  8797
TBILIS 1985 08 10 1  8772  8797  8797  8778  8799  8863  8851  8814  8853  8823  8854  8862
TBILIS 1985 08 10 2  8858  8877  8857  8837  8805  8761  8761  8752  8746  8715  8748  8760
TBILIS 1985 08 11 1  8785  8752  8782  8776  8786  8827  8823  8848  8865  8840  8839  8864
TBILIS 1985 08 11 2  8879  8896  8880  8846  8814  8838  8833  8813  8821  8819  8754  8769
TBILIS 1985 08 12 1  8754  8787  8778  8763  8797  8802  8809  8792  8866  8835  8826  8862
TBILIS 1985 08 12 2  8888  8900  8904  8889  8882  8815  8847  8837  8850  8839  8862  8799
TBILIS 1985 08 13 1  8821  8772  8846  8810  8780  8823  8822  8769  8808  8828  8849  8820
TBILIS 1985 08 13 2  8859  8844  8879  8872  8885  8814  8816  8793  8796  8734  8741  8757
TBILIS 1985 08 14 1  8768  8775  8752  8773  8767  8772  8832  8801  8805  8831  8822  8862
TBILIS 1985 08 14 2  8861  8857  8910  8884  8892  8887  8803  8824  8781  8786  8786  8795
TBILIS 1985 08 15 1  8781  8779  8774  8784  8807  8805  8793  8784  8841  8843  8861  8849
TBILIS 1985 08 15 2  8911  8926  8857  8851  8851  8812  8756  8790  8764  8765  8769  8777
TBILIS 1985 08 16 1  8754  8782  8755  8774  8782  8809  8863  8835  8815  8832  8885  8887
TBILIS 1985 08 16 2  8834  8881  8897  8920  8878  8900  8891  8874  8889  8865  8820  8817
TBILIS 1985 08 17 1  8799  8809  8803  8817  8829  8800  8816  8856  8864  8869  8897  8880
TBILIS 1985 08 17 2  8916  8913  8940  8902  8957  8918  8923  8889  8835  8848  8849  8828
TBILIS 1985 08 18 1  8799  8788  8777  8820  8809  8791  8788  8833  8843  8836  8801  8859
TBILIS 1985 08 18 2  8882  8923  8900  8911  8887  8868  8841  8831  8860  8819  8837  8821
TBILIS 1985 08 19 1  8759  8794  8783  8817  8798  8833  8811  8813  8838  8831  8823  8883
TBILIS 1985 08 19 2  8907  8855  8906  8915  8906  8867  8877  8861  8825  8820  8815  8825
TBILIS 1985 08 20 1  8763  8829  8830  8767  8787  8805  8863  8775  8824  8825  8823  8844
TBILIS 1985 08 20 2  8919  8831  8810  8849  8815  8853  8779  8814  8801  8768  8756  8746
TBILIS 1985 08 21 1  8774  8787  8807  8775  8748  8790  8819  8818  8813  8852  8880  8817
TBILIS 1985 08 21 2  8877  8847  8860  8831  8877  8838  8826  8812  8809  8815  8823  8853
TBILIS 1985 08 22 1  8823  8851  8828  8826  8810  8823  8768  8821  8853  8874  8896  8886
TBILIS 1985 08 22 2  8890  8912  8913  8919  8927  8875  8846  8839  8802  8830  8836  8829
TBILIS 1985 08 23 1  8826  8800  8814  8821  8846  8876  8839  8819  8844  8863  8888  8873
TBILIS 1985 08 23 2  8873  8896  8927  8883  8883  8816  8824  8845  8823  8871  8853  8780
TBILIS 1985 08 24 1  8775  8781  8800  8849 99999 99999 99999 99999 99999 99999 99999 99999
TBILIS 1985 08 24 2 99999 99999 99999 99999 99999  8887  8882  8851  8823  8839  8787  8806
TBILIS 1985 08 25 1  8834  8814  8795  8794  8789  8776  8810  8831  8808  8846  8846  8858
TBILIS 1985 08 25 2  8834  8879  8879  8841  8844  8792  8776  8769  8758  8773  8732  8784
TBILIS 1985 08 26 1  8777  8750  8796  8802  8782  8802  8773  8809  8813  8820  8843  8851
TBILIS 1985 08 26 2  8896  8890  8874  8896  8913  8889  8857  8821  8853  8834  8827  8831
TBILIS 1985 08 27 1  8831  8842  8824  8839  8780  8819  8783  8774  8800  8803  8794  8805
TBILIS 1985 08 27 2  8813  8823  8884  8822  8868  8858  8852  8827  8791  8763  8780  8744
TBILIS 1985 08 28 1  8754  8756  8755  8746  8739  8713  8770  8757  8810  8774  8825  8792
TBILIS 1985 08 28 2  8748  8742  8799  8827  8803  8776  8764  8735  8781  8758  8742  8689
TBILIS 1985 08 29 1  8741  8718  8733  8733  8751  8759  8772  8778  8794  8811  8815  8813
TBILIS 1985 08 29 2  8843  8866  8856  8855  8892  8822  8779  8758  8722  8704  8710  8698
TBILIS 1985 08 30 1  8710  8736  8751  8792  8792  8782  8811  8810  8846  8834  8802  8829
TBILIS 1985 08 30 2  8763  8840  8850  8788  8710  8697  8717  8691  8713  8745  8696  8726
TBILIS 1985 08 31 1  8763  8725  8743  8710  8676  8665  8698  8704  8757  8789  8834  8905
TBILIS 1985 08 31 2  8920  8917  8915  8883  8857  8825  8830  8794  8787  8791  8738  8782
Cosmic-Ray Neutron Monitor Data (Hourly, Pressure-Corrected and Scale-Adjusted Counts)
Collections: WDC for Cosmic Rays, Solar-Terrestrial Environment Laboratory, Nagoya Univ.
Data Access: http://center.stelab.nagoya-u.ac.jp/WDCCR/index.html
Project: ICSU WDC
Citation: WDC for Cosmic Rays, Solar-Terrestrial Environment Laboratory, Nagoya University
Station ID: TBILIS
Station:  TBILISI,GIORGIA,INSTITUT GEOPHYSIKY (IG), GIORGIAN ACADEMY OF SCIENCES,GIORGIA 
Instrument: 18-NM-64 NEUTRON MONITOR, CORRECTED FOR PRESSURE TO 950.0 MB, COEF. = -0.69 %/MB
Latitude (deg.):   41.72  Longitude (deg.):   44.80  Altitude (m):  510.00
Cut-Off Rigidity (GV):    6.66
Year: 1985  Month:   9
Scaling Factor (SF):    64.0   Constant (CONST):     0.0  Real Counts = (DATA + CONST)*SF
Temporal Resolution: 1 hour
UTC Start Hour:     0.0
                                                                                
                                                        
Monthly Average:  8844.0
Updated (YYYY MM DD): 1987 07 23
*******************************************************************************************
ID     YYYY MM DD 1     0     1     2     3     4     5     6     7     8     9    10    11
ID     YYYY MM DD 2    12    13    14    15    16    17    18    19    20    21    22    23
*******************************************************************************************
TBILIS 1985 09 01 1  8826  8752  8754  8764  8767  8773  8762  8777  8790  8812  8768  8797
TBILIS 1985 09 01 2  8799  8780  8829  8865  8914  8866  8857  8811  8802  8770  8779  8773
TBILIS 1985 09 02 1  8768  8803  8764  8759  8800  8814  8753  8789  8775  8827  8773  8770
TBILIS 1985 09 02 2  8806  8809  8766  8792  8753  8739  8719  8753  8775  8729  8703  8735
TBILIS 1985 09 03 1  8766  8792  8772  8780  8804  8806  8820  8804  8778  8780  8818  8806
TBILIS 1985 09 03 2  8829  8802  8830  8818  8840  8789  8784  8772  8774  8768  8808  8799
TBILIS 1985 09 04 1  8780  8785  8791  8794  8791  8781  8787  8807  8825  8776  8784  8803
TBILIS 1985 09 04 2  8834  8853  8825  8843  8830  8820  8833  8805  8805  8825  8800  8788
TBILIS 1985 09 05 1  8815  8816  8822  8822  8818  8822  8807  8867  8884  8863  8858  8904
TBILIS 1985 09 05 2  8856  8854  8869  8864  8864  8832  8833  8823  8836  8813  8842  8800
TBILIS 1985 09 06 1  8845  8823  8839  8824  8869  8851  8841  8849  8886  8852  8852  8864
TBILIS 1985 09 06 2  8907  8889  8911  8942  8947  8902  8888  8928  8903  8920  8910  8915
TBILIS 1985 09 07 1  8847  8872  8846  8838  8847  8847  8896  8903  8916  8907  8908  8880
TBILIS 1985 09 07 2  8908  8920  8875  8856  8876  8893  8868  8840  8868  8861  8837  8820
TBILIS 1985 09 08 1  8818  8804  8841  8841  8803  8846  8826  8869  8888  8898  8893  8944
TBILIS 1985 09 08 2  8959  8979  8970  8950  8931  8913  8897  8911  8863  8892  8879  8890
TBILIS 1985 09 09 1  8862  8876  8890  8882  8822  8821  8829  8844  8877  8895  8906  8939
TBILIS 1985 09 09 2  8924  8923  8916  8904  8909  8895  8903  8901  8881  8880  8838  8836
TBILIS 1985 09 10 1  8845  8798  8826  8824  8811  8820  8828  8856  8862  8841  8864  8893
TBILIS 1985 09 10 2  8882  8896  8894  8909  8900  8854  8820  8827  8851  8866  8840  8834
TBILIS 1985 09 11 1  8845  8853  8840  8840  8840  8867  8900  8897  8889  8891  8934  8892
TBILIS 1985 09 11 2  8956  8933  8948  8944  8935  8906  8905  8887  8857  8879  8852  8888
TBILIS 1985 09 12 1  8864  8884  8861  8896  8863  8863  8818  8840  8905  8928  8930  8950
TBILIS 1985 09 12 2  8955  9001  8932  8964  8973  8936  8936  8901  8922  8898  8841  8853
TBILIS 1985 09 13 1  8880  8849  8857  8830  8825  8838  8865  8889  8920  8875  8909  8952
TBILIS 1985 09 13 2  8933  8948  8945  8928  8962  8921  8893  8910  8885  8881  8872  8898
TBILIS 1985 09 14 1  8918  8878  8939  8887  8946  8932  8906  8921  8963  8909  8936  8905
TBILIS 1985 09 14 2  8946  8987  8986  8987  8948  8898  8884  8871  8866  8831  8842  8834
TBILIS 1985 09 15 1  8835  8839  8882  8848  8827  8870  8873  8839  8831  8821  8792  8885
TBILIS 1985 09 15 2  8913  8900  8872  8875  8885  8873  8870  8847  8849  8863  8843  8838
TBILIS 1985 09 16 1  8815  8842  8820  8896  8872  8887  8860  8850  8866  8868  8880  8895
TBILIS 1985 09 16 2  8910  8902  8870  8934  8879  8859  8913  8864  8888  8861  8840  8869
TBILIS 1985 09 17 1  8855  8843  8848  8845  8855  8864  8811  8817  8845  8833  8836  8891
TBILIS 1985 09 17 2  8836  8850  8857  8866  8848  8846  8819  8820  8817  8792  8799  8789
TBILIS 1985 09 18 1  8802  8785  8783  8786  8770  8779  8779  8850  8824  8880  8895  8956
TBILIS 1985 09 18 2  8931  8952  8989  8937  8939  8888  8863  8843  8855  8842  8825  8824
TBILIS 1985 09 19 1  8817  8768  8812  8794  8757  8757  8776  8800  8798  8865  8942  8911
TBILIS 1985 09 19 2  8926  8917  8882  8867  8909  8824  8849  8844  8824  8797  8773  8799
TBILIS 1985 09 20 1  8825  8815  8806  8836  8827  8770  8748  8787  8874  8910  8907  8933
TBILIS 1985 09 20 2  8954  8937  8876  8877  8828  8811  8759  8776  8788  8808  8753  8778
TBILIS 1985 09 21 1  8781  8748  8732  8798  8772  8804  8812  8816  8823  8841  8866  8864
TBILIS 1985 09 21 2  8876  8853  8859  8830  8841  8789  8801  8847  8811  8801  8810  8790
TBILIS 1985 09 22 1  8813  8796  8771  8812  8796 99999 99999 99999 99999 99999 99999 99999
TBILIS 1985 09 22 2  8879  8823  8883  8863  8891  8852  8828  8825  8823  8802  8802  8793
TBILIS 1985 09 23 1  8765  8765  8795  8800  8782  8755  8824  8837  8861  8883  8897  8857
TBILIS 1985 09 23 2  8883  8877  8898  8831  8840  8821  8845  8793  8819  8812  8821  8787
TBILIS 1985 09 24 1  8772  8774  8823  8803  8799  8835  8829  8844  8905  8866  8898  8892
TBILIS 1985 09 24 2  8890  8890  8936  8921  8880  8883  8880  8879  8863  8858  8793  8823
TBILIS 1985 09 25 1  8797  8835  8790  8834  8803  8738  8787  8822  8846  8824  8845  8857
TBILIS 1985 09 25 2  8854  8880  8898  8893  8883  8845  8856  8885  8826  8828  8777  8802
TBILIS 1985 09 26 1  8809  8823  8809  8842  8806  8824  8806  8834  8849  8899  8857  8856
TBILIS 1985 09 26 2  8830  8871  8823  8808  8835  8825  8841  8837  8819  8786  8763  8778
TBILIS 1985 09 27 1  8813  8801  8818  8842  8893  8817  8811  8788  8823  8835  8845  8864
TBILIS 1985 09 27 2  8793  8798  8849  8769  8809  8821  8820  8816  8815  8817  8781  8771
TBILIS 1985 09 28 1  8789  8754  8809  8789  8780  8844  8764  8797  8847  8830  8854  8806
TBILIS 1985 09 28 2  8864  8825  8827  8859  8835  8883  8878  8846  8847  8807  8832  8788
TBILIS 1985 09 29 1  8787  8765  8803  8779  8771  8773  8812  8816  8802  8765  8816  8809
TBILIS 1985 09 29 2  8837  8813  8805  8857  8820  8790  8828  8783  8766  8741  8764  8750
TBILIS 1985 09 30 1  8725  8717  8767  8781  8776  8805  8825  8809  8850  8812  8807  8812
TBILIS 1985 09 30 2  8804  8866  8834  8858  8862  8831  8841  8824  8812  8843  8858  8804
TBILIS 1985 09 31 1 99999 99999 99999 99999 99999 99999 99999 99999 99999 99999 99999 99999
TBILIS 1985 09 31 2 99999 99999 99999 99999 99999 99999 99999 99999 99999 99999 99999 99999
Cosmic-Ray Neutron Monitor Data (Hourly, Pressure-Corrected and Scale-Adjusted Counts)
Collections: WDC for Cosmic Rays, Solar-Terrestrial Environment Laboratory, Nagoya Univ.
Data Access: http://center.stelab.nagoya-u.ac.jp/WDCCR/index.html
Project: ICSU WDC
Citation: WDC for Cosmic Rays, Solar-Terrestrial Environment Laboratory, Nagoya University
Station ID: TBILIS
Station:  TBILISI,GIORGIA,INSTITUT GEOPHYSIKY (IG), GIORGIAN ACADEMY OF SCIENCES,GIORGIA 
Instrument: 18-NM-64 NEUTRON MONITOR, CORRECTED FOR PRESSURE TO 950.0 MB, COEF. = -0.69 %/MB
Latitude (deg.):   41.72  Longitude (deg.):   44.80  Altitude (m):  510.00
Cut-Off Rigidity (GV):    6.66
Year: 1985  Month:  10
Scaling Factor (SF):    64.0   Constant (CONST):     0.0  Real Counts = (DATA + CONST)*SF
Temporal Resolution: 1 hour
UTC Start Hour:     0.0
                                                                                
                                                        
Monthly Average:  8799.3
Updated (YYYY MM DD): 1987 07 23
*******************************************************************************************
ID     YYYY MM DD 1     0     1     2     3     4     5     6     7     8     9    10    11
ID     YYYY MM DD 2    12    13    14    15    16    17    18    19    20    21    22    23
*******************************************************************************************
TBILIS 1985 10 01 1  8834  8852  8804  8798  8716  8791  8789  8779  8889  8744  8792  8805
TBILIS 1985 10 01 2  8882  8880  8895  8854  8853  8814  8827  8788  8758  8781  8769  8821
TBILIS 1985 10 02 1  8802  8775  8820  8860  8845  8838  8861  8919  8894  8903  8899  8884
TBILIS 1985 10 02 2  8904  8917  8922  8909  8912  8891  8831  8818  8766  8756  8787  8739
TBILIS 1985 10 03 1  8783  8787  8727  8793  8782  8780  8779  8748  8817  8865  8860  8818
TBILIS 1985 10 03 2  8847  8855  8824  8848  8827  8779  8750  8752  8705  8741  8707  8719
TBILIS 1985 10 04 1  8732  8765  8741  8823  8776  8785  8780  8801  8806  8793  8849  8842
TBILIS 1985 10 04 2  8873  8837  8877  8861  8869  8846  8818  8808  8836  8821  8813  8807
TBILIS 1985 10 05 1  8826  8770  8774  8816  8832  8824  8845  8847  8840  8863  8875  8887
TBILIS 1985 10 05 2  8841  8827  8859  8864  8832  8823  8830  8782  8784  8804  8756  8792
TBILIS 1985 10 06 1  8808  8766  8762  8791  8793  8755  8773  8831  8799  8832  8847  8830
TBILIS 1985 10 06 2  8822  8846  8779  8785  8799  8782  8730  8753  8786  8823  8815  8797
TBILIS 1985 10 07 1  8803  8778  8798  8809  8808  8778  8777  8798  8788  8796  8765  8777
TBILIS 1985 10 07 2  8794  8815  8803  8850  8818  8797  8816  8802  8820  8792  8766  8762
TBILIS 1985 10 08 1  8807  8757  8780  8763  8762  8773  8745  8755  8760  8795  8820  8858
TBILIS 1985 10 08 2  8836  8827  8859  8855  8861  8876  8870  8852  8808  8835  8809  8825
TBILIS 1985 10 09 1  8766  8814  8843  8785  8799  8765  8765  8777  8803  8818  8846  8834
TBILIS 1985 10 09 2  8836  8864  8868  8840  8850  8881  8850  8833  8843  8857  8817  8830
TBILIS 1985 10 10 1  8763  8829  8791  8857  8812  8830  8852  8781  8802  8797  8855  8849
TBILIS 1985 10 10 2  8851  8848  8849  8841  8864  8855  8826  8828  8859  8840  8839  8823
TBILIS 1985 10 11 1  8808  8800  8803  8803  8806  8842  8840  8794  8828  8833  8861  8833
TBILIS 1985 10 11 2  8840  8845  8836  8888  8831  8849  8841  8884  8831  8824  8761  8812
TBILIS 1985 10 12 1  8837  8787  8804  8817  8821  8800  8816  8813  8792  8798  8804  8832
TBILIS 1985 10 12 2  8810  8816  8844  8818  8832  8825  8837  8826  8827  8797  8825  8785
TBILIS 1985 10 13 1  8750  8747  8805  8758  8788  8804  8792  8763  8791  8771  8808  8779
TBILIS 1985 10 13 2  8809  8823  8829  8844  8831  8843  8779  8793  8800  8814  8752  8750
TBILIS 1985 10 14 1  8722  8719  8731  8761  8736  8779  8738  8754  8750  8797  8796  8792
TBILIS 1985 10 14 2  8767  8789  8778  8805  8819  8807  8752  8797  8798  8801  8796  8765
TBILIS 1985 10 15 1  8795  8771  8778  8739  8778  8744  8801  8770  8785  8815  8787  8811
TBILIS 1985 10 15 2  8806  8806  8793  8814  8801  8802  8790  8811  8787  8774  8771  8790
TBILIS 1985 10 16 1  8815  8782  8808  8806  8804  8812  8838  8794  8800  8817  8847  8839
TBILIS 1985 10 16 2  8771  8852  8871  8850  8834  8838  8796  8832  8790  8791  8767  8716
TBILIS 1985 10 17 1  8782  8766  8760  8770  8767  8733  8731  8784  8818  8784  8810  8823
TBILIS 1985 10 17 2  8858  8840  8820  8816  8785  8814  8865  8798  8828  8795  8756  8746
TBILIS 1985 10 18 1  8757  8779  8746  8742  8728  8745  8747  8768  8763  8778  8802  8776
TBILIS 1985 10 18 2  8797  8792  8751  8783  8736  8746  8760  8721  8736  8750  8755  8742
TBILIS 1985 10 19 1  8757  8734  8748  8774  8778  8738  8777  8755  8777  8787  8846  8783
TBILIS 1985 10 19 2  8774  8805  8797  8756  8793  8773  8801  8763  8767  8753  8794  8713
TBILIS 1985 10 20 1  8705  8793  8757  8755  8736  8748  8751  8742  8796  8766  8776  8828
TBILIS 1985 10 20 2  8810  8813  8829  8761  8829  8807  8736  8714  8734  8747  8683  8737
TBILIS 1985 10 21 1  8702  8738  8752  8743  8786  8738  8734  8711  8724  8735  8751  8730
TBILIS 1985 10 21 2  8730  8739  8760  8770  8733  8718  8724  8760  8749  8786  8714  8713
TBILIS 1985 10 22 1  8729  8747  8759  8727  8671  8759  8800  8780  8819  8800  8833  8794
TBILIS 1985 10 22 2  8778  8779  8763  8805  8764  8745  8774  8784  8747  8740  8753  8745
TBILIS 1985 10 23 1  8761  8754  8726  8721  8741  8748  8746  8743  8751  8814  8787  8791
TBILIS 1985 10 23 2  8783  8797  8785  8788  8764  8803  8773  8735  8790  8805  8779  8782
TBILIS 1985 10 24 1  8782  8800  8775  8770  8778  8776  8777  8758  8783  8773  8796  8830
TBILIS 1985 10 24 2  8816  8828  8857  8828  8849  8851  8839  8816  8815  8785  8793  8776
TBILIS 1985 10 25 1  8808  8785  8789  8796  8761  8748  8768  8743  8760  8789  8771  8781
TBILIS 1985 10 25 2  8808  8771  8847  8842  8830  8876  8872  8844  8822  8814  8809  8823
TBILIS 1985 10 26 1  8787  8759  8776  8775  8802  8777  8805  8782  8743  8736  8760  8817
TBILIS 1985 10 26 2  8810  8799  8828  8837  8847  8815  8815  8836  8855  8795  8782  8774
TBILIS 1985 10 27 1  8768  8788  8800  8795  8789  8768  8760  8768  8788  8805  8813  8846
TBILIS 1985 10 27 2  8838  8839  8886  8899  8904  8874  8842  8873  8837  8794  8834  8848
TBILIS 1985 10 28 1  8861  8886  8838  8853  8862  8833  8833  8854  8865  8802  8908  8824
TBILIS 1985 10 28 2  8825  8829  8837  8819  8819  8807  8796  8805  8792  8798  8774  8809
TBILIS 1985 10 29 1  8741  8786  8791  8773  8780  8756  8785  8802  8788  8809  8866  8850
TBILIS 1985 10 29 2  8861  8827  8801  8815  8751  8797  8818  8798  8774  8798  8793  8815
TBILIS 1985 10 30 1  8852  8837  8841  8843  8820  8834  8831  8829  8851  8864  8897  8818
TBILIS 1985 10 30 2  8826  8845  8831  8738  8779  8719  8719  8787  8808  8773  8782  8783
TBILIS 1985 10 31 1  8801  8730  8737  8770  8801  8733  8735  8762  8798  8806  8805  8807
TBILIS 1985 10 31 2  8796  8780  8807  8836  8841  8865  8810  8811  8766  8765  8757  8737
Cosmic-Ray Neutron Monitor Data (Hourly, Pressure-Corrected and Scale-Adjusted Counts)
Collections: WDC for Cosmic Rays, Solar-Terrestrial Environment Laboratory, Nagoya Univ.
Data Access: http://center.stelab.nagoya-u.ac.jp/WDCCR/index.html
Project: ICSU WDC
Citation: WDC for Cosmic Rays, Solar-Terrestrial Environment Laboratory, Nagoya University
Station ID: TBILIS
Station:  TBILISI,GIORGIA,INSTITUT GEOPHYSIKY (IG), GIORGIAN ACADEMY OF SCIENCES,GIORGIA 
Instrument: 18-NM-64 NEUTRON MONITOR, CORRECTED FOR PRESSURE TO 950.0 MB, COEF. = -0.69 %/MB
Latitude (deg.):   41.72  Longitude (deg.):   44.80  Altitude (m):  510.00
Cut-Off Rigidity (GV):    6.66
Year: 1985  Month:  11
Scaling Factor (SF):    64.0   Constant (CONST):     0.0  Real Counts = (DATA + CONST)*SF
Temporal Resolution: 1 hour
UTC Start Hour:     0.0
                                                                                
                                                        
Monthly Average:  8756.4
Updated (YYYY MM DD): 1987 07 23
*******************************************************************************************
ID     YYYY MM DD 1     0     1     2     3     4     5     6     7     8     9    10    11
ID     YYYY MM DD 2    12    13    14    15    16    17    18    19    20    21    22    23
*******************************************************************************************
TBILIS 1985 11 01 1  8731  8687  8710  8700  8732  8746  8720  8723  8705  8740  8745  8796
TBILIS 1985 11 01 2  8773  8795  8805  8769  8741  8745  8750  8749  8727  8738  8702  8663
TBILIS 1985 11 02 1  8729  8710  8720  8658  8714  8704  8725  8702  8694  8741  8784  8769
TBILIS 1985 11 02 2  8830  8853  8874  8822  8819  8874  8828  8829  8799  8795  8795  8787
TBILIS 1985 11 03 1  8759  8793  8737  8767  8753  8759  8759  8793  8779  8784  8771  8778
TBILIS 1985 11 03 2  8787  8807  8762  8774  8750  8720  8747  8748  8715  8746  8737  8689
TBILIS 1985 11 04 1  8726  8713  8739  8711  8714  8727  8741  8735  8721  8753  8751  8782
TBILIS 1985 11 04 2  8798  8789  8822  8797  8819  8820  8792  8796  8800  8763  8759  8784
TBILIS 1985 11 05 1  8794  8795  8805  8803  8810  8778  8764  8769  8784  8770  8742  8779
TBILIS 1985 11 05 2  8788  8809  8811  8784  8819  8762  8760  8763  8752  8752  8724  8713
TBILIS 1985 11 06 1  8737  8741  8742  8730  8716  8687  8711  8695  8728  8722  8753  8765
TBILIS 1985 11 06 2  8743  8798  8792  8760  8758  8751  8769  8706  8731  8678  8683  8722
TBILIS 1985 11 07 1  8711  8716  8717  8757  8763  8737  8741  8744  8733  8753  8779  8763
TBILIS 1985 11 07 2  8779  8779  8792  8775  8761  8778  8778  8760  8742  8742  8793  8761
TBILIS 1985 11 08 1  8766  8801  8754  8776  8763  8727  8767  8747  8779  8787  8809  8773
TBILIS 1985 11 08 2  8802  8775  8767  8817  8776  8803  8801  8788  8818  8756  8772  8747
TBILIS 1985 11 09 1  8766  8735  8732  8725  8735  8718  8741  8739  8727  8708  8733  8759
TBILIS 1985 11 09 2  8792  8757  8785  8827  8850  8844  8808  8794  8785  8801  8755  8743
TBILIS 1985 11 10 1  8737  8714  8708  8744  8727  8705  8725  8714  8700  8724  8743  8769
TBILIS 1985 11 10 2  8760  8701  8722  8773  8732  8706  8694  8734  8740  8749  8714  8702
TBILIS 1985 11 11 1  8726  8713  8707  8723  8692  8745  8731  8758  8757  8772  8792  8825
TBILIS 1985 11 11 2  8789  8810  8812  8808  8778  8835  8822  8812  8808  8799  8776  8795
TBILIS 1985 11 12 1  8763  8778  8789  8749  8784  8790  8760  8766  8765  8770  8766  8820
TBILIS 1985 11 12 2  8824  8809  8809  8818  8787  8779  8805  8779  8758  8777  8803  8723
TBILIS 1985 11 13 1  8731  8741  8717  8714  8710  8683  8708  8677  8704  8717  8725  8767
TBILIS 1985 11 13 2  8767  8817  8806  8817  8830  8773  8737  8787  8764  8767  8753  8757
TBILIS 1985 11 14 1  8749  8705  8706  8717  8720  8705  8715  8748  8741  8755  8789  8774
TBILIS 1985 11 14 2  8776  8738  8742  8770  8794  8789  8789  8794  8782  8767  8741  8720
TBILIS 1985 11 15 1  8735  8724  8711  8764  8720  8722  8695  8672  8666  8699  8715  8746
TBILIS 1985 11 15 2  8741  8824  8840  8782  8793  8748  8773  8733  8725  8739  8756  8695
TBILIS 1985 11 16 1  8729  8677  8717  8705  8733  8681  8672  8732  8705  8712  8728  8785
TBILIS 1985 11 16 2  8797  8763  8714  8711  8686  8636  8671  8721  8714  8698  8719  8721
TBILIS 1985 11 17 1  8713  8750  8731  8685  8713  8680  8701  8705  8654  8712  8770  8761
TBILIS 1985 11 17 2  8743  8748  8732  8764  8778  8754  8792  8738  8752  8669  8742  8727
TBILIS 1985 11 18 1  8700  8717  8686  8708  8692  8698  8698  8733  8707  8701  8658  8718
TBILIS 1985 11 18 2  8697  8682  8719  8705  8713  8677  8688  8697  8705  8711  8763  8753
TBILIS 1985 11 19 1  8708  8727  8711  8733  8695  8713  8740  8701  8677  8737  8702  8678
TBILIS 1985 11 19 2  8647  8667  8694  8702  8742  8717  8712  8729  8723  8702  8732  8627
TBILIS 1985 11 20 1  8658  8708  8681  8687  8716  8686  8704  8690  8700  8716  8723  8730
TBILIS 1985 11 20 2  8715  8688  8663  8702  8697  8723  8684  8705  8697  8717  8686  8693
TBILIS 1985 11 21 1  8666  8672  8719  8681  8697  8732  8699  8699  8735  8735  8763  8777
TBILIS 1985 11 21 2  8774  8767  8762  8793  8784  8775  8766  8740  8760  8776  8800  8796
TBILIS 1985 11 22 1  8793  8739  8739  8776  8739  8775  8800  8797  8803  8787  8817  8809
TBILIS 1985 11 22 2  8758  8743  8753  8773  8750  8758  8763  8746  8735  8725  8715  8717
TBILIS 1985 11 23 1  8747  8730  8714  8694  8708  8714  8736  8723  8779  8787  8791  8761
TBILIS 1985 11 23 2  8775  8780  8769  8768  8778  8751  8754  8774  8724  8770  8760  8736
TBILIS 1985 11 24 1  8779  8724  8738  8720  8734  8699  8706  8765  8741  8759  8782  8757
TBILIS 1985 11 24 2  8736  8729  8709  8703  8660  8660  8708  8661  8674  8660  8686  8674
TBILIS 1985 11 25 1  8708  8638  8689  8674  8669  8700  8715  8767  8803  8800  8808  8795
TBILIS 1985 11 25 2  8736  8752  8730  8704  8727  8767  8779  8791  8768  8800  8845  8818
TBILIS 1985 11 26 1  8847  8818  8809  8833  8868  8869  8838  8811  8876  8902  8870  8940
TBILIS 1985 11 26 2  8900  8889  8899  8866  8847  8865  8831  8829  8832  8855  8821  8751
TBILIS 1985 11 27 1  8760  8769  8748  8748  8723  8709  8722  8762  8807  8821  8834  8855
TBILIS 1985 11 27 2  8846  8856  8850  8838  8818  8800  8789  8803  8812  8839  8799  8779
TBILIS 1985 11 28 1  8830  8826  8825  8807  8819  8879  8829  8851  8847  8872  8893  8874
TBILIS 1985 11 28 2  8811  8815  8825  8854  8807  8851  8854  8840  8821  8792  8829  8801
TBILIS 1985 11 29 1  8831  8776  8755  8804  8793  8819  8796  8816  8819  8823  8794  8795
TBILIS 1985 11 29 2  8773  8746  8701  8692  8722  8702  8741  8776  8764  8815  8820  8782
TBILIS 1985 11 30 1  8786  8746  8797  8770  8752  8763  8765  8802  8824  8835  8836  8834
TBILIS 1985 11 30 2  8888  8819  8848  8802  8772  8785  8790  8737  8751  8760  8793  8746
TBILIS 1985 11 31 1 99999 99999 99999 99999 99999 99999 99999 99999 99999 99999 99999 99999
TBILIS 1985 11 31 2 99999 99999 99999 99999 99999 99999 99999 99999 99999 99999 99999 99999
Cosmic-Ray Neutron Monitor Data (Hourly, Pressure-Corrected and Scale-Adjusted Counts)
Collections: WDC for Cosmic Rays, Solar-Terrestrial Environment Laboratory, Nagoya Univ.
Data Access: http://center.stelab.nagoya-u.ac.jp/WDCCR/index.html
Project: ICSU WDC
Citation: WDC for Cosmic Rays, Solar-Terrestrial Environment Laboratory, Nagoya University
Station ID: TBILIS
Station:  TBILISI,GIORGIA,INSTITUT GEOPHYSIKY (IG), GIORGIAN ACADEMY OF SCIENCES,GIORGIA 
Instrument: 18-NM-64 NEUTRON MONITOR, CORRECTED FOR PRESSURE TO 950.0 MB, COEF. = -0.69 %/MB
Latitude (deg.):   41.72  Longitude (deg.):   44.80  Altitude (m):  510.00
Cut-Off Rigidity (GV):    6.66
Year: 1985  Month:  12
Scaling Factor (SF):    64.0   Constant (CONST):     0.0  Real Counts = (DATA + CONST)*SF
Temporal Resolution: 1 hour
UTC Start Hour:     0.0
                                                                                
                                                        
Monthly Average:  8752.3
Updated (YYYY MM DD): 1987 07 23
*******************************************************************************************
ID     YYYY MM DD 1     0     1     2     3     4     5     6     7     8     9    10    11
ID     YYYY MM DD 2    12    13    14    15    16    17    18    19    20    21    22    23
*******************************************************************************************
TBILIS 1985 12 01 1  8788  8820  8812  8781  8856  8824  8831  8786  8785  8726  8770  8767
TBILIS 1985 12 01 2  8811  8808  8768  8728  8754  8740  8753  8779  8770  8793  8795  8791
TBILIS 1985 12 02 1  8771  8785  8777  8754  8780  8757  8752  8773  8800  8844  8847  8860
TBILIS 1985 12 02 2  8845  8849  8793  8793  8823  8863  8821  8837  8866  8858  8858  8816
TBILIS 1985 12 03 1  8811  8813  8814  8801  8763  8714  8763  8748  8771  8800  8854  8840
TBILIS 1985 12 03 2  8847  8803  8775  8761  8710  8737  8755  8760  8747  8786  8750  8707
TBILIS 1985 12 04 1  8691  8701  8676  8681  8666  8674  8685  8670  8656  8671  8704  8716
TBILIS 1985 12 04 2  8674  8697  8674  8734  8746  8766  8797  8828  8749  8735  8735  8726
TBILIS 1985 12 05 1  8712  8726  8684  8732  8762  8739  8742  8740  8777  8848  8871  8903
TBILIS 1985 12 05 2  8869  8862  8835  8826  8746  8790  8744  8776  8734  8755  8746  8790
TBILIS 1985 12 06 1  8835  8885  8901  8857  8867  8781  8781  8770  8775  8827  8802  8712
TBILIS 1985 12 06 2  8621  8655  8630  8646  8667  8735  8778  8761  8745  8743  8743  8734
TBILIS 1985 12 07 1  8744  8704  8706  8683  8751  8710  8719  8704  8714  8731  8784  8812
TBILIS 1985 12 07 2  8792  8831  8806  8801  8812  8866  8850  8819  8833  8822  8819  8820
TBILIS 1985 12 08 1  8811  8811  8782  8730  8777  8735  8787  8726  8728  8733  8735  8726
TBILIS 1985 12 08 2  8735  8750  8792  8755  8792  8763  8778  8826  8820  8808  8842  8796
TBILIS 1985 12 09 1  8811  8799  8770  8781  8789  8828  8829  8844  8831  8841  8843  8903
TBILIS 1985 12 09 2  8934  8939  8892  8885  8855  8884  8902  8863  8836  8821  8817  8790
TBILIS 1985 12 10 1  8816  8818  8826  8763  8800  8750  8730  8717  8741  8718  8792  8773
TBILIS 1985 12 10 2  8809  8833  8844  8813  8753  8769  8771  8788  8750  8775  8771  8780
TBILIS 1985 12 11 1  8770  8760  8762  8780  8715  8750  8750  8731  8738  8776  8784  8817
TBILIS 1985 12 11 2  8804  8794  8830  8797  8811  8823  8823  8838  8839  8804  8855  8823
TBILIS 1985 12 12 1  8794  8799  8797  8755  8796  8787  8792  8795  8774  8771  8809  8818
TBILIS 1985 12 12 2  8834  8826  8816  8757  8767  8779  8757  8785  8752  8740  8709  8729
TBILIS 1985 12 13 1  8725  8727  8714  8723  8710  8683  8664  8640  8664  8690  8704  8754
TBILIS 1985 12 13 2  8783  8820  8784  8790  8748  8755  8731  8724  8747  8737  8738  8742
TBILIS 1985 12 14 1  8754  8722  8709  8751  8742  8705  8722  8701  8713  8726  8730  8711
TBILIS 1985 12 14 2  8733  8697  8715  8705  8710  8706  8707  8713  8697  8691  8722  8703
TBILIS 1985 12 15 1  8684  8699  8674  8677  8690  8673  8687  8668  8677  8753  8720  8751
TBILIS 1985 12 15 2  8720  8738  8760  8768  8765  8775  8735  8752  8751  8786  8762  8782
TBILIS 1985 12 16 1  8735  8720  8744  8755  8735  8777  8744  8724  8714  8737  8741  8781
TBILIS 1985 12 16 2  8800  8804  8809  8822  8826  8833  8790  8826  8799  8769  8819  8783
TBILIS 1985 12 17 1  8762  8787  8778  8769  8736  8742  8737  8760  8746  8749  8759  8783
TBILIS 1985 12 17 2  8805  8804  8777  8793  8828  8800  8801  8795  8771  8779  8772  8741
TBILIS 1985 12 18 1  8754  8774  8749  8755  8754  8753  8724  8677  8712  8745  8808  8807
TBILIS 1985 12 18 2  8802  8772  8731  8701  8625  8660  8644  8671  8661  8710  8689  8666
TBILIS 1985 12 19 1  8645  8630  8714  8724  8705  8739  8717  8771  8748  8816  8816  8839
TBILIS 1985 12 19 2  8758  8711  8702  8702  8762  8667  8740  8635  8706  8724  8716  8713
TBILIS 1985 12 20 1  8725  8740  8756  8721  8726  8708  8704  8680  8697  8742  8766  8780
TBILIS 1985 12 20 2  8760  8780  8812  8778  8766  8723  8753  8736  8768  8741  8720  8747
TBILIS 1985 12 21 1  8736  8696  8713  8656  8702  8671  8660  8661  8654  8656  8655  8652
TBILIS 1985 12 21 2  8667  8631  8673  8663  8647  8707  8726  8679  8724  8711  8684  8713
TBILIS 1985 12 22 1  8700  8733  8699  8668  8686  8682  8692  8646  8671  8687  8719  8718
TBILIS 1985 12 22 2  8711  8715  8709  8698  8690  8722  8698  8682  8721  8705  8701  8683
TBILIS 1985 12 23 1  8680  8709  8743  8674  8738  8744  8739  8697  8715  8734  8749  8708
TBILIS 1985 12 23 2  8735  8740  8723  8722  8734  8751  8754  8761  8792  8759  8724  8735
TBILIS 1985 12 24 1  8743  8738  8744  8684  8708  8694  8664  8684  8691  8751  8686  8715
TBILIS 1985 12 24 2  8739  8682  8701  8668  8698  8682  8670  8650  8686  8678  8656  8675
TBILIS 1985 12 25 1  8637  8677  8667  8649  8658  8703  8700  8649  8662  8682  8751  8731
TBILIS 1985 12 25 2  8709  8744  8730  8708  8754  8717  8732  8748  8704  8757  8790  8712
TBILIS 1985 12 26 1  8730  8726  8696  8744  8759  8716  8698  8694  8721  8732  8765  8744
TBILIS 1985 12 26 2  8793  8835  8818  8829  8835  8777  8831  8821  8810  8848  8785  8790
TBILIS 1985 12 27 1  8797  8753  8751  8750  8811  8797  8780  8730  8738  8812  8805  8848
TBILIS 1985 12 27 2  8832  8827  8784  8761  8808  8808  8788  8781  8824  8797  8790  8766
TBILIS 1985 12 28 1  8760  8756  8785  8806  8827  8744  8720  8723  8717  8791  8805  8809
TBILIS 1985 12 28 2  8821  8799  8774  8753  8776  8785  8813  8796  8810  8805  8792  8841
TBILIS 1985 12 29 1  8820  8834  8787  8812  8831  8823  8774  8786  8758  8785  8791  8756
TBILIS 1985 12 29 2  8727  8728  8715  8706  8676  8691  8729  8692  8714  8669  8671  8656
TBILIS 1985 12 30 1  8642  8640  8664  8676  8671  8653  8682  8684  8763  8713  8725  8749
TBILIS 1985 12 30 2  8721  8704  8724  8737  8720  8700  8690  8680  8652  8669  8643  8638
TBILIS 1985 12 31 1  8671  8656  8698  8684  8694  8706  8660  8678  8729  8735  8741  8807
TBILIS 1985 12 31 2  8832  8841  8838  8793  8793  8760  8735  8768  8763  8830  8787  8812
