Cosmic-Ray Neutron Monitor Data (Hourly, Pressure-Corrected and Scale-Adjusted Counts)
Collections: WDC for Cosmic Rays, Solar-Terrestrial Environment Laboratory, Nagoya Univ.
Data Access: http://center.stelab.nagoya-u.ac.jp/WDCCR/index.html
Project: ICSU WDC
Citation: WDC for Cosmic Rays, Solar-Terrestrial Environment Laboratory, Nagoya University
Station ID: TBILIS
Station:  TBILISI,GIORGIA,INSTITUT GEOPHYSIKY (IG), GIORGIAN ACADEMY OF SCIENCES,GIORGIA 
Instrument: 18-NM-64 NEUTRON MONITOR, CORRECTED FOR PRESSURE TO 950.0 MB, COEF. = -0.69 %/MB
Latitude (deg.):   41.72  Longitude (deg.):   44.80  Altitude (m):  510.00
Cut-Off Rigidity (GV):    6.66
Year: 1988  Month:   1
Scaling Factor (SF):    64.0   Constant (CONST):     0.0  Real Counts = (DATA + CONST)*SF
Temporal Resolution: 1 hour
UTC Start Hour:     0.0
EFFICIENCY = 100.0 %, FILE WAS PREPARED IN WDC B2                               
                                                        
Monthly Average:  8585.9
Updated (YYYY MM DD): 1990 06 11
*******************************************************************************************
ID     YYYY MM DD 1     0     1     2     3     4     5     6     7     8     9    10    11
ID     YYYY MM DD 2    12    13    14    15    16    17    18    19    20    21    22    23
*******************************************************************************************
TBILIS 1988 01 01 1  8740  8719  8760  8783  8752  8712  8692  8726  8672  8700  8718  8678
TBILIS 1988 01 01 2  8640  8608  8574  8670  8697  8664  8706  8579  8515  8410  8430  8353
TBILIS 1988 01 02 1  8411  8458  8512  8488  8532  8553  8536  8564  8550  8627  8677  8711
TBILIS 1988 01 02 2  8726  8694  8647  8610  8625  8650  8647  8699  8676  8619  8615  8633
TBILIS 1988 01 03 1  8629  8596  8626  8612  8620  8578  8616  8591  8613  8612  8666  8665
TBILIS 1988 01 03 2  8661  8660  8631  8661  8650  8635  8636  8667  8651  8632  8630  8600
TBILIS 1988 01 04 1  8592  8583  8582  8597  8581  8610  8673  8661  8655  8702  8736  8706
TBILIS 1988 01 04 2  8704  8705  8682  8731  8703  8723  8678  8701  8608  8675  8678  8633
TBILIS 1988 01 05 1  8506  8461  8464  8446  8469  8434  8461  8513  8616  8643  8550  8471
TBILIS 1988 01 05 2  8517  8511  8465  8495  8527  8509  8524  8519  8520  8519  8546  8530
TBILIS 1988 01 06 1  8447  8476  8444  8392  8422  8460  8421  8473  8552  8559  8550  8572
TBILIS 1988 01 06 2  8562  8492  8435  8418  8437  8471  8506  8507  8503  8413  8365  8395
TBILIS 1988 01 07 1  8363  8363  8367  8384  8374  8408  8358  8364  8353  8409  8423  8442
TBILIS 1988 01 07 2  8422  8443  8437  8380  8404  8403  8390  8410  8407  8397  8408  8369
TBILIS 1988 01 08 1  8371  8421  8419  8375  8355  8317  8344  8332  8357  8424  8490  8505
TBILIS 1988 01 08 2  8491  8514  8477  8476  8522  8510  8515  8483  8448  8491  8458  8433
TBILIS 1988 01 09 1  8409  8433  8463  8465  8443  8488  8494  8504  8528  8512  8549  8569
TBILIS 1988 01 09 2  8561  8546  8548  8517  8549  8545  8518  8504  8499  8509  8512  8514
TBILIS 1988 01 10 1  8489  8517  8483  8461  8499  8472  8507  8521  8524  8596  8625  8604
TBILIS 1988 01 10 2  8586  8576  8542  8533  8508  8505  8500  8520  8449  8459  8506  8484
TBILIS 1988 01 11 1  8474  8475  8443  8502  8486  8496  8484  8519  8498  8506  8524  8558
TBILIS 1988 01 11 2  8526  8528  8552  8567  8543  8581  8525  8541  8541  8529  8538  8493
TBILIS 1988 01 12 1  8518  8500  8532  8560  8574  8532  8565  8544  8581  8664  8650  8680
TBILIS 1988 01 12 2  8760  8717  8642  8669  8631  8621  8620  8555  8531  8594  8567  8588
TBILIS 1988 01 13 1  8537  8514  8538  8523  8466  8485  8454  8481  8458  8540  8558  8553
TBILIS 1988 01 13 2  8543  8532  8549  8545  8501  8522  8530  8537  8545  8579  8527  8480
TBILIS 1988 01 14 1  8459  8503  8505  8505  8427  8395  8290  8273  8208  8299  8355  8323
TBILIS 1988 01 14 2  8299  8315  8338  8342  8404  8396  8498  8487  8558  8579  8582  8539
TBILIS 1988 01 15 1  8513  8510  8484  8446  8497  8553  8501  8541  8524  8574  8595  8573
TBILIS 1988 01 15 2  8572  8519  8519  8550  8547  8569  8567  8592  8592  8571  8556  8590
TBILIS 1988 01 16 1  8570  8608  8580  8530  8540  8480  8507  8470  8486  8501  8510  8497
TBILIS 1988 01 16 2  8498  8478  8476  8488  8455  8459  8471  8484  8455  8500  8508  8478
TBILIS 1988 01 17 1  8495  8490  8489  8495  8525  8479  8459  8556  8535  8534  8565  8574
TBILIS 1988 01 17 2  8563  8569  8601  8598  8604  8614  8615  8631  8601  8586  8594  8558
TBILIS 1988 01 18 1  8552  8519  8519  8540  8518  8508  8522  8519  8547  8577  8581  8597
TBILIS 1988 01 18 2  8595  8578  8572  8574  8632  8648  8616  8595  8656  8661  8624  8614
TBILIS 1988 01 19 1  8586  8590  8555  8559  8615  8563  8603  8617  8665  8636  8686  8696
TBILIS 1988 01 19 2  8659  8683  8658  8648  8644  8613  8638  8628  8585  8580  8589  8575
TBILIS 1988 01 20 1  8567  8548  8564  8538  8531  8493  8544  8511  8547  8618  8600  8633
TBILIS 1988 01 20 2  8610  8620  8643  8630  8626  8641  8675  8638  8659  8634  8625  8621
TBILIS 1988 01 21 1  8659  8608  8611  8611  8615  8622  8660  8674  8694  8792  8742  8794
TBILIS 1988 01 21 2  8736  8720  8746  8677  8678  8687  8718  8667  8639  8683  8652  8663
TBILIS 1988 01 22 1  8630  8640  8616  8602  8610  8624  8602  8648  8639  8672  8706  8727
TBILIS 1988 01 22 2  8752  8744  8734  8722  8751  8750  8732  8717  8733  8701  8685  8688
TBILIS 1988 01 23 1  8639  8612  8626  8670  8604  8617  8662  8654  8672  8651  8688  8678
TBILIS 1988 01 23 2  8682  8664  8671  8651  8653  8653  8662  8625  8614  8619  8602  8594
TBILIS 1988 01 24 1  8620  8628  8638  8610  8580  8536  8589  8660  8633  8695  8680  8689
TBILIS 1988 01 24 2  8707  8724  8759  8738  8736  8740  8745  8744  8706  8711  8704  8723
TBILIS 1988 01 25 1  8715  8669  8662  8664  8664  8624  8659  8675  8749  8710  8730  8779
TBILIS 1988 01 25 2  8783  8800  8785  8802  8783  8798  8792  8779  8803  8756  8732  8708
TBILIS 1988 01 26 1  8706  8678  8676  8632  8678  8609  8610  8602  8627  8658  8652  8659
TBILIS 1988 01 26 2  8669  8666  8650  8663  8665  8659  8666  8665  8674  8656  8651  8617
TBILIS 1988 01 27 1  8602  8652  8642  8631  8668  8641  8644  8642  8690  8705  8717  8749
TBILIS 1988 01 27 2  8756  8774  8775  8764  8749  8768  8710  8775  8724  8718  8720  8712
TBILIS 1988 01 28 1  8669  8699  8682  8703  8669  8646  8713  8708  8733  8745  8704  8709
TBILIS 1988 01 28 2  8742  8724  8721  8676  8699  8701  8683  8668  8663  8643  8602  8649
TBILIS 1988 01 29 1  8676  8648  8635  8644  8655  8616  8687  8665  8679  8694  8748  8694
TBILIS 1988 01 29 2  8677  8740  8691  8664  8687  8671  8676  8662  8662  8632  8650  8677
TBILIS 1988 01 30 1  8678  8666  8688  8701  8668  8676  8655  8692  8754  8733  8739  8751
TBILIS 1988 01 30 2  8724  8743  8706  8714  8702  8745  8710  8677  8667  8710  8644  8614
TBILIS 1988 01 31 1  8621  8606  8622  8596  8585  8528  8527  8510  8440  8484  8510  8491
TBILIS 1988 01 31 2  8501  8502  8460  8467  8482  8478  8419  8431  8406  8423  8428  8389
Cosmic-Ray Neutron Monitor Data (Hourly, Pressure-Corrected and Scale-Adjusted Counts)
Collections: WDC for Cosmic Rays, Solar-Terrestrial Environment Laboratory, Nagoya Univ.
Data Access: http://center.stelab.nagoya-u.ac.jp/WDCCR/index.html
Project: ICSU WDC
Citation: WDC for Cosmic Rays, Solar-Terrestrial Environment Laboratory, Nagoya University
Station ID: TBILIS
Station:  TBILISI,GIORGIA,INSTITUT GEOPHYSIKY (IG), GIORGIAN ACADEMY OF SCIENCES,GIORGIA 
Instrument: 18-NM-64 NEUTRON MONITOR, CORRECTED FOR PRESSURE TO 950.0 MB, COEF. = -0.69 %/MB
Latitude (deg.):   41.72  Longitude (deg.):   44.80  Altitude (m):  510.00
Cut-Off Rigidity (GV):    6.66
Year: 1988  Month:   2
Scaling Factor (SF):    64.0   Constant (CONST):     0.0  Real Counts = (DATA + CONST)*SF
Temporal Resolution: 1 hour
UTC Start Hour:     0.0
EFFICIENCY = 100.0 %, FILE WAS PREPARED IN WDC B2                               
                                                        
Monthly Average:  8609.5
Updated (YYYY MM DD): 1990 06 11
*******************************************************************************************
ID     YYYY MM DD 1     0     1     2     3     4     5     6     7     8     9    10    11
ID     YYYY MM DD 2    12    13    14    15    16    17    18    19    20    21    22    23
*******************************************************************************************
TBILIS 1988 02 01 1  8381  8456  8426  8423  8500  8518  8497  8546  8727  8773  8795  8815
TBILIS 1988 02 01 2  8819  8817  8830  8791  8774  8774  8833  8735  8691  8705  8695  8669
TBILIS 1988 02 02 1  8670  8670  8701  8676  8692  8688  8673  8654  8647  8660  8658  8617
TBILIS 1988 02 02 2  8593  8581  8552  8528  8533  8538  8510  8553  8578  8515  8527  8505
TBILIS 1988 02 03 1  8520  8500  8527  8516  8499  8553  8553  8540  8572  8564  8630  8643
TBILIS 1988 02 03 2  8602  8582  8598  8620  8608  8592  8574  8583  8573  8588  8572  8566
TBILIS 1988 02 04 1  8553  8575  8537  8514  8545  8519  8538  8583  8577  8620  8607  8623
TBILIS 1988 02 04 2  8611  8610  8622  8635  8621  8589  8613  8581  8562  8552  8586  8592
TBILIS 1988 02 05 1  8584  8546  8543  8531  8533  8526  8555  8603  8605  8621  8629  8596
TBILIS 1988 02 05 2  8600  8609  8597  8593  8604  8593  8594  8610  8609  8606  8556  8553
TBILIS 1988 02 06 1  8589  8587  8572  8538  8577  8579  8589  8552  8567  8584  8593  8592
TBILIS 1988 02 06 2  8603  8606  8650  8643  8647  8638  8605  8582  8569  8562  8598  8581
TBILIS 1988 02 07 1  8602  8568  8573  8576  8558  8580  8629  8649  8618  8662  8693  8680
TBILIS 1988 02 07 2  8693  8699  8698  8685  8668  8676  8669  8667  8647  8656  8630  8622
TBILIS 1988 02 08 1  8639  8595  8602  8605  8581  8635  8628  8671  8669  8691  8700  8707
TBILIS 1988 02 08 2  8705  8702  8741  8732  8712  8750  8731  8726  8679  8684  8675  8654
TBILIS 1988 02 09 1  8661  8611  8660  8617  8610  8618  8601  8612  8662  8709  8719  8687
TBILIS 1988 02 09 2  8749  8727  8745  8740  8746  8739  8735  8720  8681  8697  8670  8619
TBILIS 1988 02 10 1  8622  8586  8570  8555  8544  8584  8601  8629  8676  8725  8749  8721
TBILIS 1988 02 10 2  8764  8738  8776  8731  8698  8702  8679  8599  8643  8614  8588  8633
TBILIS 1988 02 11 1  8599  8584  8579  8585  8597  8548  8567  8616  8628  8708  8711  8707
TBILIS 1988 02 11 2  8663  8657  8602  8612  8590  8596  8613  8617  8545  8542  8495  8495
TBILIS 1988 02 12 1  8534  8491  8523  8505  8526  8533  8599  8672  8641  8642  8647  8681
TBILIS 1988 02 12 2  8681  8690  8621  8601  8612  8593  8643  8618  8653  8596  8563  8541
TBILIS 1988 02 13 1  8532  8538  8520  8532  8533  8565  8590  8598  8595  8638  8611  8595
TBILIS 1988 02 13 2  8561  8509  8515  8449  8490  8516  8439  8438  8419  8416  8370  8435
TBILIS 1988 02 14 1  8428  8399  8422  8412  8412  8401  8400  8417  8386  8406  8446  8437
TBILIS 1988 02 14 2  8432  8409  8422  8387  8398  8413  8437  8457  8436  8480  8479  8483
TBILIS 1988 02 15 1  8470  8503  8509  8489  8471  8525  8492  8489  8521  8588  8616  8575
TBILIS 1988 02 15 2  8553  8544  8574  8603  8614  8589  8558  8581  8572  8580  8569  8581
TBILIS 1988 02 16 1  8542  8536  8517  8565  8529  8517  8555  8575  8561  8590  8594  8554
TBILIS 1988 02 16 2  8626  8619  8612  8649  8638  8621  8647  8672  8657  8649  8666  8662
TBILIS 1988 02 17 1  8608  8642  8609  8609  8632  8598  8619  8614  8621  8652  8677  8702
TBILIS 1988 02 17 2  8668  8662  8677  8692  8694  8683  8653  8626  8671  8633  8649  8655
TBILIS 1988 02 18 1  8625  8606  8616  8603  8622  8614  8620  8650  8656  8670  8627  8664
TBILIS 1988 02 18 2  8620  8617  8643  8635  8626  8658  8659  8639  8660  8681  8668  8697
TBILIS 1988 02 19 1  8659  8649  8656  8601  8622  8607  8660  8654  8692  8708  8681  8657
TBILIS 1988 02 19 2  8672  8695  8655  8646  8655  8630  8627  8672  8660  8667  8657  8671
TBILIS 1988 02 20 1  8677  8642  8657  8680  8649  8631  8659  8666  8658  8645  8637  8674
TBILIS 1988 02 20 2  8665  8676  8664  8660  8688  8707  8671  8693  8667  8686  8682  8611
TBILIS 1988 02 21 1  8658  8649  8636  8617  8645  8578  8606  8682  8667  8656  8658  8604
TBILIS 1988 02 21 2  8439  8280  8204  8240  8260  8305  8297  8314  8375  8251  8250  8336
TBILIS 1988 02 22 1  8292  8337  8346  8386  8464  8518  8530  8546  8587  8607  8695  8727
TBILIS 1988 02 22 2  8749  8712  8669  8659  8623  8609  8635  8623  8609  8577  8632  8653
TBILIS 1988 02 23 1  8611  8595  8626  8618  8635  8586  8570  8577  8630  8662  8637  8711
TBILIS 1988 02 23 2  8715  8705  8606  8614  8675  8645  8612  8621  8588  8621  8573  8585
TBILIS 1988 02 24 1  8582  8549  8589  8498  8569  8572  8561  8623  8610  8605  8628  8639
TBILIS 1988 02 24 2  8588  8612  8595  8574  8568  8587  8575  8568  8551  8573  8537  8554
TBILIS 1988 02 25 1  8563  8530  8577  8554  8564  8559  8594  8604  8602  8635  8631  8652
TBILIS 1988 02 25 2  8660  8628  8601  8637  8608  8610  8627  8576  8616  8553  8587  8608
TBILIS 1988 02 26 1  8580  8546  8602  8572  8572  8598  8632  8639  8616  8653  8636  8619
TBILIS 1988 02 26 2  8635  8630  8604  8608  8561  8623  8614  8607  8577  8614  8582  8568
TBILIS 1988 02 27 1  8585  8607  8575  8629  8664  8648  8625  8654  8667  8720  8684  8729
TBILIS 1988 02 27 2  8703  8693  8694  8679  8653  8663  8702  8684  8686  8678  8650  8695
TBILIS 1988 02 28 1  8687  8680  8649  8671  8625  8629  8633  8624  8677  8658  8661  8669
TBILIS 1988 02 28 2  8681  8676  8696  8683  8688  8698  8690  8709  8716  8648  8710  8700
TBILIS 1988 02 29 1  8643  8661  8641  8691  8676  8649  8704  8720  8705  8739  8752  8745
TBILIS 1988 02 29 2  8771  8761  8751  8740  8757  8799  8782  8848  8806  8795  8744  8788
TBILIS 1988 02 30 1 99999 99999 99999 99999 99999 99999 99999 99999 99999 99999 99999 99999
TBILIS 1988 02 30 2 99999 99999 99999 99999 99999 99999 99999 99999 99999 99999 99999 99999
TBILIS 1988 02 31 1 99999 99999 99999 99999 99999 99999 99999 99999 99999 99999 99999 99999
TBILIS 1988 02 31 2 99999 99999 99999 99999 99999 99999 99999 99999 99999 99999 99999 99999
Cosmic-Ray Neutron Monitor Data (Hourly, Pressure-Corrected and Scale-Adjusted Counts)
Collections: WDC for Cosmic Rays, Solar-Terrestrial Environment Laboratory, Nagoya Univ.
Data Access: http://center.stelab.nagoya-u.ac.jp/WDCCR/index.html
Project: ICSU WDC
Citation: WDC for Cosmic Rays, Solar-Terrestrial Environment Laboratory, Nagoya University
Station ID: TBILIS
Station:  TBILISI,GIORGIA,INSTITUT GEOPHYSIKY (IG), GIORGIAN ACADEMY OF SCIENCES,GIORGIA 
Instrument: 18-NM-64 NEUTRON MONITOR, CORRECTED FOR PRESSURE TO 950.0 MB, COEF. = -0.69 %/MB
Latitude (deg.):   41.72  Longitude (deg.):   44.80  Altitude (m):  510.00
Cut-Off Rigidity (GV):    6.66
Year: 1988  Month:   3
Scaling Factor (SF):    64.0   Constant (CONST):     0.0  Real Counts = (DATA + CONST)*SF
Temporal Resolution: 1 hour
UTC Start Hour:     0.0
EFFICIENCY = 100.0 %, FILE WAS PREPARED IN WDC B2                               
                                                        
Monthly Average:  8695.4
Updated (YYYY MM DD): 1990 06 11
*******************************************************************************************
ID     YYYY MM DD 1     0     1     2     3     4     5     6     7     8     9    10    11
ID     YYYY MM DD 2    12    13    14    15    16    17    18    19    20    21    22    23
*******************************************************************************************
TBILIS 1988 03 01 1  8728  8679  8637  8647  8679  8681  8668  8652  8706  8679  8691  8689
TBILIS 1988 03 01 2  8733  8715  8694  8698  8700  8687  8669  8681  8658  8658  8646  8689
TBILIS 1988 03 02 1  8660  8637  8654  8674  8660  8650  8695  8711  8756  8771  8731  8768
TBILIS 1988 03 02 2  8766  8749  8736  8733  8758  8733  8755  8711  8701  8712  8706  8688
TBILIS 1988 03 03 1  8694  8699  8715  8697  8671  8678  8676  8703  8730  8732  8740  8738
TBILIS 1988 03 03 2  8693  8713  8672  8674  8669  8629  8630  8545  8540  8533  8569  8572
TBILIS 1988 03 04 1  8552  8585  8549  8552  8592  8619  8632  8660  8681  8664  8655  8651
TBILIS 1988 03 04 2  8693  8677  8662  8707  8706  8742  8684  8703  8685  8726  8709  8687
TBILIS 1988 03 05 1  8685  8668  8677  8644  8673  8669  8651  8663  8670  8663  8655  8668
TBILIS 1988 03 05 2  8688  8697  8663  8698  8642  8673  8658  8647  8653  8642  8668  8659
TBILIS 1988 03 06 1  8664  8669  8626  8623  8604  8606  8643  8631  8623  8646  8689  8715
TBILIS 1988 03 06 2  8710  8695  8694  8715  8758  8733  8738  8763  8716  8722  8703  8685
TBILIS 1988 03 07 1  8664  8655  8648  8659  8654  8682  8715  8694  8728  8715  8721  8731
TBILIS 1988 03 07 2  8731  8697  8692  8714  8696  8683  8722  8739  8735  8723  8736  8679
TBILIS 1988 03 08 1  8682  8647  8663  8675  8682  8664  8668  8693  8743  8714  8761  8759
TBILIS 1988 03 08 2  8762  8783  8764  8755  8725  8727  8721  8713  8693  8674  8652  8670
TBILIS 1988 03 09 1  8654  8660  8635  8682  8628  8627  8628  8706  8675 99999 99999  8713
TBILIS 1988 03 09 2  8726  8697  8685  8582 99999 99999  8692  8690  8689  8650  8651  8668
TBILIS 1988 03 10 1  8611  8644  8632  8661  8647  8669  8623  8654  8655  8654  8624  8666
TBILIS 1988 03 10 2  8669  8640  8642  8649  8643  8627  8639  8621  8616  8650  8647  8662
TBILIS 1988 03 11 1  8664  8649  8644  8635  8646  8639  8644  8624  8622  8615  8626  8628
TBILIS 1988 03 11 2  8654  8712  8705  8712  8689  8695  8681  8680  8678  8695  8710  8686
TBILIS 1988 03 12 1  8689  8729  8697  8713  8759  8696  8682  8669  8708  8667  8684  8634
TBILIS 1988 03 12 2  8705  8657  8638  8669  8651  8624  8633  8673  8688  8648  8656  8683
TBILIS 1988 03 13 1  8676  8631  8656  8652  8648  8668  8653  8672  8686  8707  8700  8763
TBILIS 1988 03 13 2  8717  8731  8773  8758  8777  8779  8763  8763  8768  8759  8716  8709
TBILIS 1988 03 14 1  8653  8643  8641  8632  8610  8615  8654  8647  8652  8687  8680  8695
TBILIS 1988 03 14 2  8665  8641  8633  8629  8628  8665  8646  8646  8640  8637  8674  8673
TBILIS 1988 03 15 1  8671  8614  8664  8641  8667  8668  8657  8690  8683  8729  8750  8740
TBILIS 1988 03 15 2  8737  8782  8748  8759  8775  8757  8782  8763  8761  8766  8767  8749
TBILIS 1988 03 16 1  8740  8760  8737  8724  8680  8689  8678  8683  8683  8723  8737  8669
TBILIS 1988 03 16 2  8672  8720  8692  8729  8708  8710  8724  8694  8708  8727  8728  8700
TBILIS 1988 03 17 1  8657  8651  8657  8671  8659  8647  8676  8671  8669  8719  8736  8720
TBILIS 1988 03 17 2  8748  8762  8736  8789  8785  8783  8781  8749  8732  8721  8733  8718
TBILIS 1988 03 18 1  8730  8723  8681  8695  8664  8717  8698  8761  8752  8758  8803  8782
TBILIS 1988 03 18 2  8823  8817  8813  8815  8853  8790  8805  8760  8805  8799  8744  8724
TBILIS 1988 03 19 1  8717  8744  8725  8693  8721  8703  8722  8746  8755  8792  8801  8798
TBILIS 1988 03 19 2  8816  8866  8826  8795  8760  8793  8772  8783  8774  8775  8786  8759
TBILIS 1988 03 20 1  8776  8746  8739  8754  8741  8734  8785  8796  8842  8829  8870  8893
TBILIS 1988 03 20 2  8909  8913  8896  8877  8892  8844  8860  8828  8816  8773  8805  8835
TBILIS 1988 03 21 1  8786  8813  8813  8790 99999 99999 99999  8789  8812  8807  8823  8805
TBILIS 1988 03 21 2  8806  8767  8769  8766  8774  8775  8749  8750  8695  8717  8730  8759
TBILIS 1988 03 22 1  8776  8745  8748  8729  8717  8727  8760  8738  8738  8761  8741  8742
TBILIS 1988 03 22 2  8782  8772  8767  8768  8753  8792  8760  8757  8763  8754  8740  8753
TBILIS 1988 03 23 1  8710  8722  8699  8690  8681  8678  8684  8700  8708  8706  8718  8691
TBILIS 1988 03 23 2  8723  8734  8781  8794  8774  8777  8735  8775  8727  8732  8707  8694
TBILIS 1988 03 24 1  8708  8708  8700  8671  8667  8651  8670  8654  8656  8678  8642  8663
TBILIS 1988 03 24 2  8657  8656  8690  8686  8688  8602  8701  8655  8672  8669  8634  8626
TBILIS 1988 03 25 1  8629  8640  8604  8601  8595  8543  8583  8561  8570  8604  8608  8617
TBILIS 1988 03 25 2  8630  8643  8666  8699  8676  8716  8684  8672  8676  8627  8623  8646
TBILIS 1988 03 26 1  8629  8570  8599  8601  8629  8602  8642  8649  8664  8695  8696  8681
TBILIS 1988 03 26 2  8609  8645  8676  8685  8712  8684  8761  8767  8784  8841  8750  8738
TBILIS 1988 03 27 1  8731  8737  8683  8665  8659  8682  8646  8623  8652  8635  8661  8725
TBILIS 1988 03 27 2  8682  8678  8699  8668  8657  8689  8633  8658  8624  8636  8623  8650
TBILIS 1988 03 28 1  8596  8583  8540  8574  8606  8604  8559  8641  8643  8714  8729  8693
TBILIS 1988 03 28 2  8700  8691  8680  8738  8672  8724  8702  8739  8717  8708  8665  8620
TBILIS 1988 03 29 1  8647  8625  8637  8597  8618  8677  8654  8648  8672  8747  8765  8721
TBILIS 1988 03 29 2  8734  8764  8752  8820  8771  8752  8744  8713  8715  8656  8696  8682
TBILIS 1988 03 30 1  8623  8648  8650  8657  8626  8638  8660  8670  8651  8669  8724  8735
TBILIS 1988 03 30 2  8750  8711  8691  8694  8650  8674  8643  8640  8641  8583  8608  8613
TBILIS 1988 03 31 1  8626  8612  8619  8630  8643  8600  8623  8621 99999 99999  8657  8683
TBILIS 1988 03 31 2  8679  8716  8686  8719  8683  8682  8632  8669  8687  8667  8675  8662
Cosmic-Ray Neutron Monitor Data (Hourly, Pressure-Corrected and Scale-Adjusted Counts)
Collections: WDC for Cosmic Rays, Solar-Terrestrial Environment Laboratory, Nagoya Univ.
Data Access: http://center.stelab.nagoya-u.ac.jp/WDCCR/index.html
Project: ICSU WDC
Citation: WDC for Cosmic Rays, Solar-Terrestrial Environment Laboratory, Nagoya University
Station ID: TBILIS
Station:  TBILISI,GIORGIA,INSTITUT GEOPHYSIKY (IG), GIORGIAN ACADEMY OF SCIENCES,GIORGIA 
Instrument: 18-NM-64 NEUTRON MONITOR, CORRECTED FOR PRESSURE TO 950.0 MB, COEF. = -0.69 %/MB
Latitude (deg.):   41.72  Longitude (deg.):   44.80  Altitude (m):  510.00
Cut-Off Rigidity (GV):    6.66
Year: 1988  Month:   4
Scaling Factor (SF):    64.0   Constant (CONST):     0.0  Real Counts = (DATA + CONST)*SF
Temporal Resolution: 1 hour
UTC Start Hour:     0.0
EFFICIENCY = 100.0 %, FILE WAS PREPARED IN WDC B2                               
                                                        
Monthly Average:  8673.7
Updated (YYYY MM DD): 1990 06 11
*******************************************************************************************
ID     YYYY MM DD 1     0     1     2     3     4     5     6     7     8     9    10    11
ID     YYYY MM DD 2    12    13    14    15    16    17    18    19    20    21    22    23
*******************************************************************************************
TBILIS 1988 04 01 1  8624  8648  8587  8654  8636  8670  8643  8692  8685  8706  8675  8703
TBILIS 1988 04 01 2  8679  8676  8694  8693  8704  8656  8672  8618  8606  8595  8590  8581
TBILIS 1988 04 02 1  8574  8598  8564  8542  8545  8571  8547  8548  8574  8651  8684  8682
TBILIS 1988 04 02 2  8719  8679  8664  8683  8653  8675  8670  8658  8675  8663  8643  8636
TBILIS 1988 04 03 1  8675  8627  8636  8628  8645  8617  8605  8611  8653  8704  8705  8695
TBILIS 1988 04 03 2  8650  8689  8672  8673  8656  8634  8648  8686  8604  8618  8654  8674
TBILIS 1988 04 04 1  8563  8586  8608  8641  8673  8710  8669  8643  8679  8608  8608  8666
TBILIS 1988 04 04 2  8679  8656  8661  8701  8705  8686  8725  8695  8681  8658  8601  8572
TBILIS 1988 04 05 1  8552  8592  8614  8629  8580  8601  8628  8647  8665  8649  8628  8661
TBILIS 1988 04 05 2  8655  8650  8634  8658  8624  8623  8628  8626  8647  8676  8671  8630
TBILIS 1988 04 06 1  8609  8611  8629  8600  8556  8599  8571  8614  8650  8614  8674  8702
TBILIS 1988 04 06 2  8679  8694  8666  8660  8638  8631  8611  8619  8564  8594  8565  8570
TBILIS 1988 04 07 1  8598  8551  8555  8537  8538  8523  8481  8541  8557  8567  8611  8629
TBILIS 1988 04 07 2  8667  8662  8664  8632  8648  8640  8619  8641  8645  8542  8559  8542
TBILIS 1988 04 08 1  8523  8498  8473  8492  8468  8461  8486  8472  8498  8532  8512  8555
TBILIS 1988 04 08 2  8555  8584  8564  8585  8542  8560  8568  8553  8562  8549  8530  8528
TBILIS 1988 04 09 1  8578  8527  8532  8539  8534  8514  8532  8545  8552  8581  8571  8574
TBILIS 1988 04 09 2  8595  8615  8565  8630  8613  8624  8635  8641  8642  8624  8644  8626
TBILIS 1988 04 10 1  8607  8574  8574  8591  8559  8556  8548  8578  8594  8658  8670  8655
TBILIS 1988 04 10 2  8682  8696  8731  8688  8698  8676  8661  8668  8667  8651  8644  8645
TBILIS 1988 04 11 1  8637  8598  8619  8631  8610  8603  8579  8649  8627  8672  8690  8687
TBILIS 1988 04 11 2  8701  8697  8709  8716  8717  8698  8668  8637  8639  8638  8615  8623
TBILIS 1988 04 12 1  8567  8571  8585  8541  8528  8528  8557  8590  8560  8572  8610  8636
TBILIS 1988 04 12 2  8673  8695  8722  8710  8722  8692  8698  8720  8722  8697  8717  8692
TBILIS 1988 04 13 1  8688  8678  8666  8679  8687  8678  8666  8718  8673  8667  8689  8725
TBILIS 1988 04 13 2  8713  8693  8699  8703  8710  8686  8689  8705  8670  8671  8696  8685
TBILIS 1988 04 14 1  8679  8671  8707  8684  8695  8693  8674  8699  8686  8780  8782  8811
TBILIS 1988 04 14 2  8878  8848  8870  8857  8863  8872  8844  8847  8833  8827  8805  8809
TBILIS 1988 04 15 1  8836  8814  8785  8783  8758  8738  8776  8773  8787  8766  8772  8815
TBILIS 1988 04 15 2  8827  8787  8842  8845  8834  8770  8831  8775  8756  8746  8758  8711
TBILIS 1988 04 16 1  8764  8728  8700  8700  8727  8659  8680  8673  8673  8675  8682  8698
TBILIS 1988 04 16 2  8674  8712  8706  8742  8723  8663  8689  8725  8696  8724  8672  8641
TBILIS 1988 04 17 1  8695  8690  8704  8665  8665  8677  8680  8709  8690  8680  8722  8739
TBILIS 1988 04 17 2  8803  8789  8835  8792  8776  8810  8762  8768  8705  8759  8709  8727
TBILIS 1988 04 18 1  8711  8724  8707  8712  8684  8683  8695  8737  8712  8679  8733  8697
TBILIS 1988 04 18 2  8728  8704  8713  8771  8724  8737  8717  8735  8712  8716  8727  8729
TBILIS 1988 04 19 1  8699  8690  8683  8645  8676  8700  8726  8714  8676  8717  8706  8730
TBILIS 1988 04 19 2  8738  8746  8747  8744  8669  8642  8674  8709  8692  8695  8707  8689
TBILIS 1988 04 20 1  8696  8616  8637  8672  8681  8646  8692 99999 99999 99999  8670  8725
TBILIS 1988 04 20 2  8690  8725  8720  8704  8738  8679  8648  8694  8713  8680  8716  8668
TBILIS 1988 04 21 1  8705  8645  8664  8665  8623  8635  8631  8700  8691  8670  8640  8680
TBILIS 1988 04 21 2  8705  8671  8675  8707  8713  8680  8688  8695  8662  8666  8704  8727
TBILIS 1988 04 22 1  8710  8693  8730  8726  8697  8691  8688  8678  8707  8792  8817  8821
TBILIS 1988 04 22 2  8813  8768  8766  8804  8831  8772  8711  8725  8715  8684  8632  8670
TBILIS 1988 04 23 1  8633  8619  8630  8640  8661  8617  8615  8620  8614  8620  8612  8638
TBILIS 1988 04 23 2  8635  8635  8659  8619  8594  8622  8628  8622  8632  8653  8651  8663
TBILIS 1988 04 24 1  8668  8608  8623  8577  8589  8591  8607  8599  8656  8608  8629  8649
TBILIS 1988 04 24 2  8645  8635  8641  8693  8682  8689  8705  8707  8721  8706  8709  8666
TBILIS 1988 04 25 1  8669  8657  8643  8671  8624  8622  8647  8630  8646  8649  8669  8661
TBILIS 1988 04 25 2  8668  8689  8668  8699  8702  8728  8729  8716  8696  8670  8662  8680
TBILIS 1988 04 26 1  8656  8642  8673  8641  8670  8720  8655  8670  8687  8697  8662  8744
TBILIS 1988 04 26 2  8743  8788  8753  8757  8750  8694  8702  8740  8706  8705  8695  8710
TBILIS 1988 04 27 1  8696  8649  8704  8714  8701  8695  8691  8695  8718  8721  8765  8750
TBILIS 1988 04 27 2  8765  8758  8794  8750  8751  8740  8749  8744  8749  8780  8756  8765
TBILIS 1988 04 28 1  8716  8670  8665  8687  8652  8649  8645  8708  8747  8786  8782  8766
TBILIS 1988 04 28 2  8737  8781  8717  8688  8695  8703  8695  8741  8714  8687  8691  8661
TBILIS 1988 04 29 1  8686  8655  8650  8614  8655  8634  8691  8679  8695  8694  8740  8761
TBILIS 1988 04 29 2  8753  8771  8763  8728  8738  8734  8734  8703  8685  8713  8692  8704
TBILIS 1988 04 30 1  8710  8696  8726  8724  8713  8708  8708  8720  8734  8757  8750  8769
TBILIS 1988 04 30 2  8782  8757  8785  8797  8804  8794  8810  8747  8762  8786 99999 99999
TBILIS 1988 04 31 1 99999 99999 99999 99999 99999 99999 99999 99999 99999 99999 99999 99999
TBILIS 1988 04 31 2 99999 99999 99999 99999 99999 99999 99999 99999 99999 99999 99999 99999
Cosmic-Ray Neutron Monitor Data (Hourly, Pressure-Corrected and Scale-Adjusted Counts)
Collections: WDC for Cosmic Rays, Solar-Terrestrial Environment Laboratory, Nagoya Univ.
Data Access: http://center.stelab.nagoya-u.ac.jp/WDCCR/index.html
Project: ICSU WDC
Citation: WDC for Cosmic Rays, Solar-Terrestrial Environment Laboratory, Nagoya University
Station ID: TBILIS
Station:  TBILISI,GIORGIA,INSTITUT GEOPHYSIKY (IG), GIORGIAN ACADEMY OF SCIENCES,GIORGIA 
Instrument: 18-NM-64 NEUTRON MONITOR, CORRECTED FOR PRESSURE TO 950.0 MB, COEF. = -0.69 %/MB
Latitude (deg.):   41.72  Longitude (deg.):   44.80  Altitude (m):  510.00
Cut-Off Rigidity (GV):    6.66
Year: 1988  Month:   5
Scaling Factor (SF):    64.0   Constant (CONST):     0.0  Real Counts = (DATA + CONST)*SF
Temporal Resolution: 1 hour
UTC Start Hour:     0.0
EFFICIENCY = 100.0 %, FILE WAS PREPARED IN WDC B2                               
                                                        
Monthly Average:  8671.2
Updated (YYYY MM DD): 1990 06 11
*******************************************************************************************
ID     YYYY MM DD 1     0     1     2     3     4     5     6     7     8     9    10    11
ID     YYYY MM DD 2    12    13    14    15    16    17    18    19    20    21    22    23
*******************************************************************************************
TBILIS 1988 05 01 1 99999 99999 99999 99999 99999 99999 99999  8720  8769  8769  8752  8772
TBILIS 1988 05 01 2  8748  8752  8798  8752  8753  8725  8715  8704  8701  8656  8675  8652
TBILIS 1988 05 02 1  8623  8625  8600  8591  8624  8578  8674  8657  8685  8733  8720  8745
TBILIS 1988 05 02 2  8738  8745  8733  8757  8720  8708  8680  8668  8688  8620  8630  8644
TBILIS 1988 05 03 1  8632  8637  8634  8651  8637  8651  8668  8679  8702  8686  8692  8686
TBILIS 1988 05 03 2  8730  8685  8756  8715  8650  8660  8641  8644  8631  8645  8603  8635
TBILIS 1988 05 04 1  8644  8642  8629  8662  8660  8652  8657  8655  8704  8705  8737  8740
TBILIS 1988 05 04 2  8782  8758  8721  8733  8707  8682  8736  8744  8710  8692  8743  8698
TBILIS 1988 05 05 1  8693  8642  8621  8672  8624  8617  8654  8655  8698  8716  8753  8790
TBILIS 1988 05 05 2  8809  8773  8737  8726  8668  8661  8637  8714  8657  8691  8686  8690
TBILIS 1988 05 06 1  8705  8693  8701  8688  8638  8697  8680  8687  8771  8817  8838  8818
TBILIS 1988 05 06 2  8847  8805  8795  8763  8722  8740  8719  8754  8726  8708  8712  8669
TBILIS 1988 05 07 1  8677  8652  8634  8647  8652  8666  8683  8665  8681  8654  8669  8668
TBILIS 1988 05 07 2  8711  8704  8671  8680  8708  8682  8670  8679  8688  8648  8664  8649
TBILIS 1988 05 08 1  8680  8632 99999 99999 99999 99999 99999  8616  8638  8667  8682  8658
TBILIS 1988 05 08 2  8705  8746  8720  8694  8680  8705  8716  8767  8697  8751  8725  8695
TBILIS 1988 05 09 1  8663  8676  8678  8674  8654  8648  8636  8656  8696  8718  8706  8704
TBILIS 1988 05 09 2  8716  8730  8699  8720  8689  8675  8646  8662  8646  8645  8656  8614
TBILIS 1988 05 10 1  8620  8657  8676  8621  8642  8649  8676 99999 99999  8664  8697  8709
TBILIS 1988 05 10 2  8703  8685  8735  8734  8676  8699  8702  8664  8676  8671  8677  8659
TBILIS 1988 05 11 1  8660  8680  8642  8656 99999 99999 99999 99999 99999 99999 99999 99999
TBILIS 1988 05 11 2 99999 99999  8638  8699  8764  8680  8691  8661  8680  8687  8710  8656
TBILIS 1988 05 12 1  8647  8625  8638  8646  8633  8621  8620  8634  8642  8682  8687  8685
TBILIS 1988 05 12 2  8724  8750  8783  8771  8793  8767  8737 99999 99999 99999 99999 99999
TBILIS 1988 05 13 1 99999 99999 99999 99999 99999 99999 99999 99999 99999 99999 99999 99999
TBILIS 1988 05 13 2 99999 99999 99999 99999  8684  8711  8737  8679  8640  8721  8656  8691
TBILIS 1988 05 14 1  8677  8632  8721  8662  8604  8655  8613  8686  8702  8708  8742  8751
TBILIS 1988 05 14 2  8762  8786  8801  8769  8730  8776  8765  8745  8714  8693  8715  8697
TBILIS 1988 05 15 1  8746  8701  8693  8683  8699  8720  8717  8759  8755  8759  8786  8819
TBILIS 1988 05 15 2  8823  8807  8788  8757  8705  8716  8708  8726  8698  8720  8679  8729
TBILIS 1988 05 16 1  8674  8675  8642  8667  8644  8628  8662  8649  8666  8655  8676  8695
TBILIS 1988 05 16 2  8686  8686  8653  8722  8678  8680  8670  8683  8677  8661  8678  8661
TBILIS 1988 05 17 1  8680  8650  8651  8626  8632  8629  8644  8682  8715  8655  8671  8692
TBILIS 1988 05 17 2  8714  8746  8708  8743  8727  8704  8706  8720  8727  8749  8749  8746
TBILIS 1988 05 18 1  8663  8682  8638  8596  8594  8631  8679  8644  8702  8733  8752  8723
TBILIS 1988 05 18 2  8706  8680  8699  8692  8660  8673  8645  8630  8649  8657  8658  8684
TBILIS 1988 05 19 1  8663  8643  8640  8629  8637  8631  8655  8617  8667  8670  8643  8671
TBILIS 1988 05 19 2  8679  8694  8672  8722  8645  8611  8617  8664  8645  8688  8685  8704
TBILIS 1988 05 20 1  8671  8669  8631  8602  8645  8633  8684  8635  8645  8729  8679  8684
TBILIS 1988 05 20 2  8703  8680  8675  8674  8679  8683  8714  8711  8705  8665  8681  8693
TBILIS 1988 05 21 1  8695  8627  8737  8684  8645  8667  8687  8700  8697  8660  8684  8665
TBILIS 1988 05 21 2  8683  8708  8684  8700  8715  8700  8680  8670  8705  8694  8688  8695
TBILIS 1988 05 22 1  8626  8665  8618  8629  8609  8626  8614  8601  8661  8668  8665  8669
TBILIS 1988 05 22 2  8687  8702  8677  8639  8646  8660  8650  8688  8680  8673  8699  8679
TBILIS 1988 05 23 1  8671  8658  8646  8632  8609  8616  8608  8618  8637  8628  8683  8659
TBILIS 1988 05 23 2  8667  8659  8672  8677  8737  8721  8698  8701  8692  8699  8715  8727
TBILIS 1988 05 24 1  8725  8690  8686  8683  8664  8657  8656  8655  8681  8703  8731  8729
TBILIS 1988 05 24 2  8766  8799  8794  8745  8770  8749  8754  8774  8725  8739  8747  8773
TBILIS 1988 05 25 1  8695  8706  8720  8670  8662  8607  8636  8607  8653  8664  8691  8719
TBILIS 1988 05 25 2  8698  8722  8745  8731  8713  8768  8737  8766  8706  8691  8708  8692
TBILIS 1988 05 26 1  8672  8656  8659  8645  8643  8615  8623  8644  8641  8608  8639  8618
TBILIS 1988 05 26 2  8651  8607  8622  8594  8594  8617  8658  8597  8625  8625  8632  8642
TBILIS 1988 05 27 1  8585  8610  8603  8586  8605  8621  8575  8595  8625  8645  8679  8682
TBILIS 1988 05 27 2  8691  8677  8678  8684  8686  8720  8625  8659  8652  8679  8607  8645
TBILIS 1988 05 28 1  8603  8596  8610  8599  8638  8586  8591  8640  8628  8669  8667  8684
TBILIS 1988 05 28 2  8695  8658  8730  8718  8685  8699  8699  8673  8714  8706  8689  8637
TBILIS 1988 05 29 1  8658  8633  8608  8634  8625  8624  8638  8625  8645  8675  8661  8671
TBILIS 1988 05 29 2  8655  8667  8649  8632  8631  8612  8591  8601  8562  8587  8527  8512
TBILIS 1988 05 30 1  8521  8573  8550  8572  8591  8553  8652  8615  8626  8614  8567  8517
TBILIS 1988 05 30 2  8533  8497  8482  8456  8481  8502  8507  8536  8537  8501  8512  8483
TBILIS 1988 05 31 1  8438  8476  8476  8480  8534  8497  8498  8498  8516  8552  8557  8555
TBILIS 1988 05 31 2  8569  8584  8537  8567  8562  8561  8572  8559  8577  8570  8584  8549
Cosmic-Ray Neutron Monitor Data (Hourly, Pressure-Corrected and Scale-Adjusted Counts)
Collections: WDC for Cosmic Rays, Solar-Terrestrial Environment Laboratory, Nagoya Univ.
Data Access: http://center.stelab.nagoya-u.ac.jp/WDCCR/index.html
Project: ICSU WDC
Citation: WDC for Cosmic Rays, Solar-Terrestrial Environment Laboratory, Nagoya University
Station ID: TBILIS
Station:  TBILISI,GIORGIA,INSTITUT GEOPHYSIKY (IG), GIORGIAN ACADEMY OF SCIENCES,GIORGIA 
Instrument: 18-NM-64 NEUTRON MONITOR, CORRECTED FOR PRESSURE TO 950.0 MB, COEF. = -0.69 %/MB
Latitude (deg.):   41.72  Longitude (deg.):   44.80  Altitude (m):  510.00
Cut-Off Rigidity (GV):    6.66
Year: 1988  Month:   6
Scaling Factor (SF):    64.0   Constant (CONST):     0.0  Real Counts = (DATA + CONST)*SF
Temporal Resolution: 1 hour
UTC Start Hour:     0.0
EFFICIENCY = 100.0 %, FILE WAS PREPARED IN WDC B2                               
                                                        
Monthly Average:  8629.0
Updated (YYYY MM DD): 1990 06 12
*******************************************************************************************
ID     YYYY MM DD 1     0     1     2     3     4     5     6     7     8     9    10    11
ID     YYYY MM DD 2    12    13    14    15    16    17    18    19    20    21    22    23
*******************************************************************************************
TBILIS 1988 06 01 1  8503  8507  8496  8510  8529  8473  8527  8572  8615  8601  8583  8635
TBILIS 1988 06 01 2  8642  8632  8624  8611  8643  8612  8607  8570  8619  8663  8631  8650
TBILIS 1988 06 02 1  8623  8594  8562  8558  8555  8539  8567  8590  8592  8609  8644  8596
TBILIS 1988 06 02 2  8647  8627  8664  8660  8650  8650  8643  8636  8621  8603  8596  8594
TBILIS 1988 06 03 1  8572  8578  8613  8586  8577  8594  8617  8598  8607  8615  8637  8600
TBILIS 1988 06 03 2  8626  8638  8660  8608  8614  8619  8631  8629  8607  8612  8598  8570
TBILIS 1988 06 04 1  8529  8577  8552  8544  8597  8582  8601  8659  8655  8674  8683  8670
TBILIS 1988 06 04 2  8666  8714  8696  8714  8757  8704  8678  8655  8636  8655  8650  8597
TBILIS 1988 06 05 1  8642  8576  8615  8599  8611  8587  8622  8629  8627  8678  8670  8610
TBILIS 1988 06 05 2  8652  8727  8706  8679  8682  8607  8601  8602  8657  8629  8617  8613
TBILIS 1988 06 06 1  8614  8566  8561  8625  8607  8574  8637  8625  8627  8655  8635  8679
TBILIS 1988 06 06 2  8662  8665  8657  8615  8606  8587  8557  8603  8594  8615  8583  8571
TBILIS 1988 06 07 1  8576  8582  8577  8574  8570  8542  8550  8590  8576  8574  8557  8627
TBILIS 1988 06 07 2  8594  8589  8576  8547  8554  8531  8553  8560  8575  8532  8563  8542
TBILIS 1988 06 08 1  8543  8521  8554  8556  8562  8582  8583  8618  8636  8664  8643  8640
TBILIS 1988 06 08 2  8677  8636  8662  8652  8650  8644  8621  8595  8586  8602  8618  8591
TBILIS 1988 06 09 1  8599  8587  8559  8568  8577  8587  8585  8566  8621  8639  8639  8643
TBILIS 1988 06 09 2  8693  8726  8714  8681  8651  8615  8656  8665  8652 99999 99999 99999
TBILIS 1988 06 10 1 99999 99999 99999 99999 99999 99999  8669  8660  8716  8654  8670  8682
TBILIS 1988 06 10 2  8701  8679  8656  8713  8649  8675  8646  8649  8654  8678  8688  8678
TBILIS 1988 06 11 1  8667  8651  8637  8648  8612  8634  8665  8709  8708  8718  8720  8718
TBILIS 1988 06 11 2  8714  8735  8738  8751  8720  8744  8714  8683  8688  8664  8650  8669
TBILIS 1988 06 12 1  8671  8641  8617  8622  8611  8634  8644  8660  8707  8714  8726  8716
TBILIS 1988 06 12 2  8728  8745  8744  8771  8742  8741  8718  8714  8696  8670  8653  8646
TBILIS 1988 06 13 1  8609  8613  8650  8634  8629  8619  8598  8634  8616  8690  8697  8673
TBILIS 1988 06 13 2  8695  8688  8703  8675  8685  8734  8681  8684  8704  8633  8664  8633
TBILIS 1988 06 14 1  8685  8657  8690  8665  8683  8646  8665  8726  8684  8715  8666  8671
TBILIS 1988 06 14 2  8729  8706  8716  8694  8712  8770  8773  8783  8778  8759  8729  8715
TBILIS 1988 06 15 1  8715  8729  8736  8747  8713  8719  8716  8714  8739  8734  8723  8705
TBILIS 1988 06 15 2  8711  8696  8723  8675  8725  8689  8699  8672  8699  8658  8676  8692
TBILIS 1988 06 16 1  8690  8711  8704  8699  8680  8696 99999 99999 99999 99999 99999 99999
TBILIS 1988 06 16 2 99999 99999 99999 99999 99999 99999 99999 99999 99999 99999 99999 99999
TBILIS 1988 06 17 1 99999 99999 99999 99999 99999 99999 99999 99999 99999 99999 99999 99999
TBILIS 1988 06 17 2 99999 99999 99999 99999 99999 99999 99999 99999 99999 99999 99999 99999
TBILIS 1988 06 18 1 99999 99999 99999 99999 99999 99999 99999 99999 99999 99999 99999 99999
TBILIS 1988 06 18 2 99999 99999 99999 99999 99999 99999 99999 99999 99999 99999 99999 99999
TBILIS 1988 06 19 1 99999 99999 99999 99999 99999 99999 99999 99999 99999 99999 99999 99999
TBILIS 1988 06 19 2 99999 99999 99999 99999 99999 99999 99999 99999 99999 99999 99999 99999
TBILIS 1988 06 20 1 99999 99999 99999 99999 99999 99999 99999 99999 99999 99999 99999  8681
TBILIS 1988 06 20 2  8709  8733  8726  8712  8724  8682  8671  8643  8685  8637  8664  8647
TBILIS 1988 06 21 1  8633  8647  8613  8559  8598  8575  8576  8590  8606  8623  8645  8690
TBILIS 1988 06 21 2  8665  8690  8692  8675  8651  8609  8607  8608  8636  8648  8632  8628
TBILIS 1988 06 22 1  8628  8639  8645  8625  8620  8623  8627  8646  8591  8597  8640  8650
TBILIS 1988 06 22 2  8623  8619  8676  8683  8679  8675  8672  8658  8656  8651  8611  8581
TBILIS 1988 06 23 1  8651  8578  8575  8563  8559  8563  8622  8620  8604  8625  8648  8665
TBILIS 1988 06 23 2  8721  8721  8712  8730  8722  8725  8690  8702  8722  8720  8641  8635
TBILIS 1988 06 24 1  8611  8630  8611  8659  8674  8649  8683  8692  8669  8648  8617  8601
TBILIS 1988 06 24 2  8644  8657  8632  8607  8584  8565  8595  8583  8595  8573  8534  8549
TBILIS 1988 06 25 1  8539  8556 99999 99999 99999  8521  8468  8471  8505  8517  8483  8465
TBILIS 1988 06 25 2  8499  8512  8547  8510  8554  8544  8572  8576  8591  8562  8564  8592
TBILIS 1988 06 26 1  8566  8543  8565  8553  8536  8507  8469  8486  8515  8498  8523  8539
TBILIS 1988 06 26 2  8524  8568  8552  8568  8549  8526  8526  8553  8573  8557  8599  8585
TBILIS 1988 06 27 1  8557  8605  8580  8605  8582  8582  8572  8640  8637  8607  8637  8602
TBILIS 1988 06 27 2  8588  8603  8630  8576  8546  8542  8540  8565  8530  8560  8572  8592
TBILIS 1988 06 28 1  8621  8635  8607  8571  8595  8588  8620  8578  8624  8663  8681  8704
TBILIS 1988 06 28 2  8695  8709  8676  8680  8635  8689  8663  8641  8651  8627  8649  8652
TBILIS 1988 06 29 1  8583  8612  8569  8594  8584  8577 99999 99999 99999 99999 99999 99999
TBILIS 1988 06 29 2 99999 99999 99999 99999 99999 99999 99999 99999 99999 99999 99999 99999
TBILIS 1988 06 30 1 99999 99999 99999 99999 99999 99999 99999 99999 99999 99999 99999 99999
TBILIS 1988 06 30 2 99999 99999 99999  8562  8548  8568  8542  8532  8472  8459  8447  8422
TBILIS 1988 06 31 1 99999 99999 99999 99999 99999 99999 99999 99999 99999 99999 99999 99999
TBILIS 1988 06 31 2 99999 99999 99999 99999 99999 99999 99999 99999 99999 99999 99999 99999
Cosmic-Ray Neutron Monitor Data (Hourly, Pressure-Corrected and Scale-Adjusted Counts)
Collections: WDC for Cosmic Rays, Solar-Terrestrial Environment Laboratory, Nagoya Univ.
Data Access: http://center.stelab.nagoya-u.ac.jp/WDCCR/index.html
Project: ICSU WDC
Citation: WDC for Cosmic Rays, Solar-Terrestrial Environment Laboratory, Nagoya University
Station ID: TBILIS
Station:  TBILISI,GIORGIA,INSTITUT GEOPHYSIKY (IG), GIORGIAN ACADEMY OF SCIENCES,GIORGIA 
Instrument: 18-NM-64 NEUTRON MONITOR, CORRECTED FOR PRESSURE TO 950.0 MB, COEF. = -0.69 %/MB
Latitude (deg.):   41.72  Longitude (deg.):   44.80  Altitude (m):  510.00
Cut-Off Rigidity (GV):    6.66
Year: 1988  Month:   7
Scaling Factor (SF):    64.0   Constant (CONST):     0.0  Real Counts = (DATA + CONST)*SF
Temporal Resolution: 1 hour
UTC Start Hour:     0.0
EFFICIENCY = 100.0 %, FILE WAS PREPARED IN WDC B2                               
                                                        
Monthly Average:  8494.0
Updated (YYYY MM DD): 1990 06 11
*******************************************************************************************
ID     YYYY MM DD 1     0     1     2     3     4     5     6     7     8     9    10    11
ID     YYYY MM DD 2    12    13    14    15    16    17    18    19    20    21    22    23
*******************************************************************************************
TBILIS 1988 07 01 1  8485  8475  8480  8430  8408  8393 99999 99999 99999  8529  8554  8527
TBILIS 1988 07 01 2  8540  8571  8552  8532  8528  8501  8511  8542  8534  8531  8498  8503
TBILIS 1988 07 02 1  8466  8478  8439  8406  8464  8459  8483  8472  8490  8502  8506  8522
TBILIS 1988 07 02 2  8519  8486  8496  8527  8518  8506  8518  8517  8502  8470  8453  8446
TBILIS 1988 07 03 1  8443  8403  8456  8455  8464  8453  8492  8499  8512  8513  8538  8511
TBILIS 1988 07 03 2  8528  8552  8525  8566  8560  8550  8514  8547  8562  8529  8555  8537
TBILIS 1988 07 04 1  8507  8507  8504  8495  8498  8512  8515  8552  8537  8509  8541  8510
TBILIS 1988 07 04 2  8498  8516  8516  8521  8542  8533  8516  8533  8541  8513  8507  8503
TBILIS 1988 07 05 1  8524  8535  8470  8487  8501  8506  8526  8538  8550  8524  8553  8523
TBILIS 1988 07 05 2  8526  8581  8585  8587  8571  8578  8588  8588  8538  8547  8584  8527
TBILIS 1988 07 06 1  8504  8503  8538  8537  8487  8530  8526  8525  8532  8556  8538  8593
TBILIS 1988 07 06 2  8565  8589  8613  8582  8632  8689  8613  8597  8544  8580  8582  8555
TBILIS 1988 07 07 1  8518  8523  8514  8509  8552  8538  8501  8556  8518 99999 99999 99999
TBILIS 1988 07 07 2 99999 99999  8603  8580  8577  8501  8581  8564  8542  8568  8580  8603
TBILIS 1988 07 08 1  8629  8609  8573  8631  8586  8569  8582  8626  8620  8608  8605  8601
TBILIS 1988 07 08 2  8601  8602  8601  8567  8588  8595  8593  8620  8663  8645  8609  8592
TBILIS 1988 07 09 1  8599  8576  8557  8589  8557  8610  8596  8578  8575  8536  8572  8558
TBILIS 1988 07 09 2  8572  8539  8544  8550  8520  8541  8568  8560  8571  8569  8485  8528
TBILIS 1988 07 10 1  8489  8494  8513  8526  8484  8545  8534  8538  8560  8531  8549  8569
TBILIS 1988 07 10 2  8609  8570  8569  8554  8529  8524  8543  8542  8494  8558  8526  8508
TBILIS 1988 07 11 1  8482  8489  8494  8473  8418  8429  8463  8477  8504  8529  8569  8578
TBILIS 1988 07 11 2  8569  8579  8593  8575  8596  8511  8520  8506  8505  8505  8489  8498
TBILIS 1988 07 12 1  8499  8461  8491  8480  8488  8477  8482  8524  8526  8532  8476  8514
TBILIS 1988 07 12 2  8544  8514  8511  8504  8483  8459  8456  8451  8407  8427  8424  8445
TBILIS 1988 07 13 1  8430  8417  8432  8403  8392  8384  8384  8422  8392  8393  8398  8385
TBILIS 1988 07 13 2  8409  8376  8427  8466  8502  8463  8474  8465  8459  8442  8456  8430
TBILIS 1988 07 14 1  8440  8427  8456  8443  8430  8439  8427  8466  8471  8463  8483  8479
TBILIS 1988 07 14 2  8500  8437  8469  8530  8517  8546  8546  8538  8559  8535  8533  8529
TBILIS 1988 07 15 1  8515  8517  8531  8498  8485  8466  8445  8490  8474  8471  8496  8532
TBILIS 1988 07 15 2  8545  8552  8570  8605  8609  8598  8585  8568  8540  8567  8598  8550
TBILIS 1988 07 16 1  8560  8544  8480  8471  8463  8469  8466  8479  8527  8535  8504  8528
TBILIS 1988 07 16 2  8577  8547  8580  8537  8573  8556  8529  8567  8567  8546  8509  8532
TBILIS 1988 07 17 1  8514  8553  8527  8504  8525  8501  8482  8485  8518  8544  8479  8491
TBILIS 1988 07 17 2  8517  8512  8517  8566  8539  8505  8525  8513  8526  8548  8531  8546
TBILIS 1988 07 18 1  8537  8521  8497  8514  8497  8454  8492  8542  8583  8558  8572  8590
TBILIS 1988 07 18 2  8583  8562  8591  8567  8605  8567  8576  8599  8623  8591  8526  8525
TBILIS 1988 07 19 1  8525  8483  8509  8487  8471  8461  8504  8516  8540  8561  8555  8554
TBILIS 1988 07 19 2  8583  8574  8564  8557  8577  8565  8574  8528  8536  8505  8535  8537
TBILIS 1988 07 20 1  8507  8498  8503  8516  8511  8492  8504  8512  8521  8532  8545  8528
TBILIS 1988 07 20 2  8485  8479  8460  8483  8505  8510  8476  8485  8521  8517  8488  8478
TBILIS 1988 07 21 1  8492  8502  8486  8408  8385  8368  8331  8356  8424  8386  8411  8430
TBILIS 1988 07 21 2  8445  8432  8454  8465  8469  8459  8465  8417  8414  8416  8412  8463
TBILIS 1988 07 22 1  8453  8418  8423  8403  8436  8428  8464  8436  8473  8465  8462  8423
TBILIS 1988 07 22 2  8437  8401  8367  8350  8341  8366  8369  8434  8492  8499  8441  8415
TBILIS 1988 07 23 1  8417  8415  8427  8403  8390  8364  8333  8288  8288  8317  8355  8324
TBILIS 1988 07 23 2  8368  8361  8399  8379  8370  8405  8375  8422  8459  8423  8449  8452
TBILIS 1988 07 24 1  8435  8390  8396  8368  8328  8362  8345  8350  8342  8392  8411  8428
TBILIS 1988 07 24 2  8413  8402  8400  8443  8468  8457  8451  8473  8501  8497  8480  8434
TBILIS 1988 07 25 1  8409  8448  8398  8377  8356  8374  8423  8401  8438  8441  8466  8495
TBILIS 1988 07 25 2  8472  8517  8515  8520  8527  8549  8570  8596  8546  8511  8565  8534
TBILIS 1988 07 26 1  8485  8510  8489  8441  8478  8430  8492  8472  8511  8507  8478  8537
TBILIS 1988 07 26 2  8520  8520  8517  8505  8520  8455  8432  8475  8402  8419  8415  8382
TBILIS 1988 07 27 1  8367  8388  8377  8340  8337  8344  8338  8393  8420  8414  8451  8457
TBILIS 1988 07 27 2  8467  8468  8445  8410  8381  8425  8355  8371  8356 99999 99999 99999
TBILIS 1988 07 28 1 99999 99999 99999 99999 99999 99999 99999 99999 99999 99999 99999 99999
TBILIS 1988 07 28 2 99999 99999 99999 99999 99999 99999 99999 99999 99999 99999 99999 99999
TBILIS 1988 07 29 1 99999 99999 99999 99999 99999 99999 99999 99999 99999 99999 99999 99999
TBILIS 1988 07 29 2 99999 99999 99999 99999 99999 99999  8411  8421  8421  8418  8447  8440
TBILIS 1988 07 30 1  8398  8432  8382  8405 99999 99999 99999 99999 99999 99999 99999  8430
TBILIS 1988 07 30 2  8419  8409  8481  8424  8435 99999  8450  8454  8445  8427  8443  8439
TBILIS 1988 07 31 1  8400  8408  8367  8375  8397  8367  8417  8394  8409  8427  8446  8455
TBILIS 1988 07 31 2  8428  8420  8453  8444 99999 99999 99999 99999 99999 99999 99999 99999
Cosmic-Ray Neutron Monitor Data (Hourly, Pressure-Corrected and Scale-Adjusted Counts)
Collections: WDC for Cosmic Rays, Solar-Terrestrial Environment Laboratory, Nagoya Univ.
Data Access: http://center.stelab.nagoya-u.ac.jp/WDCCR/index.html
Project: ICSU WDC
Citation: WDC for Cosmic Rays, Solar-Terrestrial Environment Laboratory, Nagoya University
Station ID: TBILIS
Station:  TBILISI,GIORGIA,INSTITUT GEOPHYSIKY (IG), GIORGIAN ACADEMY OF SCIENCES,GIORGIA 
Instrument: 18-NM-64 NEUTRON MONITOR, CORRECTED FOR PRESSURE TO 950.0 MB, COEF. = -0.69 %/MB
Latitude (deg.):   41.72  Longitude (deg.):   44.80  Altitude (m):  510.00
Cut-Off Rigidity (GV):    6.66
Year: 1988  Month:   8
Scaling Factor (SF):    64.0   Constant (CONST):     0.0  Real Counts = (DATA + CONST)*SF
Temporal Resolution: 1 hour
UTC Start Hour:     0.0
EFFICIENCY = 100.0 %, FILE WAS PREPARED IN WDC B2                               
                                                        
Monthly Average:  8542.9
Updated (YYYY MM DD): 1990 06 11
*******************************************************************************************
ID     YYYY MM DD 1     0     1     2     3     4     5     6     7     8     9    10    11
ID     YYYY MM DD 2    12    13    14    15    16    17    18    19    20    21    22    23
*******************************************************************************************
TBILIS 1988 08 01 1 99999 99999 99999 99999 99999 99999 99999 99999 99999 99999 99999 99999
TBILIS 1988 08 01 2 99999 99999 99999 99999 99999  8434  8478  8536  8531  8573  8584  8508
TBILIS 1988 08 02 1  8500  8492  8460  8439 99999 99999 99999 99999 99999  8524  8519  8555
TBILIS 1988 08 02 2  8492  8542  8558  8513  8543  8520  8519  8527  8538  8498  8496  8511
TBILIS 1988 08 03 1  8480  8452  8480  8454  8459  8515  8542  8524  8541  8581  8532  8542
TBILIS 1988 08 03 2  8519  8527  8521  8536  8512  8498  8502  8505  8497  8482  8488  8481
TBILIS 1988 08 04 1  8470  8505  8490  8497  8450  8478  8523  8512  8537  8557  8598  8564
TBILIS 1988 08 04 2  8612  8567  8543  8566  8560  8537  8515 99999 99999 99999 99999 99999
TBILIS 1988 08 05 1 99999 99999 99999 99999 99999  8482  8504  8532  8580  8636  8630  8642
TBILIS 1988 08 05 2  8657  8639  8646  8635  8593  8606  8576  8538  8540  8484  8505  8520
TBILIS 1988 08 06 1  8509  8526  8510  8514  8527  8476  8551  8546  8574  8543  8558  8560
TBILIS 1988 08 06 2  8544  8531  8481  8519  8514  8497  8493  8499  8461  8504  8478  8469
TBILIS 1988 08 07 1  8513  8495  8458  8535  8533  8490  8522  8533  8605  8572  8555  8619
TBILIS 1988 08 07 2  8580  8608  8562  8538  8507  8495  8489  8520  8516  8485  8498  8546
TBILIS 1988 08 08 1  8518  8485  8499  8481  8473  8475  8519  8564  8582  8582  8594  8631
TBILIS 1988 08 08 2  8625  8612  8581  8577  8530  8506  8491  8519  8485  8462  8441  8472
TBILIS 1988 08 09 1  8441  8442  8451  8485  8497  8527  8536  8554  8524  8535  8557  8576
TBILIS 1988 08 09 2  8558  8565  8541  8579  8539  8536  8572  8572  8653  8628  8584  8570
TBILIS 1988 08 10 1  8541  8511  8489  8488  8476  8508  8538  8561  8586  8580  8608  8562
TBILIS 1988 08 10 2  8593  8592  8589  8564  8537  8572  8569  8600  8557  8558  8545  8560
TBILIS 1988 08 11 1  8546  8524  8497  8493  8496  8493  8477  8506  8534  8549  8594  8570
TBILIS 1988 08 11 2  8613  8675  8677  8648  8634  8675  8656  8638  8645  8634  8605  8587
TBILIS 1988 08 12 1  8557  8568  8564  8501  8478  8537  8503  8532  8552  8620  8577  8616
TBILIS 1988 08 12 2  8615  8579  8580  8612  8559  8610  8630  8560  8592  8534  8497  8491
TBILIS 1988 08 13 1  8503  8471  8512  8537  8490  8546  8556  8582  8558  8619  8634  8635
TBILIS 1988 08 13 2  8647  8643  8644  8637  8630  8621  8605  8566  8597  8580  8574  8577
TBILIS 1988 08 14 1  8599  8588  8565  8576  8556  8564  8597  8598  8605  8667  8677  8610
TBILIS 1988 08 14 2  8672  8646  8613  8597  8616  8593  8609  8569  8633  8594  8611  8602
TBILIS 1988 08 15 1  8555  8574  8578  8605  8577  8544  8569  8575  8576  8555  8598  8623
TBILIS 1988 08 15 2  8661  8589  8622  8659  8622  8644  8626  8587  8577  8583  8562  8561
TBILIS 1988 08 16 1  8567  8563  8538  8521  8551  8538  8597  8588  8626  8662  8640  8638
TBILIS 1988 08 16 2  8669  8655  8637  8645  8618  8605  8587  8566  8547  8559  8571  8551
TBILIS 1988 08 17 1  8523  8501  8519  8532  8497  8539  8548  8546  8578  8588  8589  8634
TBILIS 1988 08 17 2  8624  8662  8646  8639  8571  8608  8587  8592  8565  8576  8592  8569
TBILIS 1988 08 18 1  8573  8602  8580  8631  8615  8620  8618  8618  8628  8630  8622  8645
TBILIS 1988 08 18 2  8642  8687  8711  8730  8732  8694  8647  8645  8636  8607  8613  8588
TBILIS 1988 08 19 1  8604  8598  8582  8565  8580  8556  8580  8576  8628  8625  8651  8648
TBILIS 1988 08 19 2  8641  8630  8684  8684  8657  8564  8605  8589  8614  8623  8589  8568
TBILIS 1988 08 20 1  8581  8600  8600  8595  8616  8633  8585  8627  8645  8677  8637  8632
TBILIS 1988 08 20 2  8657  8684  8702  8686  8624  8621  8614  8581  8596  8561  8537  8516
TBILIS 1988 08 21 1  8475  8497  8492  8557  8511  8536  8562  8561  8593  8622  8647  8648
TBILIS 1988 08 21 2  8655  8653  8649  8643  8619  8650  8626  8619  8597  8561  8582  8555
TBILIS 1988 08 22 1  8561  8553  8543  8588  8589  8560  8551  8568  8568  8577  8609  8652
TBILIS 1988 08 22 2  8621  8668  8601  8671  8647  8643  8636  8657  8629  8602  8511  8518
TBILIS 1988 08 23 1  8509  8540  8546  8514  8509  8513  8518  8544  8602  8606  8584  8544
TBILIS 1988 08 23 2  8543  8598  8611  8635  8618  8627  8609  8568  8582  8566  8566  8567
TBILIS 1988 08 24 1  8580  8541  8574  8545  8563  8538  8581  8589  8600  8572  8611  8604
TBILIS 1988 08 24 2  8620  8615  8631  8607  8582  8559  8568  8545  8573 99999 99999 99999
TBILIS 1988 08 25 1 99999 99999 99999 99999  8557  8558  8592  8614  8629  8583  8553  8575
TBILIS 1988 08 25 2  8551  8568  8599  8514  8498  8503  8479  8485  8422  8355  8331  8293
TBILIS 1988 08 26 1  8277  8239  8256  8261  8224  8255  8257  8196  8237  8242  8246  8246
TBILIS 1988 08 26 2  8256  8244  8277  8330  8361  8395  8405  8406  8382  8415  8402  8403
TBILIS 1988 08 27 1  8397  8398  8361  8395  8380  8360  8382  8390  8434  8417  8496  8531
TBILIS 1988 08 27 2  8486  8482  8485  8499  8453  8445  8443  8452  8448  8465  8445  8429
TBILIS 1988 08 28 1  8448  8449  8457  8411  8386  8397  8434  8438  8419  8456  8484  8532
TBILIS 1988 08 28 2  8488  8553  8533  8511  8517  8456  8458  8469  8459  8449  8444  8405
TBILIS 1988 08 29 1  8427  8446  8440  8417  8397  8403  8418  8443  8466  8486  8488  8451
TBILIS 1988 08 29 2  8439  8462  8559  8500  8532  8514  8517  8474  8468  8471  8495  8507
TBILIS 1988 08 30 1  8474  8456  8449  8447  8480  8476  8516  8522  8563  8532  8542  8554
TBILIS 1988 08 30 2  8573  8560  8527  8497  8511  8474  8438  8502  8540  8490  8473  8461
TBILIS 1988 08 31 1  8491  8484  8494  8463  8498  8479  8486  8528  8574  8566  8542  8569
TBILIS 1988 08 31 2  8528  8556  8516  8527  8542  8565  8503  8536  8516  8537  8489  8457
Cosmic-Ray Neutron Monitor Data (Hourly, Pressure-Corrected and Scale-Adjusted Counts)
Collections: WDC for Cosmic Rays, Solar-Terrestrial Environment Laboratory, Nagoya Univ.
Data Access: http://center.stelab.nagoya-u.ac.jp/WDCCR/index.html
Project: ICSU WDC
Citation: WDC for Cosmic Rays, Solar-Terrestrial Environment Laboratory, Nagoya University
Station ID: TBILIS
Station:  TBILISI,GIORGIA,INSTITUT GEOPHYSIKY (IG), GIORGIAN ACADEMY OF SCIENCES,GIORGIA 
Instrument: 18-NM-64 NEUTRON MONITOR, CORRECTED FOR PRESSURE TO 950.0 MB, COEF. = -0.69 %/MB
Latitude (deg.):   41.72  Longitude (deg.):   44.80  Altitude (m):  510.00
Cut-Off Rigidity (GV):    6.66
Year: 1988  Month:   9
Scaling Factor (SF):    64.0   Constant (CONST):     0.0  Real Counts = (DATA + CONST)*SF
Temporal Resolution: 1 hour
UTC Start Hour:     0.0
EFFICIENCY = 100.0 %, FILE WAS PREPARED IN WDC B2                               
                                                        
Monthly Average:  8546.4
Updated (YYYY MM DD): 1990 11 26
*******************************************************************************************
ID     YYYY MM DD 1     0     1     2     3     4     5     6     7     8     9    10    11
ID     YYYY MM DD 2    12    13    14    15    16    17    18    19    20    21    22    23
*******************************************************************************************
TBILIS 1988 09 01 1  8472  8486  8473  8451  8459  8448  8476  8495  8521  8522  8526  8528
TBILIS 1988 09 01 2  8531  8542  8531  8512  8496  8488  8497  8501  8478  8482  8490  8492
TBILIS 1988 09 02 1  8504  8518  8482  8504  8473  8490  8439  8496  8493  8505  8542  8574
TBILIS 1988 09 02 2  8573  8602  8612  8593  8607  8548  8551  8561  8589 99999 99999 99999
TBILIS 1988 09 03 1 99999 99999 99999 99999 99999  8549  8512  8569  8575  8598  8561  8561
TBILIS 1988 09 03 2  8565  8547  8572  8551  8536  8536  8525  8528  8512  8524  8529  8523
TBILIS 1988 09 04 1  8511  8525  8535  8518  8520  8537  8513  8577  8585  8564  8515  8592
TBILIS 1988 09 04 2  8570  8558  8623  8602  8625  8641  8656  8655  8659  8669  8611  8631
TBILIS 1988 09 05 1  8603  8559  8569  8540  8547  8519  8517  8539  8548  8540  8582  8562
TBILIS 1988 09 05 2  8582  8653  8649  8602  8631  8619  8664  8633  8604  8582  8580  8594
TBILIS 1988 09 06 1  8574  8528  8555  8530  8534  8506  8568  8554  8609  8574  8545  8586
TBILIS 1988 09 06 2  8579  8567  8542  8565  8583  8559  8551  8589  8589  8562  8543  8591
TBILIS 1988 09 07 1  8529  8547  8550  8584  8554  8552  8584  8590  8610  8612  8629  8658
TBILIS 1988 09 07 2  8616  8622  8619  8627  8653  8609  8611  8625  8608  8624  8596  8617
TBILIS 1988 09 08 1  8581  8578  8550  8535  8500  8538  8524  8538  8556  8550  8522  8538
TBILIS 1988 09 08 2  8548  8572  8537  8550  8583  8599  8592  8595  8595  8606  8598  8636
TBILIS 1988 09 09 1  8580  8586  8575  8569  8540  8536  8554  8524  8608  8576  8591  8616
TBILIS 1988 09 09 2  8617  8597  8620  8596  8588  8593  8611  8597  8587  8572  8558  8582
TBILIS 1988 09 10 1  8568  8530  8531  8546  8528  8553  8547  8581  8614  8622  8629  8654
TBILIS 1988 09 10 2  8630  8647  8650  8641  8564  8575  8569  8592  8632  8677  8663  8673
TBILIS 1988 09 11 1  8637  8635  8606  8581  8566  8575  8554  8642  8688  8732  8753  8756
TBILIS 1988 09 11 2  8762  8783  8744  8715  8688  8694  8624  8628  8656  8627  8591  8615
TBILIS 1988 09 12 1  8622  8592  8656  8587  8606  8594  8638  8621  8628  8616  8637  8657
TBILIS 1988 09 12 2  8640  8636  8609  8640  8567  8523  8582  8550  8543  8563  8589  8596
TBILIS 1988 09 13 1  8550  8573  8550  8556  8571  8533  8580  8598  8642  8648  8639  8642
TBILIS 1988 09 13 2  8662  8666  8630  8672  8641  8657  8627  8625  8607  8618  8582  8544
TBILIS 1988 09 14 1  8554  8570  8545  8553  8544  8565  8589  8597  8616  8585  8613  8594
TBILIS 1988 09 14 2  8677  8611  8642  8662  8654  8640  8595  8614  8619  8540  8562  8565
TBILIS 1988 09 15 1  8558  8578  8555  8554  8582  8592  8619  8634  8631  8681  8691  8673
TBILIS 1988 09 15 2  8692  8708  8681  8703  8701  8611  8597  8579  8535  8543  8548  8543
TBILIS 1988 09 16 1  8510  8496  8521  8556  8563  8608  8611  8608  8628  8599  8560  8594
TBILIS 1988 09 16 2  8595  8613  8619  8604  8548  8545  8545  8554  8582  8567  8577  8595
TBILIS 1988 09 17 1  8577  8571  8563  8518  8529  8528  8526  8505  8492  8527  8568  8588
TBILIS 1988 09 17 2  8607  8609  8595  8601  8600  8586  8555  8530  8511  8538  8510  8525
TBILIS 1988 09 18 1  8497  8495  8511  8520  8532  8525  8573  8570  8592  8625  8607  8579
TBILIS 1988 09 18 2  8574  8571  8549  8562  8595  8612  8591  8620  8661 99999 99999 99999
TBILIS 1988 09 19 1 99999 99999 99999 99999 99999 99999  8512  8520  8528  8549  8594  8677
TBILIS 1988 09 19 2  8638  8664  8604  8610  8620  8610  8587  8595  8602  8565  8549  8555
TBILIS 1988 09 20 1  8539  8532  8545  8512  8514  8521  8493  8556  8575  8609  8576  8582
TBILIS 1988 09 20 2  8577  8519  8507  8470  8485  8522  8505  8510  8466  8458  8531  8479
TBILIS 1988 09 21 1  8443  8467  8407  8401  8425  8438  8452  8462  8452  8499  8457  8498
TBILIS 1988 09 21 2  8475  8465  8443  8453  8415  8422  8382  8443  8452  8432  8419  8418
TBILIS 1988 09 22 1  8419  8439  8418  8408  8359  8443  8422  8460  8488  8515  8527  8520
TBILIS 1988 09 22 2  8556  8501  8536  8478  8506  8501  8493  8457 99999 99999 99999 99999
TBILIS 1988 09 23 1 99999 99999 99999 99999  8495  8453  8415  8451  8480  8442  8513  8453
TBILIS 1988 09 23 2  8442  8491  8467  8469  8450  8470  8475  8481  8482  8510  8499  8504
TBILIS 1988 09 24 1  8480  8424  8419  8418  8443  8404  8421  8418  8404  8454  8429  8393
TBILIS 1988 09 24 2  8440  8474  8424  8471  8463  8462  8447  8451  8454  8433  8451  8435
TBILIS 1988 09 25 1  8439  8485  8461  8439  8434  8443  8420  8454  8487  8505  8504  8473
TBILIS 1988 09 25 2  8473  8491  8490  8513  8482  8491  8486  8521  8511  8504 99999 99999
TBILIS 1988 09 26 1 99999 99999 99999 99999 99999 99999 99999  8476  8456  8462  8499  8483
TBILIS 1988 09 26 2  8517  8570  8573  8530  8536  8551 99999 99999 99999 99999 99999 99999
TBILIS 1988 09 27 1 99999 99999 99999 99999 99999 99999 99999 99999 99999 99999 99999 99999
TBILIS 1988 09 27 2 99999 99999 99999  8537  8508  8534  8565  8553  8542  8559  8560  8551
TBILIS 1988 09 28 1  8512  8516  8539  8552  8554  8542  8515  8543  8538  8516  8495  8547
TBILIS 1988 09 28 2  8500  8526  8548  8554  8580  8570  8537  8544  8509  8519  8478  8481
TBILIS 1988 09 29 1  8486  8431  8461  8431  8423  8419  8441  8410  8441  8464  8443  8443
TBILIS 1988 09 29 2  8465  8505  8472  8469  8494  8487  8484  8518  8487  8481  8493  8484
TBILIS 1988 09 30 1  8495  8435  8465  8464  8427  8409  8434  8442  8453  8460  8433  8420
TBILIS 1988 09 30 2  8425  8428  8479  8427  8492  8442  8458  8460  8472  8462  8490  8456
TBILIS 1988 09 31 1 99999 99999 99999 99999 99999 99999 99999 99999 99999 99999 99999 99999
TBILIS 1988 09 31 2 99999 99999 99999 99999 99999 99999 99999 99999 99999 99999 99999 99999
Cosmic-Ray Neutron Monitor Data (Hourly, Pressure-Corrected and Scale-Adjusted Counts)
Collections: WDC for Cosmic Rays, Solar-Terrestrial Environment Laboratory, Nagoya Univ.
Data Access: http://center.stelab.nagoya-u.ac.jp/WDCCR/index.html
Project: ICSU WDC
Citation: WDC for Cosmic Rays, Solar-Terrestrial Environment Laboratory, Nagoya University
Station ID: TBILIS
Station:  TBILISI,GIORGIA,INSTITUT GEOPHYSIKY (IG), GIORGIAN ACADEMY OF SCIENCES,GIORGIA 
Instrument: 18-NM-64 NEUTRON MONITOR, CORRECTED FOR PRESSURE TO 950.0 MB, COEF. = -0.69 %/MB
Latitude (deg.):   41.72  Longitude (deg.):   44.80  Altitude (m):  510.00
Cut-Off Rigidity (GV):    6.66
Year: 1988  Month:  10
Scaling Factor (SF):    64.0   Constant (CONST):     0.0  Real Counts = (DATA + CONST)*SF
Temporal Resolution: 1 hour
UTC Start Hour:     0.0
EFFICIENCY = 100.0 %, FILE WAS PREPARED IN WDC B2                               
                                                        
Monthly Average:  8492.2
Updated (YYYY MM DD): 1990 06 11
*******************************************************************************************
ID     YYYY MM DD 1     0     1     2     3     4     5     6     7     8     9    10    11
ID     YYYY MM DD 2    12    13    14    15    16    17    18    19    20    21    22    23
*******************************************************************************************
TBILIS 1988 10 01 1  8439  8445  8425  8446  8449  8490  8504  8507  8496  8574  8580  8586
TBILIS 1988 10 01 2  8582  8558  8509  8542  8555  8522  8523  8537  8523  8543  8558  8529
TBILIS 1988 10 02 1  8534  8526  8516  8502  8532  8536  8528  8546  8550  8539  8566  8520
TBILIS 1988 10 02 2  8541  8561  8517  8510  8496  8513  8507  8481  8515  8543  8545  8546
TBILIS 1988 10 03 1  8545  8521  8515  8530  8513  8484  8492  8510  8537  8504  8557  8517
TBILIS 1988 10 03 2  8519  8626  8595  8578  8547  8563  8586  8581  8540  8560  8559  8558
TBILIS 1988 10 04 1  8568  8569  8538  8553  8495  8464  8443  8468  8452  8462  8494  8511
TBILIS 1988 10 04 2  8523  8521  8524  8551  8583  8549  8560  8573  8562  8467  8537  8599
TBILIS 1988 10 05 1  8600  8529  8491  8445  8446  8448  8441  8461  8505  8483  8480  8464
TBILIS 1988 10 05 2  8459  8473  8461  8542  8556  8541  8551  8550  8603  8558  8524  8484
TBILIS 1988 10 06 1  8428  8416  8458  8445  8402  8328  8346  8355  8375  8444  8443  8468
TBILIS 1988 10 06 2  8474  8457  8494  8498  8565  8554  8565  8480  8416  8381  8417  8481
TBILIS 1988 10 07 1  8501  8454  8482  8376  8435  8495  8437  8412  8476  8485  8520  8494
TBILIS 1988 10 07 2  8483  8532  8518  8545  8519  8518  8558  8568  8555  8563  8500  8521
TBILIS 1988 10 08 1  8506  8498  8484  8472  8467  8472  8475  8430  8497  8497  8528  8504
TBILIS 1988 10 08 2  8465  8501  8528  8528  8512  8539  8520  8528  8530  8507  8477  8449
TBILIS 1988 10 09 1  8454  8432  8447  8472  8514  8545  8528  8534  8557  8548  8546  8550
TBILIS 1988 10 09 2  8558  8558  8556  8606  8595  8613  8560  8542  8553  8543  8535  8499
TBILIS 1988 10 10 1  8476  8515  8569  8562  8555  8574  8632  8586  8563  8511  8453  8497
TBILIS 1988 10 10 2  8515  8545  8520  8488  8483  8507  8483  8497  8536  8511  8503  8483
TBILIS 1988 10 11 1  8490  8496  8468  8430  8424  8430  8429  8428  8457  8463  8467  8475
TBILIS 1988 10 11 2  8472  8466  8464  8441  8450  8455  8444  8448  8441  8442  8483  8458
TBILIS 1988 10 12 1  8502  8491  8477  8461  8460  8428  8456  8438  8495  8505  8547  8542
TBILIS 1988 10 12 2  8527  8497  8498  8513  8538  8553  8539  8539  8523  8550  8544  8513
TBILIS 1988 10 13 1  8522  8490  8495  8461  8473  8482  8477  8492  8553  8579  8553  8604
TBILIS 1988 10 13 2  8543  8515  8505  8498  8549  8542  8547  8545  8527  8490  8523  8562
TBILIS 1988 10 14 1  8553  8563  8600  8574  8590  8624  8559  8632  8621  8591  8608  8549
TBILIS 1988 10 14 2  8568  8558  8531  8539  8539  8499  8512  8501  8496  8466  8492  8487
TBILIS 1988 10 15 1  8496  8517  8516  8523  8530  8518  8512  8529  8486  8551  8543  8547
TBILIS 1988 10 15 2  8536  8531  8514  8545  8521  8567  8510  8486  8450  8439  8425  8408
TBILIS 1988 10 16 1  8367  8413  8416  8409  8399  8422  8409  8441  8461  8507  8503  8516
TBILIS 1988 10 16 2  8531  8543  8486  8522  8477  8474  8478  8444  8431  8459  8427  8461
TBILIS 1988 10 17 1  8431  8407  8385  8437  8442  8421  8497  8488  8503  8489  8508  8536
TBILIS 1988 10 17 2  8551  8536  8549  8534  8484  8506  8448  8397  8464  8423  8427  8454
TBILIS 1988 10 18 1  8435  8404  8398  8341  8353  8343  8387  8406  8480  8467  8520  8470
TBILIS 1988 10 18 2  8473  8484  8494  8510  8509  8540  8541  8531  8469  8455  8431  8445
TBILIS 1988 10 19 1  8434  8407  8385  8390  8375  8363  8359  8376  8416  8433  8441  8420
TBILIS 1988 10 19 2  8430  8413  8426  8438  8436  8484  8483  8448  8432  8466  8462  8479
TBILIS 1988 10 20 1  8470  8488  8479  8436  8437  8451  8490  8394  8424  8408  8423  8453
TBILIS 1988 10 20 2  8479  8433  8449  8408  8446  8463  8445  8443  8463  8430  8461  8432
TBILIS 1988 10 21 1  8434  8462  8428  8395  8400  8393  8396  8386  8398  8383  8388  8463
TBILIS 1988 10 21 2  8477  8491  8486  8462  8487  8555  8555  8548  8572  8581  8525  8528
TBILIS 1988 10 22 1  8541  8497  8507  8461  8447  8446  8427  8413  8453  8441  8445  8404
TBILIS 1988 10 22 2  8450  8430  8466  8459  8480  8522  8518  8518  8498  8484  8454  8436
TBILIS 1988 10 23 1  8466  8509  8496  8468  8435  8482 99999 99999 99999 99999 99999 99999
TBILIS 1988 10 23 2  8514  8537  8516  8511  8515  8483  8478  8491  8462  8495  8453  8448
TBILIS 1988 10 24 1  8484  8468  8486  8498  8429  8464  8470  8471  8488  8552  8578  8558
TBILIS 1988 10 24 2  8550  8537  8524  8476  8500  8491  8481  8492  8482  8507  8496  8477
TBILIS 1988 10 25 1  8459  8477  8440  8449  8440  8417  8385  8405  8425  8457  8469  8508
TBILIS 1988 10 25 2  8469  8506  8504  8516  8468  8502  8503  8490  8517  8519  8492  8476
TBILIS 1988 10 26 1  8482  8502  8476  8487  8447  8482  8447  8472 99999 99999 99999 99999
TBILIS 1988 10 26 2 99999 99999 99999 99999 99999 99999 99999 99999 99999 99999 99999 99999
TBILIS 1988 10 27 1 99999 99999 99999 99999 99999 99999 99999 99999  8420  8438  8463  8470
TBILIS 1988 10 27 2  8461  8482  8456  8417  8452  8430  8455  8466  8491  8457  8458  8439
TBILIS 1988 10 28 1  8448  8472  8483  8436  8421  8433  8415  8426  8421  8429  8425  8463
TBILIS 1988 10 28 2  8430  8421  8410  8440  8442  8502  8476  8431  8422  8451  8443  8416
TBILIS 1988 10 29 1  8449  8463  8437  8456  8445  8438  8452  8486  8509  8508  8532  8502
TBILIS 1988 10 29 2  8508  8488  8517  8515  8522  8492  8529  8550  8579  8528  8541  8511
TBILIS 1988 10 30 1  8483  8500  8496  8440  8452  8475  8523  8571  8558  8603  8622  8615
TBILIS 1988 10 30 2  8582  8597  8569  8576  8617  8579  8600  8604  8597  8590  8567  8533
TBILIS 1988 10 31 1  8538  8474  8493  8473  8483  8506  8474  8511  8584  8610  8567  8561
TBILIS 1988 10 31 2  8518  8547  8516  8499  8484  8495  8483  8463  8471  8479  8478  8504
Cosmic-Ray Neutron Monitor Data (Hourly, Pressure-Corrected and Scale-Adjusted Counts)
Collections: WDC for Cosmic Rays, Solar-Terrestrial Environment Laboratory, Nagoya Univ.
Data Access: http://center.stelab.nagoya-u.ac.jp/WDCCR/index.html
Project: ICSU WDC
Citation: WDC for Cosmic Rays, Solar-Terrestrial Environment Laboratory, Nagoya University
Station ID: TBILIS
Station:  TBILISI,GIORGIA,INSTITUT GEOPHYSIKY (IG), GIORGIAN ACADEMY OF SCIENCES,GIORGIA 
Instrument: 18-NM-64 NEUTRON MONITOR, CORRECTED FOR PRESSURE TO 950.0 MB, COEF. = -0.69 %/MB
Latitude (deg.):   41.72  Longitude (deg.):   44.80  Altitude (m):  510.00
Cut-Off Rigidity (GV):    6.66
Year: 1988  Month:  11
Scaling Factor (SF):    64.0   Constant (CONST):     0.0  Real Counts = (DATA + CONST)*SF
Temporal Resolution: 1 hour
UTC Start Hour:     0.0
EFFICIENCY = 100.0 %, FILE WAS PREPARED IN WDC B2                               
                                                        
Monthly Average:  8506.1
Updated (YYYY MM DD): 1990 11 26
*******************************************************************************************
ID     YYYY MM DD 1     0     1     2     3     4     5     6     7     8     9    10    11
ID     YYYY MM DD 2    12    13    14    15    16    17    18    19    20    21    22    23
*******************************************************************************************
TBILIS 1988 11 01 1  8484  8482  8489  8453  8447  8456  8448  8462  8504  8481  8494  8509
TBILIS 1988 11 01 2  8470  8511  8519  8547  8566  8587  8595  8611  8610  8626  8579  8543
TBILIS 1988 11 02 1  8567  8554  8547  8548  8528  8520  8520  8523  8575 99999 99999 99999
TBILIS 1988 11 02 2  8600  8631  8646  8607  8646  8646  8614  8609  8608  8562  8558  8545
TBILIS 1988 11 03 1  8551  8548  8530  8506  8493  8498  8482  8465  8480  8513  8514  8548
TBILIS 1988 11 03 2  8532  8540  8576  8559  8550  8537  8573  8518  8541  8533  8600  8530
TBILIS 1988 11 04 1  8541  8515  8500  8486  8478  8499  8508  8471  8503  8512  8536  8539
TBILIS 1988 11 04 2  8532  8536  8551  8515  8531  8507  8522  8508  8467  8504  8495  8482
TBILIS 1988 11 05 1  8518  8515  8518  8493  8466  8507  8474  8551  8509  8520  8576  8539
TBILIS 1988 11 05 2  8509  8531  8562  8560  8554  8539  8528  8544  8521  8511  8500  8523
TBILIS 1988 11 06 1  8499  8523  8480  8539  8468  8470  8490  8490  8470  8492  8518  8539
TBILIS 1988 11 06 2  8537  8570  8556  8517  8503  8494  8517  8481  8482  8525  8490  8496
TBILIS 1988 11 07 1  8480  8461  8479  8489  8465  8455  8421  8439  8452  8451  8467  8476
TBILIS 1988 11 07 2  8492  8475  8502  8500  8501  8510  8516  8536  8550  8529  8556  8508
TBILIS 1988 11 08 1  8510  8508  8502  8527  8486  8471  8461  8472  8489  8492  8482  8489
TBILIS 1988 11 08 2  8518  8490  8538  8576  8559  8529  8567  8550  8598  8532  8550  8502
TBILIS 1988 11 09 1  8475  8507  8462  8428  8450  8440  8429  8428  8424  8445  8474  8508
TBILIS 1988 11 09 2  8503  8532  8527  8572  8553  8578  8551  8587  8544  8558  8554  8529
TBILIS 1988 11 10 1  8568  8549  8516  8541  8521  8549  8504  8558  8596  8598  8579  8580
TBILIS 1988 11 10 2  8610  8629  8601  8531  8560  8562  8563  8607  8584  8567  8633  8579
TBILIS 1988 11 11 1  8618  8565  8610  8618  8656  8634  8568  8544  8482  8469  8466  8404
TBILIS 1988 11 11 2  8397  8441  8461  8440  8458  8452  8514  8490  8508  8526  8525  8537
TBILIS 1988 11 12 1  8491  8502  8482  8488  8498  8527  8514  8524  8535  8530  8510  8518
TBILIS 1988 11 12 2  8545 99999 99999 99999 99999 99999 99999 99999 99999 99999 99999 99999
TBILIS 1988 11 13 1 99999 99999 99999 99999 99999 99999 99999 99999  8478  8470  8531  8528
TBILIS 1988 11 13 2  8507  8554  8551  8562  8568  8563  8523  8562  8590  8577  8542  8513
TBILIS 1988 11 14 1  8486  8533  8510  8477  8510  8503  8494  8538  8537  8517  8489  8471
TBILIS 1988 11 14 2  8532  8477  8478  8459  8458  8451  8411  8397  8401  8407  8354  8326
TBILIS 1988 11 15 1  8378  8338  8328  8301  8320  8298  8335  8365  8373  8357  8412  8377
TBILIS 1988 11 15 2  8392  8371  8379  8411  8376  8398  8377  8364  8367  8336  8318  8287
TBILIS 1988 11 16 1  8334  8334  8279  8290  8318  8288  8292  8327  8361  8372  8408  8362
TBILIS 1988 11 16 2  8357  8318  8350  8329  8331  8338  8340  8333  8314  8307  8272  8268
TBILIS 1988 11 17 1  8303  8261  8291  8246  8239  8217  8216  8249  8306  8317  8348  8316
TBILIS 1988 11 17 2  8295  8346  8328  8335  8366  8382  8392  8410  8436  8461  8465  8414
TBILIS 1988 11 18 1  8356  8366  8347  8399  8402  8358  8361  8294  8330  8338  8398  8403
TBILIS 1988 11 18 2  8381  8403  8450  8406  8413  8448  8472  8446  8430  8465  8416  8385
TBILIS 1988 11 19 1  8424  8410  8397  8385  8374  8354  8375  8397  8404  8433  8434  8461
TBILIS 1988 11 19 2  8515  8492  8518  8569  8600  8629  8626  8630  8628  8577  8578  8561
TBILIS 1988 11 20 1  8511  8450  8444  8416  8439  8361  8381  8404  8402  8410  8373  8439
TBILIS 1988 11 20 2  8454  8493  8535  8521  8530  8514  8522  8495  8490  8488  8462  8504
TBILIS 1988 11 21 1  8472  8473  8483  8506  8471  8489  8455  8452  8493  8482  8548  8538
TBILIS 1988 11 21 2  8559  8592  8605  8600  8635  8599  8629  8610  8567  8602  8578  8536
TBILIS 1988 11 22 1  8540  8558  8550  8506  8507  8525  8535  8552  8536  8554  8626  8594
TBILIS 1988 11 22 2  8589  8588  8582  8590  8580  8571  8540  8576  8555  8510  8522  8529
TBILIS 1988 11 23 1  8500  8483  8499  8496  8524  8492  8532  8544  8515  8549  8552  8514
TBILIS 1988 11 23 2  8539  8541  8533  8551  8596  8583  8585  8569  8571  8537  8508  8526
TBILIS 1988 11 24 1  8494  8490  8489  8521  8484  8515  8517  8518  8587  8583  8632  8598
TBILIS 1988 11 24 2  8627  8634  8620  8600  8587  8582  8543  8507  8491  8480  8460  8526
TBILIS 1988 11 25 1  8507  8507  8479  8517  8471  8486  8495  8489  8498  8489  8492  8482
TBILIS 1988 11 25 2  8508  8484  8488  8481  8464  8447  8452  8484  8494  8537  8487  8499
TBILIS 1988 11 26 1  8483  8446  8436  8418  8450  8470  8493  8525  8584  8587  8650  8624
TBILIS 1988 11 26 2  8641  8581  8575  8578  8558  8587  8538  8507  8476  8456  8448  8448
TBILIS 1988 11 27 1  8415  8430  8473  8452  8465  8528  8519  8531  8579  8583  8561  8598
TBILIS 1988 11 27 2  8616  8589  8607  8587  8615  8597  8587  8561  8552  8539  8505  8509
TBILIS 1988 11 28 1  8537  8520  8488  8511  8535  8549  8536  8537  8609  8568  8581  8570
TBILIS 1988 11 28 2  8581  8600  8621  8616  8641  8594  8591  8625  8631  8603  8629  8607
TBILIS 1988 11 29 1  8617  8602  8604  8587  8621  8657  8613  8579  8599  8663  8618  8616
TBILIS 1988 11 29 2  8661  8671  8636  8662  8658  8669  8683  8689  8642  8638  8657  8661
TBILIS 1988 11 30 1  8675  8685  8680  8651  8628  8622  8630  8626  8651  8650  8683  8680
TBILIS 1988 11 30 2  8643  8645  8628  8605  8588  8598  8612  8557  8593  8569  8515  8527
TBILIS 1988 11 31 1 99999 99999 99999 99999 99999 99999 99999 99999 99999 99999 99999 99999
TBILIS 1988 11 31 2 99999 99999 99999 99999 99999 99999 99999 99999 99999 99999 99999 99999
Cosmic-Ray Neutron Monitor Data (Hourly, Pressure-Corrected and Scale-Adjusted Counts)
Collections: WDC for Cosmic Rays, Solar-Terrestrial Environment Laboratory, Nagoya Univ.
Data Access: http://center.stelab.nagoya-u.ac.jp/WDCCR/index.html
Project: ICSU WDC
Citation: WDC for Cosmic Rays, Solar-Terrestrial Environment Laboratory, Nagoya University
Station ID: TBILIS
Station:  TBILISI,GIORGIA,INSTITUT GEOPHYSIKY (IG), GIORGIAN ACADEMY OF SCIENCES,GIORGIA 
Instrument: 18-NM-64 NEUTRON MONITOR, CORRECTED FOR PRESSURE TO 950.0 MB, COEF. = -0.69 %/MB
Latitude (deg.):   41.72  Longitude (deg.):   44.80  Altitude (m):  510.00
Cut-Off Rigidity (GV):    6.66
Year: 1988  Month:  12
Scaling Factor (SF):    64.0   Constant (CONST):     0.0  Real Counts = (DATA + CONST)*SF
Temporal Resolution: 1 hour
UTC Start Hour:     0.0
EFFICIENCY = 100.0 %, FILE WAS PREPARED IN WDC B2                               
                                                        
Monthly Average:  8411.8
Updated (YYYY MM DD): 1990 06 11
*******************************************************************************************
ID     YYYY MM DD 1     0     1     2     3     4     5     6     7     8     9    10    11
ID     YYYY MM DD 2    12    13    14    15    16    17    18    19    20    21    22    23
*******************************************************************************************
TBILIS 1988 12 01 1  8512  8519  8492  8522  8514  8543  8585  8540  8587  8575  8556  8493
TBILIS 1988 12 01 2  8522  8514  8537  8509  8484  8501  8536  8531  8563  8543  8521  8485
TBILIS 1988 12 02 1  8505  8517  8485  8506  8469  8495  8503  8487  8525  8489  8477  8489
TBILIS 1988 12 02 2  8488  8496  8561  8534  8557  8541  8555  8575  8580  8554  8529  8515
TBILIS 1988 12 03 1  8505  8451  8464  8456  8425  8440  8444  8434  8442  8466  8438  8399
TBILIS 1988 12 03 2  8402  8431  8474  8503  8459  8495  8494  8488  8493  8464  8483  8471
TBILIS 1988 12 04 1  8467  8436  8441  8459  8401  8459  8444  8494  8448  8525  8506  8535
TBILIS 1988 12 04 2  8495  8496  8513  8492  8544  8536  8504  8519  8554  8518  8496  8483
TBILIS 1988 12 05 1  8465  8486  8486  8505  8472  8480  8469  8478  8471  8489  8473  8501
TBILIS 1988 12 05 2  8459  8457  8444  8435  8444  8454  8495  8467  8476  8470  8425  8409
TBILIS 1988 12 06 1  8477  8471  8463  8465  8491  8459  8513  8515  8518  8528  8515  8506
TBILIS 1988 12 06 2  8545  8572  8579  8557  8557  8559  8561  8548  8599  8559  8580  8594
TBILIS 1988 12 07 1  8558  8539  8512  8531  8531  8505  8516  8530  8572  8537  8539  8544
TBILIS 1988 12 07 2  8553  8548  8567  8587  8587  8547  8533  8521  8538  8511  8487  8580
TBILIS 1988 12 08 1  8515  8488  8519  8489  8519  8507  8505  8500  8522  8505  8469  8548
TBILIS 1988 12 08 2  8502  8538  8532  8578  8605  8589  8596  8604  8604  8599  8587  8577
TBILIS 1988 12 09 1  8553  8589  8656  8621  8607  8566  8567  8593  8619  8592  8595  8541
TBILIS 1988 12 09 2  8550  8568  8589  8577  8557  8611  8616  8635  8640  8589  8599  8596
TBILIS 1988 12 10 1  8556  8544  8531  8528  8524  8498  8540  8565  8586  8596  8593  8633
TBILIS 1988 12 10 2  8649  8660  8666  8710  8674  8681  8685  8661  8643  8621  8606  8632
TBILIS 1988 12 11 1  8639  8631  8580  8567  8589  8539  8549  8525  8570  8578  8561  8534
TBILIS 1988 12 11 2  8523  8563  8591  8584  8584  8539  8526  8500  8485  8470  8475  8460
TBILIS 1988 12 12 1  8458  8459  8480  8424  8441  8464  8491  8537  8515  8550  8542  8549
TBILIS 1988 12 12 2  8533  8516  8480  8448  8476  8450  8461  8469  8456  8460  8517  8478
TBILIS 1988 12 13 1  8521  8449  8483  8432  8427  8444  8430  8414  8475  8424  8459  8408
TBILIS 1988 12 13 2  8438  8444  8432  8463  8486  8482  8488  8482  8505  8505  8530  8522
TBILIS 1988 12 14 1  8538  8506  8552  8496  8560  8524  8533  8555  8529  8524  8497  8476
TBILIS 1988 12 14 2  8465  8398  8376  8365  8369  8378  8382  8375  8352  8356  8347  8325
TBILIS 1988 12 15 1  8307  8328  8284  8296  8291  8293  8263  8314  8330  8319  8303  8333
TBILIS 1988 12 15 2  8324  8315  8313  8324  8271  8299  8301  8342  8337  8347  8288  8338
TBILIS 1988 12 16 1  8341  8309  8347  8318  8338  8357  8322  8298  8310  8324  8311  8336
TBILIS 1988 12 16 2  8341  8368  8367  8364  8372  8381  8338  8312  8369  8328  8354  8364
TBILIS 1988 12 17 1  8378  8367  8380  8407  8383  8363  8357  8358  8415  8390  8392  8394
TBILIS 1988 12 17 2  8344  8329  8349  8322  8355  8417  8324  8304  8301  8287  8285  8179
TBILIS 1988 12 18 1  8158  8188  8213  8191  8189  8225  8246  8302  8242  8190  8104  8144
TBILIS 1988 12 18 2  8124  8076  8040  8006  8043  8053  8052  8068  8088  8111  8123  8177
TBILIS 1988 12 19 1  8199  8200  8177  8187  8195  8180  8139  8127  8157  8157  8184  8225
TBILIS 1988 12 19 2  8263  8276  8325  8360  8387  8389  8378  8344  8311  8333  8329  8321
TBILIS 1988 12 20 1  8244  8224  8255  8160  8125  8111  8129  8077  8117  8168  8227  8257
TBILIS 1988 12 20 2  8232  8271  8216  8210  8231  8254  8307  8282  8286  8257  8248  8231
TBILIS 1988 12 21 1  8196  8244  8220  8257  8195  8189  8185  8212  8188  8212  8181  8232
TBILIS 1988 12 21 2  8202  8258  8260  8217  8249  8296  8286  8309  8273  8244  8240  8242
TBILIS 1988 12 22 1  8227  8241  8254  8243  8274  8268  8284  8266  8325  8314  8321  8362
TBILIS 1988 12 22 2  8362  8388  8434  8428  8384  8384  8419  8408  8346  8341  8331  8364
TBILIS 1988 12 23 1  8372  8348  8304  8348  8354  8403  8403  8436  8418  8437  8454  8431
TBILIS 1988 12 23 2  8407  8381  8338  8372  8337  8342  8340  8305  8354  8349  8334  8344
TBILIS 1988 12 24 1  8342  8356  8373  8372  8359  8359  8377  8376  8401  8407  8385  8413
TBILIS 1988 12 24 2 99999 99999 99999 99999  8417  8377  8375  8346  8355  8317  8308  8343
TBILIS 1988 12 25 1  8312  8337  8330  8339  8343  8370  8397  8424  8481  8474  8512  8568
TBILIS 1988 12 25 2  8601  8538  8544  8529  8572  8595  8542  8521  8498  8470  8450  8508
TBILIS 1988 12 26 1  8485  8478  8489  8465  8472  8482  8439  8486  8500  8497  8556  8493
TBILIS 1988 12 26 2  8524  8512  8492  8500  8528  8518  8489  8480  8398  8392  8366  8354
TBILIS 1988 12 27 1  8366  8369  8387  8396  8400  8379  8373  8425  8417  8462  8490  8457
TBILIS 1988 12 27 2  8442  8435  8419  8377  8413  8379  8354  8352  8371  8356  8376  8381
TBILIS 1988 12 28 1  8267  8287  8277  8310  8349  8373  8361  8319  8340  8372  8377  8396
TBILIS 1988 12 28 2  8353  8338  8341  8348  8338  8332  8351  8356  8345  8312  8301  8322
TBILIS 1988 12 29 1  8311  8324  8311  8295  8282  8302  8300  8292  8293  8345  8384  8363
TBILIS 1988 12 29 2  8338  8315  8307  8342  8325  8291  8256  8289  8302  8281  8298  8280
TBILIS 1988 12 30 1  8294  8275  8284  8264  8248  8306  8271  8320  8367  8368  8412  8396
TBILIS 1988 12 30 2  8390  8373  8362  8367  8362  8324  8340  8349  8305  8302  8291  8274
TBILIS 1988 12 31 1  8218  8139  8222  8265  8236  8272  8250  8198  8197  8228  8281  8249
TBILIS 1988 12 31 2  8293  8315  8325  8368  8376  8362  8403  8435  8416  8456  8419  8397
