Cosmic-Ray Neutron Monitor Data (Hourly, Pressure-Corrected and Scale-Adjusted Counts)
Collections: WDC for Cosmic Rays, Solar-Terrestrial Environment Laboratory, Nagoya Univ.
Data Access: http://center.stelab.nagoya-u.ac.jp/WDCCR/index.html
Project: ICSU WDC
Citation: WDC for Cosmic Rays, Solar-Terrestrial Environment Laboratory, Nagoya University
Station ID: TBILIS
Station:  TBILISI,GIORGIA,INSTITUT GEOPHYSIKY (IG), GIORGIAN ACADEMY OF SCIENCES,GIORGIA 
Instrument: 18-NM-64 NEUTRON MONITOR, CORRECTED FOR PRESSURE TO 950.0  MB, COEF.=-0.690 %/MB
Latitude (deg.):   41.72  Longitude (deg.):   44.80  Altitude (m):  510.00
Cut-Off Rigidity (GV):    6.91
Year: 1993  Month:   1
Scaling Factor (SF):    64.0   Constant (CONST):     0.0  Real Counts = (DATA + CONST)*SF
Temporal Resolution: 1 hour
UTC Start Hour:     0.0
DATA FILE IS PREPARED BY IZMIRAN (ftp://cr0.izmiran.rssi.ru/Cosray!/FTP_NM/C/)  
 Updated by IZMIRAN on 19980219                         
Monthly Average:  8521.8
Updated (YYYY MM DD): 2013 12 12
*******************************************************************************************
ID     YYYY MM DD 1     0     1     2     3     4     5     6     7     8     9    10    11
ID     YYYY MM DD 2    12    13    14    15    16    17    18    19    20    21    22    23
*******************************************************************************************
TBILIS 1993 01 01 1  8492  8501  8483  8518  8509  8483  8458  8458  8423  8440  8509  8501
TBILIS 1993 01 01 2  8501  8492  8483  8423  8449  8483  8458  8509  8501  8509  8492  8483
TBILIS 1993 01 02 1  8475  8483  8475  8475  8458  8466  8458  8483  8458  8509  8578  8483
TBILIS 1993 01 02 2  8509  8535  8535  8483  8551  8509  8492  8475  8449  8483  8466  8440
TBILIS 1993 01 03 1  8483  8415  8449  8458  8458  8440  8432  8390  8466  8466  8483  8483
TBILIS 1993 01 03 2  8501  8526  8440  8518  8466  8449  8423  8458  8475  8483  8475  8449
TBILIS 1993 01 04 1  8423  8466  8458  8458  8492  8458  8466  8492  8526  8518  8578  8561
TBILIS 1993 01 04 2 99999 99999  8492  8501  8483  8458  8466  8475  8458  8449  8440  8440
TBILIS 1993 01 05 1  8442  8436  8444  8451  8447  8462  8458  8467  8480  8501  8551  8518
TBILIS 1993 01 05 2  8569  8509  8440  8483  8432  8415  8449  8423  8380  8432  8423  8398
TBILIS 1993 01 06 1  8423  8423  8432  8380  8415  8432  8423  8430  8423  8431  8526  8515
TBILIS 1993 01 06 2  8510  8490  8482  8465  8482  8447  8518  8398  8415  8415  8432  8423
TBILIS 1993 01 07 1  8407  8423  8415  8482  8465  8423  8423  8457  8432  8423  8482  8482
TBILIS 1993 01 07 2  8482  8372  8398  8432  8407  8407  8440  8440  8423  8440  8483  8501
TBILIS 1993 01 08 1  8492  8509  8518  8543  8466  8449  8440  8398  8440  8390  8449  8543
TBILIS 1993 01 08 2  8518  8475  8466  8449  8458  8423  8458  8509  8501  8578  8594  8483
TBILIS 1993 01 09 1  8466  8449  8466  8415  8415  8551  8509  8449  8449  8483  8543  8603
TBILIS 1993 01 09 2  8569  8594  8535  8526  8475  8492  8492  8483  8458  8501  8551  8501
TBILIS 1993 01 10 1  8535  8526  8561  8543  8501  8483  8458  8415  8440  8380  8380  8407
TBILIS 1993 01 10 2  8312  8346  8329  8329  8390  8407  8398  8407  8372  8398  8440  8449
TBILIS 1993 01 11 1  8483  8466  8449  8415  8423  8407  8355  8337  8346  8407  8380  8449
TBILIS 1993 01 11 2  8449  8475  8432  8466  8458  8483  8449  8380  8423  8458  8466  8415
TBILIS 1993 01 12 1  8458  8475  8509  8423  8501  8475  8492  8458  8492  8509  8535  8569
TBILIS 1993 01 12 2  8492  8518  8578  8466  8492  8483  8475  8501  8475  8518  8526  8518
TBILIS 1993 01 13 1  8509  8518  8483  8518  8526  8475  8458  8458  8492  8433  8450  8561
TBILIS 1993 01 13 2  8526  8551  8450  8476  8476  8518  8484  8551  8518  8594  8459  8493
TBILIS 1993 01 14 1  8526  8510  8551  8578  8535  8594  8578  8603  8586  8586  8543  8561
TBILIS 1993 01 14 2  8561  8561  8594  8551  8594  8551  8561  8629  8594  8646  8594  8603
TBILIS 1993 01 15 1  8629  8654  8612  8637  8637  8629  8620  8551  8605  8617  8600  8583
TBILIS 1993 01 15 2  8569  8586  8535  8492  8501  8569  8569  8603  8603  8646  8664  8689
TBILIS 1993 01 16 1  8697  8723  8723  8697  8586  8535  8509  8526  8551  8612  8637  8629
TBILIS 1993 01 16 2  8705  8629  8629  8664  8620  8501  8603  8578  8543  8578  8551  8680
TBILIS 1993 01 17 1  8603  8594  8620  8603  8569  8535  8569  8526  8569  8594  8637  8637
TBILIS 1993 01 17 2  8689  8680  8664  8612  8664  8594  8586  8620  8645  8620  8620  8670
TBILIS 1993 01 18 1  8612  8620  8679  8629  8653  8661  8664  8612  8586  8654  8672  8664
TBILIS 1993 01 18 2  8629  8672  8732  8672  8705  8654  8586  8664  8680  8646  8664  8714
TBILIS 1993 01 19 1  8654  8620  8612  8654  8612  8569  8594  8551  8603  8594  8594  8594
TBILIS 1993 01 19 2  8612  8603  8612  8569  8594  8578  8594  8603  8646  8672  8620  8637
TBILIS 1993 01 20 1  8561  8526  8509  8561  8578  8594  8535  8526  8509  8594  8594 99999
TBILIS 1993 01 20 2 99999 99999 99999 99999 99999 99999 99999 99999 99999 99999 99999 99999
TBILIS 1993 01 21 1 99999 99999 99999 99999 99999 99999 99999 99999 99999 99999 99999 99999
TBILIS 1993 01 21 2 99999 99999 99999 99999 99999 99999 99999  8526  8483  8501  8535  8492
TBILIS 1993 01 22 1  8492  8535  8509  8483  8483  8483  8518  8526  8509  8578  8561  8612
TBILIS 1993 01 22 2  8646  8620  8646  8654  8629  8612  8629  8578  8543  8458  8501  8518
TBILIS 1993 01 23 1  8458  8492  8526  8518  8535  8518  8518  8501  8526  8535  8586  8629
TBILIS 1993 01 23 2  8620  8654  8697  8646  8672  8569  8594  8629  8612  8551  8629  8637
TBILIS 1993 01 24 1  8603  8620  8654  8612  8569  8629  8646  8594  8603 99999 99999  8607
TBILIS 1993 01 24 2  8664  8654  8646  8629  8578  8646  8664  8620  8594  8594  8561  8578
TBILIS 1993 01 25 1  8569  8612  8672  8620  8603  8569  8543  8509  8501  8535  8551  8620
TBILIS 1993 01 25 2  8578  8672  8689  8646  8664  8620  8578  8578  8612  8603  8594  8561
TBILIS 1993 01 26 1  8561  8518  8543  8561  8543  8543  8543  8543  8535  8561  8569  8578
TBILIS 1993 01 26 2  8569  8543  8509  8543  8501  8458  8509  8492  8449  8458  8483  8440
TBILIS 1993 01 27 1  8466  8483  8449  8466  8432  8475  8449  8466  8440  8440  8483  8501
TBILIS 1993 01 27 2  8501  8518  8509  8509  8475  8449  8458  8466  8458  8492  8483  8475
TBILIS 1993 01 28 1  8449  8501  8466  8509  8509  8501  8515 99999 99999  8499  8518  8551
TBILIS 1993 01 28 2  8543  8526  8518  8501  8496  8523  8510  8527  8528  8542  8537  8569
TBILIS 1993 01 29 1  8594  8578  8578  8586  8578  8518  8526  8518  8530  8546  8515  8509
TBILIS 1993 01 29 2  8525  8518  8551  8475  8423  8390  8390  8364  8364  8372  8407  8364
TBILIS 1993 01 30 1  8423  8380  8321  8346  8449  8432  8415  8466  8509  8543  8612  8603
TBILIS 1993 01 30 2  8603  8629  8617  8525  8518  8510  8526  8502  8510  8467  8519  8493
TBILIS 1993 01 31 1  8526  8578  8526  8526  8578  8458  8476  8476  8467  8467  8502  8510
TBILIS 1993 01 31 2  8458  8578  8569  8526  8594  8569  8519  8578  8560  8578  8586  8612
Cosmic-Ray Neutron Monitor Data (Hourly, Pressure-Corrected and Scale-Adjusted Counts)
Collections: WDC for Cosmic Rays, Solar-Terrestrial Environment Laboratory, Nagoya Univ.
Data Access: http://center.stelab.nagoya-u.ac.jp/WDCCR/index.html
Project: ICSU WDC
Citation: WDC for Cosmic Rays, Solar-Terrestrial Environment Laboratory, Nagoya University
Station ID: TBILIS
Station:  TBILISI,GIORGIA,INSTITUT GEOPHYSIKY (IG), GIORGIAN ACADEMY OF SCIENCES,GIORGIA 
Instrument: 18-NM-64 NEUTRON MONITOR, CORRECTED FOR PRESSURE TO 950.0  MB, COEF.=-0.690 %/MB
Latitude (deg.):   41.72  Longitude (deg.):   44.80  Altitude (m):  510.00
Cut-Off Rigidity (GV):    6.91
Year: 1993  Month:   2
Scaling Factor (SF):    64.0   Constant (CONST):     0.0  Real Counts = (DATA + CONST)*SF
Temporal Resolution: 1 hour
UTC Start Hour:     0.0
DATA FILE IS PREPARED BY IZMIRAN (ftp://cr0.izmiran.rssi.ru/Cosray!/FTP_NM/C/)  
 Updated by IZMIRAN on 19980219                         
Monthly Average:  8525.8
Updated (YYYY MM DD): 2013 12 12
*******************************************************************************************
ID     YYYY MM DD 1     0     1     2     3     4     5     6     7     8     9    10    11
ID     YYYY MM DD 2    12    13    14    15    16    17    18    19    20    21    22    23
*******************************************************************************************
TBILIS 1993 02 01 1  8458  8431  8449  8462  8431  8420  8482  8471  8491  8516  8542  8551
TBILIS 1993 02 01 2  8528  8516  8516  8501  8435  8518  8430  8408  8409  8469  8470  8418
TBILIS 1993 02 02 1  8447  8484  8454  8481  8485  8447  8434  8410  8463  8476  8491  8486
TBILIS 1993 02 02 2  8523  8534  8586  8542  8520  8514  8463  8524  8507  8521  8547  8521
TBILIS 1993 02 03 1  8545  8590  8530  8542  8515  8448  8417  8396  8434  8425  8476  8508
TBILIS 1993 02 03 2  8536  8528  8486  8456  8460  8441  8461  8439  8438  8501  8499  8463
TBILIS 1993 02 04 1  8453  8473  8441  8483  8463  8472  8431  8436  8449  8536  8526  8576
TBILIS 1993 02 04 2  8557  8578  8554  8544  8538  8483  8513  8494  8493  8467  8463  8456
TBILIS 1993 02 05 1  8448  8406  8452  8384  8408  8409  8457  8535  8553  8572  8638  8610
TBILIS 1993 02 05 2  8600  8557  8491  8544  8481  8516  8530  8531  8510  8534  8540  8478
TBILIS 1993 02 06 1 99999 99999 99999 99999 99999  8381  8424  8452  8461  8481  8538  8512
TBILIS 1993 02 06 2  8528  8537  8601  8531  8522  8511  8514  8561  8586  8655  8634  8588
TBILIS 1993 02 07 1  8669  8618  8619  8632  8562  8548  8420  8481  8471  8504  8548  8579
TBILIS 1993 02 07 2  8550  8554  8564  8510  8574  8635  8621  8607  8649 99999 99999 99999
TBILIS 1993 02 08 1 99999 99999 99999 99999 99999 99999 99999 99999  8492  8559  8579  8615
TBILIS 1993 02 08 2  8554  8580  8601  8583  8573  8469  8503  8522  8507  8479  8438  8483
TBILIS 1993 02 09 1  8544  8543  8529  8521  8541  8519  8551  8501  8492  8495  8494  8492
TBILIS 1993 02 09 2  8509  8499  8470  8495  8495  8481  8440  8428  8446  8441  8453  8419
TBILIS 1993 02 10 1  8414  8439  8396  8440  8422  8467  8446  8515  8461  8471  8497  8498
TBILIS 1993 02 10 2  8525  8524  8553  8576  8516  8505  8534  8512  8488  8487  8452  8462
TBILIS 1993 02 11 1  8502  8528  8499  8487  8476  8506 99999 99999 99999 99999 99999  8532
TBILIS 1993 02 11 2  8537  8597  8601  8560  8581  8564  8533  8561  8600  8568  8551  8488
TBILIS 1993 02 12 1  8509  8624  8605  8565  8568  8524  8519  8539  8539  8592  8577  8563
TBILIS 1993 02 12 2  8561  8584  8650  8607  8560  8596  8566  8546  8571  8560  8577  8533
TBILIS 1993 02 13 1  8537  8569  8621  8566  8524  8542  8509  8512  8496  8567  8525  8552
TBILIS 1993 02 13 2  8580  8602  8597  8606  8680  8643  8615  8622  8605  8546  8582  8583
TBILIS 1993 02 14 1  8581  8552  8541  8558  8548  8540  8524  8552  8520  8540  8573  8598
TBILIS 1993 02 14 2  8553  8591  8661  8637  8636  8657  8660  8641  8639  8654  8615  8612
TBILIS 1993 02 15 1  8594  8585  8577  8570  8545  8556  8521  8520  8495  8491  8559  8540
TBILIS 1993 02 15 2  8537  8546  8571  8544  8538  8550  8514  8536  8542  8560  8490  8434
TBILIS 1993 02 16 1  8460  8490  8475  8514  8545  8540  8489  8493  8476  8480  8493  8518
TBILIS 1993 02 16 2  8568 99999 99999 99999  8535  8514  8521  8506  8492  8485  8506  8539
TBILIS 1993 02 17 1  8532  8518  8540  8472 99999 99999 99999 99999 99999 99999  8439  8495
TBILIS 1993 02 17 2  8517  8573  8636  8666  8619  8563  8545  8522  8537  8562  8629  8603
TBILIS 1993 02 18 1  8583  8635  8630  8631  8629  8630  8575  8604  8579  8613  8644  8684
TBILIS 1993 02 18 2  8667  8659  8658  8666  8668  8677  8688  8658  8681  8658 99999 99999
TBILIS 1993 02 19 1 99999 99999 99999 99999  8689  8675  8669  8668  8565  8551 99999 99999
TBILIS 1993 02 19 2  8558  8600  8624  8598  8600  8654  8606  8648  8643  8602  8609  8565
TBILIS 1993 02 20 1  8561  8572  8573  8571  8594  8617  8571  8573  8599  8626  8684  8694
TBILIS 1993 02 20 2  8654  8691  8711  8650  8679  8682  8650  8623  8627  8618  8589  8650
TBILIS 1993 02 21 1  8566  8607 99999 99999  8547  8490  8546  8564  8608  8604  8608  8588
TBILIS 1993 02 21 2  8612  8636  8578  8595  8606  8570  8529  8534  8469  8516  8523  8514
TBILIS 1993 02 22 1  8501  8470  8423  8447  8436  8453  8411  8454  8481  8496  8515  8507
TBILIS 1993 02 22 2  8537  8456  8461  8455  8479  8445  8427  8452  8417  8432  8402  8413
TBILIS 1993 02 23 1  8391  8401  8374  8388  8380  8402  8384  8392 99999 99999 99999 99999
TBILIS 1993 02 23 2 99999 99999 99999  8431  8438  8475  8430  8421  8427  8430  8406  8410
TBILIS 1993 02 24 1  8344  8359  8374  8359  8373 99999  8367  8407  8407  8451  8468  8511
TBILIS 1993 02 24 2  8469  8480  8466  8430  8437  8419  8436  8427  8462  8403  8448  8413
TBILIS 1993 02 25 1  8410  8441  8455  8433  8450  8447  8423  8436  8472  8455  8461  8516
TBILIS 1993 02 25 2  8486  8553  8503  8495  8544  8551  8511  8560  8535  8504  8521  8503
TBILIS 1993 02 26 1  8558  8477  8492  8499  8493  8491  8495  8468  8430  8451  8427  8472
TBILIS 1993 02 26 2  8502  8495  8489  8498  8523  8522  8485  8501  8489  8496  8442  8460
TBILIS 1993 02 27 1  8493  8477  8450  8477  8501  8537  8563  8518  8564  8600  8574  8622
TBILIS 1993 02 27 2  8572  8610  8571  8516  8576  8555  8577  8582  8624  8526  8495  8434
TBILIS 1993 02 28 1  8467  8540  8519  8525  8549  8546  8567  8559  8619  8664  8648  8694
TBILIS 1993 02 28 2  8678  8691  8702  8586  8507  8514  8432  8490  8462  8508  8379  8490
TBILIS 1993 02 29 1 99999 99999 99999 99999 99999 99999 99999 99999 99999 99999 99999 99999
TBILIS 1993 02 29 2 99999 99999 99999 99999 99999 99999 99999 99999 99999 99999 99999 99999
TBILIS 1993 02 30 1 99999 99999 99999 99999 99999 99999 99999 99999 99999 99999 99999 99999
TBILIS 1993 02 30 2 99999 99999 99999 99999 99999 99999 99999 99999 99999 99999 99999 99999
TBILIS 1993 02 31 1 99999 99999 99999 99999 99999 99999 99999 99999 99999 99999 99999 99999
TBILIS 1993 02 31 2 99999 99999 99999 99999 99999 99999 99999 99999 99999 99999 99999 99999
Cosmic-Ray Neutron Monitor Data (Hourly, Pressure-Corrected and Scale-Adjusted Counts)
Collections: WDC for Cosmic Rays, Solar-Terrestrial Environment Laboratory, Nagoya Univ.
Data Access: http://center.stelab.nagoya-u.ac.jp/WDCCR/index.html
Project: ICSU WDC
Citation: WDC for Cosmic Rays, Solar-Terrestrial Environment Laboratory, Nagoya University
Station ID: TBILIS
Station:  TBILISI,GIORGIA,INSTITUT GEOPHYSIKY (IG), GIORGIAN ACADEMY OF SCIENCES,GIORGIA 
Instrument: 18-NM-64 NEUTRON MONITOR, CORRECTED FOR PRESSURE TO 950.0  MB, COEF.=-0.690 %/MB
Latitude (deg.):   41.72  Longitude (deg.):   44.80  Altitude (m):  510.00
Cut-Off Rigidity (GV):    6.91
Year: 1993  Month:   3
Scaling Factor (SF):    64.0   Constant (CONST):     0.0  Real Counts = (DATA + CONST)*SF
Temporal Resolution: 1 hour
UTC Start Hour:     0.0
DATA FILE IS PREPARED BY IZMIRAN (ftp://cr0.izmiran.rssi.ru/Cosray!/FTP_NM/C/)  
 Updated by IZMIRAN on 19980219                         
Monthly Average:  8446.8
Updated (YYYY MM DD): 2013 12 12
*******************************************************************************************
ID     YYYY MM DD 1     0     1     2     3     4     5     6     7     8     9    10    11
ID     YYYY MM DD 2    12    13    14    15    16    17    18    19    20    21    22    23
*******************************************************************************************
TBILIS 1993 03 01 1  8377  8372  8302  8347  8358  8287  8300  8333 99999 99999  8324  8356
TBILIS 1993 03 01 2  8351  8404  8428  8432  8399  8408  8379  8428  8430  8464  8380  8383
TBILIS 1993 03 02 1  8355  8352  8350  8352  8361  8315  8314  8319  8346  8406  8418  8402
TBILIS 1993 03 02 2  8402  8374  8391  8396  8374  8366  8370  8324  8342  8392  8414  8404
TBILIS 1993 03 03 1  8395  8377  8356  8398  8387  8349  8351  8402  8415  8410  8405  8467
TBILIS 1993 03 03 2  8448  8431  8376  8351  8377  8459  8463  8463  8462  8443  8474  8502
TBILIS 1993 03 04 1  8415  8446  8434  8419  8353  8348  8360  8356  8363  8373  8411  8443
TBILIS 1993 03 04 2  8458  8456  8447  8440  8422  8447  8457  8394  8372  8360  8326  8345
TBILIS 1993 03 05 1  8366  8324  8307  8308  8325  8287  8238  8316  8317  8299  8395  8339
TBILIS 1993 03 05 2  8359  8390  8464  8454  8431  8454  8440  8434  8422  8419  8352  8386
TBILIS 1993 03 06 1  8352  8381  8368  8372  8354  8344  8354  8310  8339  8321  8360  8339
TBILIS 1993 03 06 2  8373  8341  8366  8381  8376  8386  8397  8365  8363  8392  8354  8347
TBILIS 1993 03 07 1  8355  8331  8306  8329  8310  8303  8325  8283  8268  8283  8302  8316
TBILIS 1993 03 07 2  8325  8353  8392  8348  8354  8374  8321  8360  8410  8366  8418  8419
TBILIS 1993 03 08 1  8445  8459  8421  8432  8426  8398  8440  8463  8475  8405  8446  8467
TBILIS 1993 03 08 2  8494  8520  8482  8524  8511  8492  8472  8460  8455  8403  8357  8349
TBILIS 1993 03 09 1  8342  8316  8350  8356  8336  8313  8336  8267  8344  8359  8325  8333
TBILIS 1993 03 09 2  8334  8317  8296  8366  8368  8301  8285  8265  8320  8306  8290  8290
TBILIS 1993 03 10 1  8344  8313  8329  8304  8296  8261  8209  8264  8233  8251  8259  8230
TBILIS 1993 03 10 2  8246  8286  8330  8290  8294  8338  8336  8334  8312  8335  8259  8334
TBILIS 1993 03 11 1  8336  8350  8307  8348  8338  8307  8266  8289  8292  8264  8312  8363
TBILIS 1993 03 11 2  8362  8429  8440  8390  8463  8487  8472  8453  8439  8420  8422  8429
TBILIS 1993 03 12 1  8448  8462  8419  8440  8478  8475  8452  8396  8380  8408  8457  8464
TBILIS 1993 03 12 2 99999 99999  8434  8452  8481  8460  8419  8394  8426  8446  8427  8392
TBILIS 1993 03 13 1  8400  8391  8414  8388  8401  8381  8399  8437  8488  8470  8476  8488
TBILIS 1993 03 13 2  8512  8496  8481  8503  8528  8536  8547  8538  8510  8544  8494  8482
TBILIS 1993 03 14 1  8478  8487  8418  8400  8369  8397  8371  8385  8388  8411  8415  8440
TBILIS 1993 03 14 2  8467  8467  8477  8486  8489  8390  8439  8438  8461  8443  8447  8418
TBILIS 1993 03 15 1  8421  8428  8430  8458  8470  8383 99999  8488  8401  8461  8493  8489
TBILIS 1993 03 15 2  8581  8563  8556  8585  8552  8549  8490  8532  8453  8485  8450  8463
TBILIS 1993 03 16 1  8477  8476  8444  8463  8427  8440  8453  8466  8466  8493  8481  8424
TBILIS 1993 03 16 2  8523  8489  8461  8438  8519  8477  8499  8530  8452  8503  8495  8462
TBILIS 1993 03 17 1  8484  8484  8478  8468  8436  8480  8443 99999 99999  8530  8518  8554
TBILIS 1993 03 17 2  8568  8585  8565  8593  8581  8566  8531  8571  8504  8530  8559  8534
TBILIS 1993 03 18 1  8584  8575  8574  8557  8563  8531  8491  8538  8563  8590  8579  8557
TBILIS 1993 03 18 2  8572  8545  8527  8591  8587  8606  8608  8583  8572  8583  8552  8575
TBILIS 1993 03 19 1  8559  8572  8570  8580  8517  8511  8512  8529  8574  8562  8571  8615
TBILIS 1993 03 19 2  8601  8654  8566  8638  8588  8584  8552  8571  8601  8579  8592  8618
TBILIS 1993 03 20 1  8600  8635  8626  8617  8607  8597  8597  8645  8612  8634  8693  8708
TBILIS 1993 03 20 2  8776  8733  8729  8710  8728  8686  8686  8652  8673  8657  8456  8507
TBILIS 1993 03 21 1  8491  8530  8506  8558  8531  8520  8524  8544  8539  8588  8664  8687
TBILIS 1993 03 21 2  8590  8573  8602  8553  8641  8597  8541  8548  8579  8639  8617  8614
TBILIS 1993 03 22 1  8592  8555  8480  8644  8619  8606  8597  8614  8599  8664  8606  8598
TBILIS 1993 03 22 2  8600 99999 99999  8597  8615  8612  8618  8614  8617  8567  8601  8592
TBILIS 1993 03 23 1  8602  8619  8585  8542  8482  8529  8589  8590  8620  8609  8588  8577
TBILIS 1993 03 23 2  8561  8569  8574  8549  8532  8572  8566  8562  8543  8518  8476  8388
TBILIS 1993 03 24 1  8384  8393 99999 99999 99999  8351  8401  8420  8454  8428  8441  8343
TBILIS 1993 03 24 2  8391  8390  8392  8392  8392  8362  8376  8416  8375  8338  8363  8347
TBILIS 1993 03 25 1  8343  8352  8354  8338  8362  8324  8345  8393  8420  8436  8449  8458
TBILIS 1993 03 25 2  8497  8482  8450  8464  8458  8470  8479  8470  8450  8444  8437  8463
TBILIS 1993 03 26 1  8445  8403  8411  8360  8366  8347  8333  8344  8386  8386  8457  8426
TBILIS 1993 03 26 2  8474  8508  8478  8536  8518  8516  8491  8469  8491  8440  8415  8417
TBILIS 1993 03 27 1  8384  8376  8381  8354  8353  8356  8371  8367  8385  8416  8441  8430
TBILIS 1993 03 27 2  8468  8473  8447  8477  8505  8438  8493  8461  8447  8438  8449  8459
TBILIS 1993 03 28 1  8410  8439  8422  8434  8432  8400  8420  8438  8421  8451  8421  8455
TBILIS 1993 03 28 2  8407  8480  8440  8450  8455  8454  8510  8465  8505  8485  8470  8432
TBILIS 1993 03 29 1  8434  8425  8453  8456  8415  8428  8431  8458  8504  8466  8470  8473
TBILIS 1993 03 29 2 99999 99999  8480  8521  8521  8506  8483  8490  8466  8434  8485  8469
TBILIS 1993 03 30 1  8467  8455  8442  8427  8471  8434  8399  8438  8441  8452  8429  8398
TBILIS 1993 03 30 2  8451  8422  8378  8396  8441  8391  8393  8388 99999 99999 99999 99999
TBILIS 1993 03 31 1 99999 99999 99999 99999 99999 99999 99999 99999 99999 99999 99999 99999
TBILIS 1993 03 31 2 99999 99999 99999 99999 99999 99999 99999  8382  8412  8420  8423  8423
Cosmic-Ray Neutron Monitor Data (Hourly, Pressure-Corrected and Scale-Adjusted Counts)
Collections: WDC for Cosmic Rays, Solar-Terrestrial Environment Laboratory, Nagoya Univ.
Data Access: http://center.stelab.nagoya-u.ac.jp/WDCCR/index.html
Project: ICSU WDC
Citation: WDC for Cosmic Rays, Solar-Terrestrial Environment Laboratory, Nagoya University
Station ID: TBILIS
Station:  TBILISI,GIORGIA,INSTITUT GEOPHYSIKY (IG), GIORGIAN ACADEMY OF SCIENCES,GIORGIA 
Instrument: 18-NM-64 NEUTRON MONITOR, CORRECTED FOR PRESSURE TO 950.0  MB, COEF.=-0.690 %/MB
Latitude (deg.):   41.72  Longitude (deg.):   44.80  Altitude (m):  510.00
Cut-Off Rigidity (GV):    6.91
Year: 1993  Month:   4
Scaling Factor (SF):    64.0   Constant (CONST):     0.0  Real Counts = (DATA + CONST)*SF
Temporal Resolution: 1 hour
UTC Start Hour:     0.0
DATA FILE IS PREPARED BY IZMIRAN (ftp://cr0.izmiran.rssi.ru/Cosray!/FTP_NM/C/)  
 Updated by IZMIRAN on 19980219                         
Monthly Average:  8537.2
Updated (YYYY MM DD): 2013 12 12
*******************************************************************************************
ID     YYYY MM DD 1     0     1     2     3     4     5     6     7     8     9    10    11
ID     YYYY MM DD 2    12    13    14    15    16    17    18    19    20    21    22    23
*******************************************************************************************
TBILIS 1993 04 01 1  8408  8403  8377  8401  8372  8377  8361  8420  8407  8397  8405  8336
TBILIS 1993 04 01 2  8434  8475  8452  8469  8453  8426  8426  8429  8446  8432  8439  8425
TBILIS 1993 04 02 1  8336  8428  8382  8403  8404  8436  8402  8430  8431  8483  8511  8485
TBILIS 1993 04 02 2  8452  8544  8471  8529  8506  8507  8482  8482  8482  8475  8505  8475
TBILIS 1993 04 03 1  8456  8441  8473  8498  8473  8451  8459  8432  8409  8447  8493  8452
TBILIS 1993 04 03 2  8530  8526  8556  8536  8507  8489  8453  8446  8452  8411  8433  8444
TBILIS 1993 04 04 1  8435  8410  8432  8445  8456  8427  8439  8447  8463  8489  8510  8461
TBILIS 1993 04 04 2  8495  8514  8536  8594  8646  8697  8687  8650  8622  8566  8536  8528
TBILIS 1993 04 05 1  8526  8525  8456  8482  8471  8465  8467  8479  8466  8489  8550  8578
TBILIS 1993 04 05 2  8591  8589  8637  8678  8652  8632  8561  8505  8521  8504  8544  8546
TBILIS 1993 04 06 1  8490  8484  8492  8504  8468  8450  8402  8443  8484  8429  8442  8444
TBILIS 1993 04 06 2  8518  8458  8477  8524  8504  8471  8482  8505  8475  8491  8477  8480
TBILIS 1993 04 07 1  8514  8508  8536  8514  8492  8523  8572  8521  8497  8529  8568  8578
TBILIS 1993 04 07 2  8563  8561  8567  8569  8566  8550  8594  8561  8563  8585  8573  8557
TBILIS 1993 04 08 1  8528  8562  8561  8520  8527  8519  8524  8511  8540  8592  8612  8585
TBILIS 1993 04 08 2  8528  8565  8514  8544  8547  8559  8565  8556  8553  8511  8565  8579
TBILIS 1993 04 09 1  8545  8588  8541  8512  8494  8509  8504  8505  8518  8515  8490  8538
TBILIS 1993 04 09 2  8485  8530  8556  8564  8533  8470  8521  8501  8491  8440  8463  8499
TBILIS 1993 04 10 1  8476  8425  8488  8479  8482  8499  8517  8514  8536  8519  8510  8537
TBILIS 1993 04 10 2  8562  8576  8544  8580  8619  8569  8537  8559  8524  8517  8502  8514
TBILIS 1993 04 11 1  8523  8530  8517  8542  8488  8517  8465  8433  8419  8403  8408  8442
TBILIS 1993 04 11 2  8475  8439  8453  8443  8469  8491  8472  8487  8528  8535  8504  8482
TBILIS 1993 04 12 1  8531  8489 99999 99999 99999  8534  8539  8533  8570  8596  8585  8587
TBILIS 1993 04 12 2  8556  8580  8583  8560  8571  8557  8649  8566  8523  8541  8492  8487
TBILIS 1993 04 13 1 99999 99999 99999 99999  8418  8460  8465  8454  8456  8527  8542  8537
TBILIS 1993 04 13 2  8555  8552  8582  8605  8540  8559  8518  8508  8499  8498  8512  8503
TBILIS 1993 04 14 1  8503  8538  8499  8512  8470  8483  8532  8565  8509  8585  8552  8560
TBILIS 1993 04 14 2  8563  8614  8661  8662  8659  8656  8548  8518  8563  8565  8550  8567
TBILIS 1993 04 15 1  8615  8573  8582  8579  8569  8570  8571  8533  8543  8559  8528  8551
TBILIS 1993 04 15 2  8537  8542  8520  8508  8609  8538  8489  8523  8540  8542  8538  8516
TBILIS 1993 04 16 1  8529  8528  8526  8512  8546  8523  8511  8535  8523  8526  8551  8579
TBILIS 1993 04 16 2  8539  8582  8601  8587  8557  8535  8525  8564  8525  8549  8536  8518
TBILIS 1993 04 17 1  8531  8539  8553  8537  8552  8558  8519  8562  8581  8584  8596  8607
TBILIS 1993 04 17 2  8645  8595  8609  8669  8700  8643  8571  8607  8578  8573  8581  8624
TBILIS 1993 04 18 1  8593  8604  8599  8588  8581  8604  8562  8559  8605  8652  8729  8676
TBILIS 1993 04 18 2  8680  8681  8676  8720  8692  8636  8706  8623  8670  8605  8650  8653
TBILIS 1993 04 19 1  8641  8640  8646  8606  8614  8614  8609  8602  8668  8587  8634  8700
TBILIS 1993 04 19 2  8674  8632  8652  8674  8705  8638  8617  8542  8515  8499  8526  8516
TBILIS 1993 04 20 1  8505  8477  8521  8540  8519  8541  8552  8538  8583  8648  8664  8677
TBILIS 1993 04 20 2  8667  8696  8668  8665  8594  8538  8560  8569  8614  8521  8552  8508
TBILIS 1993 04 21 1  8577  8555  8576  8550  8565  8554  8590  8585  8602  8661  8571  8610
TBILIS 1993 04 21 2  8546  8533  8556  8600  8632  8609  8576  8547  8593  8579  8555  8616
TBILIS 1993 04 22 1  8547  8562  8594  8628  8547  8550  8571  8566  8527  8553  8574  8553
TBILIS 1993 04 22 2  8555  8559  8573  8576  8567  8612  8573  8560  8537  8574  8550  8548
TBILIS 1993 04 23 1  8530  8487  8518  8542  8493  8530  8507  8526  8541  8551  8555  8547
TBILIS 1993 04 23 2  8555  8543  8578  8595  8588  8577  8605  8548  8539  8509  8521  8536
TBILIS 1993 04 24 1  8533  8490  8499  8531  8532  8534  8520  8516  8535  8471  8509  8498
TBILIS 1993 04 24 2  8475  8491  8506  8498  8499  8480  8480  8496  8491  8463  8487  8503
TBILIS 1993 04 25 1  8474  8513  8531  8456  8447  8475  8461  8480  8530  8578  8571  8577
TBILIS 1993 04 25 2  8612  8609  8646  8593  8594  8525  8543  8590  8559  8532  8530  8509
TBILIS 1993 04 26 1  8546  8591  8580  8535  8546  8568  8539  8552  8631  8656  8613  8619
TBILIS 1993 04 26 2  8590  8643  8681  8676  8692  8602  8618  8603  8594  8594  8621  8586
TBILIS 1993 04 27 1  8590  8614  8601  8603  8591  8599  8556  8592  8597  8567  8557  8540
TBILIS 1993 04 27 2  8542  8558  8509  8559  8544  8536  8536  8513  8533  8566  8542  8541
TBILIS 1993 04 28 1  8509  8486  8501  8521  8516  8499  8509  8516  8520  8528  8525  8510
TBILIS 1993 04 28 2  8504  8525  8490  8521  8556  8526  8519  8525  8549  8517  8574  8589
TBILIS 1993 04 29 1  8555  8588  8592  8523  8542  8475  8510  8502  8521  8536  8516  8529
TBILIS 1993 04 29 2  8536  8562  8587  8560  8568  8568  8607  8581  8587  8598  8588  8534
TBILIS 1993 04 30 1  8495  8489  8479  8462  8442  8440  8483  8483  8539  8549  8587  8560
TBILIS 1993 04 30 2  8568  8547  8531  8544  8552  8485  8531  8541  8523  8508  8522  8503
TBILIS 1993 04 31 1 99999 99999 99999 99999 99999 99999 99999 99999 99999 99999 99999 99999
TBILIS 1993 04 31 2 99999 99999 99999 99999 99999 99999 99999 99999 99999 99999 99999 99999
Cosmic-Ray Neutron Monitor Data (Hourly, Pressure-Corrected and Scale-Adjusted Counts)
Collections: WDC for Cosmic Rays, Solar-Terrestrial Environment Laboratory, Nagoya Univ.
Data Access: http://center.stelab.nagoya-u.ac.jp/WDCCR/index.html
Project: ICSU WDC
Citation: WDC for Cosmic Rays, Solar-Terrestrial Environment Laboratory, Nagoya University
Station ID: TBILIS
Station:  TBILISI,GIORGIA,INSTITUT GEOPHYSIKY (IG), GIORGIAN ACADEMY OF SCIENCES,GIORGIA 
Instrument: 18-NM-64 NEUTRON MONITOR, CORRECTED FOR PRESSURE TO 950.0  MB, COEF.=-0.690 %/MB
Latitude (deg.):   41.72  Longitude (deg.):   44.80  Altitude (m):  510.00
Cut-Off Rigidity (GV):    6.91
Year: 1993  Month:   5
Scaling Factor (SF):    64.0   Constant (CONST):     0.0  Real Counts = (DATA + CONST)*SF
Temporal Resolution: 1 hour
UTC Start Hour:     0.0
DATA FILE IS PREPARED BY IZMIRAN (ftp://cr0.izmiran.rssi.ru/Cosray!/FTP_NM/C/)  
 Updated by IZMIRAN on 20001101                         
Monthly Average:  8495.9
Updated (YYYY MM DD): 2013 12 12
*******************************************************************************************
ID     YYYY MM DD 1     0     1     2     3     4     5     6     7     8     9    10    11
ID     YYYY MM DD 2    12    13    14    15    16    17    18    19    20    21    22    23
*******************************************************************************************
TBILIS 1993 05 01 1  8501  8484  8501  8451  8444  8409  8483  8464  8451  8483  8491  8503
TBILIS 1993 05 01 2  8554  8506  8500  8474  8511  8474  8475  8472  8472  8432  8453  8489
TBILIS 1993 05 02 1  8475  8541  8489  8528  8510  8492  8487  8512  8506  8478  8488  8517
TBILIS 1993 05 02 2  8540  8488  8477  8452  8520  8460  8513  8513  8481  8483  8541  8475
TBILIS 1993 05 03 1  8488  8451  8509  8464  8472  8466  8500  8478  8454  8498  8480  8480
TBILIS 1993 05 03 2  8510  8517  8529  8570  8550  8523  8552  8545  8536  8514  8501  8513
TBILIS 1993 05 04 1  8516  8548  8510  8507  8500  8484  8469  8486  8521  8571  8566  8566
TBILIS 1993 05 04 2  8561  8572  8558  8523  8516 99999 99999 99999 99999 99999 99999 99999
TBILIS 1993 05 05 1 99999 99999 99999  8419  8465 99999  8410 99999  8417  8409  8434  8449
TBILIS 1993 05 05 2  8442  8447  8438  8454  8436  8448  8418  8426  8442  8419  8431  8460
TBILIS 1993 05 06 1  8413  8441  8425  8439  8433  8445  8464  8461  8484  8451  8496  8447
TBILIS 1993 05 06 2  8471  8488  8526  8514  8533  8522  8494  8501  8499  8499  8492  8480
TBILIS 1993 05 07 1  8500  8411  8428  8427  8441  8452  8468  8402  8424  8465  8498  8490
TBILIS 1993 05 07 2  8498  8489  8484  8491  8493  8484  8475  8485  8474  8453  8466  8416
TBILIS 1993 05 08 1  8411  8415  8447  8440  8403  8384  8433  8498  8479  8434  8434  8443
TBILIS 1993 05 08 2  8435  8430  8448  8469  8505  8483  8475  8427  8409  8348  8406  8378
TBILIS 1993 05 09 1  8373  8392  8414  8393  8385  8399  8414  8453 99999 99999  8438  8516
TBILIS 1993 05 09 2  8426  8442  8453  8436  8443  8479  8452  8408  8416  8369  8380  8390
TBILIS 1993 05 10 1  8409  8416  8399  8434  8409  8424  8458  8463  8487  8511  8468  8437
TBILIS 1993 05 10 2  8381  8381  8385  8389  8391  8395  8371  8386  8402  8376  8419  8429
TBILIS 1993 05 11 1  8426  8417  8378  8448  8494  8405  8424  8405  8390 99999 99999 99999
TBILIS 1993 05 11 2  8452  8433  8473  8440  8433  8415  8432  8410  8427  8437  8436  8481
TBILIS 1993 05 12 1  8463  8421  8417 99999 99999 99999  8406  8451  8447  8529 99999 99999
TBILIS 1993 05 12 2 99999 99999  8491  8485  8501  8463  8447  8418  8465  8466  8444  8469
TBILIS 1993 05 13 1  8464  8544  8526  8516  8561  8581  8604  8608  8575 99999 99999 99999
TBILIS 1993 05 13 2  8654  8669  8597  8557  8536  8590  8484  8469  8489  8526  8515  8485
TBILIS 1993 05 14 1  8492  8503  8525  8526  8542  8530  8548  8533  8570  8555  8562  8572
TBILIS 1993 05 14 2  8566  8581  8569  8603  8589  8590  8551  8591  8583  8563  8533  8567
TBILIS 1993 05 15 1  8568  8584  8570  8580  8561  8551  8549  8558 99999 99999 99999  8663
TBILIS 1993 05 15 2  8581  8646  8605  8671  8620  8573  8577  8600  8591  8581  8547  8554
TBILIS 1993 05 16 1  8537  8522  8532  8553  8530  8619  8612  8621  8656  8634  8635  8592
TBILIS 1993 05 16 2  8615  8613  8568  8561  8610  8562  8581  8535  8527  8500  8516  8509
TBILIS 1993 05 17 1 99999  8512  8495  8529  8536  8528  8545  8539  8514  8545  8538  8603
TBILIS 1993 05 17 2  8558  8543  8602  8579  8625  8557  8543  8553  8511  8511  8537  8513
TBILIS 1993 05 18 1  8557  8529  8516  8526  8540  8479  8508  8526  8526  8523  8565  8525
TBILIS 1993 05 18 2  8557  8584  8534  8508  8589  8494  8499  8541  8508  8552  8485  8483
TBILIS 1993 05 19 1  8506  8482  8451  8448  8452  8436  8492  8495  8523  8510  8508  8535
TBILIS 1993 05 19 2  8494  8503  8508  8537  8529  8540  8491  8533  8499  8520  8533  8506
TBILIS 1993 05 20 1  8485  8494  8512  8491  8509  8481  8507  8502  8508  8525  8562  8557
TBILIS 1993 05 20 2  8581  8653  8612  8568  8575  8548  8523  8497  8507  8519  8503  8513
TBILIS 1993 05 21 1  8511  8491  8511  8500  8474  8477  8399  8457  8475  8523  8500  8503
TBILIS 1993 05 21 2  8489  8501  8548  8525  8524  8500  8515  8517  8514  8471  8467  8461
TBILIS 1993 05 22 1 99999  8505  8464  8461  8490  8480  8521  8490  8485  8483  8499  8516
TBILIS 1993 05 22 2  8497  8473  8537  8469  8487  8434  8460  8451  8446  8475  8483  8490
TBILIS 1993 05 23 1  8475  8451  8414  8453  8446  8445  8415  8502  8536  8543  8542  8571
TBILIS 1993 05 23 2  8534  8557  8561  8552  8519  8519  8524  8483  8514  8491  8487  8536
TBILIS 1993 05 24 1  8500  8526  8496  8499  8471  8472  8505  8488  8510  8486  8473  8503
TBILIS 1993 05 24 2  8523  8559  8536  8561  8564  8554  8551  8547  8545  8505  8520  8508
TBILIS 1993 05 25 1  8536  8532  8536  8518  8507  8504  8486  8495  8464  8454  8490  8534
TBILIS 1993 05 25 2  8533  8594  8574  8591  8570  8582  8541  8543  8547  8516  8528  8500
TBILIS 1993 05 26 1  8499  8492  8486  8466  8508  8477  8467  8483  8533  8564  8531  8557
TBILIS 1993 05 26 2  8520  8505  8542  8541  8577  8560  8488  8521  8475  8500  8456  8473
TBILIS 1993 05 27 1  8425  8446  8460  8406  8449  8485  8511  8533  8608  8603  8617  8555
TBILIS 1993 05 27 2  8612  8539  8499  8560  8524  8498  8518  8509  8477  8469  8483  8444
TBILIS 1993 05 28 1  8496  8488  8472  8465  8450  8480  8441  8519  8561  8508  8478  8538
TBILIS 1993 05 28 2  8538  8517  8487  8512  8484  8447  8474  8487  8472  8547  8437  8448
TBILIS 1993 05 29 1  8399  8372  8422  8483  8442  8442  8481  8469  8478  8505  8481  8499
TBILIS 1993 05 29 2  8459  8474  8412  8421  8450  8467  8400  8408  8396  8374  8423  8426
TBILIS 1993 05 30 1  8442  8426  8422  8443  8428  8464  8478  8497  8486  8497  8485  8519
TBILIS 1993 05 30 2  8495  8479  8426  8521  8536  8594  8517  8519  8504  8552  8539  8449
TBILIS 1993 05 31 1  8459  8410  8474  8440  8423  8450  8471  8488  8504  8481  8475  8532
TBILIS 1993 05 31 2  8547  8536  8554  8564  8551  8529  8495  8467  8465  8446  8462  8509
Cosmic-Ray Neutron Monitor Data (Hourly, Pressure-Corrected and Scale-Adjusted Counts)
Collections: WDC for Cosmic Rays, Solar-Terrestrial Environment Laboratory, Nagoya Univ.
Data Access: http://center.stelab.nagoya-u.ac.jp/WDCCR/index.html
Project: ICSU WDC
Citation: WDC for Cosmic Rays, Solar-Terrestrial Environment Laboratory, Nagoya University
Station ID: TBILIS
Station:  TBILISI,GIORGIA,INSTITUT GEOPHYSIKY (IG), GIORGIAN ACADEMY OF SCIENCES,GIORGIA 
Instrument: 18-NM-64 NEUTRON MONITOR, CORRECTED FOR PRESSURE TO 950.0  MB, COEF.=-0.690 %/MB
Latitude (deg.):   41.72  Longitude (deg.):   44.80  Altitude (m):  510.00
Cut-Off Rigidity (GV):    6.91
Year: 1993  Month:   6
Scaling Factor (SF):    64.0   Constant (CONST):     0.0  Real Counts = (DATA + CONST)*SF
Temporal Resolution: 1 hour
UTC Start Hour:     0.0
DATA FILE IS PREPARED BY IZMIRAN (ftp://cr0.izmiran.rssi.ru/Cosray!/FTP_NM/C/)  
 Updated by IZMIRAN on 20001101                         
Monthly Average:  8545.9
Updated (YYYY MM DD): 2013 12 12
*******************************************************************************************
ID     YYYY MM DD 1     0     1     2     3     4     5     6     7     8     9    10    11
ID     YYYY MM DD 2    12    13    14    15    16    17    18    19    20    21    22    23
*******************************************************************************************
TBILIS 1993 06 01 1  8489  8474  8481  8488  8453  8500  8477  8480  8471  8515  8474  8481
TBILIS 1993 06 01 2  8501  8502  8507  8511  8523  8531  8520 99999  8529  8545  8498  8596
TBILIS 1993 06 02 1  8568  8598  8544  8520  8513  8511  8546  8492  8523  8501  8427  8482
TBILIS 1993 06 02 2  8488  8483  8519  8488  8565  8545  8534  8556  8566  8576  8571  8571
TBILIS 1993 06 03 1  8536  8536  8537  8559  8546  8540  8544  8535  8563  8566  8574  8571
TBILIS 1993 06 03 2  8581  8596  8592  8568  8587  8596  8564  8574  8532  8543  8501  8457
TBILIS 1993 06 04 1  8460  8509  8471  8473  8427  8458  8484  8471  8515  8567  8543  8557
TBILIS 1993 06 04 2  8600  8576  8627  8561  8607  8575  8515  8494  8440  8478  8437  8452
TBILIS 1993 06 05 1  8451  8438  8420  8444  8429  8424  8389  8399  8453  8471  8453  8483
TBILIS 1993 06 05 2  8486  8488  8456  8503  8464  8529  8509  8497  8465  8478  8430  8438
TBILIS 1993 06 06 1  8479  8485  8447  8483  8438  8444  8426  8428  8441  8499  8553  8569
TBILIS 1993 06 06 2  8462  8482  8537  8514  8549  8456  8413  8459  8449  8492  8491  8447
TBILIS 1993 06 07 1  8494  8500  8487  8482  8449  8427  8430  8451  8581  8496  8436  8437
TBILIS 1993 06 07 2  8533  8554  8536  8540  8546  8535  8467  8497  8513  8568  8468  8553
TBILIS 1993 06 08 1  8498  8544  8570  8554  8500  8487  8509  8554  8528  8541  8499  8541
TBILIS 1993 06 08 2  8576  8516  8533  8516  8551  8564  8571  8561  8533  8548  8603  8546
TBILIS 1993 06 09 1  8572  8527  8495  8541  8518  8576  8530  8579  8610  8563  8573  8592
TBILIS 1993 06 09 2  8583  8627  8567  8638  8601  8632  8577  8580  8581  8556  8592  8617
TBILIS 1993 06 10 1  8567  8549  8545  8543  8527  8508  8566  8603  8582  8631  8662  8675
TBILIS 1993 06 10 2  8658  8611  8667  8609  8583  8546  8516  8560  8520  8551  8588  8562
TBILIS 1993 06 11 1  8566  8597  8578  8575  8570  8529  8545  8521  8535  8536  8552  8547
TBILIS 1993 06 11 2  8541  8551  8592  8526  8566  8552  8531  8496  8506  8538  8516  8453
TBILIS 1993 06 12 1  8454  8433  8442  8534  8455  8446  8494  8485  8491  8529  8517  8493
TBILIS 1993 06 12 2  8469  8507  8500  8469  8539  8550  8522  8525  8522  8516  8541  8512
TBILIS 1993 06 13 1  8497  8497  8481  8518  8460  8494  8493  8514  8647  8622  8542  8547
TBILIS 1993 06 13 2  8534  8566  8578  8558  8595  8535  8526  8513  8492  8520  8488  8554
TBILIS 1993 06 14 1  8516  8515  8482  8454  8486  8491  8467  8507  8504  8508  8521  8515
TBILIS 1993 06 14 2  8528  8562  8532  8584  8608  8565  8549  8549  8582  8553  8564  8646
TBILIS 1993 06 15 1  8551  8523  8498  8531  8485  8497  8508  8474  8526  8542  8568  8570
TBILIS 1993 06 15 2  8576  8591  8591  8591  8592  8591  8549  8543  8543  8507  8541  8540
TBILIS 1993 06 16 1  8540  8530  8519  8526  8483  8501  8526  8522  8536  8554  8559  8594
TBILIS 1993 06 16 2  8596  8548  8566  8596  8528  8510  8509  8510  8524  8474  8523  8512
TBILIS 1993 06 17 1  8566  8498  8493  8486  8465  8498  8542  8514  8554  8499  8520  8563
TBILIS 1993 06 17 2  8512  8518  8558  8560  8557  8575  8591  8584  8557  8538  8578  8528
TBILIS 1993 06 18 1  8532  8522  8486  8494  8523  8530  8541  8438  8557  8611  8525  8486
TBILIS 1993 06 18 2  8487  8623  8602  8513  8563  8521  8487  8511  8532  8503  8530  8541
TBILIS 1993 06 19 1  8499  8500  8472  8501  8466  8503  8500  8506  8556  8570  8531  8591
TBILIS 1993 06 19 2  8536  8628  8640  8588  8594  8545  8576  8554  8545  8523  8515  8497
TBILIS 1993 06 20 1  8504  8532  8492  8492  8513  8558  8572  8572  8571  8546  8602  8572
TBILIS 1993 06 20 2  8590  8603  8594  8628  8638  8596  8617  8620  8585  8591  8561  8633
TBILIS 1993 06 21 1  8636  8680  8681  8624  8634 99999 99999 99999 99999 99999  8670  8662
TBILIS 1993 06 21 2  8663  8664  8644  8660  8676  8669  8616  8610  8600  8604  8583  8638
TBILIS 1993 06 22 1  8609  8591  8596  8557  8558 99999  8555  8549  8575  8557  8577  8561
TBILIS 1993 06 22 2  8587  8597  8591  8609  8623  8600  8591  8620  8595  8574  8599  8605
TBILIS 1993 06 23 1  8591  8601  8594  8544  8541  8545  8551  8556  8550  8585  8548  8551
TBILIS 1993 06 23 2  8552  8603  8616  8622  8620  8600  8565  8587  8520  8495  8469  8457
TBILIS 1993 06 24 1  8451  8438  8488  8513  8472  8467  8472  8542  8562  8540  8571  8592
TBILIS 1993 06 24 2  8638  8607  8615  8603  8626  8608  8555  8527  8546  8540  8552  8563
TBILIS 1993 06 25 1  8496  8526  8550  8518  8514  8488  8502  8502  8529  8566  8514  8574
TBILIS 1993 06 25 2  8538  8601  8633  8628  8622  8614  8604  8608  8611  8587  8582  8564
TBILIS 1993 06 26 1  8541  8493  8482  8451  8429  8483  8533  8526  8556  8541  8574  8555
TBILIS 1993 06 26 2  8577  8570  8554  8590  8592  8571  8500  8554  8505  8535  8535  8527
TBILIS 1993 06 27 1  8510  8471  8528  8468  8482  8533  8527  8546  8534  8568  8572  8576
TBILIS 1993 06 27 2  8591  8610  8678  8633  8640  8646  8646  8609  8591  8574  8570  8560
TBILIS 1993 06 28 1  8547  8550  8585  8617  8560  8595  8564  8627  8645  8639  8630  8657
TBILIS 1993 06 28 2  8709  8682  8661  8722  8704  8732  8673  8595  8637  8589  8608  8609
TBILIS 1993 06 29 1  8584  8571  8614  8555  8553  8565  8534  8546  8500  8529  8570  8554
TBILIS 1993 06 29 2  8604  8610  8662  8662  8708  8670  8631  8631  8641  8587  8611  8620
TBILIS 1993 06 30 1  8594  8564  8572  8592  8533  8554  8572  8538  8526  8592  8592  8554
TBILIS 1993 06 30 2  8570  8603  8622  8635  8604  8652  8583  8571  8591  8622  8622  8652
TBILIS 1993 06 31 1 99999 99999 99999 99999 99999 99999 99999 99999 99999 99999 99999 99999
TBILIS 1993 06 31 2 99999 99999 99999 99999 99999 99999 99999 99999 99999 99999 99999 99999
Cosmic-Ray Neutron Monitor Data (Hourly, Pressure-Corrected and Scale-Adjusted Counts)
Collections: WDC for Cosmic Rays, Solar-Terrestrial Environment Laboratory, Nagoya Univ.
Data Access: http://center.stelab.nagoya-u.ac.jp/WDCCR/index.html
Project: ICSU WDC
Citation: WDC for Cosmic Rays, Solar-Terrestrial Environment Laboratory, Nagoya University
Station ID: TBILIS
Station:  TBILISI,GIORGIA,INSTITUT GEOPHYSIKY (IG), GIORGIAN ACADEMY OF SCIENCES,GIORGIA 
Instrument: 18-NM-64 NEUTRON MONITOR, CORRECTED FOR PRESSURE TO 950.0  MB, COEF.=-0.690 %/MB
Latitude (deg.):   41.72  Longitude (deg.):   44.80  Altitude (m):  510.00
Cut-Off Rigidity (GV):    6.91
Year: 1993  Month:   7
Scaling Factor (SF):    64.0   Constant (CONST):     0.0  Real Counts = (DATA + CONST)*SF
Temporal Resolution: 1 hour
UTC Start Hour:     0.0
DATA FILE IS PREPARED BY IZMIRAN (ftp://cr0.izmiran.rssi.ru/Cosray!/FTP_NM/C/)  
 Updated by IZMIRAN on 20001101                         
Monthly Average:  8532.4
Updated (YYYY MM DD): 2013 12 12
*******************************************************************************************
ID     YYYY MM DD 1     0     1     2     3     4     5     6     7     8     9    10    11
ID     YYYY MM DD 2    12    13    14    15    16    17    18    19    20    21    22    23
*******************************************************************************************
TBILIS 1993 07 01 1  8591  8568  8535  8570  8517  8559  8533  8606  8618  8555  8591  8606
TBILIS 1993 07 01 2  8574  8605  8632  8605  8621  8521  8483  8490  8430  8450  8425  8505
TBILIS 1993 07 02 1  8470  8435  8451  8410  8390  8432  8443  8396  8381  8427  8449  8458
TBILIS 1993 07 02 2  8407  8404  8397  8430  8429  8440  8456  8453  8444  8508  8486 99999
TBILIS 1993 07 03 1  8505  8489  8465  8475  8472  8447  8459  8449  8462  8491  8505  8440
TBILIS 1993 07 03 2  8511  8538  8556 99999 99999 99999 99999 99999 99999 99999 99999 99999
TBILIS 1993 07 04 1 99999 99999 99999 99999 99999 99999 99999 99999 99999 99999 99999 99999
TBILIS 1993 07 04 2 99999 99999 99999 99999 99999 99999 99999 99999  8559  8485  8469  8528
TBILIS 1993 07 05 1  8487  8467  8500  8465  8473  8442  8509  8500  8485  8522  8543  8539
TBILIS 1993 07 05 2  8582  8605  8547  8493  8512  8527  8512  8491  8503  8518  8544  8542
TBILIS 1993 07 06 1  8536  8547  8536  8476  8495  8518  8508  8505 99999 99999 99999  8442
TBILIS 1993 07 06 2  8543  8545  8580  8549  8569  8573  8578  8550  8579  8546  8537  8521
TBILIS 1993 07 07 1  8534  8520  8481  8498  8498  8476  8481  8474  8532  8480  8500  8533
TBILIS 1993 07 07 2  8531  8523  8540  8594  8550  8569  8564  8574  8533  8536  8545  8523
TBILIS 1993 07 08 1  8555  8526  8542  8578  8492  8459  8445  8476  8488  8483  8478  8480
TBILIS 1993 07 08 2  8511  8482  8562  8573  8576  8507  8499  8512  8548  8508  8514  8495
TBILIS 1993 07 09 1  8475  8465  8515  8469  8451  8427  8506  8517  8518  8497  8538  8537
TBILIS 1993 07 09 2  8532  8453  8434  8608  8552  8598  8544  8514  8502  8482  8486  8499
TBILIS 1993 07 10 1  8517  8498  8483  8466  8468  8461  8508  8514  8533  8496  8482  8504
TBILIS 1993 07 10 2  8501  8534  8460  8497  8492  8517  8471  8496  8479  8494  8489  8492
TBILIS 1993 07 11 1  8505  8500  8492  8480  8480  8521  8506  8511  8564  8514  8501  8546
TBILIS 1993 07 11 2  8554  8556  8568  8521  8541  8493  8515  8462  8479  8497  8477  8493
TBILIS 1993 07 12 1  8494  8493  8456  8459  8435  8449  8482  8497  8467  8510  8499  8482
TBILIS 1993 07 12 2  8472  8461  8481  8462  8486  8506  8453  8418  8423  8440  8408  8398
TBILIS 1993 07 13 1  8435  8444  8421  8395  8409  8414  8475  8493  8461  8464  8485  8470
TBILIS 1993 07 13 2  8503  8505  8506  8535  8533  8543  8534  8512  8516  8509  8498  8454
TBILIS 1993 07 14 1  8500  8468  8476  8486  8492  8464  8488  8461  8438  8509  8467  8572
TBILIS 1993 07 14 2  8526  8500  8525  8550  8569  8574  8609  8562  8527  8525  8526  8521
TBILIS 1993 07 15 1  8541  8514  8494  8458  8454  8399  8421  8440  8454  8425  8449  8424
TBILIS 1993 07 15 2  8513  8509  8532  8516  8532  8578  8574  8526  8503  8517  8520  8515
TBILIS 1993 07 16 1  8490  8509  8475  8459  8434  8442  8477  8481 99999 99999 99999 99999
TBILIS 1993 07 16 2 99999 99999 99999 99999 99999 99999 99999 99999 99999 99999 99999 99999
TBILIS 1993 07 17 1 99999 99999 99999 99999 99999 99999 99999 99999 99999 99999 99999 99999
TBILIS 1993 07 17 2  8458  8494  8505  8518  8557  8516  8494  8472  8483  8494  8498  8477
TBILIS 1993 07 18 1  8498  8473  8506  8470  8495  8502  8491  8475  8453  8481  8522  8504
TBILIS 1993 07 18 2  8527  8521  8521  8524  8564  8538  8488  8563  8500  8503  8488  8514
TBILIS 1993 07 19 1  8495  8527  8515  8544  8537  8506  8534  8498  8524  8517  8521  8566
TBILIS 1993 07 19 2  8570  8535  8576  8572  8587  8573  8547  8531  8522  8523  8526  8528
TBILIS 1993 07 20 1  8540  8525  8501  8481  8513  8515  8535  8492  8499  8545  8554  8537
TBILIS 1993 07 20 2  8533  8575  8649  8584  8613  8579  8548  8539  8522  8504  8532  8500
TBILIS 1993 07 21 1  8535  8523  8531  8544  8546  8534  8544  8567  8505  8561  8599  8558
TBILIS 1993 07 21 2  8569  8541  8593  8603  8659  8590  8554  8561  8506  8554  8534  8539
TBILIS 1993 07 22 1  8543  8517  8510  8516  8486  8494  8528  8525  8527  8508  8537  8523
TBILIS 1993 07 22 2  8532  8543  8568  8557  8584  8563  8554  8550  8562  8536  8583  8553
TBILIS 1993 07 23 1  8569  8532  8524  8526  8488  8471  8509  8507  8538  8533  8515  8534
TBILIS 1993 07 23 2  8559  8559  8567  8590  8615  8626  8604  8602  8577  8572  8571  8570
TBILIS 1993 07 24 1  8564  8602  8597  8557  8529  8521  8522  8556  8567  8605  8654  8631
TBILIS 1993 07 24 2  8608  8672  8633  8675  8668  8731  8642  8598  8672  8651  8682  8626
TBILIS 1993 07 25 1  8614  8628  8631  8614  8558  8577  8588  8624  8580  8651  8643  8647
TBILIS 1993 07 25 2  8666  8666  8734  8685  8690  8665  8667  8638  8666  8669  8620  8635
TBILIS 1993 07 26 1  8689  8652  8658  8629  8603  8646  8603  8655  8653  8707  8755  8720
TBILIS 1993 07 26 2  8744  8714  8752  8734  8737  8680  8651  8651  8627  8671  8594  8555
TBILIS 1993 07 27 1  8604  8574  8553  8540  8568  8585  8590  8641  8613  8636  8654  8649
TBILIS 1993 07 27 2  8633  8679  8649  8639  8629  8642  8654  8607  8583  8563  8571  8571
TBILIS 1993 07 28 1  8613  8605  8608  8618  8558  8563  8554  8551  8579  8537  8526  8519
TBILIS 1993 07 28 2  8517  8507  8593  8582  8565  8546  8571  8556  8571  8524  8530  8563
TBILIS 1993 07 29 1  8604  8573  8556  8546  8554  8583  8587  8536  8551  8531  8514  8545
TBILIS 1993 07 29 2  8635  8638  8621  8613  8628  8573  8628  8567  8576  8571  8577  8597
TBILIS 1993 07 30 1  8554  8547  8551  8510  8491  8503  8528  8496  8552  8515  8506  8478
TBILIS 1993 07 30 2  8533  8592  8561  8558  8552  8512  8476  8477  8498  8502  8478  8480
TBILIS 1993 07 31 1  8514  8478  8463  8496  8530  8501  8507  8468  8478  8507  8498  8491
TBILIS 1993 07 31 2  8480  8515  8501  8479  8474  8489  8532  8518  8490  8498  8493  8496
Cosmic-Ray Neutron Monitor Data (Hourly, Pressure-Corrected and Scale-Adjusted Counts)
Collections: WDC for Cosmic Rays, Solar-Terrestrial Environment Laboratory, Nagoya Univ.
Data Access: http://center.stelab.nagoya-u.ac.jp/WDCCR/index.html
Project: ICSU WDC
Citation: WDC for Cosmic Rays, Solar-Terrestrial Environment Laboratory, Nagoya University
Station ID: TBILIS
Station:  TBILISI,GIORGIA,INSTITUT GEOPHYSIKY (IG), GIORGIAN ACADEMY OF SCIENCES,GIORGIA 
Instrument: 18-NM-64 NEUTRON MONITOR, CORRECTED FOR PRESSURE TO 950.0  MB, COEF.=-0.690 %/MB
Latitude (deg.):   41.72  Longitude (deg.):   44.80  Altitude (m):  510.00
Cut-Off Rigidity (GV):    6.91
Year: 1993  Month:   8
Scaling Factor (SF):    64.0   Constant (CONST):     0.0  Real Counts = (DATA + CONST)*SF
Temporal Resolution: 1 hour
UTC Start Hour:     0.0
DATA FILE IS PREPARED BY IZMIRAN (ftp://cr0.izmiran.rssi.ru/Cosray!/FTP_NM/C/)  
 Updated by IZMIRAN on 20001101                         
Monthly Average:  8538.2
Updated (YYYY MM DD): 2013 12 12
*******************************************************************************************
ID     YYYY MM DD 1     0     1     2     3     4     5     6     7     8     9    10    11
ID     YYYY MM DD 2    12    13    14    15    16    17    18    19    20    21    22    23
*******************************************************************************************
TBILIS 1993 08 01 1  8522  8534  8514  8534  8545  8490  8506  8493  8501  8483  8480  8496
TBILIS 1993 08 01 2  8516  8508  8499  8512  8519  8529  8515  8557  8511  8516  8520  8497
TBILIS 1993 08 02 1  8505  8490  8496  8459  8453  8463  8456  8464  8441  8458  8464  8447
TBILIS 1993 08 02 2  8480  8516  8551  8548  8568  8508  8554  8540  8509  8540  8490  8471
TBILIS 1993 08 03 1  8482  8468  8502  8502  8487  8454  8461  8470  8445  8528  8454  8439
TBILIS 1993 08 03 2  8464  8470  8546  8557  8592  8571  8564  8538  8579  8513  8539  8550
TBILIS 1993 08 04 1  8525  8514  8486  8485  8481  8467  8438  8447  8445  8453  8509  8499
TBILIS 1993 08 04 2  8553  8553  8611  8634  8631  8643  8593  8519  8513  8528  8555  8539
TBILIS 1993 08 05 1  8559  8552  8522  8534  8547  8556  8519  8504  8512  8515  8550  8538
TBILIS 1993 08 05 2  8598  8565  8583  8598  8622  8591  8572  8562  8551  8550  8587  8557
TBILIS 1993 08 06 1  8537  8557  8539  8510  8530  8538  8516  8480  8457  8455  8515  8534
TBILIS 1993 08 06 2  8577  8567  8584  8618  8548  8545  8522  8522  8508  8510  8500  8518
TBILIS 1993 08 07 1  8531  8521  8486  8534  8512  8519  8547  8555  8559  8569  8576  8570
TBILIS 1993 08 07 2  8653  8518  8517  8576  8581  8509  8545  8483  8503  8498  8531  8481
TBILIS 1993 08 08 1  8482  8515  8525  8472  8491  8492  8542  8519  8553  8529  8548  8563
TBILIS 1993 08 08 2  8504  8532  8512  8532 99999 99999 99999 99999  8509  8460  8500  8513
TBILIS 1993 08 09 1  8453  8504  8473  8502  8490  8481  8463  8485  8532  8501  8450  8500
TBILIS 1993 08 09 2  8473  8486  8516  8537  8537  8544  8537  8522  8538  8565  8548  8483
TBILIS 1993 08 10 1  8520  8490  8522  8511  8518  8517  8497  8514  8503  8538  8532  8517
TBILIS 1993 08 10 2  8546  8572  8492  8537  8550  8542  8607  8569  8535  8550  8539  8548
TBILIS 1993 08 11 1  8538  8566  8517  8523  8505  8508  8492  8519  8501  8516  8517  8527
TBILIS 1993 08 11 2  8509  8474  8513  8544  8504  8500  8509  8511  8507  8531  8544  8551
TBILIS 1993 08 12 1 99999 99999 99999 99999 99999 99999 99999 99999 99999 99999 99999 99999
TBILIS 1993 08 12 2 99999 99999 99999 99999 99999 99999 99999 99999 99999 99999 99999 99999
TBILIS 1993 08 13 1  8529  8596  8607  8597  8599  8594  8538  8544  8552  8549  8617  8600
TBILIS 1993 08 13 2  8666  8611  8615  8520  8616  8618  8610  8593  8612  8610  8610  8608
TBILIS 1993 08 14 1  8642  8595  8617  8574  8552  8561  8549  8561  8547  8552  8572  8541
TBILIS 1993 08 14 2  8566  8594  8641  8608  8594  8609  8561  8555  8617  8554  8592  8556
TBILIS 1993 08 15 1  8576  8561  8502  8528  8530  8561  8543  8581  8570  8546  8528  8587
TBILIS 1993 08 15 2  8558  8617  8609  8563  8581  8539  8506  8473  8556  8567  8500  8511
TBILIS 1993 08 16 1  8535  8509  8485  8492  8520  8511  8549  8558  8573  8543  8550  8614
TBILIS 1993 08 16 2  8584  8605  8571  8548  8610  8510  8538  8567  8528  8562  8524  8481
TBILIS 1993 08 17 1  8451  8483  8514  8488  8527  8487  8442  8473  8486  8491  8513  8536
TBILIS 1993 08 17 2  8548  8553  8537  8524  8492  8474  8414  8416  8397  8398  8396  8487
TBILIS 1993 08 18 1  8446  8432  8440  8395  8424  8445  8430  8415  8430  8481  8466  8466
TBILIS 1993 08 18 2  8530  8540  8511  8500  8503  8464  8497  8441  8465  8441  8428  8404
TBILIS 1993 08 19 1  8453  8412  8445  8426  8433  8427  8415  8469  8472  8496  8490  8488
TBILIS 1993 08 19 2  8512  8507  8549  8579  8600  8601  8589  8593  8557  8564  8586  8543
TBILIS 1993 08 20 1  8540  8515  8521  8511  8498  8513  8532  8545  8536  8501  8515  8576
TBILIS 1993 08 20 2  8547  8575  8624  8586  8608  8588  8639  8626  8617  8571  8600  8573
TBILIS 1993 08 21 1  8606  8610  8598  8534  8545  8493  8514  8570  8559  8579  8515  8579
TBILIS 1993 08 21 2  8590  8604  8590  8603  8584  8596  8576  8565  8564  8596  8567  8577
TBILIS 1993 08 22 1  8600  8571  8553  8519  8518  8519  8522  8490  8559  8583  8563  8587
TBILIS 1993 08 22 2  8548  8615  8599  8611  8597  8589  8566  8558  8556  8578  8581  8602
TBILIS 1993 08 23 1  8546  8586  8571  8607  8567  8569  8516  8554  8568  8596  8603  8655
TBILIS 1993 08 23 2  8642  8676  8678  8689  8673  8668  8663  8689  8680  8604  8580  8584
TBILIS 1993 08 24 1  8604  8576  8545  8544  8486  8478  8531  8515  8534  8533  8569  8600
TBILIS 1993 08 24 2  8633  8637  8647  8643  8618  8633  8617  8595  8625  8579  8565  8572
TBILIS 1993 08 25 1  8523  8516  8517  8501  8471  8485  8467  8491  8489  8509  8559  8565
TBILIS 1993 08 25 2  8561  8575  8615  8605  8610  8596  8593  8571  8543  8550  8517  8531
TBILIS 1993 08 26 1  8543  8504  8516  8501  8472  8455  8482  8505  8462  8475  8537  8567
TBILIS 1993 08 26 2  8543  8611  8599  8549  8537  8570  8578  8609  8555  8548  8586  8608
TBILIS 1993 08 27 1  8583  8544  8563  8584  8495  8502  8496  8511  8544  8585  8616  8610
TBILIS 1993 08 27 2  8635  8633  8632  8686  8647  8688  8610  8564  8604  8619  8621  8639
TBILIS 1993 08 28 1  8618  8600  8618  8580  8603  8498  8509  8527  8522  8531  8530  8638
TBILIS 1993 08 28 2  8616  8571  8591  8542  8558  8549  8532  8521  8497  8511  8509  8562
TBILIS 1993 08 29 1  8490  8487  8531  8531  8553  8526  8530  8557  8529  8523  8559  8551
TBILIS 1993 08 29 2  8561  8534  8593  8592  8549  8550  8577  8550  8581  8552  8535  8525
TBILIS 1993 08 30 1  8521  8515  8502  8505  8524  8528  8495  8526  8537  8546  8567  8588
TBILIS 1993 08 30 2  8590  8581  8631  8564  8583  8564  8543  8530  8566  8546  8548  8502
TBILIS 1993 08 31 1  8497  8494  8456  8507  8460  8486  8459  8470  8476  8483  8482  8514
TBILIS 1993 08 31 2  8460  8513  8518  8467  8515  8508  8476  8506  8515  8495  8516 99999
Cosmic-Ray Neutron Monitor Data (Hourly, Pressure-Corrected and Scale-Adjusted Counts)
Collections: WDC for Cosmic Rays, Solar-Terrestrial Environment Laboratory, Nagoya Univ.
Data Access: http://center.stelab.nagoya-u.ac.jp/WDCCR/index.html
Project: ICSU WDC
Citation: WDC for Cosmic Rays, Solar-Terrestrial Environment Laboratory, Nagoya University
Station ID: TBILIS
Station:  TBILISI,GIORGIA,INSTITUT GEOPHYSIKY (IG), GIORGIAN ACADEMY OF SCIENCES,GIORGIA 
Instrument: 18-NM-64 NEUTRON MONITOR, CORRECTED FOR PRESSURE TO 950.0  MB, COEF.=-0.690 %/MB
Latitude (deg.):   41.72  Longitude (deg.):   44.80  Altitude (m):  510.00
Cut-Off Rigidity (GV):    6.91
Year: 1993  Month:   9
Scaling Factor (SF):    64.0   Constant (CONST):     0.0  Real Counts = (DATA + CONST)*SF
Temporal Resolution: 1 hour
UTC Start Hour:     0.0
DATA FILE IS PREPARED BY IZMIRAN (ftp://cr0.izmiran.rssi.ru/Cosray!/FTP_NM/C/)  
 Updated by IZMIRAN on 20001101                         
Monthly Average:  8594.1
Updated (YYYY MM DD): 2013 12 12
*******************************************************************************************
ID     YYYY MM DD 1     0     1     2     3     4     5     6     7     8     9    10    11
ID     YYYY MM DD 2    12    13    14    15    16    17    18    19    20    21    22    23
*******************************************************************************************
TBILIS 1993 09 01 1  8511  8521  8555  8509  8545  8549  8502  8529  8517  8566  8545  8553
TBILIS 1993 09 01 2  8556  8591  8566  8548  8557  8553  8558  8565  8554  8556  8493  8501
TBILIS 1993 09 02 1  8496  8541  8562  8515  8515  8514  8523  8521  8524  8515  8546  8545
TBILIS 1993 09 02 2  8545  8518  8524  8607  8563  8560  8571  8592  8562  8553  8555  8580
TBILIS 1993 09 03 1  8571  8565  8587  8544  8554  8528  8552  8564  8558  8600  8689  8648
TBILIS 1993 09 03 2  8671  8659  8605  8619  8617  8626  8633  8580  8523  8489  8502  8513
TBILIS 1993 09 04 1  8525  8547  8543  8541  8618  8627  8568  8515  8561  8597  8581  8587
TBILIS 1993 09 04 2  8614  8623  8607  8662  8607  8602  8572  8585  8610  8555  8570  8537
TBILIS 1993 09 05 1  8550  8521  8502  8524  8542  8538  8538  8532  8538  8566  8555  8540
TBILIS 1993 09 05 2  8556  8601  8595  8619  8611  8580  8587  8590  8560  8551  8559  8510
TBILIS 1993 09 06 1  8536  8527  8564  8561  8564  8550  8577  8567  8548  8550  8567  8554
TBILIS 1993 09 06 2  8563  8549  8546  8608  8611  8614  8616  8620  8615  8594  8569  8614
TBILIS 1993 09 07 1  8603  8616  8602  8631  8565  8596  8693  8576  8599  8632  8634  8577
TBILIS 1993 09 07 2  8607  8616  8648  8652  8631  8562  8568  8632  8620  8591  8562  8509
TBILIS 1993 09 08 1  8552  8561  8581  8582  8553  8547  8562  8567  8520  8577  8548  8567
TBILIS 1993 09 08 2  8560  8572  8544  8581  8548  8564  8555  8569  8555  8521  8558  8549
TBILIS 1993 09 09 1  8563  8577  8614  8610  8588  8594  8524  8525  8580  8558  8578  8569
TBILIS 1993 09 09 2  8565  8570  8591  8552  8581  8571  8593  8581  8572  8578  8585  8577
TBILIS 1993 09 10 1  8601  8573  8565  8596  8604  8536  8536  8575  8538  8546  8557  8603
TBILIS 1993 09 10 2  8611  8626  8646  8654  8605  8588  8612  8595  8569 99999  8553  8607
TBILIS 1993 09 11 1  8554  8576  8561  8566  8513  8544  8520  8534  8570  8597  8594  8597
TBILIS 1993 09 11 2  8610  8598  8618  8618  8652  8580  8589  8585  8565  8558  8564  8596
TBILIS 1993 09 12 1  8586  8562  8599  8569  8576  8538  8567  8569  8571  8578  8579  8569
TBILIS 1993 09 12 2  8604  8593  8598  8618  8582  8567  8608  8644  8649  8613  8625  8632
TBILIS 1993 09 13 1  8661  8611  8592  8609  8705 99999 99999 99999 99999  8717  8739  8754
TBILIS 1993 09 13 2  8743  8770  8830  8791  8749  8696  8694  8678  8653  8656  8638  8649
TBILIS 1993 09 14 1  8673  8620  8679  8661  8639  8594  8576  8632  8584  8638  8609  8674
TBILIS 1993 09 14 2  8630  8597  8592  8634  8623  8689  8670  8677  8649  8659  8611  8588
TBILIS 1993 09 15 1  8643  8714  8622  8647  8607  8579  8549  8557  8550  8556  8537  8597
TBILIS 1993 09 15 2  8592  8633  8623  8640  8632  8635  8591  8599  8599  8551  8570  8585
TBILIS 1993 09 16 1  8567  8612  8603  8657  8633  8642  8633  8574  8575  8567  8572  8571
TBILIS 1993 09 16 2  8607  8613  8626  8680  8669  8617  8658  8663  8632  8656  8637  8614
TBILIS 1993 09 17 1  8636  8641  8609  8599  8584  8628  8602  8599  8582  8629  8615  8612
TBILIS 1993 09 17 2  8671  8639  8685  8696  8728  8726  8726  8681  8674  8696  8650  8620
TBILIS 1993 09 18 1  8660  8691  8683  8648  8624  8686  8635  8605  8657  8668  8675  8649
TBILIS 1993 09 18 2  8663  8730  8745  8763  8730  8713  8723  8726  8728  8729  8753  8706
TBILIS 1993 09 19 1  8689  8722  8704  8696  8690  8700  8687  8682  8679  8676  8711  8741
TBILIS 1993 09 19 2  8773  8785  8773  8763  8764  8716  8726  8714  8702  8708  8740  8790
TBILIS 1993 09 20 1  8762  8728  8726  8711  8659  8711  8729  8728  8762  8668  8760  8762
TBILIS 1993 09 20 2  8743  8731  8725  8762  8747  8800  8718  8721  8692  8742  8757  8760
TBILIS 1993 09 21 1  8714  8738  8756  8689  8689  8731  8716  8777  8705  8744  8803  8777
TBILIS 1993 09 21 2  8777  8774  8800  8737  8745  8748  8731  8752  8804  8714  8748  8727
TBILIS 1993 09 22 1  8742  8752  8694  8678  8625  8657  8676  8645  8623  8643  8617  8649
TBILIS 1993 09 22 2  8654  8681  8693  8665  8658  8651  8640  8690  8690  8664  8655  8655
TBILIS 1993 09 23 1  8655  8665  8642  8634  8638  8623  8598  8599  8615  8582  8601  8549
TBILIS 1993 09 23 2  8612  8566  8584  8569  8566  8615  8588  8631  8630  8574  8637  8510
TBILIS 1993 09 24 1  8584  8565  8468  8435  8445  8437  8444  8492  8532  8543  8550  8574
TBILIS 1993 09 24 2  8618  8554  8585  8608  8577  8584  8576  8574  8575  8582  8598  8561
TBILIS 1993 09 25 1  8504  8467  8446  8471  8488  8466  8474 99999 99999 99999 99999 99999
TBILIS 1993 09 25 2 99999 99999 99999 99999 99999 99999 99999 99999 99999 99999 99999 99999
TBILIS 1993 09 26 1 99999 99999 99999 99999 99999  8408  8451  8469  8494  8511  8527 99999
TBILIS 1993 09 26 2 99999 99999 99999 99999 99999 99999 99999 99999 99999 99999  8408  8428
TBILIS 1993 09 27 1  8466  8435  8436  8443  8421  8404  8405  8462  8439  8471  8443  8457
TBILIS 1993 09 27 2  8494  8451  8514  8467  8416  8429  8433  8446  8457  8455  8449  8472
TBILIS 1993 09 28 1  8428  8459  8465  8430  8416  8402  8402  8401  8441  8416  8441  8476
TBILIS 1993 09 28 2  8465  8535  8563  8469  8499  8518  8513  8515  8528  8482  8468  8537
TBILIS 1993 09 29 1  8508  8473  8466  8476  8436  8427  8475  8422  8478  8509  8560  8524
TBILIS 1993 09 29 2  8513  8578  8624  8528  8562  8578  8534  8506  8508  8492  8498  8516
TBILIS 1993 09 30 1  8495  8493  8515  8491  8499  8452  8483  8492  8516  8521  8487  8521
TBILIS 1993 09 30 2  8550  8572  8603  8550  8488  8533  8556  8589  8534  8559  8550 99999
TBILIS 1993 09 31 1 99999 99999 99999 99999 99999 99999 99999 99999 99999 99999 99999 99999
TBILIS 1993 09 31 2 99999 99999 99999 99999 99999 99999 99999 99999 99999 99999 99999 99999
Cosmic-Ray Neutron Monitor Data (Hourly, Pressure-Corrected and Scale-Adjusted Counts)
Collections: WDC for Cosmic Rays, Solar-Terrestrial Environment Laboratory, Nagoya Univ.
Data Access: http://center.stelab.nagoya-u.ac.jp/WDCCR/index.html
Project: ICSU WDC
Citation: WDC for Cosmic Rays, Solar-Terrestrial Environment Laboratory, Nagoya University
Station ID: TBILIS
Station:  TBILISI,GIORGIA,INSTITUT GEOPHYSIKY (IG), GIORGIAN ACADEMY OF SCIENCES,GIORGIA 
Instrument: 18-NM-64 NEUTRON MONITOR, CORRECTED FOR PRESSURE TO 950.0  MB, COEF.=-0.690 %/MB
Latitude (deg.):   41.72  Longitude (deg.):   44.80  Altitude (m):  510.00
Cut-Off Rigidity (GV):    6.91
Year: 1993  Month:  10
Scaling Factor (SF):    64.0   Constant (CONST):     0.0  Real Counts = (DATA + CONST)*SF
Temporal Resolution: 1 hour
UTC Start Hour:     0.0
DATA FILE IS PREPARED BY IZMIRAN (ftp://cr0.izmiran.rssi.ru/Cosray!/FTP_NM/C/)  
 Updated by IZMIRAN on 20001101                         
Monthly Average:  8556.6
Updated (YYYY MM DD): 2013 12 12
*******************************************************************************************
ID     YYYY MM DD 1     0     1     2     3     4     5     6     7     8     9    10    11
ID     YYYY MM DD 2    12    13    14    15    16    17    18    19    20    21    22    23
*******************************************************************************************
TBILIS 1993 10 01 1  8643  8629  8662  8656  8576  8513  8530  8557  8624  8554  8538  8626
TBILIS 1993 10 01 2  8601  8590  8560  8571  8563  8529  8536  8584  8541  8540  8521  8456
TBILIS 1993 10 02 1  8496  8519  8500  8521  8505  8491  8471  8484  8502  8551  8519  8521
TBILIS 1993 10 02 2  8547  8500  8519  8548  8516  8540  8544  8527  8517  8500  8485  8499
TBILIS 1993 10 03 1  8518  8493  8497  8515  8529  8462  8473  8507  8469  8490  8528  8493
TBILIS 1993 10 03 2  8501  8543  8534  8536  8516  8527  8510  8529  8529  8534  8537  8547
TBILIS 1993 10 04 1  8505  8530  8493  8527  8515  8541  8545  8503  8514  8537  8546  8574
TBILIS 1993 10 04 2  8565  8593  8596  8578  8563  8580  8586  8527  8539  8554  8559  8529
TBILIS 1993 10 05 1  8508  8505  8489  8475  8513  8498  8528  8507  8473  8475  8500  8547
TBILIS 1993 10 05 2  8483  8520  8533  8555  8507  8514  8506  8531  8498  8444  8444  8477
TBILIS 1993 10 06 1  8499  8519  8533  8503  8548  8528  8491  8527  8489 99999 99999  8477
TBILIS 1993 10 06 2  8488  8508  8483  8463  8491  8470  8533  8539  8550  8549  8517  8481
TBILIS 1993 10 07 1  8505  8546  8512  8520  8501  8494  8502  8467  8368  8436  8421  8421
TBILIS 1993 10 07 2  8414  8436  8448  8432  8429  8458  8472  8457  8510  8483  8497  8546
TBILIS 1993 10 08 1  8517  8523  8503  8519  8492  8489  8520  8480  8480  8470  8482  8520
TBILIS 1993 10 08 2  8550  8579  8546  8505  8506  8453  8483  8434  8459  8428  8439  8436
TBILIS 1993 10 09 1  8469  8493  8455  8473  8483  8427  8444  8525  8453  8515  8589  8593
TBILIS 1993 10 09 2  8560  8589  8525  8540  8499  8471  8485  8452  8465  8407  8425  8463
TBILIS 1993 10 10 1  8425  8415  8430  8401  8402  8396  8399  8402  8398  8428  8467  8499
TBILIS 1993 10 10 2  8504  8502  8500  8542  8530  8549  8519  8481  8525  8553  8510  8492
TBILIS 1993 10 11 1  8537  8505  8515  8531  8506  8479  8551 99999 99999 99999  8493  8551
TBILIS 1993 10 11 2  8555  8581  8560  8560  8570  8559  8582  8524  8545  8577  8564  8547
TBILIS 1993 10 12 1  8540  8563  8514  8569  8541  8465  8462  8480  8469  8508  8502  8519
TBILIS 1993 10 12 2  8540  8552  8596  8591  8609  8618  8594  8582  8630  8611  8543  8586
TBILIS 1993 10 13 1  8599  8584  8595  8562  8539  8520  8548  8532  8574  8585  8588  8615
TBILIS 1993 10 13 2  8667  8682  8724  8671  8663  8688  8659  8668  8574  8618  8629  8633
TBILIS 1993 10 14 1  8620  8590  8637  8628  8630  8598  8581  8564  8569  8585  8566  8617
TBILIS 1993 10 14 2  8624  8667  8711  8706  8715  8721  8732  8700  8690  8642  8644  8617
TBILIS 1993 10 15 1  8672  8652  8660  8638  8665  8626  8586  8555  8540  8628  8554  8576
TBILIS 1993 10 15 2  8609  8587  8672  8686  8683  8647  8650  8700  8654  8673  8626  8669
TBILIS 1993 10 16 1  8684  8654  8618  8584  8570  8606  8602  8602  8598  8574  8615  8641
TBILIS 1993 10 16 2  8653  8635  8674  8674  8689  8710  8695  8686  8658  8613  8607  8653
TBILIS 1993 10 17 1  8664  8591  8638  8613  8600  8558  8532  8603  8547  8616  8652  8651
TBILIS 1993 10 17 2  8663  8673  8726  8717  8717  8688  8655  8658  8675  8633  8620  8626
TBILIS 1993 10 18 1  8660  8671  8602  8618  8610  8611  8636  8617  8619 99999 99999 99999
TBILIS 1993 10 18 2 99999 99999 99999 99999 99999 99999 99999 99999 99999 99999 99999 99999
TBILIS 1993 10 19 1 99999 99999 99999 99999 99999 99999 99999 99999 99999 99999 99999 99999
TBILIS 1993 10 19 2 99999 99999 99999  8739  8688  8646  8713  8635  8635  8682  8639  8654
TBILIS 1993 10 20 1  8599  8625  8650  8672  8634  8609  8608  8605  8634  8658  8679  8672
TBILIS 1993 10 20 2  8728  8700  8716  8700  8742  8739  8757  8707  8668  8641  8651  8644
TBILIS 1993 10 21 1  8637  8586  8610  8631  8617  8613  8654  8654  8611  8660  8675  8668
TBILIS 1993 10 21 2  8644  8652  8685  8664  8695  8685  8615  8599  8607  8568  8551  8574
TBILIS 1993 10 22 1  8594  8559  8577  8586  8610  8594  8598  8661  8633  8657  8662  8631
TBILIS 1993 10 22 2  8616  8654  8691  8609  8658  8630  8584  8585  8537  8540  8539  8542
TBILIS 1993 10 23 1  8546  8555  8550  8553  8559  8558  8580  8594  8548  8595  8579  8601
TBILIS 1993 10 23 2  8571  8569  8610  8565  8552  8533  8564  8529  8484  8486  8443  8482
TBILIS 1993 10 24 1  8512  8489  8491  8554  8549  8558  8515  8520  8550  8543  8569  8580
TBILIS 1993 10 24 2  8524  8580  8553  8550  8512  8468  8418  8450  8436  8440  8452  8492
TBILIS 1993 10 25 1  8462  8461  8462  8495  8471  8434  8446  8487  8414  8434  8459  8544
TBILIS 1993 10 25 2  8498  8511  8579  8606  8618  8614  8573  8552  8561  8514  8470  8468
TBILIS 1993 10 26 1  8487  8499  8444  8459  8414  8425  8431  8438  8380  8376  8422  8349
TBILIS 1993 10 26 2  8439  8470  8475  8488  8525  8543  8581  8563  8490  8455  8466  8494
TBILIS 1993 10 27 1  8490  8442  8481  8525  8505  8519  8567  8549  8557  8558  8558  8585
TBILIS 1993 10 27 2  8564  8551  8592  8562  8554  8587  8512  8550  8561  8586  8537  8552
TBILIS 1993 10 28 1  8574  8564  8563  8594  8558  8533  8538  8460  8510  8531  8516  8591
TBILIS 1993 10 28 2  8559  8623  8512  8493  8433  8521  8570  8444  8478  8473  8478  8575
TBILIS 1993 10 29 1  8570  8580  8576  8513  8541  8518  8524  8488  8462  8501  8499  8506
TBILIS 1993 10 29 2  8516  8531  8571  8531  8530  8536  8535  8593  8625  8571  8599  8636
TBILIS 1993 10 30 1  8590  8545  8570  8543  8517  8504  8527  8509  8497  8525  8535  8539
TBILIS 1993 10 30 2  8563  8569  8557  8571  8556  8592  8649  8686  8694  8658  8642  8633
TBILIS 1993 10 31 1  8685  8683  8669  8631  8601  8567  8533  8573  8506  8520  8533  8602
TBILIS 1993 10 31 2  8607  8617  8611  8631  8667  8639  8679  8631  8641  8640  8592  8579
Cosmic-Ray Neutron Monitor Data (Hourly, Pressure-Corrected and Scale-Adjusted Counts)
Collections: WDC for Cosmic Rays, Solar-Terrestrial Environment Laboratory, Nagoya Univ.
Data Access: http://center.stelab.nagoya-u.ac.jp/WDCCR/index.html
Project: ICSU WDC
Citation: WDC for Cosmic Rays, Solar-Terrestrial Environment Laboratory, Nagoya University
Station ID: TBILIS
Station:  TBILISI,GIORGIA,INSTITUT GEOPHYSIKY (IG), GIORGIAN ACADEMY OF SCIENCES,GIORGIA 
Instrument: 18-NM-64 NEUTRON MONITOR, CORRECTED FOR PRESSURE TO 950.0  MB, COEF.=-0.690 %/MB
Latitude (deg.):   41.72  Longitude (deg.):   44.80  Altitude (m):  510.00
Cut-Off Rigidity (GV):    6.91
Year: 1993  Month:  11
Scaling Factor (SF):    64.0   Constant (CONST):     0.0  Real Counts = (DATA + CONST)*SF
Temporal Resolution: 1 hour
UTC Start Hour:     0.0
DATA FILE IS PREPARED BY IZMIRAN (ftp://cr0.izmiran.rssi.ru/Cosray!/FTP_NM/C/)  
 Updated by IZMIRAN on 20001101                         
Monthly Average:  8588.5
Updated (YYYY MM DD): 2013 12 12
*******************************************************************************************
ID     YYYY MM DD 1     0     1     2     3     4     5     6     7     8     9    10    11
ID     YYYY MM DD 2    12    13    14    15    16    17    18    19    20    21    22    23
*******************************************************************************************
TBILIS 1993 11 01 1  8613  8599  8564  8555  8540  8551  8576  8525  8559  8561  8580  8608
TBILIS 1993 11 01 2  8554  8612  8599  8601  8606  8586  8559  8590  8628  8604  8600  8609
TBILIS 1993 11 02 1  8622  8601  8603  8623  8606  8559  8585  8596  8559  8542  8559  8598
TBILIS 1993 11 02 2  8624  8664  8653  8626  8648  8613  8651  8624  8640  8591  8598  8609
TBILIS 1993 11 03 1  8616  8573  8605  8582  8568  8593  8585  8569  8565  8590  8617  8605
TBILIS 1993 11 03 2  8590  8617  8592  8611  8651  8668  8619  8583  8567  8536  8547  8519
TBILIS 1993 11 04 1  8609  8577  8534  8552  8575  8549  8607  8584  8584  8576  8626  8636
TBILIS 1993 11 04 2  8629  8610  8597  8596  8595  8610  8562  8525  8509  8494  8469  8476
TBILIS 1993 11 05 1  8467  8503  8468  8491  8494  8462  8479  8466  8513  8503  8509  8539
TBILIS 1993 11 05 2  8533  8567  8525  8513  8551  8556  8469  8535  8513  8569  8516  8525
TBILIS 1993 11 06 1  8537  8492  8549  8572  8538  8529  8481  8462  8463  8570  8582  8630
TBILIS 1993 11 06 2  8623  8576  8617  8592  8592  8572  8515  8531  8513  8552  8493  8534
TBILIS 1993 11 07 1  8522  8502  8508  8490  8487  8461  8458  8479  8480  8515  8552  8568
TBILIS 1993 11 07 2  8547  8512  8572  8554  8538  8545  8529  8504  8512  8524  8530  8500
TBILIS 1993 11 08 1  8494  8507  8489  8503  8459  8475  8486  8449  8483  8504  8534  8523
TBILIS 1993 11 08 2  8508  8538  8562  8559  8572  8605  8581  8559  8590  8582  8556  8603
TBILIS 1993 11 09 1  8609  8586  8558  8624  8596  8570  8554  8558  8506  8538  8515  8529
TBILIS 1993 11 09 2  8570  8561  8549  8583  8576  8609  8623  8591  8555  8601  8567  8606
TBILIS 1993 11 10 1  8646  8632  8588  8601  8621  8647  8596  8603  8588  8622  8640  8629
TBILIS 1993 11 10 2  8635  8628  8649  8650  8661  8652  8659  8657  8651  8670  8662  8649
TBILIS 1993 11 11 1  8650  8640  8631  8641  8648  8641  8647  8606  8611  8598  8632 99999
TBILIS 1993 11 11 2 99999 99999 99999 99999 99999 99999 99999 99999  8619  8629  8641  8635
TBILIS 1993 11 12 1  8638  8654  8641  8607  8577  8560  8516  8558  8579  8557  8594  8619
TBILIS 1993 11 12 2  8643  8656  8661  8667  8674  8679  8671  8671  8742  8733  8672  8700
TBILIS 1993 11 13 1  8698  8636  8621  8626  8593  8547  8554  8561  8523  8503  8533  8566
TBILIS 1993 11 13 2  8555  8581  8604  8605  8606  8605  8568  8652  8572  8605  8598  8569
TBILIS 1993 11 14 1  8585  8559  8549  8546  8547  8560  8554  8561  8567  8560  8592  8591
TBILIS 1993 11 14 2  8587  8602  8642  8632  8631  8602  8572  8555  8534  8536  8555  8552
TBILIS 1993 11 15 1  8608  8587  8576  8611  8578  8547  8569  8534  8567  8552  8539  8556
TBILIS 1993 11 15 2  8553  8588  8576  8592  8612  8618  8686  8633  8660  8657  8624  8629
TBILIS 1993 11 16 1  8599  8636  8621  8618  8573 99999 99999 99999 99999 99999  8609  8605
TBILIS 1993 11 16 2  8662  8629  8605  8662  8648  8653  8693  8624  8684  8676  8622  8626
TBILIS 1993 11 17 1  8619  8646  8644  8601  8559  8588  8567  8606  8615  8578  8623  8653
TBILIS 1993 11 17 2  8606  8655  8624  8640  8704  8679  8707  8722  8665  8698  8701  8675
TBILIS 1993 11 18 1  8709  8666  8696  8645  8679  8719  8666  8678  8655  8700  8672  8672
TBILIS 1993 11 18 2  8624  8661  8700  8751  8721  8688  8654  8620  8575  8613  8595  8555
TBILIS 1993 11 19 1  8560  8563  8547  8593  8513  8547  8573  8583  8527  8624  8647  8603
TBILIS 1993 11 19 2  8694  8657  8623  8586  8652  8619  8610  8606  8602  8629  8626  8605
TBILIS 1993 11 20 1  8650  8608  8641  8595  8597  8599  8635  8586  8561  8615  8567  8632
TBILIS 1993 11 20 2  8649  8620  8617  8590  8583  8556  8556  8550  8545  8534  8520  8525
TBILIS 1993 11 21 1  8521  8542  8530  8548  8539  8500  8567  8533  8541  8557  8567  8563
TBILIS 1993 11 21 2  8556  8603  8588  8625  8609  8619  8610  8606  8582  8576  8552  8575
TBILIS 1993 11 22 1  8589  8598  8588  8622  8603  8598  8575  8575  8593  8609  8608  8667
TBILIS 1993 11 22 2  8626  8597  8615  8573  8605  8600  8561  8579  8538  8545  8556  8557
TBILIS 1993 11 23 1  8579  8547  8566  8599  8605  8539  8579  8507  8567  8550  8566  8573
TBILIS 1993 11 23 2  8549  8561  8564  8570  8589  8577  8633  8630  8577  8577  8559  8560
TBILIS 1993 11 24 1  8542  8560  8583  8535  8578  8540  8542  8528  8483  8553  8515 99999
TBILIS 1993 11 24 2 99999 99999 99999 99999 99999 99999 99999 99999 99999 99999 99999 99999
TBILIS 1993 11 25 1 99999 99999 99999 99999 99999 99999 99999 99999 99999 99999 99999  8574
TBILIS 1993 11 25 2  8546  8589  8592  8593  8591  8578  8565  8585  8576  8603  8570  8559
TBILIS 1993 11 26 1  8567  8589  8564  8577  8532  8536  8533  8538  8546  8548  8597  8556
TBILIS 1993 11 26 2  8541  8568  8588  8612  8602  8613  8559  8592  8562 99999 99999 99999
TBILIS 1993 11 27 1 99999 99999 99999 99999 99999 99999 99999 99999 99999 99999 99999  8602
TBILIS 1993 11 27 2  8597  8625 99999 99999 99999 99999 99999 99999 99999 99999 99999 99999
TBILIS 1993 11 28 1 99999 99999 99999 99999 99999 99999 99999 99999  8590  8576  8576  8599
TBILIS 1993 11 28 2  8599  8566 99999 99999 99999  8595  8624  8614  8660  8651  8653  8657
TBILIS 1993 11 29 1  8639  8584  8604  8624  8577  8577  8570  8563  8628  8675  8638  8647
TBILIS 1993 11 29 2  8669  8653  8638  8649  8652  8667  8665  8606  8646  8633  8692  8599
TBILIS 1993 11 30 1  8606  8638  8596  8616  8599  8588  8584  8575  8585  8596  8616  8603
TBILIS 1993 11 30 2  8589  8634  8638  8645 99999 99999 99999 99999 99999 99999 99999 99999
TBILIS 1993 11 31 1 99999 99999 99999 99999 99999 99999 99999 99999 99999 99999 99999 99999
TBILIS 1993 11 31 2 99999 99999 99999 99999 99999 99999 99999 99999 99999 99999 99999 99999
Cosmic-Ray Neutron Monitor Data (Hourly, Pressure-Corrected and Scale-Adjusted Counts)
Collections: WDC for Cosmic Rays, Solar-Terrestrial Environment Laboratory, Nagoya Univ.
Data Access: http://center.stelab.nagoya-u.ac.jp/WDCCR/index.html
Project: ICSU WDC
Citation: WDC for Cosmic Rays, Solar-Terrestrial Environment Laboratory, Nagoya University
Station ID: TBILIS
Station:  TBILISI,GIORGIA,INSTITUT GEOPHYSIKY (IG), GIORGIAN ACADEMY OF SCIENCES,GIORGIA 
Instrument: 18-NM-64 NEUTRON MONITOR, CORRECTED FOR PRESSURE TO 950.0  MB, COEF.=-0.690 %/MB
Latitude (deg.):   41.72  Longitude (deg.):   44.80  Altitude (m):  510.00
Cut-Off Rigidity (GV):    6.91
Year: 1993  Month:  12
Scaling Factor (SF):    64.0   Constant (CONST):     0.0  Real Counts = (DATA + CONST)*SF
Temporal Resolution: 1 hour
UTC Start Hour:     0.0
DATA FILE IS PREPARED BY IZMIRAN (ftp://cr0.izmiran.rssi.ru/Cosray!/FTP_NM/C/)  
 Updated by IZMIRAN on 20001101                         
Monthly Average:  8587.6
Updated (YYYY MM DD): 2013 12 12
*******************************************************************************************
ID     YYYY MM DD 1     0     1     2     3     4     5     6     7     8     9    10    11
ID     YYYY MM DD 2    12    13    14    15    16    17    18    19    20    21    22    23
*******************************************************************************************
TBILIS 1993 12 01 1 99999 99999 99999 99999 99999 99999 99999 99999 99999 99999 99999 99999
TBILIS 1993 12 01 2 99999 99999 99999 99999 99999 99999 99999 99999 99999 99999 99999 99999
TBILIS 1993 12 02 1 99999 99999 99999 99999 99999 99999 99999  8552  8592  8553  8588  8579
TBILIS 1993 12 02 2 99999 99999 99999 99999 99999 99999 99999  8606  8603  8637  8585  8538
TBILIS 1993 12 03 1  8538  8542  8597  8547  8491  8495  8496  8477  8555  8566  8557  8551
TBILIS 1993 12 03 2  8548  8563  8558  8529  8536  8545  8537  8500  8506  8507  8483  8512
TBILIS 1993 12 04 1  8530  8516  8531  8520  8519  8502  8524  8500  8472  8510  8502  8519
TBILIS 1993 12 04 2  8506  8491  8492  8493  8477  8514  8484  8445  8427  8515  8547  8531
TBILIS 1993 12 05 1  8547 99999 99999 99999 99999 99999 99999 99999 99999 99999 99999 99999
TBILIS 1993 12 05 2 99999 99999 99999 99999 99999  8514  8527  8503  8540  8545  8562  8502
TBILIS 1993 12 06 1  8517  8491  8493  8487  8506  8486  8459  8501 99999 99999 99999 99999
TBILIS 1993 12 06 2  8482  8540  8558  8521  8541  8538  8545  8555  8503  8506  8487  8483
TBILIS 1993 12 07 1  8470  8506  8519  8519  8545 99999 99999 99999 99999 99999 99999 99999
TBILIS 1993 12 07 2 99999 99999 99999 99999 99999 99999  8591  8632  8642  8667  8603  8609
TBILIS 1993 12 08 1  8532  8532  8481  8516  8476  8706 99999 99999  8501  8523 99999 99999
TBILIS 1993 12 08 2 99999 99999 99999 99999 99999 99999 99999 99999 99999 99999 99999 99999
TBILIS 1993 12 09 1 99999 99999 99999 99999 99999 99999 99999 99999 99999 99999 99999 99999
TBILIS 1993 12 09 2 99999 99999 99999 99999 99999 99999 99999  8587  8546  8574  8630  8564
TBILIS 1993 12 10 1  8534  8530  8500  8544 99999 99999 99999 99999  8533  8570  8577  8626
TBILIS 1993 12 10 2  8589  8616  8556  8595  8586  8553  8628  8599  8584  8607  8591  8563
TBILIS 1993 12 11 1  8614  8579  8604  8606  8601  8591  8561  8555  8571  8515  8552  8576
TBILIS 1993 12 11 2  8601  8602  8575  8541  8569  8591  8581  8590  8554  8563  8567  8556
TBILIS 1993 12 12 1  8551  8599  8618  8579  8601  8560  8582  8574  8579  8549  8598  8629
TBILIS 1993 12 12 2  8623  8654  8613  8620  8621 99999 99999 99999  8581  8614  8577  8589
TBILIS 1993 12 13 1  8596  8627  8620  8592  8636  8587  8607  8584  8618  8649  8699  8713
TBILIS 1993 12 13 2  8736  8725 99999 99999 99999 99999 99999 99999 99999 99999 99999 99999
TBILIS 1993 12 14 1 99999 99999 99999 99999 99999 99999 99999 99999 99999 99999 99999 99999
TBILIS 1993 12 14 2 99999 99999 99999  8542  8682  8646  8612  8624  8622  8554  8540  8562
TBILIS 1993 12 15 1  8512  8558  8545  8571  8543  8567  8599  8598  8561  8613  8687  8658
TBILIS 1993 12 15 2  8697  8710  8665  8644  8685  8678  8668  8666  8626  8664  8663  8615
TBILIS 1993 12 16 1  8612  8634  8599  8594  8574  8613  8677  8570  8600  8613  8670  8648
TBILIS 1993 12 16 2  8636  8629  8695  8636  8631  8628  8666  8649  8674  8639  8604  8574
TBILIS 1993 12 17 1  8611  8599  8590  8587  8577  8608  8597  8591  8559  8591  8643  8662
TBILIS 1993 12 17 2  8644  8637  8616  8641  8624  8631  8632  8658  8563  8623  8616  8639
TBILIS 1993 12 18 1  8676  8650  8642  8599  8582  8554  8624  8619  8639  8646  8603  8650
TBILIS 1993 12 18 2  8641  8644  8585  8618  8587  8569  8577  8573  8574  8636  8576  8534
TBILIS 1993 12 19 1  8617  8593  8633  8586  8616  8629  8594  8542  8609  8621  8574  8614
TBILIS 1993 12 19 2  8640  8660  8644  8643  8615  8641  8598  8593  8566  8572  8582  8585
TBILIS 1993 12 20 1  8610  8575  8568  8550  8569  8561  8552  8519  8562  8556  8595  8600
TBILIS 1993 12 20 2  8577  8624  8607  8627  8577  8589  8592  8609  8599  8637  8599  8638
TBILIS 1993 12 21 1  8615  8633  8594  8593  8548  8472  8505  8483  8460  8471  8506  8550
TBILIS 1993 12 21 2  8570  8548  8524  8520  8502  8525  8515  8519  8532  8502  8571  8558
TBILIS 1993 12 22 1  8552  8534  8491  8537  8510  8496  8536  8470  8454  8463  8532  8577
TBILIS 1993 12 22 2  8559  8556  8583  8571  8567  8560  8598  8591  8603  8563  8606  8583
TBILIS 1993 12 23 1  8607  8569  8602  8599  8572  8549  8563  8491  8548  8554  8588  8566
TBILIS 1993 12 23 2  8602  8640  8624  8595  8608  8645  8670  8679  8658  8627  8593  8591
TBILIS 1993 12 24 1  8558  8542  8562  8540  8562  8585  8555  8606  8562  8591  8608  8596
TBILIS 1993 12 24 2  8610  8593  8595  8573  8639  8602  8640  8603  8631  8592  8603  8597
TBILIS 1993 12 25 1  8634  8601  8594  8589  8569  8572  8536  8537  8527 99999 99999 99999
TBILIS 1993 12 25 2  8625  8630  8627  8623  8642  8612  8643  8643  8649  8666  8671  8615
TBILIS 1993 12 26 1  8606  8643  8610  8577  8586  8533  8514  8501  8542  8547  8554  8611
TBILIS 1993 12 26 2  8593  8617  8615  8617  8633  8598  8610  8558  8613  8608  8593  8599
TBILIS 1993 12 27 1  8589  8581  8582  8582  8575  8534  8535  8528  8513  8573  8629  8644
TBILIS 1993 12 27 2  8620  8629  8654  8684  8636  8644  8629  8626  8604  8613  8597  8608
TBILIS 1993 12 28 1  8580  8566  8597  8630  8591  8574  8585  8593  8582  8593  8636  8663
TBILIS 1993 12 28 2  8658  8670  8706  8653  8663  8656  8591  8604  8573  8561  8575  8556
TBILIS 1993 12 29 1  8548  8576  8556  8560 99999 99999 99999 99999 99999  8603  8609  8630
TBILIS 1993 12 29 2  8648  8648  8588  8629  8657  8657  8646  8647  8631  8598  8602  8573
TBILIS 1993 12 30 1  8587  8627  8589  8624  8597  8635  8610  8600  8660  8662  8694  8716
TBILIS 1993 12 30 2  8704  8731  8731  8748  8676  8666  8659  8678  8626  8630  8607  8572
TBILIS 1993 12 31 1  8582  8610  8584  8540  8557  8568  8571  8628  8657  8682  8708  8685
TBILIS 1993 12 31 2  8674  8631  8599  8625  8649  8647  8651  8625  8626  8635  8650  8618
