Cosmic-Ray Neutron Monitor Data (Hourly, Pressure-Corrected and Scale-Adjusted Counts)
Collections: WDC for Cosmic Rays, Solar-Terrestrial Environment Laboratory, Nagoya Univ.
Data Access: http://center.stelab.nagoya-u.ac.jp/WDCCR/index.html
Project: ICSU WDC
Citation: WDC for Cosmic Rays, Solar-Terrestrial Environment Laboratory, Nagoya University
Station ID: TBILIS
Station:  TBILISI,GIORGIA,INSTITUT GEOPHYSIKY (IG), GIORGIAN ACADEMY OF SCIENCES,GIORGIA 
Instrument:  18 NM-64 NEUTRON MONITOR, CORRECTED FOR PRESSURE TO 950.0  MB,COEF.=-0.690 %/MB
Latitude (deg.):   41.72  Longitude (deg.):   44.80  Altitude (m):  510.00
Cut-Off Rigidity (GV):    6.91
Year: 1997  Month:   1
Scaling Factor (SF):    64.0   Constant (CONST):     0.0  Real Counts = (DATA + CONST)*SF
Temporal Resolution: 1 hour
UTC Start Hour:     0.0
DATA FILE IS PREPARED BY IZMIRAN (ftp://cr0.izmiran.rssi.ru/Cosray!/FTP_NM/C/)  
 Updated by IZMIRAN on 20010409                         
Monthly Average:  8727.6
Updated (YYYY MM DD): 2013 12 12
*******************************************************************************************
ID     YYYY MM DD 1     0     1     2     3     4     5     6     7     8     9    10    11
ID     YYYY MM DD 2    12    13    14    15    16    17    18    19    20    21    22    23
*******************************************************************************************
TBILIS 1997 01 01 1  8605  8627  8632  8651  8644  8635  8667  8676  8722  8713  8711  8684
TBILIS 1997 01 01 2  8696  8695  8657  8613  8620  8664  8667  8644  8676  8683  8639  8623
TBILIS 1997 01 02 1  8630  8647  8664  8638  8698  8657  8643  8647  8646  8657  8674  8640
TBILIS 1997 01 02 2  8616  8602  8714  8596  8657  8671  8675  8659  8648  8675  8662  8621
TBILIS 1997 01 03 1  8642  8696  8652  8640  8662  8642  8613  8616  8647  8640  8680  8670
TBILIS 1997 01 03 2  8661  8672  8666  8672  8693  8684  8685  8677  8662  8688  8702  8712
TBILIS 1997 01 04 1  8736  8704  8731  8730  8659  8670  8672  8690  8750  8764  8701  8737
TBILIS 1997 01 04 2  8688  8712  8748  8707  8693  8712  8726  8726  8719  8718  8713  8722
TBILIS 1997 01 05 1  8733  8730  8723  8701  8685  8709  8707  8683  8706  8700  8684  8668
TBILIS 1997 01 05 2  8673  8705  8695  8681  8659  8672  8687  8669  8663  8664  8658  8633
TBILIS 1997 01 06 1  8647  8639  8645  8642  8702  8679  8669  8659  8659  8672  8683  8687
TBILIS 1997 01 06 2  8695  8697  8688  8687  8680  8689  8740  8710  8733  8779  8782  8716
TBILIS 1997 01 07 1  8756  8745  8737  8795  8798  8764  8735  8714  8783  8714  8706  8712
TBILIS 1997 01 07 2  8711  8712  8708  8695  8722  8711  8705  8701  8687  8684  8670  8663
TBILIS 1997 01 08 1  8721  8703  8704  8662  8687  8696  8651  8664  8728  8726  8734  8710
TBILIS 1997 01 08 2  8729  8718  8664  8685  8696  8717  8720  8688  8717  8695  8648  8652
TBILIS 1997 01 09 1  8673  8632  8712  8682  8670  8701  8688  8667  8724  8777  8740  8724
TBILIS 1997 01 09 2  8738  8709  8719  8700  8720  8687  8707  8703  8676  8693  8673  8720
TBILIS 1997 01 10 1  8695  8720  8749  8729  8724  8662  8677  8748  8723  8729  8720  8824
TBILIS 1997 01 10 2  8785  8759  8775  8786  8752  8779  8822  8789  8790  8794  8792  8796
TBILIS 1997 01 11 1  8793  8769 99999 99999  8774  8759  8752  8721  8699  8707  8743  8734
TBILIS 1997 01 11 2  8712  8711  8690  8667  8700  8685  8724  8735  8706  8665  8682  8683
TBILIS 1997 01 12 1  8672  8693  8680  8710  8700  8716  8717  8729  8721  8712  8719  8705
TBILIS 1997 01 12 2  8739  8694  8670  8706  8693  8695  8705  8716  8688  8665  8696  8648
TBILIS 1997 01 13 1  8696  8678  8707  8696  8744  8693  8656  8673  8674  8736  8712  8686
TBILIS 1997 01 13 2  8687  8692  8701  8735  8711  8704  8670  8679  8720  8717  8707  8701
TBILIS 1997 01 14 1  8737  8727  8747  8690  8738  8765  8763  8717  8739  8762  8789  8758
TBILIS 1997 01 14 2  8750  8726  8717  8719  8721  8725  8726  8713  8717  8766  8753  8750
TBILIS 1997 01 15 1  8789  8771  8791  8827  8800  8765  8777  8768  8758  8763  8761  8788
TBILIS 1997 01 15 2  8783  8758  8749  8746  8693  8739  8726  8731  8740  8773  8777  8752
TBILIS 1997 01 16 1  8748  8768  8780  8762  8786  8749  8777  8764  8776  8814  8821  8810
TBILIS 1997 01 16 2  8780  8773  8775  8763  8770  8758  8739  8747  8770  8783  8759  8774
TBILIS 1997 01 17 1  8785  8754  8795  8766  8786  8775  8773  8781  8775  8778  8815  8787
TBILIS 1997 01 17 2  8785  8773  8788  8785  8793  8787  8781  8761  8771  8798  8768  8751
TBILIS 1997 01 18 1  8735  8810  8800  8855  8829  8841  8849  8846  8862  8860  8869  8847
TBILIS 1997 01 18 2  8799  8805  8786  8801  8825  8820  8790  8821  8782  8830  8775  8805
TBILIS 1997 01 19 1  8815  8814  8780  8783  8784  8770  8815  8753  8780  8785  8759  8787
TBILIS 1997 01 19 2  8778  8781  8763  8825  8802  8779  8806  8797  8785  8833  8776  8756
TBILIS 1997 01 20 1  8806  8795  8792  8806  8762  8750  8757  8748  8792  8785  8831  8826
TBILIS 1997 01 20 2  8770  8769  8776  8784  8816  8767  8746  8758  8824  8804  8799  8825
TBILIS 1997 01 21 1  8789  8790  8815  8803  8819  8821  8789  8808  8802  8812  8814  8762
TBILIS 1997 01 21 2  8731  8747  8768  8773  8786  8780 99999 99999 99999 99999 99999 99999
TBILIS 1997 01 22 1 99999 99999 99999 99999 99999 99999 99999 99999 99999 99999 99999 99999
TBILIS 1997 01 22 2 99999 99999 99999 99999 99999 99999 99999 99999 99999 99999 99999 99999
TBILIS 1997 01 23 1 99999 99999 99999 99999 99999 99999 99999 99999 99999 99999 99999 99999
TBILIS 1997 01 23 2 99999 99999 99999 99999  8677  8724  8733  8713  8714  8711  8710  8711
TBILIS 1997 01 24 1  8725  8727  8745  8737  8707  8726  8727  8680  8683  8739  8723  8688
TBILIS 1997 01 24 2  8747  8785  8762  8725  8763  8776  8765  8775  8762  8825  8843  8788
TBILIS 1997 01 25 1  8799  8807  8819  8787  8747  8749  8705  8778  8686  8740  8705  8770
TBILIS 1997 01 25 2  8760  8802  8738  8765  8763  8787  8725  8729  8736  8764  8802  8756
TBILIS 1997 01 26 1  8741  8743  8726  8710  8704  8710  8733  8710  8729  8750  8764  8720
TBILIS 1997 01 26 2  8720  8759  8747  8758  8723  8698  8722  8723  8714  8744  8753  8703
TBILIS 1997 01 27 1  8764  8763  8744  8685  8688  8678  8709  8741  8702  8739  8754  8693
TBILIS 1997 01 27 2  8718  8721  8683  8733  8687  8714  8719  8693  8735  8738  8687  8701
TBILIS 1997 01 28 1  8725  8731  8682  8716  8673  8669  8666  8697  8699  8776  8762  8696
TBILIS 1997 01 28 2  8770  8713  8711  8686  8678  8673  8687  8674  8730  8709  8717  8709
TBILIS 1997 01 29 1  8728  8714  8746  8740  8752  8723  8748  8738  8742  8705  8759  8730
TBILIS 1997 01 29 2  8710  8677  8703  8677  8712  8742  8673  8722  8692  8715  8665  8712
TBILIS 1997 01 30 1  8709  8695  8679  8655  8663  8672  8678  8705  8709 99999 99999 99999
TBILIS 1997 01 30 2 99999 99999 99999 99999 99999  8721  8733  8729  8716  8761  8741  8680
TBILIS 1997 01 31 1  8694  8724  8742  8735  8706  8737  8732  8731  8724  8737  8740  8747
TBILIS 1997 01 31 2  8727  8727  8737  8712  8730  8750  8729  8752  8761  8781  8773  8767
Cosmic-Ray Neutron Monitor Data (Hourly, Pressure-Corrected and Scale-Adjusted Counts)
Collections: WDC for Cosmic Rays, Solar-Terrestrial Environment Laboratory, Nagoya Univ.
Data Access: http://center.stelab.nagoya-u.ac.jp/WDCCR/index.html
Project: ICSU WDC
Citation: WDC for Cosmic Rays, Solar-Terrestrial Environment Laboratory, Nagoya University
Station ID: TBILIS
Station:  TBILISI,GIORGIA,INSTITUT GEOPHYSIKY (IG), GIORGIAN ACADEMY OF SCIENCES,GIORGIA 
Instrument:  18 NM-64 NEUTRON MONITOR, CORRECTED FOR PRESSURE TO 950.0  MB,COEF.=-0.690 %/MB
Latitude (deg.):   41.72  Longitude (deg.):   44.80  Altitude (m):  510.00
Cut-Off Rigidity (GV):    6.91
Year: 1997  Month:   2
Scaling Factor (SF):    64.0   Constant (CONST):     0.0  Real Counts = (DATA + CONST)*SF
Temporal Resolution: 1 hour
UTC Start Hour:     0.0
DATA FILE IS PREPARED BY IZMIRAN (ftp://cr0.izmiran.rssi.ru/Cosray!/FTP_NM/C/)  
 Updated by IZMIRAN on 20010409                         
Monthly Average:  8739.5
Updated (YYYY MM DD): 2013 12 12
*******************************************************************************************
ID     YYYY MM DD 1     0     1     2     3     4     5     6     7     8     9    10    11
ID     YYYY MM DD 2    12    13    14    15    16    17    18    19    20    21    22    23
*******************************************************************************************
TBILIS 1997 02 01 1  8759  8773  8748  8734  8679  8694  8697  8703  8726  8717  8709  8745
TBILIS 1997 02 01 2 99999 99999  8698  8699  8741  8702  8717  8678  8682  8671  8668  8675
TBILIS 1997 02 02 1 99999 99999 99999 99999 99999 99999 99999 99999 99999 99999 99999 99999
TBILIS 1997 02 02 2 99999 99999 99999 99999 99999 99999 99999 99999 99999 99999 99999 99999
TBILIS 1997 02 03 1 99999 99999 99999 99999 99999 99999 99999 99999 99999  8722  8723  8732
TBILIS 1997 02 03 2  8745  8751  8748  8746  8757  8736  8742  8744  8743  8750  8748  8756
TBILIS 1997 02 04 1  8769  8791  8723  8756  8709  8650  8671  8695  8708  8710  8753  8678
TBILIS 1997 02 04 2  8671  8659  8651  8629  8655  8653  8691  8684  8669  8712  8725  8787
TBILIS 1997 02 05 1  8722  8754  8753  8741  8729  8763  8738  8751  8733  8716  8692  8665
TBILIS 1997 02 05 2 99999 99999  8707  8658  8682  8673  8699  8721  8708  8692  8647  8652
TBILIS 1997 02 06 1  8688  8643  8646  8617 99999 99999 99999 99999 99999 99999 99999 99999
TBILIS 1997 02 06 2 99999 99999 99999 99999 99999 99999 99999 99999 99999 99999 99999 99999
TBILIS 1997 02 07 1 99999 99999 99999 99999 99999  8745  8740  8718 99999  8716  8693  8718
TBILIS 1997 02 07 2  8721  8696  8659  8706  8711  8669  8731  8782  8740  8678  8717  8696
TBILIS 1997 02 08 1  8716  8744  8717  8740  8696  8731  8713  8736  8747  8752  8763  8779
TBILIS 1997 02 08 2  8801  8818  8778  8771  8684  8713  8736  8729  8648  8698  8699  8691
TBILIS 1997 02 09 1  8726  8749  8748  8759  8746  8805  8802  8782  8758  8735  8711  8681
TBILIS 1997 02 09 2  8671  8677  8678  8683  8660  8679  8730  8715  8731  8745  8765  8779
TBILIS 1997 02 10 1  8812  8815  8798  8794  8771  8769  8714  8751  8753  8800  8771  8784
TBILIS 1997 02 10 2  8782  8777  8781  8785  8775  8743  8727  8736  8733  8773  8791  8753
TBILIS 1997 02 11 1  8750  8710  8700  8741  8717  8678  8712  8729  8771  8781  8786  8788
TBILIS 1997 02 11 2  8791  8777  8783  8791  8691  8694  8739  8760  8749  8758  8740  8748
TBILIS 1997 02 12 1  8765  8773  8782  8790  8772  8760  8777  8748  8763  8821  8771  8771
TBILIS 1997 02 12 2  8752  8770  8791  8793  8786  8783  8773  8761  8723  8722  8761  8756
TBILIS 1997 02 13 1  8794  8769  8759  8733  8725  8750  8773  8770  8819  8831  8794  8822
TBILIS 1997 02 13 2  8791  8827  8791  8768  8775  8794  8758  8774  8799  8764  8825  8753
TBILIS 1997 02 14 1  8770  8775  8775  8764  8748  8738  8741  8763  8792  8769  8786  8764
TBILIS 1997 02 14 2  8754  8737  8756  8779  8753  8757  8760  8774  8774  8756  8765  8789
TBILIS 1997 02 15 1  8801  8817  8767  8775  8763  8767  8766  8773  8777  8764  8745  8744
TBILIS 1997 02 15 2  8727  8747  8763  8756  8701  8754  8779  8805  8773  8766  8779  8758
TBILIS 1997 02 16 1  8768  8739  8746  8757  8719  8790  8716  8769  8771  8791  8810  8789
TBILIS 1997 02 16 2  8834  8807  8753  8765  8759  8728  8786  8773  8786  8827  8813  8782
TBILIS 1997 02 17 1  8775  8754  8745  8768  8777  8793  8794  8805  8812  8854  8832  8821
TBILIS 1997 02 17 2  8832  8771  8821  8829  8756  8771  8730  8764  8784  8693  8749  8742
TBILIS 1997 02 18 1  8741  8750  8786  8784  8786  8740  8796  8785  8805  8766  8802  8806
TBILIS 1997 02 18 2  8768  8778  8766  8775  8779  8776  8751  8763  8746  8750  8731  8728
TBILIS 1997 02 19 1  8708  8753  8712  8707  8660  8702  8661  8657  8665  8693  8703  8690
TBILIS 1997 02 19 2  8691  8699  8702  8678  8721  8709  8730  8753  8774  8770  8764  8778
TBILIS 1997 02 20 1  8786  8800  8734  8735  8719  8735  8731  8740  8760  8730  8737  8765
TBILIS 1997 02 20 2  8743  8752  8779  8760  8719  8753  8756  8731  8750  8779  8765  8699
TBILIS 1997 02 21 1  8727  8740  8763  8699  8675  8677  8681  8689  8706  8721  8736  8744
TBILIS 1997 02 21 2  8751  8736  8768  8763  8776  8766  8738  8754  8773  8749  8752  8778
TBILIS 1997 02 22 1  8797  8784  8774  8772  8777  8751  8717  8720  8774  8745  8732  8740
TBILIS 1997 02 22 2  8747  8732  8776  8741  8776  8817  8826  8840  8790  8809  8732  8798
TBILIS 1997 02 23 1  8740 99999 99999 99999  8766  8728  8730  8744  8723  8746  8763  8722
TBILIS 1997 02 23 2  8756  8763  8775  8767  8762  8746  8733  8750  8727  8714  8716  8701
TBILIS 1997 02 24 1  8723  8698  8663  8686  8672  8679  8680  8677  8683  8694  8683  8710
TBILIS 1997 02 24 2  8700  8691  8706  8712  8756  8692  8696  8740  8726  8693  8697  8727
TBILIS 1997 02 25 1  8724  8704  8669  8665  8671  8681  8666  8699  8680  8717  8700  8685
TBILIS 1997 02 25 2  8686  8678  8643  8664  8679  8704  8685  8721  8731  8732  8713  8754
TBILIS 1997 02 26 1  8756  8731  8713  8749  8740  8755  8753  8719  8704  8739  8726  8747
TBILIS 1997 02 26 2  8740  8767  8715  8708  8700  8693  8688  8717  8700  8723  8694  8741
TBILIS 1997 02 27 1  8769  8716  8756  8738  8760  8740  8746  8764  8736  8716  8729  8722
TBILIS 1997 02 27 2  8774  8772  8797  8762  8750  8723  8721  8755  8726  8759  8751  8804
TBILIS 1997 02 28 1  8787  8730  8713  8709  8702  8665  8686  8694  8700  8705  8738  8720
TBILIS 1997 02 28 2  8657  8646  8678  8629  8689  8681  8672  8699  8717  8701  8690  8730
TBILIS 1997 02 29 1 99999 99999 99999 99999 99999 99999 99999 99999 99999 99999 99999 99999
TBILIS 1997 02 29 2 99999 99999 99999 99999 99999 99999 99999 99999 99999 99999 99999 99999
TBILIS 1997 02 30 1 99999 99999 99999 99999 99999 99999 99999 99999 99999 99999 99999 99999
TBILIS 1997 02 30 2 99999 99999 99999 99999 99999 99999 99999 99999 99999 99999 99999 99999
TBILIS 1997 02 31 1 99999 99999 99999 99999 99999 99999 99999 99999 99999 99999 99999 99999
TBILIS 1997 02 31 2 99999 99999 99999 99999 99999 99999 99999 99999 99999 99999 99999 99999
Cosmic-Ray Neutron Monitor Data (Hourly, Pressure-Corrected and Scale-Adjusted Counts)
Collections: WDC for Cosmic Rays, Solar-Terrestrial Environment Laboratory, Nagoya Univ.
Data Access: http://center.stelab.nagoya-u.ac.jp/WDCCR/index.html
Project: ICSU WDC
Citation: WDC for Cosmic Rays, Solar-Terrestrial Environment Laboratory, Nagoya University
Station ID: TBILIS
Station:  TBILISI,GIORGIA,INSTITUT GEOPHYSIKY (IG), GIORGIAN ACADEMY OF SCIENCES,GIORGIA 
Instrument:  18 NM-64 NEUTRON MONITOR, CORRECTED FOR PRESSURE TO 950.0  MB,COEF.=-0.690 %/MB
Latitude (deg.):   41.72  Longitude (deg.):   44.80  Altitude (m):  510.00
Cut-Off Rigidity (GV):    6.91
Year: 1997  Month:   3
Scaling Factor (SF):    64.0   Constant (CONST):     0.0  Real Counts = (DATA + CONST)*SF
Temporal Resolution: 1 hour
UTC Start Hour:     0.0
DATA FILE IS PREPARED BY IZMIRAN (ftp://cr0.izmiran.rssi.ru/Cosray!/FTP_NM/C/)  
 Updated by IZMIRAN on 20010409                         
Monthly Average:  8749.5
Updated (YYYY MM DD): 2013 12 12
*******************************************************************************************
ID     YYYY MM DD 1     0     1     2     3     4     5     6     7     8     9    10    11
ID     YYYY MM DD 2    12    13    14    15    16    17    18    19    20    21    22    23
*******************************************************************************************
TBILIS 1997 03 01 1  8689  8718  8725  8682  8696  8680  8709  8773  8718  8692  8706  8680
TBILIS 1997 03 01 2  8714  8711  8733  8730  8735  8724  8732  8721  8726  8714  8703  8712
TBILIS 1997 03 02 1  8710  8702  8715  8693  8680  8690  8702  8695  8729  8694  8734  8722
TBILIS 1997 03 02 2  8726  8718  8721  8692  8743  8738  8724  8728  8740  8729  8712  8745
TBILIS 1997 03 03 1  8737  8715  8744  8716  8710  8700  8748  8749  8750  8741  8747  8728
TBILIS 1997 03 03 2  8730  8727  8712  8715  8705  8715  8715  8733  8752  8734  8730  8734
TBILIS 1997 03 04 1  8738  8706  8724  8677  8705  8678  8700  8720  8726  8738  8716  8742
TBILIS 1997 03 04 2  8746  8742  8746  8734  8740  8752  8749  8740  8716  8729  8730  8751
TBILIS 1997 03 05 1  8741  8734  8637  8719  8744  8737  8746  8771  8776  8793  8795  8762
TBILIS 1997 03 05 2  8757  8752  8747  8736  8738  8750  8758  8768  8769  8749  8737  8769
TBILIS 1997 03 06 1  8763  8738  8715  8725  8722  8714  8709  8763  8746  8739  8748  8817
TBILIS 1997 03 06 2  8759  8764  8773  8770  8748  8758  8740  8737  8726  8708  8683  8737
TBILIS 1997 03 07 1  8698  8680  8686  8677  8659  8675  8681  8693  8712  8749  8730  8696
TBILIS 1997 03 07 2  8706  8697  8740  8710  8681  8724  8707  8712  8711  8738  8741  8712
TBILIS 1997 03 08 1  8694  8672  8717  8695  8696  8686  8712  8766  8765 99999 99999  8733
TBILIS 1997 03 08 2  8728  8732  8720  8742  8698  8714  8708  8680  8717  8699  8679  8754
TBILIS 1997 03 09 1  8748  8728  8715  8739  8718  8744  8770  8818  8822  8828  8792  8825
TBILIS 1997 03 09 2  8842  8802  8848  8853  8770  8794  8780  8793  8776  8784  8775  8769
TBILIS 1997 03 10 1  8729  8731  8722  8785  8730  8749  8771  8786  8737  8770  8830  8809
TBILIS 1997 03 10 2  8789  8786  8790  8769  8714  8684  8680  8699  8710  8689  8679  8669
TBILIS 1997 03 11 1  8713  8677  8675  8698  8724  8713  8739  8732  8700  8782  8783  8730
TBILIS 1997 03 11 2  8790  8701  8717  8705  8693  8698  8679  8724  8658  8721  8734  8706
TBILIS 1997 03 12 1  8727  8712  8697  8706  8718  8771  8787  8749  8802  8790  8861  8892
TBILIS 1997 03 12 2  8820  8885  8814  8753  8792  8810  8806  8755  8799  8792  8781  8800
TBILIS 1997 03 13 1  8757  8772  8744  8736  8742  8718  8767  8786  8786  8808  8838  8827
TBILIS 1997 03 13 2  8815  8837  8805  8811  8784  8761  8813  8828  8775  8776  8798  8813
TBILIS 1997 03 14 1  8822  8801  8769  8767  8747  8769  8787  8797  8837  8814  8792  8807
TBILIS 1997 03 14 2  8774  8810  8803  8844  8837  8836  8852  8836  8817  8876  8862  8852
TBILIS 1997 03 15 1  8824  8812  8819  8823  8800  8814  8815  8810  8824  8848  8874  8854
TBILIS 1997 03 15 2  8876  8817  8813  8840  8843  8865  8846  8862  8850  8858  8855  8871
TBILIS 1997 03 16 1  8864  8849  8829  8852  8788  8806  8744  8741  8743  8774  8754  8777
TBILIS 1997 03 16 2  8706  8745  8736  8723  8728  8761  8786  8828  8806  8773  8833  8823
TBILIS 1997 03 17 1  8785  8779  8768  8754  8731  8702  8695  8756  8737  8729  8785  8733
TBILIS 1997 03 17 2  8767  8716  8720  8718  8771  8778  8769  8776  8788 99999 99999 99999
TBILIS 1997 03 18 1 99999 99999 99999 99999 99999 99999 99999 99999  8749  8782  8771  8764
TBILIS 1997 03 18 2  8746  8689  8749  8800  8763  8746  8793  8787  8760 99999 99999 99999
TBILIS 1997 03 19 1  8715  8705  8734  8757  8760  8776  8766  8771  8751  8771  8784  8780
TBILIS 1997 03 19 2  8796  8787  8754  8738  8742  8733  8734  8727  8757  8753  8752  8724
TBILIS 1997 03 20 1  8724  8767  8753  8707  8715  8706  8721  8718  8721  8743  8780  8772
TBILIS 1997 03 20 2  8777  8754  8790  8744  8743  8694  8701  8706  8716  8722  8723  8737
TBILIS 1997 03 21 1  8715  8696  8678  8689  8689  8731  8693  8743  8711  8689  8749  8750
TBILIS 1997 03 21 2  8713  8759  8753  8734  8728  8741  8758  8768  8767  8758  8744  8734
TBILIS 1997 03 22 1  8742  8730  8744  8725  8720  8703  8726  8769  8773  8783  8786  8777
TBILIS 1997 03 22 2  8728  8759  8774  8745  8756  8737  8750  8769  8761  8799  8767  8767
TBILIS 1997 03 23 1  8789  8754  8774  8749  8727  8755  8762  8772  8783  8792  8778  8798
TBILIS 1997 03 23 2  8754  8745  8753  8752  8742  8750  8744  8748  8764  8754  8787  8752
TBILIS 1997 03 24 1  8732  8725  8738  8736  8742  8720  8752  8758  8768  8750  8741  8749
TBILIS 1997 03 24 2  8760  8748  8746  8731  8747  8737  8732  8718  8724  8755  8745  8737
TBILIS 1997 03 25 1  8743  8695  8701  8707  8684  8690  8698  8723  8708  8725  8738  8744
TBILIS 1997 03 25 2  8749  8745  8758  8752  8748  8768  8781  8741  8752  8770  8736  8746
TBILIS 1997 03 26 1  8755  8742  8728  8776  8754  8743  8755  8757  8760  8769  8777  8782
TBILIS 1997 03 26 2  8729  8743  8743  8725  8770  8742  8784  8773  8771  8763  8765  8743
TBILIS 1997 03 27 1  8745  8740  8731  8726  8698  8723  8683  8707  8727  8759  8760  8733
TBILIS 1997 03 27 2  8767  8721  8757  8799  8773  8805  8829  8826  8838  8786  8750  8784
TBILIS 1997 03 28 1  8808  8767  8801  8794  8813  8779  8735  8739  8754  8738  8773  8759
TBILIS 1997 03 28 2  8752  8764  8759  8763  8739  8776  8844  8833  8831  8817  8852  8839
TBILIS 1997 03 29 1  8858  8788  8787  8721  8710  8709  8721  8742  8714  8751  8795  8700
TBILIS 1997 03 29 2  8735  8767  8753  8757  8722  8747  8746  8764  8727  8723  8701  8715
TBILIS 1997 03 30 1  8707  8733  8745  8720  8687  8715  8701  8724  8730  8743  8726  8735
TBILIS 1997 03 30 2  8707  8724  8700  8699  8673  8677  8721  8722  8734  8702  8715  8698
TBILIS 1997 03 31 1  8724  8699  8680  8680  8684  8725  8768  8768  8784  8744  8738  8753
TBILIS 1997 03 31 2  8764  8745  8741  8751  8685  8705  8731  8723  8677  8680  8701  8684
Cosmic-Ray Neutron Monitor Data (Hourly, Pressure-Corrected and Scale-Adjusted Counts)
Collections: WDC for Cosmic Rays, Solar-Terrestrial Environment Laboratory, Nagoya Univ.
Data Access: http://center.stelab.nagoya-u.ac.jp/WDCCR/index.html
Project: ICSU WDC
Citation: WDC for Cosmic Rays, Solar-Terrestrial Environment Laboratory, Nagoya University
Station ID: TBILIS
Station:  TBILISI,GIORGIA,INSTITUT GEOPHYSIKY (IG), GIORGIAN ACADEMY OF SCIENCES,GIORGIA 
Instrument:  18 NM-64 NEUTRON MONITOR, CORRECTED FOR PRESSURE TO 950.0  MB,COEF.=-0.690 %/MB
Latitude (deg.):   41.72  Longitude (deg.):   44.80  Altitude (m):  510.00
Cut-Off Rigidity (GV):    6.91
Year: 1997  Month:   4
Scaling Factor (SF):    64.0   Constant (CONST):     0.0  Real Counts = (DATA + CONST)*SF
Temporal Resolution: 1 hour
UTC Start Hour:     0.0
DATA FILE IS PREPARED BY IZMIRAN (ftp://cr0.izmiran.rssi.ru/Cosray!/FTP_NM/C/)  
 Updated by IZMIRAN on 20010409                         
Monthly Average:  8778.3
Updated (YYYY MM DD): 2013 12 12
*******************************************************************************************
ID     YYYY MM DD 1     0     1     2     3     4     5     6     7     8     9    10    11
ID     YYYY MM DD 2    12    13    14    15    16    17    18    19    20    21    22    23
*******************************************************************************************
TBILIS 1997 04 01 1  8741  8721  8736  8727  8684  8736  8734  8709  8706  8739  8723  8698
TBILIS 1997 04 01 2  8700  8699  8726  8754  8717  8726  8737  8680  8678  8678  8701  8718
TBILIS 1997 04 02 1  8699  8697  8724  8712  8712  8718  8727  8735  8769  8755  8772  8768
TBILIS 1997 04 02 2  8772  8828  8818  8779  8764  8799  8793  8789  8794  8767  8808  8744
TBILIS 1997 04 03 1  8778  8736  8735  8757  8745  8741  8763  8741  8749  8785  8763  8827
TBILIS 1997 04 03 2  8772  8806  8804  8816  8798  8815  8837  8804  8811  8847  8832  8753
TBILIS 1997 04 04 1  8749  8782  8768  8767  8769  8771  8782  8787  8795  8799  8823  8818
TBILIS 1997 04 04 2  8789  8820  8809  8855  8820  8836  8828  8814  8811  8832  8807  8864
TBILIS 1997 04 05 1  8828  8821  8848  8866  8872  8836  8803  8841  8822  8828  8888  8838
TBILIS 1997 04 05 2  8834  8856  8803  8836  8843  8820  8839  8844  8833  8824  8802  8850
TBILIS 1997 04 06 1  8828  8831  8833  8832  8842  8850  8850  8830  8838  8834  8843  8866
TBILIS 1997 04 06 2  8847  8863  8897  8842  8865  8875  8881  8894  8883  8830  8831  8874
TBILIS 1997 04 07 1  8859  8888  8825  8870  8861  8872  8874  8859  8885  8893  8865  8881
TBILIS 1997 04 07 2  8908  8902  8889  8895  8897  8884  8893  8909  8919  8882  8839  8876
TBILIS 1997 04 08 1  8878  8859  8842  8834 99999 99999 99999 99999  8921  8897  8914  8892
TBILIS 1997 04 08 2  8897  8872  8916  8942  8929  8920  8928  8940  8901  8896  8903  8916
TBILIS 1997 04 09 1  8928  8903  8899  8894  8892  8875  8882  8878  8892  8901  8876  8902
TBILIS 1997 04 09 2  8898 99999 99999 99999 99999  8890  8911  8898  8887  8903  8926  8883
TBILIS 1997 04 10 1  8878  8807  8838  8838  8851  8863  8892  8838  8874  8911  8870  8867
TBILIS 1997 04 10 2  8891  8883  8885  8849  8788  8714  8715  8689  8705  8675  8733  8694
TBILIS 1997 04 11 1  8691  8728  8744  8797  8788  8737  8750  8764  8772  8753  8753  8778
TBILIS 1997 04 11 2  8703  8692  8746  8652  8699  8663  8680  8689  8672  8688  8698  8736
TBILIS 1997 04 12 1  8746  8708  8712  8699  8690  8690  8689  8703  8731  8741  8748  8742
TBILIS 1997 04 12 2  8804  8794  8744  8777  8792  8749  8738  8767  8803  8752  8789  8747
TBILIS 1997 04 13 1  8759  8738  8747  8779  8789  8759  8736  8775  8786  8766  8764  8771
TBILIS 1997 04 13 2  8775  8768  8769  8784  8776  8787  8778  8761  8793  8786  8790  8776
TBILIS 1997 04 14 1  8764  8778  8758  8763  8767  8772  8775  8765  8760  8764  8762  8755
TBILIS 1997 04 14 2  8756  8761  8781  8790  8806  8801  8786  8794  8767  8765  8761  8766
TBILIS 1997 04 15 1  8780  8771  8770  8781  8768  8761  8790  8784  8768  8740  8750  8805
TBILIS 1997 04 15 2  8784  8786  8793  8773  8782  8764  8748  8742  8726  8767  8687  8701
TBILIS 1997 04 16 1  8744  8737  8717  8717  8741  8748  8742  8740  8744  8745  8731  8741
TBILIS 1997 04 16 2  8781  8734  8750  8744  8758  8749  8760  8773  8734  8768  8719  8750
TBILIS 1997 04 17 1  8703  8737  8770  8722  8734  8743  8761  8762  8788  8782  8797  8803
TBILIS 1997 04 17 2  8795  8763  8732  8728  8697  8706  8709  8684  8704  8750  8749  8730
TBILIS 1997 04 18 1  8750  8712  8717  8719  8681  8663  8687  8700  8689  8742  8754  8751
TBILIS 1997 04 18 2  8764  8751  8717  8763  8746  8764  8730  8745  8751  8754  8734  8776
TBILIS 1997 04 19 1  8732  8737  8713  8707  8698  8708  8705  8683  8739  8692  8733  8749
TBILIS 1997 04 19 2  8740  8712  8697  8701  8721  8726  8751  8741  8769  8742  8701  8737
TBILIS 1997 04 20 1  8695  8745  8712  8694  8672  8746  8724  8719  8708  8718  8719  8727
TBILIS 1997 04 20 2  8731  8757  8736  8759  8741  8719  8744  8703  8699  8721  8746  8761
TBILIS 1997 04 21 1  8718  8730  8773  8755  8762  8706  8733  8732  8762  8725  8712  8718
TBILIS 1997 04 21 2  8748  8767  8759  8769  8746  8805  8766  8782  8814  8821  8804  8823
TBILIS 1997 04 22 1  8812  8812  8788  8810  8819  8814  8758  8820  8830  8824  8752  8769
TBILIS 1997 04 22 2  8697  8757  8746  8717  8736  8786  8788  8786  8758  8790  8777  8799
TBILIS 1997 04 23 1  8805  8750  8731  8706  8717  8714  8710  8744  8768  8748  8755  8775
TBILIS 1997 04 23 2  8735  8772  8746  8764  8807  8784  8787  8780  8730  8763  8769  8782
TBILIS 1997 04 24 1  8775  8786  8759  8754  8769  8749  8754  8760  8753  8766  8776  8764
TBILIS 1997 04 24 2  8753  8757  8773  8804  8805  8780  8797  8802  8757  8806  8781  8780
TBILIS 1997 04 25 1  8770  8763  8770  8755  8712  8719  8766  8745  8780  8729  8772  8788
TBILIS 1997 04 25 2  8736  8795  8791  8777  8820  8807  8811  8803  8802  8814  8793  8755
TBILIS 1997 04 26 1  8770  8773  8754  8763  8743  8762  8797  8752  8799  8761  8754  8761
TBILIS 1997 04 26 2  8768  8771  8784  8806  8814  8759  8793  8781  8785  8755  8750  8786
TBILIS 1997 04 27 1  8772  8794  8807  8775  8766  8769  8762  8769  8773  8780  8775  8770
TBILIS 1997 04 27 2  8782  8718  8793  8776  8754  8749  8756  8782  8795  8758  8789  8787
TBILIS 1997 04 28 1  8784  8770  8765  8754  8746  8737  8763  8814  8805  8801  8772  8752
TBILIS 1997 04 28 2  8790  8765  8798  8740  8779  8718  8726  8822  8785  8796  8810  8788
TBILIS 1997 04 29 1  8792  8775  8785  8751  8778  8779  8787  8769  8780  8740  8816  8808
TBILIS 1997 04 29 2  8818  8798  8794  8757  8767  8755  8793  8786  8740  8766  8782  8772
TBILIS 1997 04 30 1  8754  8793  8794  8732  8754  8767  8810  8759  8769  8743  8739  8741
TBILIS 1997 04 30 2  8753  8773  8752  8763  8782  8754  8759  8810  8744  8750  8781  8766
TBILIS 1997 04 31 1 99999 99999 99999 99999 99999 99999 99999 99999 99999 99999 99999 99999
TBILIS 1997 04 31 2 99999 99999 99999 99999 99999 99999 99999 99999 99999 99999 99999 99999
Cosmic-Ray Neutron Monitor Data (Hourly, Pressure-Corrected and Scale-Adjusted Counts)
Collections: WDC for Cosmic Rays, Solar-Terrestrial Environment Laboratory, Nagoya Univ.
Data Access: http://center.stelab.nagoya-u.ac.jp/WDCCR/index.html
Project: ICSU WDC
Citation: WDC for Cosmic Rays, Solar-Terrestrial Environment Laboratory, Nagoya University
Station ID: TBILIS
Station:  TBILISI,GIORGIA,INSTITUT GEOPHYSIKY (IG), GIORGIAN ACADEMY OF SCIENCES,GIORGIA 
Instrument:  18 NM-64 NEUTRON MONITOR, CORRECTED FOR PRESSURE TO 950.0  MB,COEF.=-0.690 %/MB
Latitude (deg.):   41.72  Longitude (deg.):   44.80  Altitude (m):  510.00
Cut-Off Rigidity (GV):    6.91
Year: 1997  Month:   5
Scaling Factor (SF):    64.0   Constant (CONST):     0.0  Real Counts = (DATA + CONST)*SF
Temporal Resolution: 1 hour
UTC Start Hour:     0.0
DATA FILE IS PREPARED BY IZMIRAN (ftp://cr0.izmiran.rssi.ru/Cosray!/FTP_NM/C/)  
 Updated by IZMIRAN on 20001101                         
Monthly Average:  8740.1
Updated (YYYY MM DD): 2013 12 12
*******************************************************************************************
ID     YYYY MM DD 1     0     1     2     3     4     5     6     7     8     9    10    11
ID     YYYY MM DD 2    12    13    14    15    16    17    18    19    20    21    22    23
*******************************************************************************************
TBILIS 1997 05 01 1  8672  8636  8665  8670  8664  8725  8744  8768  8795  8707  8756  8705
TBILIS 1997 05 01 2  8717  8686  8704  8710  8718  8687  8732  8768  8747  8751  8747  8730
TBILIS 1997 05 02 1  8740  8737  8766  8729  8755  8798  8799  8785  8781  8813  8774  8785
TBILIS 1997 05 02 2  8773  8771  8790  8784  8748  8777  8802  8773  8729  8760  8791  8782
TBILIS 1997 05 03 1  8788  8796  8806  8782  8771  8751  8737  8790  8804  8785  8789  8824
TBILIS 1997 05 03 2  8750  8727  8740  8790  8797  8849  8830  8849  8841  8867  8818  8810
TBILIS 1997 05 04 1  8831  8830  8804  8771  8797  8784  8740  8761  8826  8817  8852  8827
TBILIS 1997 05 04 2  8860  8840  8816  8771  8787  8861  8798  8796  8755  8747  8767  8852
TBILIS 1997 05 05 1  8820  8773  8755  8733  8736  8773  8750  8843  8762  8767  8781  8811
TBILIS 1997 05 05 2  8776  8837  8818  8830  8783  8733  8727  8765  8750  8779  8712  8798
TBILIS 1997 05 06 1  8787  8746  8746  8766  8815  8797  8766  8828  8781  8849  8815  8780
TBILIS 1997 05 06 2  8751  8761  8775  8810  8828  8797  8817  8808  8808  8810  8797  8782
TBILIS 1997 05 07 1  8790  8765  8751  8775  8768  8754  8823  8781  8771  8810  8782  8760
TBILIS 1997 05 07 2  8782  8773  8816  8832  8813  8799  8808  8796  8775  8826  8799  8805
TBILIS 1997 05 08 1  8788  8798  8803  8791  8788  8773  8776  8753  8748  8792  8732  8787
TBILIS 1997 05 08 2  8788  8795  8797  8845  8876  8840  8811  8833  8817  8842  8848  8841
TBILIS 1997 05 09 1  8815  8802  8781  8767  8744  8694  8705  8761  8766  8827  8788  8841
TBILIS 1997 05 09 2  8831  8841  8823  8856  8849  8849  8811  8856  8863  8820  8796  8789
TBILIS 1997 05 10 1  8780  8751  8730  8754  8750  8774  8785  8756  8767  8748  8750  8783
TBILIS 1997 05 10 2  8731  8815  8790  8812  8770  8775  8792  8770  8744  8731  8723  8722
TBILIS 1997 05 11 1  8714  8721  8712  8723 99999 99999 99999 99999 99999 99999 99999 99999
TBILIS 1997 05 11 2 99999 99999 99999 99999 99999 99999 99999 99999 99999 99999 99999 99999
TBILIS 1997 05 12 1 99999 99999 99999 99999  8680  8654  8639  8617 99999 99999  8650  8644
TBILIS 1997 05 12 2  8675  8659  8665  8668  8681  8666  8637  8664  8670  8698  8695  8730
TBILIS 1997 05 13 1  8700  8704  8709  8676  8662  8670  8674  8680  8703  8681  8717  8667
TBILIS 1997 05 13 2  8726  8697  8668  8668  8686  8669  8715  8654  8690  8655  8731  8703
TBILIS 1997 05 14 1  8738  8711  8676  8644  8690  8691  8690  8679  8702  8696  8658  8688
TBILIS 1997 05 14 2  8693  8649  8640  8658  8644  8684  8636  8701  8733  8668  8712  8723
TBILIS 1997 05 15 1  8702  8716  8673  8680  8664  8653  8673  8810  8809  8773  8725  8741
TBILIS 1997 05 15 2  8791  8805  8862  8746  8686  8678  8686  8741  8745  8676  8670  8675
TBILIS 1997 05 16 1  8681  8707  8687  8626  8588  8628  8635  8643  8669  8638  8661  8672
TBILIS 1997 05 16 2  8686  8696  8709  8716  8711  8717  8711  8710  8718  8716  8736  8771
TBILIS 1997 05 17 1  8717  8730  8733  8719  8789  8693  8675  8688  8709  8694  8689  8733
TBILIS 1997 05 17 2  8726  8726  8736  8703  8718  8748  8726  8673  8701  8712  8687  8751
TBILIS 1997 05 18 1  8741  8753  8763  8744  8726  8741  8767  8763  8780  8769  8795  8799
TBILIS 1997 05 18 2  8763  8767  8732  8732  8740  8732  8690  8704  8717  8680  8703  8719
TBILIS 1997 05 19 1  8687  8698  8707  8723  8698  8748  8729  8741  8747  8729  8752  8760
TBILIS 1997 05 19 2  8746  8761  8722  8736  8768  8725  8721  8702  8709  8704  8709  8689
TBILIS 1997 05 20 1  8710  8732  8731  8727  8687  8726  8695  8700  8736  8710  8736  8733
TBILIS 1997 05 20 2  8748  8803  8759  8769  8754  8710  8694  8707  8750  8771  8754  8745
TBILIS 1997 05 21 1  8759  8745  8738  8752  8704  8716  8741  8755  8750  8736  8780  8736
TBILIS 1997 05 21 2  8745  8746  8704  8784  8781  8776  8754  8746  8731  8756  8738  8734
TBILIS 1997 05 22 1  8740  8708  8712  8710  8732  8745  8724  8734  8732  8701  8737  8751
TBILIS 1997 05 22 2  8670  8726  8733  8743  8724  8722  8689  8703  8711  8678  8712  8691
TBILIS 1997 05 23 1  8658  8651  8650  8675  8676  8730  8731  8708  8736  8729  8785  8752
TBILIS 1997 05 23 2  8759  8784  8782  8794  8765  8802  8731  8718  8711  8707  8683  8695
TBILIS 1997 05 24 1  8722  8667  8700  8702  8695  8717  8722  8719  8668  8688  8684  8704
TBILIS 1997 05 24 2  8740  8798  8766  8760  8738  8809  8791  8721  8741  8816  8810  8788
TBILIS 1997 05 25 1  8780  8790  8805  8791  8833  8741  8776  8776  8754  8788  8797  8750
TBILIS 1997 05 25 2  8763  8732  8761  8781  8727  8688  8710  8763  8722  8716  8745  8737
TBILIS 1997 05 26 1  8740  8738  8726  8727  8756  8723  8771  8707  8754  8715  8723  8655
TBILIS 1997 05 26 2  8698  8707  8675  8660  8644  8626  8637  8644  8654  8678  8657  8665
TBILIS 1997 05 27 1  8688  8722  8717  8753  8754  8781  8801  8802  8806  8789  8805  8808
TBILIS 1997 05 27 2  8795  8769  8801  8783  8811  8797  8776  8766  8776  8731  8739  8704
TBILIS 1997 05 28 1  8672  8715  8693  8672  8691  8678  8696  8701  8738  8747  8754  8740
TBILIS 1997 05 28 2  8725  8717  8724  8729  8678  8681  8672  8716  8700  8686  8672  8689
TBILIS 1997 05 29 1  8673  8680  8675  8683  8670  8661  8695  8710  8703  8727  8736  8702
TBILIS 1997 05 29 2  8710  8674  8708  8702  8673  8731  8703  8717  8660  8693  8676  8668
TBILIS 1997 05 30 1  8668  8683  8676  8676  8683  8763  8717  8681  8714  8709  8738  8718
TBILIS 1997 05 30 2  8790  8767  8777  8743  8739  8758  8763  8723  8719  8744  8704  8681
TBILIS 1997 05 31 1  8695  8707  8698  8674  8702  8673  8739  8711  8729  8756  8755  8740
TBILIS 1997 05 31 2  8782  8804  8780  8804  8801  8785  8771  8726  8765  8719  8702  8769
Cosmic-Ray Neutron Monitor Data (Hourly, Pressure-Corrected and Scale-Adjusted Counts)
Collections: WDC for Cosmic Rays, Solar-Terrestrial Environment Laboratory, Nagoya Univ.
Data Access: http://center.stelab.nagoya-u.ac.jp/WDCCR/index.html
Project: ICSU WDC
Citation: WDC for Cosmic Rays, Solar-Terrestrial Environment Laboratory, Nagoya University
Station ID: TBILIS
Station:  TBILISI,GIORGIA,INSTITUT GEOPHYSIKY (IG), GIORGIAN ACADEMY OF SCIENCES,GIORGIA 
Instrument:  18 NM-64 NEUTRON MONITOR, CORRECTED FOR PRESSURE TO 950.0  MB,COEF.=-0.690 %/MB
Latitude (deg.):   41.72  Longitude (deg.):   44.80  Altitude (m):  510.00
Cut-Off Rigidity (GV):    6.91
Year: 1997  Month:   6
Scaling Factor (SF):    64.0   Constant (CONST):     0.0  Real Counts = (DATA + CONST)*SF
Temporal Resolution: 1 hour
UTC Start Hour:     0.0
DATA FILE IS PREPARED BY IZMIRAN (ftp://cr0.izmiran.rssi.ru/Cosray!/FTP_NM/C/)  
 Updated by IZMIRAN on 20010409                         
Monthly Average:  8695.8
Updated (YYYY MM DD): 2013 12 12
*******************************************************************************************
ID     YYYY MM DD 1     0     1     2     3     4     5     6     7     8     9    10    11
ID     YYYY MM DD 2    12    13    14    15    16    17    18    19    20    21    22    23
*******************************************************************************************
TBILIS 1997 06 01 1  8694  8646  8667  8708  8700  8692  8698  8735  8751  8711  8773  8750
TBILIS 1997 06 01 2  8752  8733  8739  8730  8737  8740  8736  8731  8726  8725  8749  8724
TBILIS 1997 06 02 1  8678  8686  8705  8654  8654  8663  8684  8710  8722  8734  8746  8726
TBILIS 1997 06 02 2  8762  8744  8736  8728  8740  8733  8707  8715  8720  8739  8752  8777
TBILIS 1997 06 03 1  8749  8777  8752  8778  8725  8774  8789  8756  8783  8780  8795  8748
TBILIS 1997 06 03 2  8759  8770  8792  8766  8792  8763  8779  8780  8756  8760  8738  8720
TBILIS 1997 06 04 1  8739  8731  8736  8693  8747  8734  8747  8705  8762  8761  8778  8759
TBILIS 1997 06 04 2  8792  8774  8779  8822  8821  8796  8776  8771  8761  8750  8753  8790
TBILIS 1997 06 05 1  8775  8755  8707  8724  8744  8743  8759  8758  8789  8792  8785  8769
TBILIS 1997 06 05 2  8762  8776  8786  8791  8802  8807  8808  8813  8789  8752  8741  8723
TBILIS 1997 06 06 1  8752  8747  8775  8760  8748  8759  8755  8777  8755  8716  8796  8786
TBILIS 1997 06 06 2  8763  8762  8785  8750  8764  8750  8750  8739  8755  8777  8733  8754
TBILIS 1997 06 07 1  8733  8736  8753  8766  8765  8743  8767  8719  8671  8717  8696  8691
TBILIS 1997 06 07 2  8711  8740  8685  8675  8713  8680  8702  8707  8664  8661  8675  8659
TBILIS 1997 06 08 1  8617  8634  8626  8631  8614  8648  8639  8651  8622  8655  8662  8693
TBILIS 1997 06 08 2  8693  8702  8690  8717  8726  8673  8694  8717  8703  8765  8785  8795
TBILIS 1997 06 09 1  8762  8765  8792  8787  8752  8710  8727  8751  8756  8784  8767  8763
TBILIS 1997 06 09 2  8765  8777  8752  8763  8721  8739  8741  8739  8736  8740  8736  8702
TBILIS 1997 06 10 1  8709  8683  8685  8687  8691  8707  8749  8734  8706  8662  8679  8671
TBILIS 1997 06 10 2  8668  8667  8634  8660  8660  8635  8667  8655  8628  8643  8643  8669
TBILIS 1997 06 11 1  8636  8626  8663  8687  8680  8681  8665  8672  8669  8658  8634  8644
TBILIS 1997 06 11 2  8684  8710  8652  8615  8643  8617  8610  8625  8607  8592  8622  8650
TBILIS 1997 06 12 1  8685  8623  8631  8655  8689  8645  8662  8665  8681  8710  8720  8691
TBILIS 1997 06 12 2  8738  8718  8701  8727  8697  8699  8690  8703  8691  8666  8667  8643
TBILIS 1997 06 13 1  8662  8644  8631  8621  8667  8645  8658  8668  8631  8679  8646  8659
TBILIS 1997 06 13 2  8623  8651  8620  8641  8648  8634  8642  8651  8663  8690  8646  8637
TBILIS 1997 06 14 1  8637  8655  8654  8655  8638  8675  8695  8693  8664  8665  8690  8654
TBILIS 1997 06 14 2  8678  8683  8668  8694  8654  8669  8665  8693  8657  8648  8656  8626
TBILIS 1997 06 15 1  8636  8651  8642  8613  8609  8635  8607  8690  8680  8667  8710  8713
TBILIS 1997 06 15 2  8727  8737  8700  8711  8687  8663  8623  8691  8638  8615  8680  8666
TBILIS 1997 06 16 1  8660  8657  8638  8637  8683  8665  8682  8675  8725  8670  8714  8720
TBILIS 1997 06 16 2  8718  8710  8714  8719  8743  8684  8749  8723  8704  8721  8716  8709
TBILIS 1997 06 17 1  8686  8643  8677  8643  8677  8726  8707  8715  8713  8729  8719  8730
TBILIS 1997 06 17 2  8724  8695  8708  8728  8702  8710  8700  8709  8690  8662  8656  8673
TBILIS 1997 06 18 1  8643  8659  8675  8660  8696  8695  8678  8739  8730  8681  8710  8721
TBILIS 1997 06 18 2  8718  8738  8727  8694  8698  8696  8721  8738  8723  8678  8633  8702
TBILIS 1997 06 19 1  8703  8696  8675  8655  8645  8663  8636  8684  8685  8701  8721  8750
TBILIS 1997 06 19 2  8712  8739  8688  8677  8689  8704  8680  8712  8692  8717  8719  8740
TBILIS 1997 06 20 1  8741  8692  8738  8722  8729  8731  8740  8737  8721  8716  8715  8715
TBILIS 1997 06 20 2  8687  8704  8686  8721  8704  8681  8710  8670  8666  8685  8669  8664
TBILIS 1997 06 21 1  8679  8643  8633  8640  8635  8624  8649  8635  8664  8662  8675  8651
TBILIS 1997 06 21 2  8667  8691  8661  8657  8699  8697  8704  8691  8669  8671  8703  8669
TBILIS 1997 06 22 1  8662  8665  8662  8666  8664  8656  8678  8714  8695  8718  8711  8699
TBILIS 1997 06 22 2  8679  8724  8644  8656  8713  8667  8622  8608  8674  8651  8639  8619
TBILIS 1997 06 23 1  8609  8627  8682  8641  8687  8712  8699  8707  8701  8707  8683  8705
TBILIS 1997 06 23 2  8711  8699  8716  8721  8671  8664  8676  8704  8648  8679  8671  8648
TBILIS 1997 06 24 1  8632  8666  8690  8648  8661  8645  8682  8692  8700  8695  8671  8677
TBILIS 1997 06 24 2  8654  8657  8681  8638  8611  8661  8670  8656  8649  8631  8636  8603
TBILIS 1997 06 25 1  8628  8620  8598  8597  8630  8620  8636  8617  8673  8659  8649  8653
TBILIS 1997 06 25 2  8656  8665  8649  8660  8637  8651  8642  8635  8633  8634  8632  8622
TBILIS 1997 06 26 1  8621  8614  8631  8626  8611  8662  8660  8670  8658  8681  8653  8652
TBILIS 1997 06 26 2  8637  8695  8650  8700  8655  8680  8667  8657  8638  8629  8670  8643
TBILIS 1997 06 27 1  8637  8620  8645  8626  8603  8638  8660  8648  8660  8656  8697  8743
TBILIS 1997 06 27 2  8728  8672  8711  8686  8692  8706  8703  8662  8644  8663  8665  8671
TBILIS 1997 06 28 1  8645  8628  8667  8662  8650  8693  8686  8647  8700  8668  8721  8691
TBILIS 1997 06 28 2  8674  8667  8734  8750  8718  8726  8677  8715  8727  8699  8715  8692
TBILIS 1997 06 29 1  8701  8716  8721  8691  8691  8674  8705  8748  8703  8744  8718  8770
TBILIS 1997 06 29 2  8729  8732  8750  8730  8747  8747  8715  8666  8726  8710  8711  8705
TBILIS 1997 06 30 1  8718  8685  8728  8694  8700  8741  8749  8769  8751  8736  8689  8662
TBILIS 1997 06 30 2  8688  8726  8688  8696  8720  8737  8688  8721  8724  8715  8738  8694
TBILIS 1997 06 31 1 99999 99999 99999 99999 99999 99999 99999 99999 99999 99999 99999 99999
TBILIS 1997 06 31 2 99999 99999 99999 99999 99999 99999 99999 99999 99999 99999 99999 99999
Cosmic-Ray Neutron Monitor Data (Hourly, Pressure-Corrected and Scale-Adjusted Counts)
Collections: WDC for Cosmic Rays, Solar-Terrestrial Environment Laboratory, Nagoya Univ.
Data Access: http://center.stelab.nagoya-u.ac.jp/WDCCR/index.html
Project: ICSU WDC
Citation: WDC for Cosmic Rays, Solar-Terrestrial Environment Laboratory, Nagoya University
Station ID: TBILIS
Station:  TBILISI,GIORGIA,INSTITUT GEOPHYSIKY (IG), GIORGIAN ACADEMY OF SCIENCES,GIORGIA 
Instrument:  18 NM-64 NEUTRON MONITOR, CORRECTED FOR PRESSURE TO 950.0  MB,COEF.=-0.690 %/MB
Latitude (deg.):   41.72  Longitude (deg.):   44.80  Altitude (m):  510.00
Cut-Off Rigidity (GV):    6.91
Year: 1997  Month:   7
Scaling Factor (SF):    64.0   Constant (CONST):     0.0  Real Counts = (DATA + CONST)*SF
Temporal Resolution: 1 hour
UTC Start Hour:     0.0
DATA FILE IS PREPARED BY IZMIRAN (ftp://cr0.izmiran.rssi.ru/Cosray!/FTP_NM/C/)  
 Updated by IZMIRAN on 20010409                         
Monthly Average:  8756.3
Updated (YYYY MM DD): 2013 12 12
*******************************************************************************************
ID     YYYY MM DD 1     0     1     2     3     4     5     6     7     8     9    10    11
ID     YYYY MM DD 2    12    13    14    15    16    17    18    19    20    21    22    23
*******************************************************************************************
TBILIS 1997 07 01 1  8844  8834  8838  8814  8803  8824  8844  8848  8813  8825  8834  8793
TBILIS 1997 07 01 2  8792  8832  8813  8845  8805  8813  8839  8822  8845  8792  8821  8848
TBILIS 1997 07 02 1  8796  8793  8748  8770  8756  8769  8809  8822  8815  8823  8845  8811
TBILIS 1997 07 02 2  8808  8819  8808  8834  8833  8828  8798  8802  8814  8811  8788  8802
TBILIS 1997 07 03 1  8809  8807  8792  8761  8829  8831  8831  8829  8827  8808  8812  8811
TBILIS 1997 07 03 2  8753  8803  8801  8809  8801  8825  8815  8795  8825  8779  8760  8779
TBILIS 1997 07 04 1  8755  8731  8770  8778  8759  8738  8733  8780  8807  8812  8749  8776
TBILIS 1997 07 04 2  8738  8781  8787  8792  8792  8761  8771  8785  8744  8801  8790  8825
TBILIS 1997 07 05 1  8775  8793  8809  8757  8794  8783  8774  8806  8801  8810  8821  8815
TBILIS 1997 07 05 2  8760  8773  8779  8771  8788  8787  8746  8788  8728  8748  8761  8757
TBILIS 1997 07 06 1  8761  8744  8780  8750  8759  8793  8764  8747  8787  8743  8804  8766
TBILIS 1997 07 06 2  8781  8804  8780  8806  8780  8793  8786  8753  8758  8776  8779  8770
TBILIS 1997 07 07 1  8755  8760  8724  8698  8727  8698  8736  8727  8806  8756  8761  8775
TBILIS 1997 07 07 2  8782  8747  8793  8763  8765  8752  8721  8731  8745  8698  8704  8711
TBILIS 1997 07 08 1  8721  8696  8664  8692  8736  8767  8740  8732  8744  8733  8723  8694
TBILIS 1997 07 08 2  8698  8725  8747  8727  8763  8727  8739  8750  8745  8729  8711  8708
TBILIS 1997 07 09 1  8715  8691  8690  8667  8679  8721  8695  8691  8694  8710  8717  8721
TBILIS 1997 07 09 2  8728  8718  8740  8738  8748  8744  8736  8768  8773  8752  8716  8707
TBILIS 1997 07 10 1  8691  8688  8670  8683  8719  8711  8721  8708  8691  8723  8700  8712
TBILIS 1997 07 10 2  8701  8706  8706  8689  8725  8644  8663  8667  8629  8677  8718  8707
TBILIS 1997 07 11 1  8682  8644  8675  8686  8694  8727  8668  8709  8759  8724  8730  8766
TBILIS 1997 07 11 2  8766  8758  8752  8775  8743  8708  8727  8664  8676  8640  8683  8677
TBILIS 1997 07 12 1  8674  8687  8702  8713  8744  8714  8723  8728  8719  8741  8724  8733
TBILIS 1997 07 12 2  8754  8772  8747  8722  8756  8753  8767  8752  8727  8737  8713  8728
TBILIS 1997 07 13 1  8738  8739  8750  8766  8722  8725  8705  8677  8708  8684  8713  8699
TBILIS 1997 07 13 2  8728  8688  8690  8694  8673  8695  8680  8676  8689  8672  8692  8691
TBILIS 1997 07 14 1  8702  8744  8739  8709  8735  8706  8739  8721  8732  8726  8721  8707
TBILIS 1997 07 14 2  8736  8762  8717  8720  8725  8757  8754  8769  8750  8742  8750  8768
TBILIS 1997 07 15 1  8780  8745  8751  8719  8705  8712  8733  8695  8705  8779  8713  8741
TBILIS 1997 07 15 2  8734  8745  8737  8730  8764  8808  8780  8792  8768  8770  8779  8781
TBILIS 1997 07 16 1  8775  8779  8745  8760  8743  8756  8743  8723  8733  8736  8746  8738
TBILIS 1997 07 16 2  8775  8791  8805  8790  8742  8747  8736  8737  8712  8708  8711  8711
TBILIS 1997 07 17 1  8702  8776  8772  8764  8751  8789  8744  8760  8771  8750  8752  8732
TBILIS 1997 07 17 2  8736  8768  8765  8700  8733  8701  8731  8734  8729  8765  8746  8711
TBILIS 1997 07 18 1  8714  8736  8696  8691  8730  8713  8739  8753  8779  8746  8712  8717
TBILIS 1997 07 18 2  8733  8698  8738  8778  8731  8691  8737  8727  8750  8682  8726  8748
TBILIS 1997 07 19 1  8747  8701  8735  8719  8691  8719  8765  8754  8755  8735  8752  8763
TBILIS 1997 07 19 2  8759  8742  8754  8762  8787  8763  8764  8730  8728  8730  8689  8746
TBILIS 1997 07 20 1  8717  8744  8717  8712  8728  8727  8727  8706  8703  8720  8737  8764
TBILIS 1997 07 20 2  8717  8778  8736  8786  8747  8746  8735  8723  8744  8720  8712  8687
TBILIS 1997 07 21 1  8713  8710  8701  8706  8727  8750  8694  8703  8720  8705  8722  8699
TBILIS 1997 07 21 2  8724  8721  8751  8743  8722  8730  8742  8745  8766  8738  8704  8752
TBILIS 1997 07 22 1  8776  8756  8728  8726  8716  8750  8720  8765  8794  8745  8750  8759
TBILIS 1997 07 22 2  8751  8772  8772  8749  8759  8765  8727  8750  8778  8758  8720  8777
TBILIS 1997 07 23 1  8771  8744  8744  8756  8790  8780  8775  8771  8769  8774  8788  8799
TBILIS 1997 07 23 2  8755  8755  8735  8731  8728  8749  8780  8771  8779  8800 99999 99999
TBILIS 1997 07 24 1 99999 99999 99999  8701  8724  8763  8771  8785  8773  8774  8761  8717
TBILIS 1997 07 24 2  8751  8753  8758  8770  8763  8765  8736  8715  8752  8721  8746  8759
TBILIS 1997 07 25 1  8772  8729  8746  8742  8767  8727  8785  8739  8749  8750  8721  8723
TBILIS 1997 07 25 2  8780  8762  8743  8767  8776  8777  8760  8778  8793  8798  8772  8769
TBILIS 1997 07 26 1  8762  8752  8762  8721  8735  8777  8771  8756  8785  8774  8775  8781
TBILIS 1997 07 26 2  8783  8799  8784  8749  8750  8772  8742  8781  8750  8775  8750  8806
TBILIS 1997 07 27 1  8743  8726  8757  8773  8744  8778  8782  8809  8798  8863  8842  8829
TBILIS 1997 07 27 2  8833  8802  8846  8816  8835  8827  8796  8793  8764  8739  8783  8771
TBILIS 1997 07 28 1  8750  8785  8798  8779  8769  8830  8835  8824  8856  8821  8801  8819
TBILIS 1997 07 28 2  8797  8788  8819  8823  8796  8817  8802  8800  8779  8813  8808  8819
TBILIS 1997 07 29 1  8784  8773  8771  8766  8759  8750  8765  8756  8781  8768  8775  8783
TBILIS 1997 07 29 2  8790  8784  8803  8813  8805  8802  8824  8826  8778  8799  8818  8832
TBILIS 1997 07 30 1  8819  8799  8809  8763  8783  8816  8812  8805  8815  8859  8845  8857
TBILIS 1997 07 30 2  8819  8844  8822  8799  8796  8799  8796  8794  8806  8755  8771  8763
TBILIS 1997 07 31 1  8760  8782  8779  8768  8792  8822  8778  8829  8784  8834  8774  8753
TBILIS 1997 07 31 2  8746  8756  8747  8791  8787  8760  8769  8774  8755  8746  8739  8759
Cosmic-Ray Neutron Monitor Data (Hourly, Pressure-Corrected and Scale-Adjusted Counts)
Collections: WDC for Cosmic Rays, Solar-Terrestrial Environment Laboratory, Nagoya Univ.
Data Access: http://center.stelab.nagoya-u.ac.jp/WDCCR/index.html
Project: ICSU WDC
Citation: WDC for Cosmic Rays, Solar-Terrestrial Environment Laboratory, Nagoya University
Station ID: TBILIS
Station:  TBILISI,GIORGIA,INSTITUT GEOPHYSIKY (IG), GIORGIAN ACADEMY OF SCIENCES,GIORGIA 
Instrument:  18 NM-64 NEUTRON MONITOR, CORRECTED FOR PRESSURE TO 950.0  MB,COEF.=-0.690 %/MB
Latitude (deg.):   41.72  Longitude (deg.):   44.80  Altitude (m):  510.00
Cut-Off Rigidity (GV):    6.91
Year: 1997  Month:   8
Scaling Factor (SF):    64.0   Constant (CONST):     0.0  Real Counts = (DATA + CONST)*SF
Temporal Resolution: 1 hour
UTC Start Hour:     0.0
DATA FILE IS PREPARED BY IZMIRAN (ftp://cr0.izmiran.rssi.ru/Cosray!/FTP_NM/C/)  
 Updated by IZMIRAN on 20010409                         
Monthly Average:  8750.0
Updated (YYYY MM DD): 2013 12 12
*******************************************************************************************
ID     YYYY MM DD 1     0     1     2     3     4     5     6     7     8     9    10    11
ID     YYYY MM DD 2    12    13    14    15    16    17    18    19    20    21    22    23
*******************************************************************************************
TBILIS 1997 08 01 1  8722  8715  8697  8688  8728  8724  8690  8705  8731  8726  8706  8735
TBILIS 1997 08 01 2  8731  8705  8704  8718  8713  8696  8718  8738  8736  8713  8736  8683
TBILIS 1997 08 02 1  8664  8696  8663  8682  8725  8723  8759  8735  8718  8739  8737  8753
TBILIS 1997 08 02 2  8756  8738  8734  8728  8719  8783  8710  8747  8719  8680  8676  8707
TBILIS 1997 08 03 1  8713  8726  8723  8750  8713  8703  8738  8717  8744  8690  8700  8669
TBILIS 1997 08 03 2  8713  8692  8725  8761  8789  8840  8797  8780  8731  8738  8746  8766
TBILIS 1997 08 04 1  8743  8752  8738  8727  8735  8756  8734  8733  8743  8778  8804  8789
TBILIS 1997 08 04 2  8763  8812  8783  8808  8785  8783  8771  8785  8808  8769  8760  8758
TBILIS 1997 08 05 1  8771  8797  8755  8775  8741  8751  8740  8776  8712  8767  8735  8747
TBILIS 1997 08 05 2  8747  8768  8731  8747  8732  8682  8677  8699  8683  8699  8715  8705
TBILIS 1997 08 06 1  8715  8717  8730  8712  8739  8768  8756  8775  8779  8780  8770  8763
TBILIS 1997 08 06 2  8791  8801  8784  8766  8757  8715  8744  8731  8749  8718  8712  8738
TBILIS 1997 08 07 1  8731  8723  8729  8706  8703  8697  8702  8699  8705  8700  8696  8718
TBILIS 1997 08 07 2  8705  8734  8716  8737  8706  8696  8709  8753  8755  8712  8735  8721
TBILIS 1997 08 08 1  8724  8710  8718  8750  8737  8709  8682  8725  8696  8720  8739  8734
TBILIS 1997 08 08 2  8731  8745  8762  8777  8725  8760  8767  8744  8734  8739  8746  8786
TBILIS 1997 08 09 1  8752  8774  8710  8704  8718  8734  8705  8713  8767  8764  8714  8757
TBILIS 1997 08 09 2 99999 99999 99999  8764  8756  8750  8741  8738  8731  8722  8719  8721
TBILIS 1997 08 10 1  8732  8747  8719  8683  8710  8718  8709  8746  8711  8726  8721  8696
TBILIS 1997 08 10 2  8690  8699  8706  8722  8691  8676  8667  8656  8658  8659  8721  8684
TBILIS 1997 08 11 1  8667  8657  8672  8667  8685  8720  8712  8705  8752  8720  8728  8701
TBILIS 1997 08 11 2  8727  8717  8728  8705  8705  8669  8670  8692  8689  8673  8654  8704
TBILIS 1997 08 12 1  8694  8733  8724  8733  8753  8765  8741  8731  8749  8734  8745 99999
TBILIS 1997 08 12 2 99999 99999 99999 99999 99999 99999 99999  8703  8713  8739  8667  8732
TBILIS 1997 08 13 1  8710  8712  8757  8724  8749  8781  8780  8707  8737  8764  8770  8762
TBILIS 1997 08 13 2  8756  8756  8763  8761  8734  8725  8721  8736  8748  8722  8708  8731
TBILIS 1997 08 14 1  8742  8733  8756  8737  8743  8763  8794  8771  8804  8790  8839  8819
TBILIS 1997 08 14 2  8803  8799  8799  8781  8784  8768  8775  8735  8735  8764  8757  8710
TBILIS 1997 08 15 1  8739  8775  8762  8749  8736  8775  8734  8756  8796  8784  8783  8757
TBILIS 1997 08 15 2  8746  8778  8772  8765  8744  8755  8792  8785  8801  8762  8782  8785
TBILIS 1997 08 16 1  8779  8784  8763  8743  8733  8747  8752  8749  8724  8728  8813  8729
TBILIS 1997 08 16 2  8741  8743  8733  8736  8735  8774  8773  8737  8751  8765  8761  8763
TBILIS 1997 08 17 1  8783  8782  8773  8798  8731  8746  8742  8751  8771  8768  8793  8788
TBILIS 1997 08 17 2  8787  8777  8795  8789  8800  8768  8763  8773  8793  8800  8782  8787
TBILIS 1997 08 18 1  8802  8782  8803  8792  8781  8798  8797  8745  8774  8788  8775  8766
TBILIS 1997 08 18 2  8808  8748  8795  8782  8786  8792  8760  8757  8739  8715  8720  8764
TBILIS 1997 08 19 1  8746  8742  8768  8726  8731  8721  8734  8727  8745  8717  8729  8741
TBILIS 1997 08 19 2  8741  8728  8756  8789  8767  8765  8779  8792  8793  8777  8778  8742
TBILIS 1997 08 20 1  8745  8725  8722  8761  8731  8703  8726  8740  8757  8728  8743  8765
TBILIS 1997 08 20 2  8748  8781  8776  8796  8792  8775  8765  8777  8787  8726  8747  8729
TBILIS 1997 08 21 1  8749  8769  8715  8705  8739  8694  8729  8736  8728  8766  8759  8761
TBILIS 1997 08 21 2  8784  8790  8811  8782  8805  8790  8802  8802  8760  8783  8766  8810
TBILIS 1997 08 22 1  8777  8798  8759  8808  8721  8744  8704  8727  8747  8767  8774  8755
TBILIS 1997 08 22 2  8753  8731  8764  8752  8755  8767  8766  8756  8774  8754  8762  8732
TBILIS 1997 08 23 1  8776  8744  8741  8768  8771  8724  8771  8782  8793  8756  8793  8795
TBILIS 1997 08 23 2  8806  8786  8790  8764  8766  8782  8800  8791  8754  8729  8774  8756
TBILIS 1997 08 24 1  8736  8729  8725  8750  8728  8765  8765  8764  8776  8797  8834  8840
TBILIS 1997 08 24 2  8811  8825  8782  8778  8822  8788  8732  8726  8767  8745  8750  8761
TBILIS 1997 08 25 1  8722  8711  8724  8723  8722  8714  8698  8752  8759  8764  8772  8772
TBILIS 1997 08 25 2  8779  8743  8788  8750  8800  8756  8756  8740  8736  8730  8717  8745
TBILIS 1997 08 26 1  8760  8769  8735  8741  8720  8763  8771  8787  8772  8808  8814  8791
TBILIS 1997 08 26 2  8774  8804  8795  8773  8762  8749  8761  8782  8793  8757  8784  8794
TBILIS 1997 08 27 1  8764  8749  8749  8783  8734  8738  8686  8710  8760  8806  8735  8737
TBILIS 1997 08 27 2  8792  8756  8834  8791  8766  8799  8789  8806  8786  8737  8725  8736
TBILIS 1997 08 28 1  8741  8765  8764  8796  8828  8826  8754  8836  8782  8766  8738  8761
TBILIS 1997 08 28 2  8756  8734  8782  8712  8731  8741  8764  8767  8758  8813  8787  8815
TBILIS 1997 08 29 1  8797  8794  8803  8755  8768  8802  8757  8790  8795  8807  8804  8807
TBILIS 1997 08 29 2  8802  8774  8771  8815  8815  8802  8828  8834  8758  8773  8751  8745
TBILIS 1997 08 30 1  8718  8736  8754  8725  8726  8725  8729  8751  8734  8767  8799  8768
TBILIS 1997 08 30 2  8806  8826  8830  8824  8765  8805  8769  8819  8809  8763  8717  8675
TBILIS 1997 08 31 1  8685  8709  8688  8744  8684  8711  8727  8738  8725  8771  8762  8762
TBILIS 1997 08 31 2  8815 99999 99999  8807  8815  8771  8767  8778  8769  8732  8742  8745
Cosmic-Ray Neutron Monitor Data (Hourly, Pressure-Corrected and Scale-Adjusted Counts)
Collections: WDC for Cosmic Rays, Solar-Terrestrial Environment Laboratory, Nagoya Univ.
Data Access: http://center.stelab.nagoya-u.ac.jp/WDCCR/index.html
Project: ICSU WDC
Citation: WDC for Cosmic Rays, Solar-Terrestrial Environment Laboratory, Nagoya University
Station ID: TBILIS
Station:  TBILISI,GIORGIA,INSTITUT GEOPHYSIKY (IG), GIORGIAN ACADEMY OF SCIENCES,GIORGIA 
Instrument:  18 NM-64 NEUTRON MONITOR, CORRECTED FOR PRESSURE TO 950.0  MB,COEF.=-0.690 %/MB
Latitude (deg.):   41.72  Longitude (deg.):   44.80  Altitude (m):  510.00
Cut-Off Rigidity (GV):    6.91
Year: 1997  Month:   9
Scaling Factor (SF):    64.0   Constant (CONST):     0.0  Real Counts = (DATA + CONST)*SF
Temporal Resolution: 1 hour
UTC Start Hour:     0.0
DATA FILE IS PREPARED BY IZMIRAN (ftp://cr0.izmiran.rssi.ru/Cosray!/FTP_NM/C/)  
 Updated by IZMIRAN on 20001101                         
Monthly Average:  8737.4
Updated (YYYY MM DD): 2013 12 12
*******************************************************************************************
ID     YYYY MM DD 1     0     1     2     3     4     5     6     7     8     9    10    11
ID     YYYY MM DD 2    12    13    14    15    16    17    18    19    20    21    22    23
*******************************************************************************************
TBILIS 1997 09 01 1  8753  8769  8745  8729  8736  8754  8772  8772  8760  8730  8776  8766
TBILIS 1997 09 01 2  8765  8742  8753  8760  8730  8768  8724  8777  8789  8748  8768  8750
TBILIS 1997 09 02 1  8752  8777  8756  8747  8778  8772  8758  8760  8776  8790  8781  8792
TBILIS 1997 09 02 2  8789  8748  8748  8791  8793  8812  8799  8826  8700  8698  8731  8710
TBILIS 1997 09 03 1  8711  8737  8739  8786  8790  8779  8866  8776  8858  8846  8778  8791
TBILIS 1997 09 03 2  8760  8732  8714  8673  8673  8625  8628  8676  8701  8734  8751  8743
TBILIS 1997 09 04 1  8785  8703  8714  8722  8700  8710  8726  8696  8694  8758  8792  8725
TBILIS 1997 09 04 2  8720  8653  8648  8666  8698  8715  8744  8739  8719  8752  8735  8758
TBILIS 1997 09 05 1  8782  8775  8782  8723  8748  8753  8694  8713  8720  8707  8704  8731
TBILIS 1997 09 05 2  8707  8695  8691  8704  8707  8717  8722  8706  8687  8727  8696  8720
TBILIS 1997 09 06 1  8707  8680  8687  8687  8688  8721  8714  8709  8698  8668  8731  8707
TBILIS 1997 09 06 2  8698  8708  8670  8692  8715  8707  8711  8700  8698  8737  8709  8679
TBILIS 1997 09 07 1  8687  8660  8671  8664  8668  8731  8747  8734  8743  8744  8724  8694
TBILIS 1997 09 07 2  8732  8768  8720  8733  8740  8738  8729  8734  8712  8728  8699  8720
TBILIS 1997 09 08 1  8750  8728  8741  8720  8739  8715  8742  8749  8771  8758  8751  8728
TBILIS 1997 09 08 2  8724  8776  8755  8774  8789  8775  8786  8797  8802  8780 99999 99999
TBILIS 1997 09 09 1 99999 99999 99999  8731  8769  8739  8770  8759  8726  8741  8742  8780
TBILIS 1997 09 09 2  8771  8744  8729  8698  8715  8724  8707  8706  8722  8716  8782  8782
TBILIS 1997 09 10 1  8793  8774  8744  8765  8748  8732  8738  8775  8769  8780  8772  8796
TBILIS 1997 09 10 2  8775  8789  8791  8826  8776  8779  8750  8751  8748  8736  8769  8696
TBILIS 1997 09 11 1  8749  8699  8741 99999 99999  8758  8658  8677  8694  8725  8757  8801
TBILIS 1997 09 11 2  8805  8845  8819  8777  8767  8663  8704  8688  8679  8692  8706  8695
TBILIS 1997 09 12 1  8673  8707  8721  8780  8681  8707  8765  8759  8734  8776  8749  8769
TBILIS 1997 09 12 2  8744  8762  8736  8756  8802  8809  8826  8810  8782  8774  8805  8796
TBILIS 1997 09 13 1  8793  8785  8754  8775  8785  8758  8802  8793  8804  8762  8729  8734
TBILIS 1997 09 13 2  8775  8728  8699  8697  8708  8693  8755  8762  8758  8757  8741  8735
TBILIS 1997 09 14 1  8755  8760  8741  8731  8788  8747  8736  8813  8738  8786  8751  8752
TBILIS 1997 09 14 2  8753  8755  8812  8745  8782  8733  8725  8751  8775  8765  8763  8742
TBILIS 1997 09 15 1  8684  8693  8674  8691  8776  8745  8760  8741  8731  8742  8745  8810
TBILIS 1997 09 15 2  8766  8767  8777  8795  8745  8804  8795  8767  8845  8731  8701  8728
TBILIS 1997 09 16 1  8730  8733  8720  8786  8752  8721  8722  8703  8733  8758  8716  8768
TBILIS 1997 09 16 2  8751  8752  8719  8742  8766  8813  8763  8783  8733  8718  8738  8715
TBILIS 1997 09 17 1  8715  8718  8707  8729  8743  8727  8714  8713  8742  8739  8724  8725
TBILIS 1997 09 17 2  8697  8760  8747  8762  8723  8726  8769  8715  8730  8745  8743  8749
TBILIS 1997 09 18 1  8730  8684  8694  8680  8674  8672  8708  8679  8635  8601  8633  8641
TBILIS 1997 09 18 2  8660  8667  8609  8635  8649  8657  8642  8706  8636  8639  8623  8619
TBILIS 1997 09 19 1  8673  8629  8643  8659  8631  8636  8650  8658  8688  8671  8706  8708
TBILIS 1997 09 19 2  8740  8696  8653  8689  8663  8686  8724  8701  8695  8736  8707  8697
TBILIS 1997 09 20 1  8734  8720  8700  8720  8779  8718  8736  8747  8730  8737  8741  8782
TBILIS 1997 09 20 2  8768  8757  8715  8728  8746  8733  8750  8708  8732  8719  8737  8805
TBILIS 1997 09 21 1  8746  8725  8716  8734  8727  8710  8766  8788  8725  8780  8781  8830
TBILIS 1997 09 21 2  8810  8831  8819  8820  8839  8845  8810  8864  8777  8752  8738  8771
TBILIS 1997 09 22 1  8716  8724  8787  8800  8820  8848  8815  8795  8821  8817  8878  8857
TBILIS 1997 09 22 2  8809  8809  8835  8823  8784  8821  8851  8816  8791  8802  8831  8773
TBILIS 1997 09 23 1  8775  8742  8720  8721  8768  8727  8716  8741  8742  8744  8747  8776
TBILIS 1997 09 23 2  8757  8725  8750  8756  8752  8751  8708  8738  8716  8730  8723  8758
TBILIS 1997 09 24 1  8749  8709  8670  8678  8695  8664  8733  8666  8696  8730  8746  8708
TBILIS 1997 09 24 2  8795  8754  8723  8742  8746  8721  8741  8759  8739  8758  8745  8774
TBILIS 1997 09 25 1  8766  8727  8772  8743  8708  8722  8679  8688  8741  8784  8798  8752
TBILIS 1997 09 25 2  8788  8781  8780  8757  8753  8745  8751  8755  8752  8732  8745  8741
TBILIS 1997 09 26 1  8759  8722  8716  8678  8716  8735  8738  8723  8750  8731  8788  8801
TBILIS 1997 09 26 2  8737  8755  8702  8718  8724  8726  8725  8738  8711  8745  8710  8729
TBILIS 1997 09 27 1  8716  8698  8746  8728  8733  8730  8729  8771  8773  8772  8781  8793
TBILIS 1997 09 27 2  8757  8763  8753  8814  8802  8855  8810  8782  8773  8813  8741  8731
TBILIS 1997 09 28 1  8733  8704  8726  8744  8676  8736  8702  8686  8690  8729  8767  8774
TBILIS 1997 09 28 2  8810  8698  8732  8704  8726  8690  8672  8667  8681  8718  8679  8656
TBILIS 1997 09 29 1  8678  8680  8646  8672  8634  8629  8654  8646  8732  8727  8725  8726
TBILIS 1997 09 29 2  8745  8764  8747  8709  8759  8766  8723  8672  8698  8713  8712  8707
TBILIS 1997 09 30 1  8669  8694  8704  8710  8681  8715  8683  8724  8710  8732  8746  8731
TBILIS 1997 09 30 2  8723  8698  8716  8691  8771  8728  8724  8717  8732  8698  8721  8706
TBILIS 1997 09 31 1 99999 99999 99999 99999 99999 99999 99999 99999 99999 99999 99999 99999
TBILIS 1997 09 31 2 99999 99999 99999 99999 99999 99999 99999 99999 99999 99999 99999 99999
Cosmic-Ray Neutron Monitor Data (Hourly, Pressure-Corrected and Scale-Adjusted Counts)
Collections: WDC for Cosmic Rays, Solar-Terrestrial Environment Laboratory, Nagoya Univ.
Data Access: http://center.stelab.nagoya-u.ac.jp/WDCCR/index.html
Project: ICSU WDC
Citation: WDC for Cosmic Rays, Solar-Terrestrial Environment Laboratory, Nagoya University
Station ID: TBILIS
Station:  TBILISI,GIORGIA,INSTITUT GEOPHYSIKY (IG), GIORGIAN ACADEMY OF SCIENCES,GIORGIA 
Instrument:  18 NM-64 NEUTRON MONITOR, CORRECTED FOR PRESSURE TO 950.0  MB,COEF.=-0.690 %/MB
Latitude (deg.):   41.72  Longitude (deg.):   44.80  Altitude (m):  510.00
Cut-Off Rigidity (GV):    6.91
Year: 1997  Month:  10
Scaling Factor (SF):    64.0   Constant (CONST):     0.0  Real Counts = (DATA + CONST)*SF
Temporal Resolution: 1 hour
UTC Start Hour:     0.0
DATA FILE IS PREPARED BY IZMIRAN (ftp://cr0.izmiran.rssi.ru/Cosray!/FTP_NM/C/)  
 Updated by IZMIRAN on 20010409                         
Monthly Average:  8637.6
Updated (YYYY MM DD): 2013 12 12
*******************************************************************************************
ID     YYYY MM DD 1     0     1     2     3     4     5     6     7     8     9    10    11
ID     YYYY MM DD 2    12    13    14    15    16    17    18    19    20    21    22    23
*******************************************************************************************
TBILIS 1997 10 01 1  8592  8590  8616  8671  8629  8653  8655  8642  8699  8712  8703  8708
TBILIS 1997 10 01 2  8659  8716  8697  8719  8676  8633  8601  8619  8645  8635  8609  8616
TBILIS 1997 10 02 1  8592  8610  8584  8663  8607  8595  8614  8587  8569  8572  8589  8579
TBILIS 1997 10 02 2  8553  8470  8483  8505  8483  8514  8488  8531  8564  8583  8599  8578
TBILIS 1997 10 03 1  8574  8563  8597  8585  8580  8615  8583  8634  8659 99999 99999 99999
TBILIS 1997 10 03 2 99999 99999 99999 99999 99999 99999 99999 99999 99999 99999 99999 99999
TBILIS 1997 10 04 1 99999 99999 99999 99999  8711  8672  8626  8649  8626  8651  8622  8696
TBILIS 1997 10 04 2  8676  8671  8662  8671  8664  8674  8628  8636  8629  8630  8629  8625
TBILIS 1997 10 05 1  8592  8602  8641  8652  8639  8633  8671  8614  8648  8621  8628  8657
TBILIS 1997 10 05 2  8609  8630  8607  8634  8648  8634  8667  8649  8653  8660  8656  8645
TBILIS 1997 10 06 1  8632  8706  8690  8672  8623  8667  8626  8662  8658  8696  8662  8602
TBILIS 1997 10 06 2  8627  8636  8626  8649  8655  8681  8618  8697  8672  8671  8676  8694
TBILIS 1997 10 07 1  8629  8596  8623  8587  8580  8556  8549  8569  8579  8598  8645  8613
TBILIS 1997 10 07 2  8610  8611  8675  8663  8646  8629  8644  8647  8614  8629  8581  8578
TBILIS 1997 10 08 1  8550  8565  8557  8519  8544  8555  8578  8594  8611  8603  8653  8596
TBILIS 1997 10 08 2  8655  8617  8614  8607  8630  8622  8629  8597  8595  8584  8566  8603
TBILIS 1997 10 09 1  8609  8599  8596  8643  8724  8697  8690  8665  8651  8629  8645  8644
TBILIS 1997 10 09 2  8611  8611  8622  8591  8607  8615  8603  8618  8623  8585  8628  8633
TBILIS 1997 10 10 1  8653  8663  8645  8647  8606  8642  8629  8599  8618  8641  8635  8623
TBILIS 1997 10 10 2  8539  8509  8511  8514  8525  8535  8530  8539  8518  8598  8570  8609
TBILIS 1997 10 11 1  8605  8641  8616  8629  8586  8567  8590  8617  8600  8614  8611  8615
TBILIS 1997 10 11 2  8619  8668  8642  8617  8613  8657  8636  8645  8622  8634  8631  8600
TBILIS 1997 10 12 1  8601  8591  8588  8612  8607  8619  8624  8591  8605  8634  8617  8582
TBILIS 1997 10 12 2  8570  8586  8613  8573  8592  8574  8569  8588  8565  8567  8586  8548
TBILIS 1997 10 13 1  8564  8545  8541  8570  8616  8566  8653  8615  8622  8646  8624  8656
TBILIS 1997 10 13 2  8651  8654  8664  8656  8678  8708  8663  8693  8683  8652  8680  8628
TBILIS 1997 10 14 1  8641  8675  8659  8672  8624  8642  8635  8654  8669  8647  8664  8665
TBILIS 1997 10 14 2  8632  8707  8712  8704  8684  8702  8691  8697  8684  8673  8715  8702
TBILIS 1997 10 15 1  8699  8686  8742  8734  8693  8752  8724  8692  8696  8704  8693  8710
TBILIS 1997 10 15 2  8716  8747  8757  8746  8673  8697  8714  8718  8696  8696  8691  8674
TBILIS 1997 10 16 1  8688  8704  8696  8697  8623  8625  8653  8670  8675  8671  8680  8703
TBILIS 1997 10 16 2  8697  8690  8740  8683  8702  8704  8696  8700  8682  8672  8731  8697
TBILIS 1997 10 17 1  8691  8709  8707  8667  8696  8704  8723  8716  8727  8748  8765  8754
TBILIS 1997 10 17 2  8762  8774  8772  8769  8749  8730  8746  8741  8724  8681  8698  8669
TBILIS 1997 10 18 1  8681  8650  8662  8663  8687  8683  8680  8674  8704  8738  8730  8739
TBILIS 1997 10 18 2  8683  8698  8733  8744  8726  8696  8711  8688  8681  8712  8697  8689
TBILIS 1997 10 19 1  8676  8673  8672  8673  8647  8659  8673  8679  8651  8663  8673  8690
TBILIS 1997 10 19 2  8716  8728  8730  8699  8744  8720  8730  8732  8692  8706  8687  8691
TBILIS 1997 10 20 1  8721  8688  8709  8704  8691  8721  8682  8697  8692  8683  8670  8676
TBILIS 1997 10 20 2  8655  8671  8668  8671  8719  8707  8670  8694  8671  8655  8652  8645
TBILIS 1997 10 21 1  8654  8663  8699  8695  8678  8652  8639  8660  8677  8684  8671  8653
TBILIS 1997 10 21 2  8696  8701  8659  8673  8671  8706  8686  8685  8667  8669  8650  8625
TBILIS 1997 10 22 1  8597  8607  8606  8606  8596  8619  8649  8649  8695  8719  8751  8715
TBILIS 1997 10 22 2  8713  8717  8699  8697  8735  8696  8679  8648  8639  8625  8621  8654
TBILIS 1997 10 23 1  8705  8673  8705  8678  8657  8674  8693  8680  8688  8667  8645  8671
TBILIS 1997 10 23 2  8646  8690  8668  8670  8648  8656  8642  8623  8651  8642  8582  8626
TBILIS 1997 10 24 1  8645  8646  8686  8660  8689  8672  8629  8680  8645  8669  8616  8662
TBILIS 1997 10 24 2  8670  8668  8679  8659  8676  8677  8663  8627  8637  8613  8612  8591
TBILIS 1997 10 25 1  8611  8578  8582  8584  8576  8580  8607  8582  8541  8559  8599  8549
TBILIS 1997 10 25 2  8569  8564  8590  8559  8549  8569  8523  8533  8554  8550  8502  8564
TBILIS 1997 10 26 1  8539  8532  8512  8550  8527  8540  8552  8543  8570  8584  8554  8559
TBILIS 1997 10 26 2  8554  8513  8543  8517  8571  8566  8508  8540  8515  8530  8508  8536
TBILIS 1997 10 27 1  8556  8581  8564  8590  8574  8571  8585  8574  8581  8573  8510  8541
TBILIS 1997 10 27 2  8550  8513  8575  8591  8615  8605  8620  8634  8619  8603  8632  8625
TBILIS 1997 10 28 1  8572  8598  8582  8592  8627  8616  8564  8565  8579  8559  8594  8576
TBILIS 1997 10 28 2  8599  8598  8624  8627  8636  8653  8652  8658  8647  8664  8677  8647
TBILIS 1997 10 29 1  8611  8634  8588  8581  8567  8618  8579  8619  8614  8619  8616  8595
TBILIS 1997 10 29 2  8578  8562  8580  8619  8661  8626  8649  8698  8680  8685  8645  8651
TBILIS 1997 10 30 1  8629  8636  8632  8611  8624  8624  8607  8590  8648  8612  8671  8676
TBILIS 1997 10 30 2  8622  8641  8668  8646  8600  8591  8630  8674  8625  8585  8592  8565
TBILIS 1997 10 31 1  8577  8585  8603  8575  8617  8628  8635  8624  8642  8705  8698  8642
TBILIS 1997 10 31 2  8684  8647  8623  8676  8696  8677  8651  8691  8678  8673  8660  8620
Cosmic-Ray Neutron Monitor Data (Hourly, Pressure-Corrected and Scale-Adjusted Counts)
Collections: WDC for Cosmic Rays, Solar-Terrestrial Environment Laboratory, Nagoya Univ.
Data Access: http://center.stelab.nagoya-u.ac.jp/WDCCR/index.html
Project: ICSU WDC
Citation: WDC for Cosmic Rays, Solar-Terrestrial Environment Laboratory, Nagoya University
Station ID: TBILIS
Station:  TBILISI,GIORGIA,INSTITUT GEOPHYSIKY (IG), GIORGIAN ACADEMY OF SCIENCES,GIORGIA 
Instrument: 18-NM-64 Corrected to 965 mb Standard Pressure, Coef =-0.69 %/mb                
Latitude (deg.):   41.43  Longitude (deg.):   44.48  Altitude (m):  510.00
Cut-Off Rigidity (GV):    6.73
Year: 1997  Month:  11
Scaling Factor (SF):    64.0   Constant (CONST):     0.0  Real Counts = (DATA + CONST)*SF
Temporal Resolution: 1 hour
UTC Start Hour:     0.0
DATA FILE IS PREPARED BY IZMIRAN (ftp://cr0.izmiran.rssi.ru/Cosray!/FTP_NM/C/)  
 Updated by IZMIRAN on 20010409                         
Monthly Average:  8699.7
Updated (YYYY MM DD): 2013 12 12
*******************************************************************************************
ID     YYYY MM DD 1     0     1     2     3     4     5     6     7     8     9    10    11
ID     YYYY MM DD 2    12    13    14    15    16    17    18    19    20    21    22    23
*******************************************************************************************
TBILIS 1997 11 01 1  8796  8737  8769  8775  8777  8750  8820  8750  8773  8759  8804  8793
TBILIS 1997 11 01 2  8773  8756  8750  8786  8755  8738  8820  8814  8810  8802  8797  8795
TBILIS 1997 11 02 1 99999 99999 99999 99999 99999 99999 99999 99999 99999  8765  8772  8766
TBILIS 1997 11 02 2  8800  8683  8708  8701  8712  8738  8704  8716  8683  8741  8729  8759
TBILIS 1997 11 03 1  8769  8763  8769  8777  8732  8757  8727  8791  8777  8759  8744  8720
TBILIS 1997 11 03 2  8708  8739  8672  8727  8722  8710  8703  8695  8685  8725  8739  8742
TBILIS 1997 11 04 1  8716  8750  8691  8708  8715  8730  8702  8735  8744  8743  8758  8768
TBILIS 1997 11 04 2  8746  8725  8750  8765  8753  8802  8816  8769  8761  8751  8751  8739
TBILIS 1997 11 05 1  8729  8731  8720  8727  8695  8671  8680  8688  8689  8729  8680  8689
TBILIS 1997 11 05 2  8698  8694  8724  8801  8752  8692  8764  8722  8710  8686  8658  8692
TBILIS 1997 11 06 1  8665  8731  8719  8728  8765  8739  8704  8694  8678  8696  8653  8628
TBILIS 1997 11 06 2  8658  8675  8703  8677  8698  8714  8682  8716  8723  8669  8666  8697
TBILIS 1997 11 07 1  8724  8735  8743  8745  8740  8739  8734  8735  8731  8698  8706  8698
TBILIS 1997 11 07 2  8694  8688  8683  8708  8677  8637  8638  8616  8642  8656  8651  8641
TBILIS 1997 11 08 1  8603  8618  8633  8661  8647  8598  8639  8641  8629  8655  8666  8666
TBILIS 1997 11 08 2  8660  8662  8681  8558  8608  8535  8571  8582  8593  8626  8657  8629
TBILIS 1997 11 09 1  8606  8621  8600  8594  8610  8657  8669  8703  8667  8729  8709  8643
TBILIS 1997 11 09 2  8674  8648  8592  8585  8577  8598  8603  8573  8607  8606  8637  8634
TBILIS 1997 11 10 1  8641  8741  8747  8712  8711  8750  8716  8713  8771  8759  8784  8781
TBILIS 1997 11 10 2  8760  8781  8771  8774  8824  8745  8758  8706  8707  8691  8677  8697
TBILIS 1997 11 11 1  8651  8635  8635  8652  8629  8630  8692  8724  8756  8778  8737  8694
TBILIS 1997 11 11 2  8738  8761  8724  8737  8730  8695  8715  8714  8696  8709  8649  8662
TBILIS 1997 11 12 1  8687  8694  8692  8671  8665  8716  8707  8671  8693  8706  8697  8683
TBILIS 1997 11 12 2  8696  8715  8694  8715  8731  8758  8719  8679  8653  8670  8687  8737
TBILIS 1997 11 13 1  8724  8730  8705  8688  8702  8743  8685  8755  8749  8753  8706  8720
TBILIS 1997 11 13 2  8711  8734  8737  8761  8739  8731  8728  8773  8724  8766  8738  8719
TBILIS 1997 11 14 1  8745  8741  8690  8740  8719  8744  8692  8701  8727  8738  8741  8782
TBILIS 1997 11 14 2  8790  8790  8785  8779  8762  8760  8731  8746  8778  8723  8731  8723
TBILIS 1997 11 15 1  8736  8732  8739  8742  8784  8780  8765  8736  8780  8738  8763  8727
TBILIS 1997 11 15 2  8731  8741  8714  8735  8712  8704  8706  8697  8670  8704  8720  8749
TBILIS 1997 11 16 1  8728  8702  8710  8687  8686  8716  8710  8748  8719  8742  8750  8783
TBILIS 1997 11 16 2  8780  8801  8777  8755  8780  8773  8758  8772  8769  8757  8805  8800
TBILIS 1997 11 17 1  8787  8800  8799  8803  8799  8769  8769  8768  8759  8800  8803  8769
TBILIS 1997 11 17 2  8749  8743  8718  8737  8710  8707  8761  8741  8752  8775  8759  8725
TBILIS 1997 11 18 1  8764  8757  8689  8711  8682  8695  8715  8687  8730  8731  8736  8724
TBILIS 1997 11 18 2  8705  8705  8690  8674  8644  8663  8643  8634  8632  8608  8618  8622
TBILIS 1997 11 19 1  8648  8649  8642  8698  8697  8720  8677  8674  8678  8682  8717  8675
TBILIS 1997 11 19 2  8657  8672  8633  8674  8644  8639  8650  8623  8585  8592  8584  8609
TBILIS 1997 11 20 1  8610  8594  8583  8613  8642  8635  8637  8608  8697  8685  8653  8657
TBILIS 1997 11 20 2  8661  8646  8669  8641  8618  8645  8622  8606  8608  8649  8613  8574
TBILIS 1997 11 21 1  8576  8558  8551  8549  8552  8624  8653  8588  8611  8634  8661  8682
TBILIS 1997 11 21 2  8634  8661  8651  8622  8613  8622  8613  8651  8635  8620  8606  8622
TBILIS 1997 11 22 1  8624  8620  8637  8677  8663  8693  8678  8718  8684  8689  8640  8702
TBILIS 1997 11 22 2  8708  8682  8679  8662  8616  8526  8530  8518  8496  8463  8504  8521
TBILIS 1997 11 23 1  8521  8526  8566  8615  8567  8624  8576  8582  8570  8593  8659  8679
TBILIS 1997 11 23 2  8653  8643  8633  8621  8611  8634  8623  8680  8609  8626  8643  8616
TBILIS 1997 11 24 1 99999 99999 99999 99999 99999  8631  8642  8665  8644  8640  8598  8606
TBILIS 1997 11 24 2  8628  8627  8612  8649  8664  8636  8640  8715  8667  8702  8664  8683
TBILIS 1997 11 25 1  8670  8670  8663  8655  8650  8675  8646  8651  8683  8646  8635  8661
TBILIS 1997 11 25 2  8634  8608  8633  8645  8662  8652  8727  8737  8724  8718  8688  8667
TBILIS 1997 11 26 1  8676  8710  8683  8669  8677  8691  8682  8683  8669  8686  8685  8708
TBILIS 1997 11 26 2  8706  8730  8701  8707  8701  8728  8719  8726  8785 99999 99999 99999
TBILIS 1997 11 27 1 99999 99999 99999 99999 99999  8688  8691  8697  8699  8707  8713  8715
TBILIS 1997 11 27 2  8736  8737  8738  8739  8743  8737  8730  8724 99999 99999 99999 99999
TBILIS 1997 11 28 1 99999 99999 99999 99999  8776  8799  8803  8762  8763  8768  8826  8758
TBILIS 1997 11 28 2  8774  8758  8775  8790  8786  8783  8788  8784  8777  8750  8805  8758
TBILIS 1997 11 29 1  8745  8774  8762  8738  8725  8709  8719  8716  8746  8737  8754  8768
TBILIS 1997 11 29 2  8807  8792  8790 99999 99999 99999 99999 99999 99999 99999 99999 99999
TBILIS 1997 11 30 1 99999 99999 99999 99999 99999 99999 99999 99999  8750  8750  8723  8734
TBILIS 1997 11 30 2  8759  8717  8743  8738  8749  8821  8783  8798  8787  8808  8799  8801
TBILIS 1997 11 31 1 99999 99999 99999 99999 99999 99999 99999 99999 99999 99999 99999 99999
TBILIS 1997 11 31 2 99999 99999 99999 99999 99999 99999 99999 99999 99999 99999 99999 99999
Cosmic-Ray Neutron Monitor Data (Hourly, Pressure-Corrected and Scale-Adjusted Counts)
Collections: WDC for Cosmic Rays, Solar-Terrestrial Environment Laboratory, Nagoya Univ.
Data Access: http://center.stelab.nagoya-u.ac.jp/WDCCR/index.html
Project: ICSU WDC
Citation: WDC for Cosmic Rays, Solar-Terrestrial Environment Laboratory, Nagoya University
Station ID: TBILIS
Station:  TBILISI,GIORGIA,INSTITUT GEOPHYSIKY (IG), GIORGIAN ACADEMY OF SCIENCES,GIORGIA 
Instrument: 18-NM-64 Corrected to 965 mb Standard Pressure, Coef =-0.69 %/mb                
Latitude (deg.):   41.43  Longitude (deg.):   44.48  Altitude (m):  510.00
Cut-Off Rigidity (GV):    6.73
Year: 1997  Month:  12
Scaling Factor (SF):    64.0   Constant (CONST):     0.0  Real Counts = (DATA + CONST)*SF
Temporal Resolution: 1 hour
UTC Start Hour:     0.0
DATA FILE IS PREPARED BY IZMIRAN (ftp://cr0.izmiran.rssi.ru/Cosray!/FTP_NM/C/)  
 Updated by IZMIRAN on 20010409                         
Monthly Average:  8688.4
Updated (YYYY MM DD): 2013 12 12
*******************************************************************************************
ID     YYYY MM DD 1     0     1     2     3     4     5     6     7     8     9    10    11
ID     YYYY MM DD 2    12    13    14    15    16    17    18    19    20    21    22    23
*******************************************************************************************
TBILIS 1997 12 01 1  8799  8783  8786  8700 99999 99999 99999 99999  8738  8768  8768  8740
TBILIS 1997 12 01 2  8713  8733  8711 99999 99999 99999 99999 99999 99999 99999 99999 99999
TBILIS 1997 12 02 1 99999 99999 99999 99999 99999  8738  8726  8696  8705  8700  8684  8692
TBILIS 1997 12 02 2  8689 99999 99999  8715 99999  8718 99999 99999 99999 99999 99999 99999
TBILIS 1997 12 03 1 99999 99999 99999 99999 99999 99999 99999 99999  8686  8715  8752  8705
TBILIS 1997 12 03 2  8713  8713  8728  8685  8656  8697  8683  8685  8745  8738  8742  8704
TBILIS 1997 12 04 1  8727  8729  8723  8702  8698  8654  8676  8731  8741  8743  8722  8723
TBILIS 1997 12 04 2  8705  8672  8739  8724  8722  8713  8699 99999 99999 99999 99999 99999
TBILIS 1997 12 05 1 99999 99999  8716  8704  8706 99999 99999  8661  8668  8642  8666  8661
TBILIS 1997 12 05 2 99999 99999  8644  8701  8665  8697  8644  8645  8688  8659  8646  8636
TBILIS 1997 12 06 1  8643  8643  8644  8605  8604  8659  8631  8645  8644  8665  8659  8666
TBILIS 1997 12 06 2  8666  8631  8656  8670  8668  8683  8684  8686  8682  8675  8665  8656
TBILIS 1997 12 07 1  8680  8659  8635  8670  8647  8643  8618  8649  8689  8671  8688  8644
TBILIS 1997 12 07 2  8645  8674  8647  8656  8717  8691  8705  8697  8680  8667  8698  8656
TBILIS 1997 12 08 1  8694  8669  8686  8671  8701  8697  8676  8673  8636  8618  8671  8618
TBILIS 1997 12 08 2  8671  8671  8636  8652  8649  8687  8703  8705  8744  8681  8660  8653
TBILIS 1997 12 09 1  8645  8669  8672  8702  8679  8683  8681  8700  8701  8710  8743  8671
TBILIS 1997 12 09 2  8697  8718  8679  8691  8660  8689  8674  8660  8659  8674  8640  8663
TBILIS 1997 12 10 1  8666  8682  8674  8670  8673  8672  8644  8647  8613  8640  8618  8688
TBILIS 1997 12 10 2  8699  8670  8723  8669  8632  8690  8715  8765  8732  8750  8704  8750
TBILIS 1997 12 11 1  8679  8695  8636  8620  8603  8567  8586  8649  8658  8665  8658  8653
TBILIS 1997 12 11 2  8646  8640  8615  8591  8557  8612  8610  8605  8599  8604  8597  8598
TBILIS 1997 12 12 1  8602  8610  8607  8606  8597  8621  8624  8661  8674  8678  8715  8669
TBILIS 1997 12 12 2  8674  8716  8669  8671  8708  8695  8706  8695  8675  8678  8671  8720
TBILIS 1997 12 13 1  8706  8691  8703  8669  8733  8675  8711  8692  8750  8747  8731  8759
TBILIS 1997 12 13 2  8781  8781  8744  8757  8732  8726  8720  8697  8701  8685  8677  8681
TBILIS 1997 12 14 1  8695  8716  8713  8719  8750  8715  8731  8732  8737  8770  8746  8735
TBILIS 1997 12 14 2  8723  8718  8720  8738  8738  8731  8742  8750  8725  8741  8725  8750
TBILIS 1997 12 15 1  8756  8720  8747  8770  8770  8717  8743  8721  8744  8755  8774  8750
TBILIS 1997 12 15 2  8752  8768  8800  8795  8781  8784  8810  8802  8811  8775  8767  8742
TBILIS 1997 12 16 1  8715  8750  8700  8700  8702  8727  8721  8758  8752  8750  8741  8772
TBILIS 1997 12 16 2  8747  8755  8745  8710  8758  8755  8771  8759  8760  8742  8783  8755
TBILIS 1997 12 17 1  8741  8728  8699  8768  8756  8813  8737  8727  8701  8709  8701  8703
TBILIS 1997 12 17 2  8709  8725  8714  8745  8739  8744  8766  8724  8755  8774  8771  8759
TBILIS 1997 12 18 1  8791  8781  8729  8703  8697  8662  8708  8663  8707  8713  8733  8706
TBILIS 1997 12 18 2  8735  8689  8724  8679  8701  8693  8717  8671  8686  8687  8681  8671
TBILIS 1997 12 19 1  8655  8651  8627  8604  8638  8616  8625  8623  8612  8621  8663  8635
TBILIS 1997 12 19 2  8604  8583  8653  8681  8645  8599  8620  8614  8616  8611  8603  8592
TBILIS 1997 12 20 1  8590  8627  8566  8576  8556  8604  8620  8586  8634  8589  8628  8624
TBILIS 1997 12 20 2  8670  8607  8595  8626  8662  8638  8606  8626  8620  8595  8649  8618
TBILIS 1997 12 21 1  8644  8601  8621  8602  8593  8567  8601  8676  8596  8622  8628  8621
TBILIS 1997 12 21 2  8644  8661  8647  8668  8697  8671  8658  8693  8686  8675  8667  8665
TBILIS 1997 12 22 1  8656  8655  8650  8650  8645  8651  8643  8681  8665  8643  8654  8633
TBILIS 1997 12 22 2  8645  8633  8619  8658  8656  8615  8634  8655  8660  8665  8637  8604
TBILIS 1997 12 23 1  8607  8613  8621  8626  8620  8639 99999 99999 99999  8677  8613  8628
TBILIS 1997 12 23 2  8624  8610  8619  8623  8629  8638  8687  8661  8656  8668  8677  8686
TBILIS 1997 12 24 1  8664  8664  8658  8625  8624  8623  8646  8666  8675  8629  8648  8649
TBILIS 1997 12 24 2  8677 99999 99999  8659  8678  8697  8701  8703  8668  8724  8680  8676
TBILIS 1997 12 25 1  8662  8659  8640  8683  8670  8665  8672  8709  8672  8700  8651  8647
TBILIS 1997 12 25 2  8671  8702 99999 99999 99999  8698  8753  8718  8749  8749  8740  8741
TBILIS 1997 12 26 1  8773  8776  8762  8745  8692  8738  8704  8751  8727  8716  8702  8720
TBILIS 1997 12 26 2  8730  8733  8757  8742  8770  8770  8776  8751  8792  8790  8792  8752
TBILIS 1997 12 27 1  8779  8798  8759  8746  8726  8750  8732  8762  8721  8754  8725  8731
TBILIS 1997 12 27 2  8776  8760  8763  8772  8771  8767  8729  8676  8754  8755  8793  8760
TBILIS 1997 12 28 1  8760  8734  8713  8692  8690  8663  8714  8709  8752  8711  8750  8689
TBILIS 1997 12 28 2  8689  8753  8727  8739  8754  8750  8763  8765  8768  8723  8702  8729
TBILIS 1997 12 29 1  8736  8709  8679  8720  8736  8745  8732  8748  8737  8741  8714  8756
TBILIS 1997 12 29 2  8704  8747  8706  8689  8667  8650  8662  8630  8668  8607  8630  8646
TBILIS 1997 12 30 1  8614  8649  8598  8605  8673  8668  8633  8660  8691  8721  8694  8702
TBILIS 1997 12 30 2  8693  8732  8755  8712  8740  8701  8704  8708  8656  8695  8722  8659
TBILIS 1997 12 31 1  8683  8678  8653  8637  8649  8595  8620  8630  8671  8669  8630  8638
TBILIS 1997 12 31 2  8602  8658  8673  8660  8646  8648  8679  8670  8713  8670  8712  8691
