Cosmic-Ray Neutron Monitor Data (Hourly, Pressure-Corrected and Scale-Adjusted Counts)
Collections: WDC for Cosmic Rays, Solar-Terrestrial Environment Laboratory, Nagoya Univ.
Data Access: http://center.stelab.nagoya-u.ac.jp/WDCCR/index.html
Project: ICSU WDC
Citation: WDC for Cosmic Rays, Solar-Terrestrial Environment Laboratory, Nagoya University
Station ID: TBILIS
Station:  TBILISI,GIORGIA,INSTITUT GEOPHYSIKY (IG), GIORGIAN ACADEMY OF SCIENCES,GIORGIA 
Instrument:  18 NM-64 NEUTRON MONITOR, CORRECTED FOR PRESSURE TO 965 MB   ,COEF.=-0.690 %/MB
Latitude (deg.):   41.72  Longitude (deg.):   44.80  Altitude (m):  510.00
Cut-Off Rigidity (GV):    6.73
Year: 1999  Month:   1
Scaling Factor (SF):    64.0   Constant (CONST):     0.0  Real Counts = (DATA + CONST)*SF
Temporal Resolution: 1 hour
UTC Start Hour:     0.0
                         FILE IS PREPARED IN IZMIRAN                            
                                                        
Monthly Average:  8494.2
Updated (YYYY MM DD): 2003 10 20
*******************************************************************************************
ID     YYYY MM DD 1     0     1     2     3     4     5     6     7     8     9    10    11
ID     YYYY MM DD 2    12    13    14    15    16    17    18    19    20    21    22    23
*******************************************************************************************
TBILIS 1999 01 01 1  8577  8575  8569 99999 99999 99999 99999 99999  8581  8576  8602  8566
TBILIS 1999 01 01 2  8550  8558  8525  8542  8534  8533  8518  8483  8491  8474  8448  8426
TBILIS 1999 01 02 1  8455  8449  8455  8429  8490  8474  8491  8494  8505  8513 99999 99999
TBILIS 1999 01 02 2 99999 99999 99999 99999 99999  8465  8564  8557  8569  8560  8519  8538
TBILIS 1999 01 03 1  8546  8573  8569  8573  8575  8587  8597  8601  8619  8617  8615 99999
TBILIS 1999 01 03 2 99999  8630  8621  8588  8555  8616  8581  8589  8599  8600  8574  8604
TBILIS 1999 01 04 1  8574  8547  8588  8569  8599  8600  8613  8592  8570  8616  8613  8578
TBILIS 1999 01 04 2  8579  8556  8547  8536  8560  8528  8563  8550  8565  8551  8569  8583
TBILIS 1999 01 05 1  8595  8583  8596  8536  8577  8534  8597  8563  8602  8577  8611  8611
TBILIS 1999 01 05 2  8569  8580  8534  8534  8559  8562  8590  8587  8602  8567  8581  8589
TBILIS 1999 01 06 1  8568  8595  8601  8572  8617  8572  8579  8603  8581  8587  8594  8600
TBILIS 1999 01 06 2  8598  8588  8599 99999 99999  8577  8588  8593 99999  8599 99999 99999
TBILIS 1999 01 07 1 99999 99999 99999 99999  8538  8551  8555  8563  8574  8654  8634  8625
TBILIS 1999 01 07 2  8620  8577  8586  8585  8620  8584  8638  8612  8635  8633  8645 99999
TBILIS 1999 01 08 1 99999 99999 99999  8615  8606  8599  8592  8602  8585 99999 99999 99999
TBILIS 1999 01 08 2  8585  8622  8567  8572  8594  8557  8573  8564  8544  8542  8576  8538
TBILIS 1999 01 09 1  8575  8562  8579  8584  8599  8566  8590  8606  8593  8598  8605  8600
TBILIS 1999 01 09 2  8607  8609 99999  8593  8625  8508  8538  8541  8600  8561 99999 99999
TBILIS 1999 01 10 1 99999 99999 99999 99999 99999 99999 99999  8569  8582  8628  8591  8608
TBILIS 1999 01 10 2  8549  8565  8537  8566  8529  8515  8548  8567  8554  8533  8598  8568
TBILIS 1999 01 11 1  8570  8573  8586  8600  8634  8579  8591  8622  8591  8598  8629  8637
TBILIS 1999 01 11 2  8619  8577  8551  8553  8595  8545  8516  8615  8569  8567  8539  8544
TBILIS 1999 01 12 1  8558  8548  8504  8610  8562  8553  8569  8569  8612  8553  8578  8537
TBILIS 1999 01 12 2  8599  8573  8607  8528  8536  8524  8538  8503  8533  8541  8558  8498
TBILIS 1999 01 13 1  8595  8520  8537  8510  8510  8502  8478  8496  8490  8534  8546  8569
TBILIS 1999 01 13 2  8621  8633  8619  8583  8596  8692  8689  8733  8678  8657  8640  8674
TBILIS 1999 01 14 1  8659  8631  8607  8605  8683  8657  8620  8627  8618  8680  8679  8664
TBILIS 1999 01 14 2  8629  8626  8633  8635  8597  8566  8603  8538  8572  8619  8553  8559
TBILIS 1999 01 15 1  8586  8569  8590  8589  8577  8623  8597  8585  8570  8557  8559  8572
TBILIS 1999 01 15 2  8542  8548  8562  8495  8507  8477  8507  8514  8436  8465  8475  8454
TBILIS 1999 01 16 1  8491  8479  8537  8497  8528  8541  8578  8551  8613  8638  8662  8622
TBILIS 1999 01 16 2  8607  8610  8579  8607  8586  8631  8607  8576  8568  8547  8564  8536
TBILIS 1999 01 17 1  8527  8567  8535  8534  8509  8492  8499  8554  8532  8540  8574  8576
TBILIS 1999 01 17 2  8569  8549  8538  8540  8492  8498  8529  8497  8468  8470  8461  8461
TBILIS 1999 01 18 1  8468  8489  8474  8503  8468  8489  8480  8486  8500  8509  8482  8494
TBILIS 1999 01 18 2  8527  8560  8521  8492  8490  8489  8546  8553  8563  8559  8571  8577
TBILIS 1999 01 19 1  8537  8586  8589  8551  8559  8540  8541  8577  8563  8543  8628  8584
TBILIS 1999 01 19 2  8620  8578  8583  8560  8541  8561  8601  8630  8596  8556  8614  8605
TBILIS 1999 01 20 1  8628  8608  8632  8655  8574  8571  8534  8544  8559  8579  8579  8569
TBILIS 1999 01 20 2  8585  8577  8560  8515  8552  8505  8544  8492  8499  8513  8530  8507
TBILIS 1999 01 21 1  8486  8491  8481  8493  8474  8485  8490  8515  8469  8484  8537  8529
TBILIS 1999 01 21 2  8541  8497  8516  8513  8477  8500  8501  8501  8455  8467  8520  8518
TBILIS 1999 01 22 1  8529  8551  8532  8550  8536  8510  8515  8492  8524  8509  8548  8558
TBILIS 1999 01 22 2  8551  8583  8615  8629  8651  8649  8613  8608  8589  8539  8497  8439
TBILIS 1999 01 23 1  8362  8389  8390  8424  8459  8477  8489  8506  8438  8332  8246  8241
TBILIS 1999 01 23 2  8220  8218  8179  8170  8190  8258  8243  8255  8281  8295  8290  8316
TBILIS 1999 01 24 1  8297  8271  8231  8261  8256  8226  8219  8216  8208  8230  8207  8179
TBILIS 1999 01 24 2  8183  8156  8170  8194  8178  8188  8181  8216  8175  8192  8225  8194
TBILIS 1999 01 25 1  8197  8194  8207  8186  8189  8179  8216  8241  8225  8230  8246  8256
TBILIS 1999 01 25 2  8275  8248  8240  8155  8186  8175  8200  8191  8251  8251  8264  8218
TBILIS 1999 01 26 1  8241  8279  8262  8242  8287  8251  8215  8246  8333  8303  8335  8315
TBILIS 1999 01 26 2  8380  8281  8333  8307  8313  8299  8297  8279  8289  8297  8300  8306
TBILIS 1999 01 27 1  8336  8336  8345  8349  8376  8370  8376  8360  8411  8394  8445 99999
TBILIS 1999 01 27 2 99999 99999 99999  8439  8374  8379  8385  8346  8323  8345  8308  8319
TBILIS 1999 01 28 1  8316  8263  8288  8396  8366  8354  8403  8372  8387  8414  8428  8414
TBILIS 1999 01 28 2  8420  8388  8379  8386  8360  8335  8327  8318  8302  8281  8286  8305
TBILIS 1999 01 29 1  8290  8318  8292  8337  8336  8381  8401  8427  8429  8434  8463  8438
TBILIS 1999 01 29 2  8430  8445  8434  8429  8379  8395  8376  8368  8368  8390  8376  8384
TBILIS 1999 01 30 1  8403  8421  8392  8436  8424  8441  8469  8452  8478  8479  8516  8518
TBILIS 1999 01 30 2  8529  8497  8454  8394  8395  8393  8420  8449  8408  8412  8435  8434
TBILIS 1999 01 31 1  8422  8448  8416  8420  8418  8409  8463  8409  8440  8500  8499  8488
TBILIS 1999 01 31 2  8467  8474  8407  8465  8452  8463  8483  8443  8434  8467  8431  8467
Cosmic-Ray Neutron Monitor Data (Hourly, Pressure-Corrected and Scale-Adjusted Counts)
Collections: WDC for Cosmic Rays, Solar-Terrestrial Environment Laboratory, Nagoya Univ.
Data Access: http://center.stelab.nagoya-u.ac.jp/WDCCR/index.html
Project: ICSU WDC
Citation: WDC for Cosmic Rays, Solar-Terrestrial Environment Laboratory, Nagoya University
Station ID: TBILIS
Station:  TBILISI,GIORGIA,INSTITUT GEOPHYSIKY (IG), GIORGIAN ACADEMY OF SCIENCES,GIORGIA 
Instrument:  18 NM-64 NEUTRON MONITOR, CORRECTED FOR PRESSURE TO 965 MB   ,COEF.=-0.690 %/MB
Latitude (deg.):   41.72  Longitude (deg.):   44.80  Altitude (m):  510.00
Cut-Off Rigidity (GV):    6.73
Year: 1999  Month:   2
Scaling Factor (SF):    64.0   Constant (CONST):     0.0  Real Counts = (DATA + CONST)*SF
Temporal Resolution: 1 hour
UTC Start Hour:     0.0
                         FILE IS PREPARED IN IZMIRAN                            
                                                        
Monthly Average:  8571.2
Updated (YYYY MM DD): 2003 10 20
*******************************************************************************************
ID     YYYY MM DD 1     0     1     2     3     4     5     6     7     8     9    10    11
ID     YYYY MM DD 2    12    13    14    15    16    17    18    19    20    21    22    23
*******************************************************************************************
TBILIS 1999 02 01 1  8554  8513  8515  8532  8538  8523  8539  8538  8572  8559  8578  8537
TBILIS 1999 02 01 2  8531  8497  8487  8469  8495  8508  8515  8535  8558  8505  8513  8532
TBILIS 1999 02 02 1  8539  8577  8560  8551  8549  8558  8556  8599  8535  8589  8596  8592
TBILIS 1999 02 02 2  8565  8558  8565  8557  8589  8612  8608  8600  8652  8621  8624  8629
TBILIS 1999 02 03 1  8640  8663  8662  8631  8614  8596  8603  8650  8625  8650  8587  8587
TBILIS 1999 02 03 2  8599  8618  8574  8619  8575  8597  8608  8646  8632  8694  8704  8663
TBILIS 1999 02 04 1  8664  8621  8629  8657  8631  8675  8670  8640  8640  8677  8671  8673
TBILIS 1999 02 04 2  8679  8661  8697  8627  8629  8662  8747  8721  8711  8715  8670  8644
TBILIS 1999 02 05 1  8651  8689  8636  8642  8646  8638  8623  8674  8685  8728  8745  8751
TBILIS 1999 02 05 2  8729  8703  8697  8685  8698  8736  8750  8729  8688  8690  8673  8666
TBILIS 1999 02 06 1  8661  8646  8629  8652  8685  8675  8610  8613  8685  8727  8668  8676
TBILIS 1999 02 06 2  8714  8704  8711  8697  8705  8726  8719  8723  8694  8661  8661  8696
TBILIS 1999 02 07 1  8665  8665  8643  8682  8662  8655  8651  8647  8686  8718  8730  8733
TBILIS 1999 02 07 2  8738  8725  8688  8662  8709  8687  8709  8718  8658  8665  8648  8640
TBILIS 1999 02 08 1  8647  8764  8718  8733  8662  8678  8724  8736  8715  8756  8749  8743
TBILIS 1999 02 08 2  8729  8794  8724  8737  8792  8759  8705  8699  8677  8702  8709  8695
TBILIS 1999 02 09 1  8682  8701  8707  8668  8653  8604  8676  8670  8665  8700  8725  8719
TBILIS 1999 02 09 2  8734  8722  8711  8710  8743  8754  8746  8731  8718  8707  8679  8669
TBILIS 1999 02 10 1  8685  8620  8598  8642  8692  8739  8790  8749  8720  8718  8729  8714
TBILIS 1999 02 10 2  8713  8707  8704  8703  8619  8648  8622  8648  8609  8685  8646  8626
TBILIS 1999 02 11 1  8628  8614  8644  8654  8712  8719  8744  8719  8705  8697  8737  8723
TBILIS 1999 02 11 2  8692  8695  8736  8732  8746  8708  8734  8685  8695  8683  8629  8532
TBILIS 1999 02 12 1  8466  8462  8524  8559  8569  8550  8566  8609  8609  8637  8680  8699
TBILIS 1999 02 12 2  8684  8696  8682  8609  8637  8635  8552  8492  8477  8461  8490  8467
TBILIS 1999 02 13 1  8496  8507  8528  8545  8534  8542  8578  8565  8573  8588  8604  8625
TBILIS 1999 02 13 2  8611  8548  8539  8530  8487  8435  8510  8543  8533  8486  8485  8522
TBILIS 1999 02 14 1  8497  8458  8484  8458  8517  8444  8507  8467  8515  8539  8538  8565
TBILIS 1999 02 14 2  8590  8577  8592  8567  8504  8532  8486  8523  8483  8463  8443  8459
TBILIS 1999 02 15 1  8468  8486  8472  8457  8459  8470  8481  8473  8480  8497  8504  8513
TBILIS 1999 02 15 2  8526  8521  8500  8489  8484  8504  8513  8426  8416  8439  8407  8433
TBILIS 1999 02 16 1  8481  8418  8450  8456  8481  8443  8500  8494  8529  8536  8565  8539
TBILIS 1999 02 16 2  8500  8508  8520  8550  8505  8484  8452  8460  8469  8456  8475  8432
TBILIS 1999 02 17 1  8435  8468  8481  8471  8480  8458  8459  8427  8430  8439  8446  8433
TBILIS 1999 02 17 2  8420  8443  8428  8404  8399  8402  8430  8417  8403  8442  8412  8365
TBILIS 1999 02 18 1  8357  8367  8313  8351  8411  8425  8418  8428  8446  8420  8395  8278
TBILIS 1999 02 18 2  8261  8214  8199  8183  8180  8123  8059  8122  8090  8138  8186  8179
TBILIS 1999 02 19 1  8200  8228  8170  8166  8195  8234  8304  8284  8378  8403  8413  8453
TBILIS 1999 02 19 2  8463  8476  8471  8423  8423  8437  8435  8401  8416  8414  8462  8468
TBILIS 1999 02 20 1  8459  8455  8434  8451  8468  8456  8469  8450  8462  8467  8463  8525
TBILIS 1999 02 20 2  8438  8475  8517  8501  8444  8440  8446  8471  8461  8537  8510  8460
TBILIS 1999 02 21 1  8471  8425  8407  8381  8442  8502  8531  8508  8579  8565  8536  8501
TBILIS 1999 02 21 2  8451  8472  8446  8396  8463  8441  8472  8449  8486  8507  8520  8520
TBILIS 1999 02 22 1  8496  8536  8562  8530  8524  8496  8507  8529  8494  8500  8547  8510
TBILIS 1999 02 22 2  8529  8490  8445  8476  8486  8459  8444  8482  8501  8581  8572  8573
TBILIS 1999 02 23 1  8507  8468  8450  8491  8518  8518  8532  8536 99999 99999 99999 99999
TBILIS 1999 02 23 2 99999 99999 99999 99999 99999 99999 99999 99999 99999 99999 99999 99999
TBILIS 1999 02 24 1 99999 99999 99999 99999 99999  8559  8609  8597  8573  8611  8632  8621
TBILIS 1999 02 24 2  8656  8623  8624  8623  8629  8599  8603  8615  8573  8544  8532  8543
TBILIS 1999 02 25 1  8541  8544  8543  8544  8532  8501  8565  8602  8632  8626  8594  8597
TBILIS 1999 02 25 2  8606  8534  8536  8592  8558  8551  8535  8539  8570  8590  8602  8595
TBILIS 1999 02 26 1  8610  8607  8576 99999 99999  8660  8640  8666  8638  8628  8668  8642
TBILIS 1999 02 26 2  8631  8605  8567  8548  8574  8572  8584  8559  8568  8631  8600  8627
TBILIS 1999 02 27 1  8605  8625  8626  8631  8606  8653  8654  8665  8694  8749  8736  8780
TBILIS 1999 02 27 2  8693  8672  8685  8672  8683  8708  8716  8713  8698  8676  8646  8596
TBILIS 1999 02 28 1  8597  8615  8630  8648  8693  8618  8595  8598  8624  8605  8649  8677
TBILIS 1999 02 28 2  8597  8625  8673  8743  8664  8664  8676  8641  8667  8619  8655  8632
TBILIS 1999 02 29 1 99999 99999 99999 99999 99999 99999 99999 99999 99999 99999 99999 99999
TBILIS 1999 02 29 2 99999 99999 99999 99999 99999 99999 99999 99999 99999 99999 99999 99999
TBILIS 1999 02 30 1 99999 99999 99999 99999 99999 99999 99999 99999 99999 99999 99999 99999
TBILIS 1999 02 30 2 99999 99999 99999 99999 99999 99999 99999 99999 99999 99999 99999 99999
TBILIS 1999 02 31 1 99999 99999 99999 99999 99999 99999 99999 99999 99999 99999 99999 99999
TBILIS 1999 02 31 2 99999 99999 99999 99999 99999 99999 99999 99999 99999 99999 99999 99999
Cosmic-Ray Neutron Monitor Data (Hourly, Pressure-Corrected and Scale-Adjusted Counts)
Collections: WDC for Cosmic Rays, Solar-Terrestrial Environment Laboratory, Nagoya Univ.
Data Access: http://center.stelab.nagoya-u.ac.jp/WDCCR/index.html
Project: ICSU WDC
Citation: WDC for Cosmic Rays, Solar-Terrestrial Environment Laboratory, Nagoya University
Station ID: TBILIS
Station:  TBILISI,GIORGIA,INSTITUT GEOPHYSIKY (IG), GIORGIAN ACADEMY OF SCIENCES,GIORGIA 
Instrument:  18 NM-64 NEUTRON MONITOR, CORRECTED FOR PRESSURE TO 965 MB   ,COEF.=-0.690 %/MB
Latitude (deg.):   41.72  Longitude (deg.):   44.80  Altitude (m):  510.00
Cut-Off Rigidity (GV):    6.73
Year: 1999  Month:   3
Scaling Factor (SF):    64.0   Constant (CONST):     0.0  Real Counts = (DATA + CONST)*SF
Temporal Resolution: 1 hour
UTC Start Hour:     0.0
                         FILE IS PREPARED IN IZMIRAN                            
                                                        
Monthly Average:  8552.5
Updated (YYYY MM DD): 2003 10 20
*******************************************************************************************
ID     YYYY MM DD 1     0     1     2     3     4     5     6     7     8     9    10    11
ID     YYYY MM DD 2    12    13    14    15    16    17    18    19    20    21    22    23
*******************************************************************************************
TBILIS 1999 03 01 1  8803  8806  8751  8760  8762  8790  8793  8811  8771  8762  8756  8574
TBILIS 1999 03 01 2  8607  8617  8576  8616  8619  8651  8632  8660  8645  8627  8553  8593
TBILIS 1999 03 02 1  8597  8636  8636  8630  8656  8608  8645  8620  8635  8545  8567  8562
TBILIS 1999 03 02 2  8590  8553  8578  8563  8529  8560  8554  8537  8528  8557  8561  8571
TBILIS 1999 03 03 1  8571  8559  8554  8541  8567  8574  8605  8574  8574  8613  8582  8596
TBILIS 1999 03 03 2  8577  8569  8539  8565  8547  8557  8583  8581  8622  8655  8651  8595
TBILIS 1999 03 04 1  8595  8578  8549  8526  8497  8562  8502  8537  8528 99999 99999 99999
TBILIS 1999 03 04 2  8560  8539  8548  8529  8515  8488  8498  8521  8510  8550  8525  8524
TBILIS 1999 03 05 1  8570  8516  8514  8535  8539  8534  8480  8523  8562  8542  8559  8557
TBILIS 1999 03 05 2  8539  8603  8565  8584  8591  8561  8600  8605  8550  8558  8584  8572
TBILIS 1999 03 06 1  8560  8542  8570  8544  8499  8498  8486  8516  8510  8520  8534  8546
TBILIS 1999 03 06 2  8528  8526  8572  8543  8530  8537  8547  8626  8588  8593  8576  8582
TBILIS 1999 03 07 1  8560  8566  8564  8564  8532  8545  8557  8572  8544  8566  8589  8540
TBILIS 1999 03 07 2  8543  8553  8503  8497  8545  8539  8592  8552  8552  8529  8526  8566
TBILIS 1999 03 08 1  8516  8522  8513  8524  8534  8558  8574  8583  8574  8550  8561  8481
TBILIS 1999 03 08 2  8522  8548  8513  8547  8528  8549  8537  8535  8530  8569  8559  8540
TBILIS 1999 03 09 1  8579  8598  8620  8626  8590  8587  8570  8547  8539  8616  8576  8576
TBILIS 1999 03 09 2  8640  8640  8631  8582  8593  8572  8557  8562  8557  8530  8601  8565
TBILIS 1999 03 10 1  8571  8556  8567  8531  8521  8513  8535  8533  8601  8591  8505  8527
TBILIS 1999 03 10 2  8517  8538  8570  8531  8530  8568  8565  8571  8543  8609  8569  8613
TBILIS 1999 03 11 1  8629  8599  8693  8613  8590  8589  8591  8614  8593  8584  8600  8554
TBILIS 1999 03 11 2  8596  8555  8552  8523  8514  8526  8553  8552  8558  8568  8575  8601
TBILIS 1999 03 12 1  8585  8620  8629  8621  8588  8623  8632  8641  8591  8639  8616  8656
TBILIS 1999 03 12 2  8673  8593  8574  8601  8576  8565  8581  8562  8541  8551  8568  8605
TBILIS 1999 03 13 1  8639  8660  8609  8632  8588  8618  8625  8635  8645  8670  8645  8656
TBILIS 1999 03 13 2  8686  8665  8652  8628  8618  8572  8575  8607  8584  8559  8570  8578
TBILIS 1999 03 14 1  8547  8561  8590  8607  8612  8576  8623  8645  8723  8692  8739  8727
TBILIS 1999 03 14 2  8733  8714  8668  8639  8650  8634  8640  8588  8582  8641  8572  8634
TBILIS 1999 03 15 1  8610  8641  8651  8627  8665  8670  8725  8751  8739  8727  8738  8725
TBILIS 1999 03 15 2  8710  8715  8643  8625  8637  8584  8591  8615  8582  8595  8597  8629
TBILIS 1999 03 16 1  8620  8613  8646  8623  8615  8675  8650  8622  8617  8629  8596  8571
TBILIS 1999 03 16 2  8535  8534  8479  8461  8450  8450  8478  8499  8461  8485  8497  8489
TBILIS 1999 03 17 1  8496  8497  8490  8496  8497  8513  8472  8565  8543  8569  8547  8569
TBILIS 1999 03 17 2  8553  8556  8517  8497  8505  8495  8498  8490  8483  8467  8486  8504
TBILIS 1999 03 18 1  8472  8435  8441  8441  8473  8481  8509  8479  8506  8513  8525  8484
TBILIS 1999 03 18 2  8461  8487  8511  8486  8536  8473  8508  8461  8466  8462  8482  8453
TBILIS 1999 03 19 1  8454  8456  8458  8444  8477  8439  8436  8467  8431  8425  8455  8469
TBILIS 1999 03 19 2  8471  8505  8498  8492  8535  8505  8506  8526  8546  8553  8569  8537
TBILIS 1999 03 20 1  8545  8549  8551  8546  8548  8518  8551  8551  8514  8524  8533  8481
TBILIS 1999 03 20 2  8507  8425  8439  8450  8397  8438  8466  8462  8498  8487  8480  8454
TBILIS 1999 03 21 1  8436  8449  8445  8466  8460  8487  8486  8452  8505  8491  8480  8494
TBILIS 1999 03 21 2  8505  8476  8508  8490  8497  8513  8484  8494  8485  8503  8509  8505
TBILIS 1999 03 22 1  8479  8452  8467  8439  8464  8445  8506  8505  8534  8528  8511  8533
TBILIS 1999 03 22 2  8489  8508  8530  8489  8499  8501  8501  8503  8507  8467  8475  8485
TBILIS 1999 03 23 1  8513  8467  8500  8492  8500  8525  8432  8464  8472  8486  8477  8454
TBILIS 1999 03 23 2  8481  8513  8459  8481  8429  8419  8415  8409  8407  8405  8395  8416
TBILIS 1999 03 24 1  8406  8433  8423  8415  8392  8395  8429  8434  8445  8461  8445  8489
TBILIS 1999 03 24 2  8453  8483  8448  8452  8458  8458  8456  8477  8442  8476  8473  8486
TBILIS 1999 03 25 1  8495  8497  8479  8474  8413  8464  8441  8441  8512  8506  8520  8505
TBILIS 1999 03 25 2  8470  8478  8412  8397  8461  8447  8463  8516  8497  8507  8486  8457
TBILIS 1999 03 26 1  8461  8490  8495  8476  8508  8522  8527  8579  8549  8595  8505  8489
TBILIS 1999 03 26 2  8540  8521  8502  8506  8494  8489  8512  8532  8480  8465  8484  8511
TBILIS 1999 03 27 1  8496  8507  8473  8497  8459  8478  8469  8520  8535  8540  8586  8552
TBILIS 1999 03 27 2  8599  8559  8540  8521  8500  8491  8518  8531  8509  8561  8576  8547
TBILIS 1999 03 28 1  8557  8605  8576  8565  8575  8606  8599  8635  8636  8629  8628  8606
TBILIS 1999 03 28 2  8613  8590  8589  8615  8561  8555  8580  8548  8601  8613  8622  8641
TBILIS 1999 03 29 1  8600  8603  8598  8603  8531  8566  8537  8572  8594  8601  8578  8607
TBILIS 1999 03 29 2  8631  8691  8682  8656  8667  8616  8643  8626  8625  8599  8643  8634
TBILIS 1999 03 30 1  8569  8565  8635  8560  8535  8540  8562  8570  8636  8630  8659  8645
TBILIS 1999 03 30 2  8655  8648  8607  8616  8594  8568  8545  8609  8575  8614  8606  8637
TBILIS 1999 03 31 1  8627  8587  8593  8547  8537  8539  8539  8556  8527  8562  8530  8576
TBILIS 1999 03 31 2  8596  8591  8607  8581  8617  8594  8603  8631  8594  8564  8602  8632
Cosmic-Ray Neutron Monitor Data (Hourly, Pressure-Corrected and Scale-Adjusted Counts)
Collections: WDC for Cosmic Rays, Solar-Terrestrial Environment Laboratory, Nagoya Univ.
Data Access: http://center.stelab.nagoya-u.ac.jp/WDCCR/index.html
Project: ICSU WDC
Citation: WDC for Cosmic Rays, Solar-Terrestrial Environment Laboratory, Nagoya University
Station ID: TBILIS
Station:  TBILISI,GIORGIA,INSTITUT GEOPHYSIKY (IG), GIORGIAN ACADEMY OF SCIENCES,GIORGIA 
Instrument:  18 NM-64 NEUTRON MONITOR, CORRECTED FOR PRESSURE TO 965 MB   ,COEF.=-0.690 %/MB
Latitude (deg.):   41.72  Longitude (deg.):   44.80  Altitude (m):  510.00
Cut-Off Rigidity (GV):    6.73
Year: 1999  Month:   4
Scaling Factor (SF):    64.0   Constant (CONST):     0.0  Real Counts = (DATA + CONST)*SF
Temporal Resolution: 1 hour
UTC Start Hour:     0.0
                         FILE IS PREPARED IN IZMIRAN                            
                                                        
Monthly Average:  8560.2
Updated (YYYY MM DD): 2003 10 20
*******************************************************************************************
ID     YYYY MM DD 1     0     1     2     3     4     5     6     7     8     9    10    11
ID     YYYY MM DD 2    12    13    14    15    16    17    18    19    20    21    22    23
*******************************************************************************************
TBILIS 1999 04 01 1  8625  8649  8602  8605  8603  8619  8626  8643  8661  8645  8693  8671
TBILIS 1999 04 01 2  8658  8695  8697  8719  8666  8723  8726  8684  8702  8703  8691  8703
TBILIS 1999 04 02 1  8692  8693  8670  8663  8658  8624  8629  8607  8654  8612  8664  8621
TBILIS 1999 04 02 2  8657  8665  8664  8691  8656  8643  8612  8586  8631  8641  8595  8579
TBILIS 1999 04 03 1  8594  8574  8586  8565  8534  8557  8550  8571  8595  8638  8610  8627
TBILIS 1999 04 03 2  8661  8632  8595  8602  8603  8565  8624  8560  8556  8555  8579  8587
TBILIS 1999 04 04 1  8580  8551  8556  8524  8507  8513  8505  8519  8571  8591  8599  8585
TBILIS 1999 04 04 2  8619  8567  8596  8601  8578  8553  8559  8547  8533  8554  8560  8527
TBILIS 1999 04 05 1  8580  8553  8525  8539  8517  8539  8538  8574  8582  8584  8592  8606
TBILIS 1999 04 05 2  8602  8596  8631  8596  8649  8595  8616  8576  8596  8588  8561  8531
TBILIS 1999 04 06 1  8561  8552  8596  8508  8558  8547  8523  8564  8613  8595  8569  8580
TBILIS 1999 04 06 2  8608  8647  8595  8558  8593  8543  8516  8522  8530  8525  8524  8514
TBILIS 1999 04 07 1  8544  8522  8533  8558  8501  8550  8587  8587  8578  8591  8613  8678
TBILIS 1999 04 07 2  8697  8725  8685  8690  8691  8695  8688  8707  8686  8675  8674  8647
TBILIS 1999 04 08 1  8682  8661  8624  8589  8609  8594  8587  8621  8612  8633  8623  8622
TBILIS 1999 04 08 2  8617  8679  8692  8668  8690  8729  8721  8664  8650  8634  8665  8670
TBILIS 1999 04 09 1  8649  8681  8657  8598  8592  8581  8612  8605  8672  8590  8609  8648
TBILIS 1999 04 09 2  8625  8573  8591  8624  8567  8574  8500  8466  8529  8515  8487  8460
TBILIS 1999 04 10 1  8499  8522  8528  8527  8566  8566  8640  8624  8661  8653  8638  8645
TBILIS 1999 04 10 2  8655  8601  8576  8578  8544  8558  8554  8601  8552  8557  8566  8567
TBILIS 1999 04 11 1  8539  8540  8537  8557  8542  8579  8579  8626  8600  8573  8564  8580
TBILIS 1999 04 11 2  8550  8532  8527  8558  8560  8587  8530  8512  8513  8535  8494  8532
TBILIS 1999 04 12 1  8545  8514  8562  8580  8569  8549  8523  8546  8533  8508  8552  8545
TBILIS 1999 04 12 2  8545  8562  8514  8532  8584  8541  8546  8564  8554  8577  8582  8561
TBILIS 1999 04 13 1  8536  8551  8561  8514  8538  8518  8537  8562  8560  8553  8550  8570
TBILIS 1999 04 13 2  8569  8546  8523  8552  8570  8559  8548  8589  8571  8548  8540  8520
TBILIS 1999 04 14 1  8539  8548  8536  8528  8524  8551  8587  8595  8597  8639  8639  8659
TBILIS 1999 04 14 2  8664  8607  8642  8589  8580  8571  8546  8569  8567  8552  8527  8559
TBILIS 1999 04 15 1  8502  8532  8510  8518  8539  8525  8564  8580  8607  8648  8625  8603
TBILIS 1999 04 15 2  8580  8609  8613  8590  8504  8515  8549  8487  8495  8519  8532  8533
TBILIS 1999 04 16 1  8500  8540  8512  8554  8561  8505  8495  8539  8533  8551  8547  8539
TBILIS 1999 04 16 2  8541  8520  8481  8445  8477  8455  8459  8467  8478  8481  8485  8531
TBILIS 1999 04 17 1  8549  8571  8627  8644  8637  8615  8639  8612  8723  8669  8670  8662
TBILIS 1999 04 17 2  8646  8678  8654  8660  8670  8645  8660  8684  8637  8679  8634  8627
TBILIS 1999 04 18 1  8629  8605  8605  8588  8583  8678  8689  8694  8701  8670  8612  8609
TBILIS 1999 04 18 2  8633  8604  8556  8538  8542  8510  8501  8499  8512  8488  8482  8470
TBILIS 1999 04 19 1  8467  8465  8528  8471  8498  8511  8519  8539  8528  8613  8605  8631
TBILIS 1999 04 19 2  8588  8615  8586  8601  8574  8552  8512  8447  8464  8430  8461  8445
TBILIS 1999 04 20 1  8458  8490  8493  8470  8484  8545  8529  8520  8568  8567  8568  8550
TBILIS 1999 04 20 2  8564  8594  8582  8562  8499  8527  8466  8426  8419  8395  8410  8431
TBILIS 1999 04 21 1  8440  8430  8397  8436  8397  8393  8399  8431  8434  8436  8473  8458
TBILIS 1999 04 21 2  8453  8495  8501  8488  8449  8456  8435  8454  8414  8393  8459  8368
TBILIS 1999 04 22 1  8398  8407  8445  8403  8425  8453  8439  8447  8473  8462  8397  8376
TBILIS 1999 04 22 2  8352  8350  8358  8416  8465  8442  8423  8451  8485  8467  8463  8439
TBILIS 1999 04 23 1  8460  8494  8473  8475  8485  8455  8486  8500  8517  8552  8494  8533
TBILIS 1999 04 23 2  8558  8527  8555  8538  8512  8545  8525  8549  8516  8521  8486  8493
TBILIS 1999 04 24 1  8484  8495  8491  8471  8476  8469  8464  8488  8509  8521  8487  8515
TBILIS 1999 04 24 2  8520  8515  8489  8534  8534  8525  8521  8504  8525  8500  8520  8500
TBILIS 1999 04 25 1  8523  8529  8547  8527  8525  8537  8550  8499  8518  8508  8504  8457
TBILIS 1999 04 25 2  8498  8535  8490  8502  8541  8574  8588  8582  8555  8535  8549  8565
TBILIS 1999 04 26 1  8573  8589  8536  8538  8577  8593  8594  8539  8573  8555  8596  8640
TBILIS 1999 04 26 2  8624  8635  8601  8598  8582  8572  8594  8584  8563  8576  8621  8609
TBILIS 1999 04 27 1  8561  8557  8578  8555  8541 99999 99999 99999 99999 99999 99999 99999
TBILIS 1999 04 27 2 99999 99999 99999 99999 99999 99999 99999 99999 99999 99999 99999 99999
TBILIS 1999 04 28 1 99999 99999 99999 99999 99999 99999 99999 99999 99999  8611  8629  8632
TBILIS 1999 04 28 2  8643  8652  8623  8609  8621  8583  8634  8605  8614  8629  8624  8606
TBILIS 1999 04 29 1  8592  8574  8563  8524 99999 99999 99999 99999  8482  8487  8496  8540
TBILIS 1999 04 29 2  8533  8550  8553  8535  8557  8500  8488  8526  8521  8524  8530  8540
TBILIS 1999 04 30 1  8509  8511  8504  8478  8458  8453  8506  8540  8552  8612  8580  8570
TBILIS 1999 04 30 2  8598  8606  8576  8555  8528  8562  8554  8475  8534  8503  8458  8511
TBILIS 1999 04 31 1 99999 99999 99999 99999 99999 99999 99999 99999 99999 99999 99999 99999
TBILIS 1999 04 31 2 99999 99999 99999 99999 99999 99999 99999 99999 99999 99999 99999 99999
Cosmic-Ray Neutron Monitor Data (Hourly, Pressure-Corrected and Scale-Adjusted Counts)
Collections: WDC for Cosmic Rays, Solar-Terrestrial Environment Laboratory, Nagoya Univ.
Data Access: http://center.stelab.nagoya-u.ac.jp/WDCCR/index.html
Project: ICSU WDC
Citation: WDC for Cosmic Rays, Solar-Terrestrial Environment Laboratory, Nagoya University
Station ID: TBILIS
Station:  TBILISI,GIORGIA,INSTITUT GEOPHYSIKY (IG), GIORGIAN ACADEMY OF SCIENCES,GIORGIA 
Instrument:  18 NM-64 NEUTRON MONITOR, CORRECTED FOR PRESSURE TO 965 MB   ,COEF.=-0.690 %/MB
Latitude (deg.):   41.72  Longitude (deg.):   44.80  Altitude (m):  510.00
Cut-Off Rigidity (GV):    6.73
Year: 1999  Month:   5
Scaling Factor (SF):    64.0   Constant (CONST):     0.0  Real Counts = (DATA + CONST)*SF
Temporal Resolution: 1 hour
UTC Start Hour:     0.0
                         FILE IS PREPARED IN IZMIRAN                            
                                                        
Monthly Average:  8529.9
Updated (YYYY MM DD): 2003 10 20
*******************************************************************************************
ID     YYYY MM DD 1     0     1     2     3     4     5     6     7     8     9    10    11
ID     YYYY MM DD 2    12    13    14    15    16    17    18    19    20    21    22    23
*******************************************************************************************
TBILIS 1999 05 01 1  8501  8487  8527  8495  8526  8505  8513  8522  8491  8489  8554  8555
TBILIS 1999 05 01 2  8507  8530  8529  8548  8536  8510  8522  8489  8489  8508  8548  8502
TBILIS 1999 05 02 1  8493  8470  8500  8486  8451  8472  8479  8511  8557  8569  8567  8539
TBILIS 1999 05 02 2  8589  8551  8626  8612  8589  8619  8625  8638  8664  8648  8636  8646
TBILIS 1999 05 03 1  8636  8600  8625  8636  8638  8590  8539  8576  8568  8541  8599  8612
TBILIS 1999 05 03 2  8601  8547  8544  8587  8570  8560  8532  8535  8581  8575  8596  8604
TBILIS 1999 05 04 1  8590  8548  8565  8539  8566  8584  8591  8601  8588  8590  8640  8596
TBILIS 1999 05 04 2  8595  8597  8537  8559  8478  8513  8554  8543  8561  8531  8545  8556
TBILIS 1999 05 05 1  8510  8526  8518  8532  8528  8532  8509  8506  8555  8559  8610  8630
TBILIS 1999 05 05 2  8591  8594  8608  8626  8512  8544  8542  8524  8536  8560  8564  8559
TBILIS 1999 05 06 1  8540  8522  8500  8491  8484  8473  8435  8456  8480  8472  8443  8513
TBILIS 1999 05 06 2  8505  8516  8538  8481  8504  8458  8448  8484  8419  8460  8411  8458
TBILIS 1999 05 07 1  8466  8475  8461  8471  8458  8428  8472  8530  8555  8587  8572  8569
TBILIS 1999 05 07 2  8587  8556  8501  8502  8467  8449  8446  8444  8443  8438  8393  8465
TBILIS 1999 05 08 1  8450  8463  8458  8422  8425  8422  8455  8457  8498  8521  8565  8543
TBILIS 1999 05 08 2  8529  8476  8479  8430  8387  8409  8390  8366  8366  8404  8367  8367
TBILIS 1999 05 09 1  8358  8404  8379  8400  8424  8421  8463  8474  8477  8507  8505  8518
TBILIS 1999 05 09 2  8528  8485  8452  8477  8466  8432  8417  8388  8410  8376  8391  8353
TBILIS 1999 05 10 1  8354  8363  8351  8340  8331  8400  8393  8452  8412  8454  8460  8419
TBILIS 1999 05 10 2  8444  8462  8436  8424  8375  8401  8376  8361  8368  8364  8392  8429
TBILIS 1999 05 11 1  8374  8362  8382  8363  8371  8347  8391  8418  8433  8415  8490  8497
TBILIS 1999 05 11 2  8491  8461  8474  8443  8439  8417  8423  8433  8388  8411  8421  8430
TBILIS 1999 05 12 1  8386  8405  8414  8403  8439  8441  8445  8441  8462  8470  8512  8449
TBILIS 1999 05 12 2  8469  8441  8470  8457  8430  8409  8417  8458  8449  8487  8469  8492
TBILIS 1999 05 13 1  8482  8502  8513  8487  8540  8610  8558  8579  8566  8596  8572  8595
TBILIS 1999 05 13 2  8585  8560  8665  8618  8572  8546  8539  8533  8537  8516  8537  8554
TBILIS 1999 05 14 1  8528  8574  8496  8571  8547  8540  8569  8566  8595  8584  8578  8602
TBILIS 1999 05 14 2  8558  8579  8587  8555  8544  8555  8571  8602  8568  8587  8549  8537
TBILIS 1999 05 15 1  8586  8592  8607  8626  8643  8624  8641  8615  8630  8593  8610  8643
TBILIS 1999 05 15 2  8601  8581  8606  8574  8578  8569  8585  8586  8588  8593  8650  8648
TBILIS 1999 05 16 1  8648  8634  8689  8666  8660  8677  8721  8784  8753  8752  8758  8733
TBILIS 1999 05 16 2  8701  8661  8634  8589  8570  8578  8569  8583  8593  8563  8579  8590
TBILIS 1999 05 17 1  8593  8579  8618  8601  8665  8687  8685  8700  8704  8668  8668  8654
TBILIS 1999 05 17 2  8618  8607  8546  8555  8522  8536  8547  8527  8546  8523  8537  8532
TBILIS 1999 05 18 1  8551  8556  8527  8496  8482  8536  8617  8591  8582  8605  8626  8643
TBILIS 1999 05 18 2  8622  8636  8589  8577  8589  8578  8583  8548  8571  8609  8579  8560
TBILIS 1999 05 19 1  8551  8560  8574  8603  8594  8658  8675  8713  8736  8702  8662  8694
TBILIS 1999 05 19 2  8647  8650  8630  8631  8630  8593  8617  8636  8607  8611  8550  8555
TBILIS 1999 05 20 1  8561  8563  8604  8631  8599  8620  8599  8621  8660  8664  8670  8647
TBILIS 1999 05 20 2  8645  8593  8643  8618  8611  8620  8599  8571  8552  8543  8556  8537
TBILIS 1999 05 21 1  8500  8541  8483  8522  8544  8483  8555  8549  8581  8637  8617  8672
TBILIS 1999 05 21 2  8643  8597  8637  8597  8593  8566  8578  8561  8555  8550  8543  8552
TBILIS 1999 05 22 1  8579  8556  8525  8487  8500  8471  8515  8521  8556  8555  8557  8597
TBILIS 1999 05 22 2  8568  8536  8572  8534  8480  8494  8481  8432  8385  8358  8370  8395
TBILIS 1999 05 23 1  8376  8396  8420  8422  8486  8527  8509  8478  8426  8433  8441  8475
TBILIS 1999 05 23 2  8528  8522  8496  8487  8424  8442  8457  8438  8421  8414  8390  8373
TBILIS 1999 05 24 1  8331  8390  8378  8429  8385  8423  8401  8449  8435  8464  8498  8535
TBILIS 1999 05 24 2  8526  8509  8527  8516  8464  8439  8464  8453  8475  8465  8517  8501
TBILIS 1999 05 25 1  8471  8499  8493  8505  8470  8462  8443  8446  8492  8484  8488  8531
TBILIS 1999 05 25 2  8526  8583  8530  8537  8532  8546  8551  8563  8507  8552  8535  8548
TBILIS 1999 05 26 1  8566  8542  8582  8586  8575  8521  8492  8519  8525  8544  8558  8550
TBILIS 1999 05 26 2  8547  8587  8614  8600  8545  8581  8590  8583  8584  8602  8589  8577
TBILIS 1999 05 27 1  8568  8563  8545  8500  8493  8521  8527  8498  8523  8501  8529  8526
TBILIS 1999 05 27 2  8583  8548  8573  8537  8570  8537  8594  8582  8604  8569  8554  8551
TBILIS 1999 05 28 1  8516  8505  8539  8521  8492  8493  8492  8516  8486  8515  8566  8546
TBILIS 1999 05 28 2  8576  8604  8606  8580  8602  8568  8576  8579  8559  8601  8591  8516
TBILIS 1999 05 29 1  8522  8510  8499  8507  8491  8458  8466  8485  8492  8476  8537  8500
TBILIS 1999 05 29 2  8520  8561  8526  8587  8558  8600  8589  8569  8629  8603  8603  8634
TBILIS 1999 05 30 1  8594  8596  8565  8550  8450  8464  8445  8427  8445  8417  8457  8533
TBILIS 1999 05 30 2  8537  8536  8563  8571  8601  8552  8574  8570  8592  8539  8557  8542
TBILIS 1999 05 31 1  8509  8506  8437  8447  8448  8483  8492  8493  8494  8550  8553  8547
TBILIS 1999 05 31 2  8567  8564  8575  8573  8580  8575  8558  8543  8511  8521  8524  8536
Cosmic-Ray Neutron Monitor Data (Hourly, Pressure-Corrected and Scale-Adjusted Counts)
Collections: WDC for Cosmic Rays, Solar-Terrestrial Environment Laboratory, Nagoya Univ.
Data Access: http://center.stelab.nagoya-u.ac.jp/WDCCR/index.html
Project: ICSU WDC
Citation: WDC for Cosmic Rays, Solar-Terrestrial Environment Laboratory, Nagoya University
Station ID: TBILIS
Station:  TBILISI,GIORGIA,INSTITUT GEOPHYSIKY (IG), GIORGIAN ACADEMY OF SCIENCES,GIORGIA 
Instrument:  18 NM-64 NEUTRON MONITOR, CORRECTED FOR PRESSURE TO 965 MB   ,COEF.=-0.690 %/MB
Latitude (deg.):   41.72  Longitude (deg.):   44.80  Altitude (m):  510.00
Cut-Off Rigidity (GV):    6.73
Year: 1999  Month:   6
Scaling Factor (SF):    64.0   Constant (CONST):     0.0  Real Counts = (DATA + CONST)*SF
Temporal Resolution: 1 hour
UTC Start Hour:     0.0
                         FILE IS PREPARED IN IZMIRAN                            
                                                        
Monthly Average:  8608.0
Updated (YYYY MM DD): 2003 10 20
*******************************************************************************************
ID     YYYY MM DD 1     0     1     2     3     4     5     6     7     8     9    10    11
ID     YYYY MM DD 2    12    13    14    15    16    17    18    19    20    21    22    23
*******************************************************************************************
TBILIS 1999 06 01 1  8510  8498  8503  8504  8532  8549  8538  8573  8589  8565  8553  8598
TBILIS 1999 06 01 2  8595  8600  8566  8591  8572  8565  8545  8549  8569  8561  8604  8621
TBILIS 1999 06 02 1  8634  8618  8610  8651  8634  8612  8549  8546  8562  8566  8593  8574
TBILIS 1999 06 02 2  8595  8599  8536  8527  8563  8540  8558  8553  8544  8540  8561  8598
TBILIS 1999 06 03 1  8605  8634  8601  8556  8570  8524  8524  8551  8494  8537  8525  8521
TBILIS 1999 06 03 2  8542  8514  8551  8544  8539  8534  8547  8556  8542  8516  8496  8466
TBILIS 1999 06 04 1  8506  8469  8502  8510  8506  8528  8534  8578  8547  8552  8532  8555
TBILIS 1999 06 04 2  8544  8495  8500  8510  8519  8488  8482  8469  8473  8471  8454  8444
TBILIS 1999 06 05 1  8454  8454  8445  8441  8498  8504  8483  8501  8538  8526  8506  8518
TBILIS 1999 06 05 2  8517  8511  8494  8521  8486  8493  8527  8490  8447  8457  8432  8389
TBILIS 1999 06 06 1  8423  8406  8429  8461  8487  8483  8529  8511  8531  8579  8554  8601
TBILIS 1999 06 06 2  8599  8591  8574  8520  8548  8494  8494  8501  8468  8507  8499  8518
TBILIS 1999 06 07 1  8497  8502  8546  8500  8537  8508  8495  8563  8537  8552  8579  8588
TBILIS 1999 06 07 2  8549  8552  8531  8537  8537  8484  8475  8489  8499  8492  8516  8525
TBILIS 1999 06 08 1  8481  8493  8501  8529  8503  8506  8498  8512  8544  8537  8553  8540
TBILIS 1999 06 08 2  8559  8553  8542  8539  8569  8565  8561  8580  8615  8597  8602  8579
TBILIS 1999 06 09 1  8609  8590  8592  8597  8601  8609  8595  8614  8640  8600  8636  8642
TBILIS 1999 06 09 2  8634  8606  8645  8663  8607  8609  8617  8634  8598  8596  8650  8678
TBILIS 1999 06 10 1  8640  8642  8601  8598  8592  8598  8578  8603  8665  8596  8629  8622
TBILIS 1999 06 10 2  8622  8620  8651  8670  8715  8712  8710  8728  8734  8692  8703  8657
TBILIS 1999 06 11 1  8633  8653  8649  8643  8688  8697  8713  8737  8698  8719  8731  8754
TBILIS 1999 06 11 2  8784  8736  8731  8739  8751  8787  8818  8777  8755  8813  8778  8750
TBILIS 1999 06 12 1  8761  8731  8763  8727  8709  8713  8713  8694  8729  8704  8728  8750
TBILIS 1999 06 12 2  8753  8752  8754  8751  8769 99999 99999 99999 99999 99999 99999 99999
TBILIS 1999 06 13 1 99999 99999 99999 99999  8763  8751  8767  8764  8732  8774  8781  8837
TBILIS 1999 06 13 2  8802  8782  8803  8811  8820  8800  8804  8791  8819  8801  8796  8854
TBILIS 1999 06 14 1  8813  8830  8821  8782  8758  8767  8790  8810  8807  8839  8859  8828
TBILIS 1999 06 14 2  8765  8817  8795  8813  8787  8843  8821  8777  8829  8829  8782  8786
TBILIS 1999 06 15 1  8772  8791  8793  8831  8808  8822  8847  8833  8814  8809  8808  8829
TBILIS 1999 06 15 2  8864  8828  8846  8808  8797  8841  8773  8747  8776  8755  8721  8725
TBILIS 1999 06 16 1  8724  8723  8660  8714  8748  8753  8817  8786  8788  8793  8802  8788
TBILIS 1999 06 16 2  8754  8709  8729  8703  8683  8693  8738  8715  8684  8701  8704  8721
TBILIS 1999 06 17 1  8738  8741  8747  8714  8729  8765  8793  8794  8747  8716  8765  8685
TBILIS 1999 06 17 2  8709  8701  8725  8722  8699  8687  8713  8700  8691  8698  8670  8719
TBILIS 1999 06 18 1  8712  8705  8695  8724  8662  8680  8681  8712  8695  8684  8707  8688
TBILIS 1999 06 18 2  8657  8634  8680  8641  8612  8593  8580  8582  8596  8595  8603  8655
TBILIS 1999 06 19 1  8636  8613  8602  8609  8646  8624  8679  8656  8662  8677  8649  8669
TBILIS 1999 06 19 2  8688  8661  8609  8601  8609  8604  8623  8605  8622  8589  8559  8568
TBILIS 1999 06 20 1  8604  8575  8569  8633  8630  8666  8636  8649  8668  8628  8624  8616
TBILIS 1999 06 20 2  8601  8599  8599  8608  8579  8583  8616  8623  8634  8618  8604  8622
TBILIS 1999 06 21 1  8637  8614  8675  8625  8609  8599  8621  8601  8606  8606  8571  8628
TBILIS 1999 06 21 2  8605  8602  8615  8581  8597  8628  8580  8584  8630  8592  8598  8611
TBILIS 1999 06 22 1  8588  8568  8601  8583  8599  8603  8611  8620  8635  8608  8620  8655
TBILIS 1999 06 22 2  8665  8665  8607  8626  8627  8634  8628  8622  8607  8632  8647  8619
TBILIS 1999 06 23 1  8600  8616  8589  8579  8586  8591  8551  8569  8573  8569  8563  8598
TBILIS 1999 06 23 2  8593  8594  8605  8627  8686  8626  8621  8631  8601  8627  8626  8610
TBILIS 1999 06 24 1  8663  8628  8632  8643  8660  8652  8614  8626  8608  8628  8629  8649
TBILIS 1999 06 24 2  8642  8630  8651  8647  8635  8640  8665  8672  8702  8659  8665  8708
TBILIS 1999 06 25 1  8657  8678  8668  8643  8611  8588  8583  8577  8588  8603  8596  8598
TBILIS 1999 06 25 2  8600  8642  8621  8615  8654  8645  8659  8647  8634  8643  8654  8624
TBILIS 1999 06 26 1  8587  8614  8649  8618  8620  8598  8566  8582  8568  8576  8604  8563
TBILIS 1999 06 26 2  8581  8545  8546  8560  8579  8522  8561  8506  8465  8446  8439  8395
TBILIS 1999 06 27 1  8349  8415  8397  8412  8375  8388  8382  8427  8407  8438  8387  8421
TBILIS 1999 06 27 2  8477  8446  8459  8391  8424  8390  8418  8408  8417  8421  8463  8440
TBILIS 1999 06 28 1  8424  8441  8399  8357  8341  8359  8441  8450  8455  8501  8537  8505
TBILIS 1999 06 28 2  8489  8506  8471  8443  8420  8446  8422  8439  8453  8490  8466  8515
TBILIS 1999 06 29 1  8482  8457  8468  8479  8455  8466  8519  8517  8520  8554  8508  8495
TBILIS 1999 06 29 2  8515  8501  8488  8470  8488  8465  8486  8488  8509  8518  8522  8517
TBILIS 1999 06 30 1  8518  8492  8458  8480  8478  8468  8519  8527  8553  8600  8601  8618
TBILIS 1999 06 30 2  8605  8569  8603  8572  8580  8546  8567  8546  8547  8554  8567  8542
TBILIS 1999 06 31 1 99999 99999 99999 99999 99999 99999 99999 99999 99999 99999 99999 99999
TBILIS 1999 06 31 2 99999 99999 99999 99999 99999 99999 99999 99999 99999 99999 99999 99999
Cosmic-Ray Neutron Monitor Data (Hourly, Pressure-Corrected and Scale-Adjusted Counts)
Collections: WDC for Cosmic Rays, Solar-Terrestrial Environment Laboratory, Nagoya Univ.
Data Access: http://center.stelab.nagoya-u.ac.jp/WDCCR/index.html
Project: ICSU WDC
Citation: WDC for Cosmic Rays, Solar-Terrestrial Environment Laboratory, Nagoya University
Station ID: TBILIS
Station:  TBILISI,GIORGIA,INSTITUT GEOPHYSIKY (IG), GIORGIAN ACADEMY OF SCIENCES,GIORGIA 
Instrument:  18 NM-64 NEUTRON MONITOR, CORRECTED FOR PRESSURE TO 965 MB   ,COEF.=-0.690 %/MB
Latitude (deg.):   41.72  Longitude (deg.):   44.80  Altitude (m):  510.00
Cut-Off Rigidity (GV):    6.73
Year: 1999  Month:   7
Scaling Factor (SF):    64.0   Constant (CONST):     0.0  Real Counts = (DATA + CONST)*SF
Temporal Resolution: 1 hour
UTC Start Hour:     0.0
                         FILE IS PREPARED IN IZMIRAN                            
                                                        
Monthly Average:  8647.7
Updated (YYYY MM DD): 2003 10 20
*******************************************************************************************
ID     YYYY MM DD 1     0     1     2     3     4     5     6     7     8     9    10    11
ID     YYYY MM DD 2    12    13    14    15    16    17    18    19    20    21    22    23
*******************************************************************************************
TBILIS 1999 07 01 1  8501  8532  8481  8493  8483  8508  8507  8546  8589  8589  8564  8606
TBILIS 1999 07 01 2  8613  8579  8546  8555  8591  8591  8587  8576  8609  8637  8615  8562
TBILIS 1999 07 02 1  8553  8602  8607  8560  8555  8587  8532  8561  8530  8540  8526  8515
TBILIS 1999 07 02 2  8512  8500  8456  8490  8500  8484  8505  8533  8518  8504  8523  8515
TBILIS 1999 07 03 1  8567  8527  8481  8469  8457  8473  8489  8490  8511  8549  8552  8574
TBILIS 1999 07 03 2  8601  8577  8572  8588  8582  8594  8574  8625  8603  8575  8613  8609
TBILIS 1999 07 04 1  8589  8583  8548  8539  8528  8537  8555  8552  8574  8576  8580  8575
TBILIS 1999 07 04 2  8607  8597  8595  8559  8574  8565  8564  8575  8573  8574  8555  8582
TBILIS 1999 07 05 1  8600  8601  8595  8567  8594  8572  8587  8620  8638  8622  8637  8630
TBILIS 1999 07 05 2  8628  8634  8620  8605  8630  8646  8607  8620  8622  8653  8643  8618
TBILIS 1999 07 06 1  8660  8690  8677  8645  8634  8612  8608  8596  8616  8644  8597  8627
TBILIS 1999 07 06 2  8595  8629  8627  8628  8690  8689  8671  8605  8641  8627  8598  8630
TBILIS 1999 07 07 1  8609  8623  8585  8553  8611  8582  8596  8620  8609  8616  8602  8602
TBILIS 1999 07 07 2  8572  8575  8533  8585  8602  8615  8583  8542  8561  8532  8514  8540
TBILIS 1999 07 08 1  8563  8542  8532  8585  8541  8586  8552  8539  8499  8564  8520  8555
TBILIS 1999 07 08 2  8543  8605  8581  8555  8558  8548  8593  8556  8556  8556  8552  8584
TBILIS 1999 07 09 1  8568  8609  8658  8656  8631  8623  8670  8652  8676  8672  8701  8662
TBILIS 1999 07 09 2  8714  8669  8681  8649  8676  8664  8692  8683  8684  8658  8685  8665
TBILIS 1999 07 10 1  8665  8672  8656  8675  8654  8668  8640  8645  8656  8677  8669  8681
TBILIS 1999 07 10 2  8655  8677  8666  8651  8644  8682  8648  8657  8652  8657  8619  8621
TBILIS 1999 07 11 1  8614  8625  8623  8637  8605  8610  8670  8647  8654  8680  8628  8675
TBILIS 1999 07 11 2  8690  8717  8699  8675  8721  8713  8704  8692  8715  8751  8759  8724
TBILIS 1999 07 12 1  8710  8708  8663  8676  8658  8708  8736  8801  8852  8856  8873  8906
TBILIS 1999 07 12 2  8839  8820  8803  8822  8799  8812  8798  8760  8757  8782  8812  8809
TBILIS 1999 07 13 1  8797  8790  8810  8825  8850  8867  8881  8864  8867  8903  8859  8894
TBILIS 1999 07 13 2  8867  8802  8812  8784  8789  8784  8803  8814  8856  8851  8859  8889
TBILIS 1999 07 14 1  8952  8939  8965  8918  8908  8866  8848  8815  8818  8796  8789  8753
TBILIS 1999 07 14 2  8747  8744  8730  8698  8712  8703  8729  8736  8742  8776  8751  8745
TBILIS 1999 07 15 1  8729  8786  8820  8785  8825  8820  8875  8865  8857  8857  8897  8853
TBILIS 1999 07 15 2  8875  8897  8878  8904  8885  8877  8882  8791  8796  8838  8829  8805
TBILIS 1999 07 16 1  8807  8781  8778  8757  8785  8811  8789  8836  8853  8857  8808  8878
TBILIS 1999 07 16 2  8777  8827  8758  8759  8748  8781  8757  8794  8735  8719  8725  8704
TBILIS 1999 07 17 1  8716  8674  8733  8720  8683  8681  8678  8677  8710  8724  8744  8766
TBILIS 1999 07 17 2  8769  8742  8729  8756  8737  8736  8747  8755  8754  8755  8720  8695
TBILIS 1999 07 18 1  8709  8662  8644  8636  8613  8639  8653  8661  8685  8683  8715  8727
TBILIS 1999 07 18 2  8745  8711  8747  8757  8753  8761  8737  8699  8693  8710  8691  8701
TBILIS 1999 07 19 1  8693  8693  8681  8661  8697  8671  8679  8709  8672  8726  8759  8757
TBILIS 1999 07 19 2  8787  8768  8744  8790  8774  8762  8698  8663  8650  8636  8653  8632
TBILIS 1999 07 20 1  8643  8619  8634  8662  8609  8605  8605  8633  8621  8645  8650  8668
TBILIS 1999 07 20 2  8655  8659  8674  8677  8666  8663  8676  8689  8670  8630  8606  8608
TBILIS 1999 07 21 1  8636  8662  8646  8666  8680  8663  8665  8702  8705  8689  8732  8694
TBILIS 1999 07 21 2  8694  8683  8668  8651  8664  8666  8746  8756  8707  8645  8648  8632
TBILIS 1999 07 22 1  8664  8614  8595  8603  8637  8690  8715  8727  8726  8684  8689  8731
TBILIS 1999 07 22 2  8665  8677  8634  8635  8676  8624  8619  8574  8622  8569  8594  8639
TBILIS 1999 07 23 1  8625  8609  8576  8557  8601  8616  8636  8601  8646  8676  8661  8703
TBILIS 1999 07 23 2  8656  8696  8671  8639  8628  8637  8603  8593  8578  8548  8569  8571
TBILIS 1999 07 24 1  8569  8596  8602  8563  8593  8597  8597  8607  8611  8620  8614  8646
TBILIS 1999 07 24 2  8622  8615  8612  8608  8609  8583  8561  8529  8551  8525  8562  8582
TBILIS 1999 07 25 1  8559  8593  8564  8556  8551  8581  8599  8629  8594  8630  8644  8638
TBILIS 1999 07 25 2  8665  8683  8644  8641  8649  8627  8701  8651  8645  8626  8629  8637
TBILIS 1999 07 26 1  8618  8596  8590  8585  8587  8602  8605  8636  8633  8645  8665  8665
TBILIS 1999 07 26 2  8669  8711  8703  8700  8678  8682  8648  8702  8652  8660  8648  8631
TBILIS 1999 07 27 1  8578  8540  8570  8578  8584  8601  8595  8645  8674  8696  8697  8676
TBILIS 1999 07 27 2  8716  8692  8689  8608  8538  8511  8498  8517  8494  8503  8517  8538
TBILIS 1999 07 28 1  8534  8550  8543  8498  8480  8511  8454  8505  8497  8526  8526  8519
TBILIS 1999 07 28 2  8558  8532  8567  8581  8571  8592  8595  8611  8562  8563  8557  8569
TBILIS 1999 07 29 1  8578  8576  8597  8561  8522  8478  8482  8513  8509  8511  8512  8525
TBILIS 1999 07 29 2  8556  8550  8530  8542  8545  8546  8576  8588  8587  8530  8527  8569
TBILIS 1999 07 30 1  8564  8583  8618  8601  8589  8623  8633  8655  8664  8652  8633  8621
TBILIS 1999 07 30 2  8638  8690  8650  8603  8583  8519  8561  8538  8582  8581  8601  8579
TBILIS 1999 07 31 1  8601  8561  8550  8588  8533  8555  8526  8566  8567  8595  8588  8610
TBILIS 1999 07 31 2  8591  8584  8539  8569  8563  8568  8534  8541  8550  8581  8581  8578
Cosmic-Ray Neutron Monitor Data (Hourly, Pressure-Corrected and Scale-Adjusted Counts)
Collections: WDC for Cosmic Rays, Solar-Terrestrial Environment Laboratory, Nagoya Univ.
Data Access: http://center.stelab.nagoya-u.ac.jp/WDCCR/index.html
Project: ICSU WDC
Citation: WDC for Cosmic Rays, Solar-Terrestrial Environment Laboratory, Nagoya University
Station ID: TBILIS
Station:  TBILISI,GIORGIA,INSTITUT GEOPHYSIKY (IG), GIORGIAN ACADEMY OF SCIENCES,GIORGIA 
Instrument:  18 NM-64 NEUTRON MONITOR, CORRECTED FOR PRESSURE TO 965 MB   ,COEF.=-0.690 %/MB
Latitude (deg.):   41.72  Longitude (deg.):   44.80  Altitude (m):  510.00
Cut-Off Rigidity (GV):    6.73
Year: 1999  Month:   8
Scaling Factor (SF):    64.0   Constant (CONST):     0.0  Real Counts = (DATA + CONST)*SF
Temporal Resolution: 1 hour
UTC Start Hour:     0.0
                         FILE IS PREPARED IN IZMIRAN                            
                                                        
Monthly Average:  8503.6
Updated (YYYY MM DD): 2003 10 20
*******************************************************************************************
ID     YYYY MM DD 1     0     1     2     3     4     5     6     7     8     9    10    11
ID     YYYY MM DD 2    12    13    14    15    16    17    18    19    20    21    22    23
*******************************************************************************************
TBILIS 1999 08 01 1  8532  8500  8479  8445  8504  8515  8506  8549  8537  8591  8572  8587
TBILIS 1999 08 01 2  8573  8627  8621  8631  8605  8548  8598  8585  8581  8622  8600  8590
TBILIS 1999 08 02 1  8587  8633  8620  8607  8556  8552  8545  8542  8517  8680  8535  8578
TBILIS 1999 08 02 2  8577  8575  8605  8610  8646  8618  8580  8600  8594  8607  8589  8558
TBILIS 1999 08 03 1  8590  8581  8571  8592  8502  8504  8541  8536  8557  8575  8620  8599
TBILIS 1999 08 03 2  8571  8585  8590  8590  8580  8608  8635  8624  8620  8599  8598  8631
TBILIS 1999 08 04 1  8641  8631  8581  8577  8618  8611  8663  8644  8665  8692  8674  8697
TBILIS 1999 08 04 2  8648  8661  8667  8677  8676  8684  8667  8693  8634  8663  8655  8690
TBILIS 1999 08 05 1  8731  8711  8708  8695  8703  8699  8653  8676  8673  8697  8715  8714
TBILIS 1999 08 05 2  8704  8704  8708  8735  8700  8677  8695  8700  8690  8722  8740  8685
TBILIS 1999 08 06 1  8718  8705  8710  8686  8684  8673  8663  8687  8665  8653  8666  8662
TBILIS 1999 08 06 2  8699  8698  8681  8710  8735  8685  8683  8645  8648  8610  8592  8607
TBILIS 1999 08 07 1  8580  8620  8611  8633  8625  8619  8637  8646  8637  8628  8664  8674
TBILIS 1999 08 07 2  8637  8637  8656  8621  8629  8611  8629  8580  8599  8575  8525  8539
TBILIS 1999 08 08 1  8592  8545  8565  8547  8558  8544  8562  8569  8632  8680  8661  8666
TBILIS 1999 08 08 2  8652  8646  8636  8672  8650  8634  8638  8628  8681  8643  8655  8662
TBILIS 1999 08 09 1  8666  8637  8651  8644  8639  8619  8699  8614  8571  8572  8618  8616
TBILIS 1999 08 09 2  8609  8651  8613  8629  8628  8625  8642  8676  8634  8664  8666  8688
TBILIS 1999 08 10 1  8673  8716  8684  8656  8610  8613  8605  8622  8628  8575  8582  8608
TBILIS 1999 08 10 2  8601  8641  8587  8580  8576  8596  8563  8599  8560  8561  8606  8591
TBILIS 1999 08 11 1  8634  8585  8597  8595  8585  8574  8586  8602  8595  8609  8618  8621
TBILIS 1999 08 11 2  8630  8641  8619  8588  8630  8582  8590  8619  8606  8633  8606  8607
TBILIS 1999 08 12 1  8619  8629  8625  8627  8595  8623  8649  8692  8665  8651  8675  8699
TBILIS 1999 08 12 2  8697  8697  8656  8675  8513  8628  8639  8690  8683  8642  8638  8671
TBILIS 1999 08 13 1  8639  8702  8667  8666  8700  8661  8687  8669  8671  8701  8688  8661
TBILIS 1999 08 13 2  8652  8666  8691  8692  8679  8689  8673  8726  8727  8702  8696  8709
TBILIS 1999 08 14 1  8654  8631  8622  8639  8608  8616  8646  8676  8576  8624  8676  8659
TBILIS 1999 08 14 2  8661  8695  8701  8671  8655  8629  8686  8685  8630  8634  8637  8554
TBILIS 1999 08 15 1  8665  8663  8665  8633  8713  8680  8676  8686  8712  8747  8736  8718
TBILIS 1999 08 15 2  8714  8666  8694  8630  8660  8667  8636  8616  8630  8612  8626  8620
TBILIS 1999 08 16 1  8562  8631  8597  8568  8561  8563  8475  8523  8505  8569  8529  8590
TBILIS 1999 08 16 2  8595  8605  8602  8575  8546  8546  8546  8545  8550 99999 99999 99999
TBILIS 1999 08 17 1 99999 99999 99999 99999  8507  8478  8542  8582  8579  8590  8592  8625
TBILIS 1999 08 17 2  8627  8629  8628  8588  8641  8595  8595  8576  8509  8551  8569  8576
TBILIS 1999 08 18 1  8595  8559  8555  8556  8596  8584  8521  8541  8537  8542  8508  8492
TBILIS 1999 08 18 2  8483  8456  8497  8482  8463  8499  8462  8479  8476  8415  8451  8426
TBILIS 1999 08 19 1  8446  8446  8441  8450  8413  8449  8456  8478  8489  8512  8507  8543
TBILIS 1999 08 19 2  8488  8510  8473  8492  8494  8367  8306  8307  8316  8376  8327  8288
TBILIS 1999 08 20 1  8299  8285  8290  8300  8313  8301  8289  8367  8355  8345  8357  8357
TBILIS 1999 08 20 2  8329  8342  8339  8345  8363  8363  8339  8309  8307  8369  8327  8374
TBILIS 1999 08 21 1  8318  8351  8300  8261  8281  8285  8257  8321  8268  8312  8311  8314
TBILIS 1999 08 21 2  8249  8311  8313  8256  8246  8227  8220  8239  8212  8206  8176  8192
TBILIS 1999 08 22 1  8235  8197  8217  8185  8196  8195  8288  8263  8249  8269  8279  8273
TBILIS 1999 08 22 2  8240  8258  8226  8246  8280  8255  8279  8270  8275  8269  8271  8302
TBILIS 1999 08 23 1  8304  8313  8265  8237  8213  8185  8164  8137  8173  8208  8265  8262
TBILIS 1999 08 23 2  8318  8367  8363  8313  8313  8333  8260  8225  8155  8148  8107  8132
TBILIS 1999 08 24 1  8176  8195  8215  8262  8326  8318  8303  8297  8292  8344  8379  8386
TBILIS 1999 08 24 2  8388  8403  8354  8332  8307  8332  8311  8265  8280  8294  8287  8270
TBILIS 1999 08 25 1  8281  8255  8280  8289  8293  8303  8312  8332  8312  8315  8304  8320
TBILIS 1999 08 25 2  8311  8288  8277  8293  8272  8271  8255  8266  8264  8235  8224  8230
TBILIS 1999 08 26 1  8257  8216  8229  8218  8274  8216  8236  8252  8292  8306  8312  8321
TBILIS 1999 08 26 2  8342  8354  8365  8356  8372  8379  8401  8403  8399  8383  8361  8348
TBILIS 1999 08 27 1  8381  8357  8347  8318  8347  8352  8326  8357  8383  8377  8394  8368
TBILIS 1999 08 27 2  8374  8413  8357  8340  8353  8334  8333  8338  8318  8306  8356  8341
TBILIS 1999 08 28 1  8303  8331  8317  8301  8321  8345  8399  8400  8458  8460  8463  8512
TBILIS 1999 08 28 2  8475  8455  8432  8372  8345  8361  8357  8306  8317  8318  8325  8299
TBILIS 1999 08 29 1  8288  8305  8316  8310  8348  8395  8458  8468  8484  8489  8492  8477
TBILIS 1999 08 29 2  8477  8496  8442  8434  8414  8434  8438  8439  8450  8453  8519  8437
TBILIS 1999 08 30 1  8420  8409  8421  8441  8375  8406  8448  8432  8474  8494  8444  8456
TBILIS 1999 08 30 2  8443  8461  8394  8404  8398  8458  8439  8418  8436  8384  8392  8390
TBILIS 1999 08 31 1 99999 99999 99999 99999  8376  8382  8439  8444  8450  8455  8460  8503
TBILIS 1999 08 31 2  8488  8478  8497  8501  8505  8488  8500  8505  8474  8467  8503  8475
Cosmic-Ray Neutron Monitor Data (Hourly, Pressure-Corrected and Scale-Adjusted Counts)
Collections: WDC for Cosmic Rays, Solar-Terrestrial Environment Laboratory, Nagoya Univ.
Data Access: http://center.stelab.nagoya-u.ac.jp/WDCCR/index.html
Project: ICSU WDC
Citation: WDC for Cosmic Rays, Solar-Terrestrial Environment Laboratory, Nagoya University
Station ID: TBILIS
Station:  TBILISI,GIORGIA,INSTITUT GEOPHYSIKY (IG), GIORGIAN ACADEMY OF SCIENCES,GIORGIA 
Instrument:  18 NM-64 NEUTRON MONITOR, CORRECTED FOR PRESSURE TO 965 MB   ,COEF.=-0.690 %/MB
Latitude (deg.):   41.72  Longitude (deg.):   44.80  Altitude (m):  510.00
Cut-Off Rigidity (GV):    6.73
Year: 1999  Month:   9
Scaling Factor (SF):    64.0   Constant (CONST):     0.0  Real Counts = (DATA + CONST)*SF
Temporal Resolution: 1 hour
UTC Start Hour:     0.0
                         FILE IS PREPARED IN IZMIRAN                            
                                                        
Monthly Average:  8428.9
Updated (YYYY MM DD): 2003 10 20
*******************************************************************************************
ID     YYYY MM DD 1     0     1     2     3     4     5     6     7     8     9    10    11
ID     YYYY MM DD 2    12    13    14    15    16    17    18    19    20    21    22    23
*******************************************************************************************
TBILIS 1999 09 01 1  8459  8439  8455  8456  8441  8476  8472  8497  8494  8522  8526  8552
TBILIS 1999 09 01 2  8548  8547  8536  8527  8517  8522  8534  8516  8523  8485  8499  8485
TBILIS 1999 09 02 1  8520  8491  8445  8416  8431  8420  8431  8425  8479  8477  8498  8479
TBILIS 1999 09 02 2  8501  8496  8473  8484  8479  8490  8449  8452  8415  8437  8403  8410
TBILIS 1999 09 03 1  8419  8420  8424  8424  8388  8459  8434  8477  8514  8493  8488  8518
TBILIS 1999 09 03 2  8513  8513  8494  8479  8476  8487  8481  8457  8433  8456  8411  8360
TBILIS 1999 09 04 1  8401  8430  8433  8465  8409  8475  8496  8471  8479  8469  8500  8474
TBILIS 1999 09 04 2  8502  8458  8476  8492  8458  8462  8429  8432  8424  8413  8337  8367
TBILIS 1999 09 05 1  8385  8382  8370  8388  8350  8364  8381  8422  8429  8446  8439  8446
TBILIS 1999 09 05 2  8442  8466  8468  8465  8470  8473  8449  8450  8441  8439  8440  8438
TBILIS 1999 09 06 1  8446  8400  8404  8434  8428  8413  8426  8448  8444  8397  8414  8445
TBILIS 1999 09 06 2  8393  8417  8380  8384  8432  8416  8375  8397  8360  8412  8430  8447
TBILIS 1999 09 07 1  8410  8382  8410  8369  8369  8331  8346  8378  8452  8470  8458  8475
TBILIS 1999 09 07 2  8464  8446  8486  8472  8437  8433  8419  8454  8441  8421  8467  8432
TBILIS 1999 09 08 1  8457  8461  8410  8438  8453  8378  8373  8379  8404  8413  8409  8455
TBILIS 1999 09 08 2  8449  8413  8451  8467  8441  8431  8403  8323  8367  8376  8369  8360
TBILIS 1999 09 09 1  8367  8344  8345  8365  8362  8380  8415  8458  8409  8467  8445  8448
TBILIS 1999 09 09 2  8435  8422  8448  8417  8458  8440  8419  8439  8418  8432  8398  8415
TBILIS 1999 09 10 1  8416  8402  8423  8418  8422  8436  8417  8453  8447  8429  8488  8442
TBILIS 1999 09 10 2  8414  8443  8432  8398  8408  8372  8396  8379  8476  8434  8425  8421
TBILIS 1999 09 11 1  8461  8449  8456  8413  8404  8467  8440  8440  8460  8462  8485  8505
TBILIS 1999 09 11 2  8489  8503  8498  8441  8461  8515  8534  8590  8528  8512  8480  8495
TBILIS 1999 09 12 1  8439  8518  8504  8528  8490  8471  8478  8504  8508  8481  8573  8541
TBILIS 1999 09 12 2  8543  8520  8532  8579  8515  8559  8554  8560  8595  8570  8543  8523
TBILIS 1999 09 13 1  8508  8478  8439  8461  8437  8423  8391  8426  8421  8430  8442  8415
TBILIS 1999 09 13 2  8418  8441  8411  8459  8399  8416  8416  8438  8436  8418  8396  8381
TBILIS 1999 09 14 1  8354  8368  8403  8398  8414  8506  8446  8436  8471  8422  8474  8399
TBILIS 1999 09 14 2  8387  8376  8371  8409  8383  8424  8442  8400  8364  8391  8399  8425
TBILIS 1999 09 15 1  8392  8436  8372  8370  8348  8386  8395  8438  8473  8478  8498  8448
TBILIS 1999 09 15 2  8420  8395  8324  8285  8287  8218  8202  8214  8231  8280  8281  8266
TBILIS 1999 09 16 1  8313  8249  8304  8290  8318  8292  8361  8368  8359  8390  8395  8390
TBILIS 1999 09 16 2  8374  8338  8371  8357  8366  8354  8386  8374  8318  8361  8387  8372
TBILIS 1999 09 17 1  8334  8331  8345  8350  8334  8358  8359  8406  8392  8384  8400  8375
TBILIS 1999 09 17 2  8362  8398  8453  8411  8428  8407  8365  8356  8362  8313  8349  8321
TBILIS 1999 09 18 1  8376  8337  8329  8313  8376  8330  8351  8350  8374  8434  8396  8417
TBILIS 1999 09 18 2  8425  8419  8438  8408  8439  8411  8407  8427  8395  8367  8344  8323
TBILIS 1999 09 19 1  8328  8343  8356  8339  8377  8376  8410  8370  8384  8438  8467  8462
TBILIS 1999 09 19 2  8407  8453  8427  8459  8441  8419  8440  8465  8409  8432  8430  8390
TBILIS 1999 09 20 1  8401  8400  8402  8387  8347  8312  8317  8334  8345  8336  8401  8377
TBILIS 1999 09 20 2  8409  8356  8373  8323  8323  8353  8335  8336  8332  8349  8343  8358
TBILIS 1999 09 21 1  8287  8342  8315  8335  8365  8298  8325  8306  8351  8436  8357  8374
TBILIS 1999 09 21 2  8361  8375  8378  8408  8424  8417  8419  8402  8382  8418  8394  8367
TBILIS 1999 09 22 1  8427  8375  8376  8390  8407  8413  8434  8423  8436  8430  8409  8400
TBILIS 1999 09 22 2  8387  8412  8421  8394  8402  8342  8340  8306  8308  8411  8487  8525
TBILIS 1999 09 23 1  8463  8453  8403  8383  8393  8500  8465  8443  8462  8489  8479  8488
TBILIS 1999 09 23 2  8501  8446  8470  8449  8447  8478  8498  8458  8495  8445  8444  8413
TBILIS 1999 09 24 1  8429  8448  8436  8410  8403  8406  8398  8433  8433  8467  8500  8462
TBILIS 1999 09 24 2  8467  8470  8488  8428  8434  8441  8428  8441  8435  8387  8406  8412
TBILIS 1999 09 25 1  8411  8360  8403  8405  8409  8414  8429  8427  8449  8458  8424  8410
TBILIS 1999 09 25 2  8415  8435  8478  8430  8415  8411  8385  8427  8449  8383  8384  8375
TBILIS 1999 09 26 1  8373  8383  8368  8384  8413  8401  8436  8454  8427  8441  8484  8449
TBILIS 1999 09 26 2  8478  8441  8475  8506  8514  8572  8576  8558  8585  8551  8551  8587
TBILIS 1999 09 27 1  8529  8521  8514  8515  8471  8452  8443  8511  8547  8516  8535  8556
TBILIS 1999 09 27 2  8564  8552  8530  8588  8554  8553  8537  8523  8522  8487  8491  8471
TBILIS 1999 09 28 1  8497  8488  8462  8511  8503  8475  8449  8474  8497  8482  8506  8512
TBILIS 1999 09 28 2  8528  8531  8490  8459  8464  8446  8412  8420  8427  8402  8399  8414
TBILIS 1999 09 29 1  8443  8386  8389  8435  8367  8416  8386  8402  8495  8434  8453  8444
TBILIS 1999 09 29 2  8436  8387  8433  8434  8455  8405  8399  8412  8433  8400  8408  8403
TBILIS 1999 09 30 1  8417  8460  8442  8451  8436  8443  8459  8417  8470  8499  8505  8496
TBILIS 1999 09 30 2  8474  8473  8459  8439  8429  8429  8446  8486  8429  8450  8472  8432
TBILIS 1999 09 31 1 99999 99999 99999 99999 99999 99999 99999 99999 99999 99999 99999 99999
TBILIS 1999 09 31 2 99999 99999 99999 99999 99999 99999 99999 99999 99999 99999 99999 99999
Cosmic-Ray Neutron Monitor Data (Hourly, Pressure-Corrected and Scale-Adjusted Counts)
Collections: WDC for Cosmic Rays, Solar-Terrestrial Environment Laboratory, Nagoya Univ.
Data Access: http://center.stelab.nagoya-u.ac.jp/WDCCR/index.html
Project: ICSU WDC
Citation: WDC for Cosmic Rays, Solar-Terrestrial Environment Laboratory, Nagoya University
Station ID: TBILIS
Station:  TBILISI,GIORGIA,INSTITUT GEOPHYSIKY (IG), GIORGIAN ACADEMY OF SCIENCES,GIORGIA 
Instrument:  18 NM-64 NEUTRON MONITOR, CORRECTED FOR PRESSURE TO 965 MB   ,COEF.=-0.690 %/MB
Latitude (deg.):   41.72  Longitude (deg.):   44.80  Altitude (m):  510.00
Cut-Off Rigidity (GV):    6.73
Year: 1999  Month:  10
Scaling Factor (SF):    64.0   Constant (CONST):     0.0  Real Counts = (DATA + CONST)*SF
Temporal Resolution: 1 hour
UTC Start Hour:     0.0
                         FILE IS PREPARED IN IZMIRAN                            
                                                        
Monthly Average:  8416.4
Updated (YYYY MM DD): 2003 10 20
*******************************************************************************************
ID     YYYY MM DD 1     0     1     2     3     4     5     6     7     8     9    10    11
ID     YYYY MM DD 2    12    13    14    15    16    17    18    19    20    21    22    23
*******************************************************************************************
TBILIS 1999 10 01 1  8444  8440  8428  8436  8442  8447  8452  8473  8508  8531  8500  8519
TBILIS 1999 10 01 2  8496  8522  8493  8503  8482  8477  8487  8466  8485  8482  8452  8419
TBILIS 1999 10 02 1  8447  8445  8441  8477  8455  8426  8446  8453  8467  8534  8516  8559
TBILIS 1999 10 02 2  8503  8510  8457  8480  8453  8467  8499  8441  8438  8445  8440  8465
TBILIS 1999 10 03 1  8436  8454  8421  8440  8405  8384  8399  8440  8435  8488  8508  8482
TBILIS 1999 10 03 2  8467  8498  8497  8526  8520  8489  8496  8455  8479  8487  8464  8478
TBILIS 1999 10 04 1  8503  8447  8437  8441  8462  8465  8473  8470  8476  8481  8494  8490
TBILIS 1999 10 04 2  8528  8496  8476  8490  8517  8507  8500  8502  8467  8507  8516  8449
TBILIS 1999 10 05 1  8457  8450  8451  8459  8414  8417  8436  8455  8475  8488  8491  8499
TBILIS 1999 10 05 2  8510  8453  8457  8500  8508  8502  8498  8480  8450  8465  8436  8457
TBILIS 1999 10 06 1  8476  8466  8464  8429  8508  8419  8464  8511  8500  8547  8568  8546
TBILIS 1999 10 06 2  8512  8528  8506  8501  8532  8516  8470  8483  8478  8458  8430  8477
TBILIS 1999 10 07 1  8475  8448  8493  8444  8469  8461  8486  8508  8492  8521  8538  8561
TBILIS 1999 10 07 2  8529  8502  8535  8520  8508  8526  8512  8529  8536  8534  8535  8555
TBILIS 1999 10 08 1  8544  8500  8480  8496  8491  8471  8448  8483  8477  8515  8532  8563
TBILIS 1999 10 08 2  8559  8567  8530  8558  8560  8533  8520  8526  8507  8498  8520  8515
TBILIS 1999 10 09 1  8571  8548  8547  8554  8548  8527  8517  8541  8511  8549  8537  8549
TBILIS 1999 10 09 2  8604  8614  8546  8614  8555  8591  8583  8583  8605  8579  8568  8552
TBILIS 1999 10 10 1  8559  8557  8550  8529  8502  8499  8500  8504  8502  8505  8512  8552
TBILIS 1999 10 10 2  8556  8603  8641  8631  8578  8548  8473  8446  8427  8437  8426  8412
TBILIS 1999 10 11 1  8381  8398  8387  8412  8366  8384  8410  8434  8478  8469  8453  8497
TBILIS 1999 10 11 2  8526  8494  8478  8449  8443  8453  8458  8450  8455  8424  8444  8433
TBILIS 1999 10 12 1  8423  8480  8480  8435  8438  8394  8402  8399  8417  8427  8503  8459
TBILIS 1999 10 12 2  8449  8439  8420  8466  8473  8487  8468  8441  8450  8394  8390  8376
TBILIS 1999 10 13 1  8424  8475  8435  8401  8364  8374  8392  8420  8410  8442  8463  8458
TBILIS 1999 10 13 2  8495  8486  8447  8399  8415  8411  8400  8397  8428  8415  8384  8446
TBILIS 1999 10 14 1  8405  8368  8394  8357  8374  8361  8420  8386  8438  8439  8386  8425
TBILIS 1999 10 14 2  8461  8437  8459  8428  8458  8463  8453  8442  8481  8409  8416  8436
TBILIS 1999 10 15 1  8425  8388  8407  8376  8356  8356  8339  8321  8329  8306  8362  8350
TBILIS 1999 10 15 2  8330  8298  8354  8314  8409  8380  8333  8347  8332  8348  8326  8332
TBILIS 1999 10 16 1  8320  8333  8307  8318  8221  8240  8224  8231  8275  8266  8255  8313
TBILIS 1999 10 16 2  8320  8319  8350  8290  8301  8366  8354  8326  8341  8314  8288  8285
TBILIS 1999 10 17 1  8277  8255  8263  8195  8228  8235  8287  8330  8373  8323  8356  8335
TBILIS 1999 10 17 2  8361  8354  8309  8336  8345  8304  8365  8320  8299  8344  8354  8339
TBILIS 1999 10 18 1  8345  8345  8306  8323  8310  8311  8290  8311  8380  8356  8326  8331
TBILIS 1999 10 18 2  8356  8349  8327  8302  8295  8300  8330  8324  8308  8265  8294  8326
TBILIS 1999 10 19 1  8297  8317  8325  8281  8243  8313  8346  8339  8347  8379  8392  8380
TBILIS 1999 10 19 2  8384  8358  8366  8385  8314  8341  8388  8375  8401  8393  8390  8356
TBILIS 1999 10 20 1  8349  8344  8349  8336  8358  8367  8330  8357 99999 99999 99999 99999
TBILIS 1999 10 20 2 99999 99999 99999 99999 99999 99999 99999 99999 99999 99999 99999 99999
TBILIS 1999 10 21 1 99999 99999 99999 99999 99999 99999 99999 99999 99999  8320  8271  8324
TBILIS 1999 10 21 2  8276  8253  8265  8236  8228  8207  8265  8233  8214  8244  8261  8186
TBILIS 1999 10 22 1  8250  8261  8323  8306  8296  8387  8415  8426  8465  8480  8447  8437
TBILIS 1999 10 22 2  8387  8339  8318  8302  8325  8344  8336  8299  8303  8278  8295  8303
TBILIS 1999 10 23 1  8312  8319  8285  8291  8230  8299  8306  8279  8318  8383  8336  8373
TBILIS 1999 10 23 2  8366  8401  8389  8406  8446  8399  8415  8431  8397  8385  8357  8370
TBILIS 1999 10 24 1  8384  8363  8328  8353  8363  8359  8342  8347  8385  8377  8409  8397
TBILIS 1999 10 24 2  8415  8421  8382  8355  8358  8365  8364  8384  8375  8366  8353  8384
TBILIS 1999 10 25 1  8379  8340  8357  8323  8367  8345  8338  8320  8362  8405  8394  8390
TBILIS 1999 10 25 2  8470  8423  8386  8384  8417  8419  8413  8382  8399  8387  8410  8365
TBILIS 1999 10 26 1  8397  8362  8360  8388  8379  8328  8356  8317  8349  8330  8348  8391
TBILIS 1999 10 26 2  8360  8393  8384  8367  8396  8369  8317  8343  8339  8353  8348  8351
TBILIS 1999 10 27 1  8352  8368  8400  8394  8395  8439  8414  8446  8444  8489  8479  8478
TBILIS 1999 10 27 2  8485  8516  8514  8532  8503  8501  8477  8507  8491  8479  8486  8486
TBILIS 1999 10 28 1  8459  8451  8459  8460  8423  8419  8430  8461  8439  8504  8464  8440
TBILIS 1999 10 28 2  8441  8452  8454  8498  8469  8483  8458  8434  8462  8414  8408  8376
TBILIS 1999 10 29 1  8377  8380  8426  8403  8406  8378  8419  8400  8396  8426  8416  8448
TBILIS 1999 10 29 2  8442  8386  8395  8436  8392  8372  8357  8332  8309  8345  8340  8320
TBILIS 1999 10 30 1  8366  8328  8363  8333  8337  8347  8362  8375  8395  8372  8349  8390
TBILIS 1999 10 30 2  8375  8370  8366  8352  8388  8379  8402  8383  8378  8412  8407  8413
TBILIS 1999 10 31 1  8442  8389  8395  8376  8414  8379  8389  8394  8397  8417  8431  8417
TBILIS 1999 10 31 2  8467  8420  8401  8445  8453  8479  8405  8412  8384  8347  8302  8383
Cosmic-Ray Neutron Monitor Data (Hourly, Pressure-Corrected and Scale-Adjusted Counts)
Collections: WDC for Cosmic Rays, Solar-Terrestrial Environment Laboratory, Nagoya Univ.
Data Access: http://center.stelab.nagoya-u.ac.jp/WDCCR/index.html
Project: ICSU WDC
Citation: WDC for Cosmic Rays, Solar-Terrestrial Environment Laboratory, Nagoya University
Station ID: TBILIS
Station:  TBILISI,GIORGIA,INSTITUT GEOPHYSIKY (IG), GIORGIAN ACADEMY OF SCIENCES,GIORGIA 
Instrument:  18 NM-64 NEUTRON MONITOR, CORRECTED FOR PRESSURE TO 965 MB   ,COEF.=-0.690 %/MB
Latitude (deg.):   41.72  Longitude (deg.):   44.80  Altitude (m):  510.00
Cut-Off Rigidity (GV):    6.73
Year: 1999  Month:  11
Scaling Factor (SF):    64.0   Constant (CONST):     0.0  Real Counts = (DATA + CONST)*SF
Temporal Resolution: 1 hour
UTC Start Hour:     0.0
                         FILE IS PREPARED IN IZMIRAN                            
                                                        
Monthly Average:  8367.7
Updated (YYYY MM DD): 2003 10 20
*******************************************************************************************
ID     YYYY MM DD 1     0     1     2     3     4     5     6     7     8     9    10    11
ID     YYYY MM DD 2    12    13    14    15    16    17    18    19    20    21    22    23
*******************************************************************************************
TBILIS 1999 11 01 1  8356  8328  8312  8315  8324  8315  8404  8405  8409  8434  8500  8503
TBILIS 1999 11 01 2  8488  8451  8441  8420  8377  8331  8344  8328  8347  8363  8349  8328
TBILIS 1999 11 02 1  8322  8309  8355  8344  8343  8317  8370  8391  8376  8441  8411  8432
TBILIS 1999 11 02 2  8424  8455  8427  8421  8439  8398  8377  8360  8388  8392  8402  8386
TBILIS 1999 11 03 1  8393  8383  8355  8335  8389  8422  8458  8441  8443  8497  8515  8452
TBILIS 1999 11 03 2  8494  8486  8489  8449  8498  8452  8465  8447  8438  8472  8417  8432
TBILIS 1999 11 04 1  8404  8418  8446  8428  8432  8416  8426  8470  8416  8403  8412  8432
TBILIS 1999 11 04 2  8402  8392  8406  8370  8400  8384  8405  8406  8389  8413  8391  8357
TBILIS 1999 11 05 1  8351  8377  8381  8339  8376  8358  8392  8357  8408  8447  8437  8458
TBILIS 1999 11 05 2  8451  8437  8389  8413  8391  8397  8410  8377  8405  8328  8336  8358
TBILIS 1999 11 06 1  8384  8395  8369  8350  8384  8359  8360  8401  8439  8466  8474  8479
TBILIS 1999 11 06 2  8524  8492  8479  8462  8517  8544  8535  8534  8508  8526  8511  8495
TBILIS 1999 11 07 1  8526  8521  8489  8466  8439  8500  8426  8440  8405  8430  8436  8465
TBILIS 1999 11 07 2  8507  8530  8522  8524  8469  8466  8455  8424  8425  8400  8392  8401
TBILIS 1999 11 08 1  8418  8434  8416  8440  8406 99999 99999 99999 99999  8405  8411  8431
TBILIS 1999 11 08 2  8469  8497  8453  8433  8388  8445  8461  8401  8410  8427  8399  8358
TBILIS 1999 11 09 1  8344  8358  8322  8333  8309  8303  8337  8328  8338  8352  8337  8384
TBILIS 1999 11 09 2  8377  8368  8368  8372  8356  8376  8347  8351  8318  8302  8330  8319
TBILIS 1999 11 10 1  8320  8336  8338  8318  8326  8369  8360  8366  8360  8405  8412  8415
TBILIS 1999 11 10 2  8420  8413  8427  8392  8389  8372  8370  8396  8410  8412  8410  8426
TBILIS 1999 11 11 1  8401  8396  8364  8371  8378  8392  8382  8428  8392  8427  8460  8451
TBILIS 1999 11 11 2  8472  8449  8441  8452  8477  8515  8524  8490  8497  8522  8492  8486
TBILIS 1999 11 12 1  8500  8472  8450  8421  8431  8448  8429  8394  8440  8401  8366  8384
TBILIS 1999 11 12 2  8357  8364  8363  8375  8375  8345  8356  8333  8297  8350  8342  8305
TBILIS 1999 11 13 1  8297  8323  8317  8340  8365  8373  8304  8380  8366  8347  8311  8350
TBILIS 1999 11 13 2  8393  8377  8374  8359  8358  8306  8306  8341  8352  8366  8369 99999
TBILIS 1999 11 14 1 99999 99999 99999 99999 99999 99999 99999 99999 99999  8273  8335  8314
TBILIS 1999 11 14 2  8349  8348  8343  8352  8353  8364  8340  8363  8439  8375  8380  8375
TBILIS 1999 11 15 1  8363  8378  8381  8368  8325  8334  8335  8320  8336  8353  8352  8328
TBILIS 1999 11 15 2  8338  8314  8320  8271  8291  8327  8295  8308  8287  8320  8310  8312
TBILIS 1999 11 16 1  8319  8333  8348  8362  8351  8350  8316  8260  8330  8286  8326  8375
TBILIS 1999 11 16 2  8389  8430  8435  8433  8436  8365  8370  8340  8281  8287  8290  8245
TBILIS 1999 11 17 1  8236  8236  8216  8227  8214  8215  8224  8314  8321  8332  8313  8317
TBILIS 1999 11 17 2  8339  8320  8316  8299  8269  8208  8237  8233  8256  8262  8246  8244
TBILIS 1999 11 18 1  8216  8241  8288  8274  8256  8276  8331  8319  8320  8342  8352  8353
TBILIS 1999 11 18 2  8341  8355  8345  8319  8312  8297  8279  8303  8312  8347  8342  8368
TBILIS 1999 11 19 1  8414  8388  8365  8384  8359  8333  8343  8330  8302  8280  8288  8286
TBILIS 1999 11 19 2  8217  8263  8263  8246  8259  8288  8281  8293  8310  8303  8319  8273
TBILIS 1999 11 20 1  8278  8284  8288  8277  8264  8220  8279  8262  8255  8235  8257  8252
TBILIS 1999 11 20 2  8239  8280  8197  8211  8205  8190  8196  8164  8201  8212  8200  8171
TBILIS 1999 11 21 1  8230  8215  8178  8205  8218  8200  8204  8252  8250  8283  8304  8334
TBILIS 1999 11 21 2  8292  8309  8304  8269  8238  8268  8271  8306  8283  8292  8324  8308
TBILIS 1999 11 22 1  8340  8356  8328  8316  8310  8314  8291  8292  8271  8266  8278  8297
TBILIS 1999 11 22 2  8282  8247  8262  8273  8246  8232  8235  8232  8203  8214  8214  8258
TBILIS 1999 11 23 1  8250  8239  8222  8214  8205  8235  8278  8343  8308  8312  8339  8316
TBILIS 1999 11 23 2  8342  8345  8354  8348  8338  8320  8313  8307  8264  8273  8311  8320
TBILIS 1999 11 24 1  8337  8333  8307  8338  8300  8310  8309  8289  8369  8358  8383  8354
TBILIS 1999 11 24 2  8396  8388  8399  8379  8380  8384  8392  8414  8446  8427  8465  8452
TBILIS 1999 11 25 1  8433  8441  8435  8454  8452  8423  8391  8430  8438  8405  8424  8474
TBILIS 1999 11 25 2  8424  8411  8437  8441  8366  8415  8410  8412  8390  8399  8395  8422
TBILIS 1999 11 26 1  8411  8457  8396  8416  8416  8405  8439  8475  8428  8470  8464  8447
TBILIS 1999 11 26 2  8442  8459  8397  8416  8396  8413  8396  8381  8419  8434  8426  8457
TBILIS 1999 11 27 1  8450  8429  8421  8437  8484  8425  8435  8422  8466  8450  8431  8473
TBILIS 1999 11 27 2  8481  8488  8457  8433  8438  8417  8394  8391  8408  8423  8396  8378
TBILIS 1999 11 28 1  8422  8447  8427  8395  8405  8396  8408  8418  8454  8438  8472  8461
TBILIS 1999 11 28 2  8456  8478  8433  8415  8412  8408  8380  8404  8433  8417  8375  8414
TBILIS 1999 11 29 1  8396  8373  8386  8360  8380  8400  8351  8351  8377  8407  8381  8410
TBILIS 1999 11 29 2  8317  8333  8324  8321  8311  8301  8328  8332  8342  8332  8386  8367
TBILIS 1999 11 30 1  8357  8380  8385  8388  8386  8385  8402  8357  8321  8363  8358  8377
TBILIS 1999 11 30 2  8429  8400  8361  8344  8326  8300  8342  8327  8335  8370  8347  8350
TBILIS 1999 11 31 1 99999 99999 99999 99999 99999 99999 99999 99999 99999 99999 99999 99999
TBILIS 1999 11 31 2 99999 99999 99999 99999 99999 99999 99999 99999 99999 99999 99999 99999
Cosmic-Ray Neutron Monitor Data (Hourly, Pressure-Corrected and Scale-Adjusted Counts)
Collections: WDC for Cosmic Rays, Solar-Terrestrial Environment Laboratory, Nagoya Univ.
Data Access: http://center.stelab.nagoya-u.ac.jp/WDCCR/index.html
Project: ICSU WDC
Citation: WDC for Cosmic Rays, Solar-Terrestrial Environment Laboratory, Nagoya University
Station ID: TBILIS
Station:  TBILISI,GIORGIA,INSTITUT GEOPHYSIKY (IG), GIORGIAN ACADEMY OF SCIENCES,GIORGIA 
Instrument:  18 NM-64 NEUTRON MONITOR, CORRECTED FOR PRESSURE TO 965 MB   ,COEF.=-0.690 %/MB
Latitude (deg.):   41.72  Longitude (deg.):   44.80  Altitude (m):  510.00
Cut-Off Rigidity (GV):    6.73
Year: 1999  Month:  12
Scaling Factor (SF):    64.0   Constant (CONST):     0.0  Real Counts = (DATA + CONST)*SF
Temporal Resolution: 1 hour
UTC Start Hour:     0.0
                         FILE IS PREPARED IN IZMIRAN                            
                                                        
Monthly Average:  8334.9
Updated (YYYY MM DD): 2003 10 20
*******************************************************************************************
ID     YYYY MM DD 1     0     1     2     3     4     5     6     7     8     9    10    11
ID     YYYY MM DD 2    12    13    14    15    16    17    18    19    20    21    22    23
*******************************************************************************************
TBILIS 1999 12 01 1  8404  8357  8351  8381  8354  8325  8341  8331  8353  8378  8373  8336
TBILIS 1999 12 01 2  8353  8380  8357  8341  8367  8373  8344  8365  8330  8321  8356  8334
TBILIS 1999 12 02 1  8353  8378  8336  8311  8310  8329  8381  8361  8324  8416  8398  8346
TBILIS 1999 12 02 2  8364  8351  8333  8337  8317  8283  8301  8276  8265  8269  8248  8268
TBILIS 1999 12 03 1  8322  8302  8280  8293  8261  8237  8304  8259  8288  8292  8300  8313
TBILIS 1999 12 03 2  8360  8382  8370  8410  8395  8367  8368  8329  8316  8302  8313  8321
TBILIS 1999 12 04 1  8311  8286  8295  8322  8338  8287  8302  8331  8319  8345  8325  8314
TBILIS 1999 12 04 2  8316  8309  8398  8303  8273  8240  8252  8238  8232  8244  8216  8231
TBILIS 1999 12 05 1  8255  8234  8251  8251  8241  8247  8267  8251  8276  8283  8345  8334
TBILIS 1999 12 05 2  8315  8384  8377  8343  8338  8343  8332  8387  8339  8350  8361  8309
TBILIS 1999 12 06 1  8313  8302  8306  8350  8349  8332  8317  8360  8384  8416  8433  8385
TBILIS 1999 12 06 2  8415  8433  8453  8473  8417  8474  8456  8455  8490  8459  8463  8433
TBILIS 1999 12 07 1  8471  8487  8472  8453  8437  8459  8409  8405  8428  8429  8451  8479
TBILIS 1999 12 07 2  8481  8518  8441  8453  8442  8449  8405  8415  8405  8396  8409  8411
TBILIS 1999 12 08 1  8420  8427  8437  8409  8403  8441  8431  8462  8483  8476  8482  8470
TBILIS 1999 12 08 2  8438  8483  8447  8452  8472  8497  8539  8501  8527  8487  8445  8439
TBILIS 1999 12 09 1  8467  8430  8417  8441  8378  8397  8396  8411  8406  8426  8488  8466
TBILIS 1999 12 09 2  8487  8455  8424  8468  8412  8419  8400  8470  8422  8421  8411  8365
TBILIS 1999 12 10 1  8377  8403  8410  8392  8358  8349  8376  8363  8357  8409  8389  8410
TBILIS 1999 12 10 2  8414  8403  8419  8413  8397  8419  8422  8397  8436  8443  8438  8433
TBILIS 1999 12 11 1  8379  8357  8412  8349  8363  8328  8330  8371  8433  8438  8437  8428
TBILIS 1999 12 11 2  8418  8436  8469  8459  8413  8399  8388  8365  8326  8369  8322  8322
TBILIS 1999 12 12 1  8370  8325  8314  8334  8356  8354  8339  8400  8407  8411  8467  8476
TBILIS 1999 12 12 2  8463  8445  8453  8452  8437  8400  8376  8352  8221  8111  8039  8044
TBILIS 1999 12 13 1  8059  8086  8089  8097  8078  8086  8119  8111  8166  8210  8182  8132
TBILIS 1999 12 13 2  8123  8131  8122  8109  8095  8113  8121  8088  8034  8073  8049  8080
TBILIS 1999 12 14 1  8122  8150  8143  8125  8109  8103  8086  8089  8094  8116  8090  8088
TBILIS 1999 12 14 2  8106  8096  8082  8090  8092  8120  8139  8114  8126  8150  8155  8195
TBILIS 1999 12 15 1  8193  8177  8151  8188  8163  8183  8197  8246  8321  8335  8343  8340
TBILIS 1999 12 15 2  8295  8313  8279  8291  8269  8246  8249  8216  8214  8215  8214  8223
TBILIS 1999 12 16 1  8237  8188  8195  8228  8223  8219  8197  8209  8272  8257  8295  8248
TBILIS 1999 12 16 2  8254  8253  8240  8239  8205  8183  8217  8205  8175  8190  8204  8206
TBILIS 1999 12 17 1  8227  8228  8218  8199  8218  8234  8264  8270  8282  8298  8315  8328
TBILIS 1999 12 17 2  8380  8304  8339  8323  8300  8302  8306  8332  8325  8308  8345  8312
TBILIS 1999 12 18 1 99999 99999 99999 99999 99999 99999  8339  8368  8383  8373  8403  8418
TBILIS 1999 12 18 2  8398  8379  8408 99999 99999 99999  8423  8441  8416  8419  8408  8348
TBILIS 1999 12 19 1  8397  8385  8356  8351  8352  8318  8344  8339  8348  8388  8392  8385
TBILIS 1999 12 19 2  8393  8392  8390  8398  8379  8412  8390  8401  8358  8379  8367  8399
TBILIS 1999 12 20 1  8376  8367  8368  8346  8337  8330  8330  8329  8356  8359  8350  8357
TBILIS 1999 12 20 2  8358  8394  8361  8391  8409  8406  8420  8390  8404  8420  8416  8383
TBILIS 1999 12 21 1  8441  8426  8412  8404  8431  8384  8368  8389  8386  8389  8357  8369
TBILIS 1999 12 21 2  8364  8357  8375  8377  8385  8401  8386  8389  8378  8421  8433  8388
TBILIS 1999 12 22 1  8397  8360  8340  8329  8359  8358  8384  8354  8396  8410  8418  8403
TBILIS 1999 12 22 2  8396  8405  8419  8426  8420  8434  8407  8413  8387  8401  8372  8392
TBILIS 1999 12 23 1  8382  8365  8389  8383  8399  8372  8340  8361  8365  8368  8362  8337
TBILIS 1999 12 23 2  8310  8384  8335  8314  8309  8334  8333  8318  8301  8295  8352  8281
TBILIS 1999 12 24 1  8302  8299  8302  8286  8263  8323  8303  8345  8361  8329  8345  8364
TBILIS 1999 12 24 2  8355  8341  8358  8376  8537  8374  8333  8334 99999 99999 99999 99999
TBILIS 1999 12 25 1 99999 99999 99999 99999 99999 99999  8300  8343  8320  8338  8344  8336
TBILIS 1999 12 25 2  8351  8350  8370  8390  8394  8381  8354  8320  8359  8334  8345  8334
TBILIS 1999 12 26 1  8319  8334  8363  8383  8359  8349  8356  8329  8380  8341  8363  8430
TBILIS 1999 12 26 2  8389  8378  8414  8358  8386  8345  8357  8347  8363  8316  8299  8350
TBILIS 1999 12 27 1  8276  8279  8283  8238  8188  8224  8226  8247  8270  8272  8251  8253
TBILIS 1999 12 27 2  8260  8269  8254  8272  8301  8300  8319  8279  8317  8282  8298 99999
TBILIS 1999 12 28 1 99999 99999 99999 99999 99999 99999 99999 99999 99999 99999 99999 99999
TBILIS 1999 12 28 2 99999 99999  8330  8285  8304  8262  8268  8267  8268  8262  8269  8293
TBILIS 1999 12 29 1  8303  8306  8327  8304  8282  8284  8307  8316  8267  8311  8295  8314
TBILIS 1999 12 29 2  8312  8327  8329  8343  8320  8341  8346  8356  8349  8369  8357  8355
TBILIS 1999 12 30 1  8331  8327  8317  8316  8345  8328  8388  8351  8403  8413  8403  8388
TBILIS 1999 12 30 2  8416  8391  8386  8409  8432  8445  8380  8368  8348  8378  8352  8348
TBILIS 1999 12 31 1  8279  8281  8308  8270  8287  8307  8324  8368  8394  8441  8391  8389
TBILIS 1999 12 31 2  8409  8396  8374  8385  8373  8383  8341  8393  8395  8364  8330  8371
