Cosmic-Ray Neutron Monitor Data (Hourly, Pressure-Corrected and Scale-Adjusted Counts)
Collections: WDC for Cosmic Rays, Solar-Terrestrial Environment Laboratory, Nagoya Univ.
Data Access: http://center.stelab.nagoya-u.ac.jp/WDCCR/index.html
Project: ICSU WDC
Citation: WDC for Cosmic Rays, Solar-Terrestrial Environment Laboratory, Nagoya University
Station ID: TBILIS
Station:  TBILISI,GIORGIA,INSTITUT GEOPHYSIKY (IG), GIORGIAN ACADEMY OF SCIENCES,GIORGIA 
Instrument:  18 NM-64 NEUTRON MONITOR, CORRECTED FOR PRESSURE TO 950.0  MB,COEF.=-0.690 %/MB
Latitude (deg.):   41.72  Longitude (deg.):   44.80  Altitude (m):  510.00
Cut-Off Rigidity (GV):    6.91
Year: 1996  Month:   1
Scaling Factor (SF):    64.0   Constant (CONST):     0.0  Real Counts = (DATA + CONST)*SF
Temporal Resolution: 1 hour
UTC Start Hour:     0.0
DATA FILE IS PREPARED BY IZMIRAN (ftp://cr0.izmiran.rssi.ru/Cosray!/FTP_NM/C/)  
 Updated by IZMIRAN on 20010321                         
Monthly Average:  8781.8
Updated (YYYY MM DD): 2013 12 12
*******************************************************************************************
ID     YYYY MM DD 1     0     1     2     3     4     5     6     7     8     9    10    11
ID     YYYY MM DD 2    12    13    14    15    16    17    18    19    20    21    22    23
*******************************************************************************************
TBILIS 1996 01 01 1 99999 99999 99999 99999 99999 99999 99999 99999 99999 99999 99999 99999
TBILIS 1996 01 01 2 99999 99999 99999 99999 99999 99999 99999 99999 99999 99999 99999 99999
TBILIS 1996 01 02 1 99999 99999 99999 99999 99999 99999 99999 99999 99999 99999 99999 99999
TBILIS 1996 01 02 2 99999 99999 99999 99999 99999 99999 99999 99999 99999 99999 99999 99999
TBILIS 1996 01 03 1 99999 99999 99999 99999 99999 99999 99999 99999 99999 99999 99999 99999
TBILIS 1996 01 03 2 99999 99999 99999 99999 99999  8802  8821  8790  8784  8792  8782  8790
TBILIS 1996 01 04 1  8804  8772  8777  8789  8753  8746  8769 99999 99999 99999 99999 99999
TBILIS 1996 01 04 2  8827  8813  8808  8788  8798  8811  8823  8820  8808  8780  8771  8829
TBILIS 1996 01 05 1  8819  8830  8787  8786  8797 99999 99999 99999 99999 99999 99999 99999
TBILIS 1996 01 05 2 99999 99999 99999 99999 99999 99999 99999 99999  8795  8802  8773  8766
TBILIS 1996 01 06 1  8748  8753  8744  8778  8790  8756  8816  8760  8801  8767  8799  8831
TBILIS 1996 01 06 2  8812 99999 99999 99999 99999 99999 99999 99999 99999 99999 99999 99999
TBILIS 1996 01 07 1  8810  8812  8807  8808  8809  8794  8784  8767  8772  8751  8740  8741
TBILIS 1996 01 07 2  8770  8778  8796  8772  8794  8804  8801  8818 99999 99999 99999 99999
TBILIS 1996 01 08 1 99999 99999 99999  8823  8741  8758  8763  8742  8728  8717  8714  8704
TBILIS 1996 01 08 2  8729  8705  8762  8762  8760  8797  8795  8723 99999 99999 99999 99999
TBILIS 1996 01 09 1 99999 99999 99999  8826  8839 99999 99999 99999 99999 99999 99999 99999
TBILIS 1996 01 09 2 99999 99999 99999 99999 99999 99999 99999 99999 99999 99999 99999 99999
TBILIS 1996 01 10 1 99999 99999 99999 99999  8761  8760  8742  8750  8768  8710  8726  8771
TBILIS 1996 01 10 2  8786  8773  8765  8745  8752  8758  8767  8729  8754 99999 99999 99999
TBILIS 1996 01 11 1 99999 99999 99999 99999 99999 99999 99999 99999 99999 99999 99999 99999
TBILIS 1996 01 11 2 99999 99999 99999 99999 99999 99999 99999 99999  8727  8735 99999  8695
TBILIS 1996 01 12 1  8749  8750  8740  8722  8723  8730  8703  8741  8755  8749  8738  8725
TBILIS 1996 01 12 2  8723  8749  8730  8731  8762  8800  8743  8741  8726  8757  8707  8732
TBILIS 1996 01 13 1  8723  8744  8760  8754  8769 99999 99999 99999 99999 99999 99999 99999
TBILIS 1996 01 13 2 99999 99999 99999 99999 99999 99999 99999 99999 99999 99999 99999 99999
TBILIS 1996 01 14 1 99999 99999 99999 99999 99999 99999 99999 99999 99999 99999 99999  8848
TBILIS 1996 01 14 2  8824  8852  8839  8815  8814  8773  8764  8820  8823  8839  8791  8784
TBILIS 1996 01 15 1  8758  8754  8765  8768  8769 99999 99999 99999 99999 99999 99999 99999
TBILIS 1996 01 15 2 99999 99999 99999 99999 99999 99999 99999 99999 99999 99999  8770  8744
TBILIS 1996 01 16 1  8749  8741  8749  8760  8774  8801  8804  8801  8810  8810  8803  8756
TBILIS 1996 01 16 2 99999 99999  8805  8808  8793  8812  8780 99999 99999 99999 99999 99999
TBILIS 1996 01 17 1 99999 99999 99999 99999  8763  8757  8744  8771  8751  8787  8745  8769
TBILIS 1996 01 17 2  8778  8785  8820  8795  8792  8806  8824  8799  8813  8802  8770  8800
TBILIS 1996 01 18 1  8789  8815  8768  8795 99999 99999 99999 99999 99999  8787  8787  8795
TBILIS 1996 01 18 2 99999 99999 99999 99999 99999 99999  8789  8782 99999 99999 99999 99999
TBILIS 1996 01 19 1 99999 99999 99999  8795  8788 99999 99999 99999 99999 99999 99999 99999
TBILIS 1996 01 19 2 99999  8744  8713  8723  8713  8779  8836  8838  8818  8841  8852  8844
TBILIS 1996 01 20 1  8829  8834  8830  8796  8752 99999 99999 99999 99999 99999 99999 99999
TBILIS 1996 01 20 2 99999 99999 99999 99999 99999 99999 99999 99999 99999 99999 99999 99999
TBILIS 1996 01 21 1 99999 99999 99999 99999 99999 99999 99999 99999 99999 99999 99999 99999
TBILIS 1996 01 21 2 99999 99999 99999  8790  8799  8780  8763 99999 99999 99999 99999 99999
TBILIS 1996 01 22 1 99999 99999 99999 99999 99999 99999 99999 99999 99999 99999 99999 99999
TBILIS 1996 01 22 2 99999 99999 99999 99999 99999 99999 99999 99999 99999 99999 99999 99999
TBILIS 1996 01 23 1 99999 99999 99999 99999 99999 99999 99999 99999 99999 99999 99999 99999
TBILIS 1996 01 23 2 99999 99999 99999 99999 99999 99999 99999 99999 99999 99999 99999 99999
TBILIS 1996 01 24 1 99999 99999 99999 99999 99999 99999 99999 99999 99999 99999 99999 99999
TBILIS 1996 01 24 2 99999 99999 99999 99999 99999 99999 99999 99999 99999 99999 99999 99999
TBILIS 1996 01 25 1 99999 99999 99999 99999 99999 99999 99999 99999 99999 99999 99999 99999
TBILIS 1996 01 25 2 99999 99999 99999 99999 99999 99999 99999 99999 99999 99999 99999 99999
TBILIS 1996 01 26 1 99999 99999 99999 99999 99999 99999 99999 99999 99999 99999 99999 99999
TBILIS 1996 01 26 2 99999 99999 99999 99999 99999 99999 99999 99999 99999 99999 99999 99999
TBILIS 1996 01 27 1 99999 99999 99999 99999 99999 99999 99999 99999 99999 99999 99999 99999
TBILIS 1996 01 27 2 99999 99999 99999 99999 99999 99999 99999 99999  8780  8801 99999 99999
TBILIS 1996 01 28 1 99999 99999  8772  8808  8787  8759  8796  8844  8832  8833  8829  8825
TBILIS 1996 01 28 2  8789  8811  8817  8803  8847  8863  8857 99999 99999 99999 99999 99999
TBILIS 1996 01 29 1 99999 99999  8847  8837  8863 99999 99999 99999 99999 99999 99999 99999
TBILIS 1996 01 29 2 99999 99999 99999 99999 99999 99999 99999 99999 99999 99999 99999 99999
TBILIS 1996 01 30 1 99999 99999 99999 99999 99999 99999 99999 99999 99999 99999 99999 99999
TBILIS 1996 01 30 2 99999 99999 99999 99999 99999 99999 99999 99999 99999 99999 99999 99999
TBILIS 1996 01 31 1 99999 99999 99999 99999 99999 99999 99999 99999 99999 99999  8850  8845
TBILIS 1996 01 31 2 99999 99999 99999 99999  8803  8807  8805  8837  8825 99999 99999 99999
Cosmic-Ray Neutron Monitor Data (Hourly, Pressure-Corrected and Scale-Adjusted Counts)
Collections: WDC for Cosmic Rays, Solar-Terrestrial Environment Laboratory, Nagoya Univ.
Data Access: http://center.stelab.nagoya-u.ac.jp/WDCCR/index.html
Project: ICSU WDC
Citation: WDC for Cosmic Rays, Solar-Terrestrial Environment Laboratory, Nagoya University
Station ID: TBILIS
Station:  TBILISI,GIORGIA,INSTITUT GEOPHYSIKY (IG), GIORGIAN ACADEMY OF SCIENCES,GIORGIA 
Instrument:  18 NM-64 NEUTRON MONITOR, CORRECTED FOR PRESSURE TO 950.0  MB,COEF.=-0.690 %/MB
Latitude (deg.):   41.72  Longitude (deg.):   44.80  Altitude (m):  510.00
Cut-Off Rigidity (GV):    6.91
Year: 1996  Month:   2
Scaling Factor (SF):    64.0   Constant (CONST):     0.0  Real Counts = (DATA + CONST)*SF
Temporal Resolution: 1 hour
UTC Start Hour:     0.0
DATA FILE IS PREPARED BY IZMIRAN (ftp://cr0.izmiran.rssi.ru/Cosray!/FTP_NM/C/)  
 Updated by IZMIRAN on 20010322                         
Monthly Average:  8791.2
Updated (YYYY MM DD): 2013 12 12
*******************************************************************************************
ID     YYYY MM DD 1     0     1     2     3     4     5     6     7     8     9    10    11
ID     YYYY MM DD 2    12    13    14    15    16    17    18    19    20    21    22    23
*******************************************************************************************
TBILIS 1996 02 01 1 99999  8683  8739  8818 99999 99999 99999 99999 99999 99999 99999  8883
TBILIS 1996 02 01 2  8847  8859  8852  8746  8805  8823  8844  8830 99999 99999 99999 99999
TBILIS 1996 02 02 1 99999 99999 99999 99999 99999 99999 99999 99999 99999 99999 99999 99999
TBILIS 1996 02 02 2 99999 99999 99999 99999 99999 99999  8784  8812  8838  8829  8800  8795
TBILIS 1996 02 03 1  8787  8782  8765  8709  8760  8764  8762  8819  8811  8835  8871 99999
TBILIS 1996 02 03 2 99999 99999  8900  8894  8858  8830  8860 99999 99999 99999 99999 99999
TBILIS 1996 02 04 1 99999 99999 99999 99999 99999 99999 99999 99999 99999 99999 99999 99999
TBILIS 1996 02 04 2 99999  8785  8833  8883  8892  8902  8897  8891  8883  8893  8887  8850
TBILIS 1996 02 05 1  8877  8825  8785  8772  8761 99999 99999 99999 99999 99999 99999 99999
TBILIS 1996 02 05 2 99999 99999 99999 99999 99999  8873  8864 99999 99999 99999 99999 99999
TBILIS 1996 02 06 1 99999 99999 99999 99999 99999  8738  8727 99999 99999 99999 99999 99999
TBILIS 1996 02 06 2 99999 99999 99999  8755  8775  8793 99999 99999 99999 99999 99999 99999
TBILIS 1996 02 07 1 99999 99999 99999 99999  8713 99999 99999 99999 99999 99999 99999 99999
TBILIS 1996 02 07 2 99999 99999 99999 99999 99999 99999 99999 99999 99999 99999 99999 99999
TBILIS 1996 02 08 1 99999 99999 99999 99999 99999 99999 99999 99999 99999 99999 99999 99999
TBILIS 1996 02 08 2 99999 99999 99999 99999 99999 99999 99999 99999 99999 99999 99999 99999
TBILIS 1996 02 09 1 99999 99999 99999 99999 99999 99999 99999 99999 99999 99999 99999 99999
TBILIS 1996 02 09 2 99999 99999 99999 99999 99999 99999 99999 99999 99999 99999 99999 99999
TBILIS 1996 02 10 1 99999 99999 99999 99999 99999 99999 99999 99999 99999 99999 99999 99999
TBILIS 1996 02 10 2 99999 99999 99999 99999 99999 99999 99999 99999 99999 99999 99999 99999
TBILIS 1996 02 11 1 99999 99999 99999 99999 99999  8704 99999 99999 99999 99999 99999 99999
TBILIS 1996 02 11 2 99999 99999 99999 99999 99999 99999 99999 99999 99999 99999 99999 99999
TBILIS 1996 02 12 1 99999 99999 99999 99999 99999 99999 99999 99999 99999 99999 99999 99999
TBILIS 1996 02 12 2 99999 99999 99999 99999 99999 99999 99999 99999 99999 99999 99999 99999
TBILIS 1996 02 13 1 99999 99999 99999 99999 99999 99999 99999  8801  8760  8804 99999 99999
TBILIS 1996 02 13 2  8780  8804  8783  8765  8778  8775  8758  8739  8777 99999 99999 99999
TBILIS 1996 02 14 1 99999 99999 99999 99999 99999 99999 99999 99999 99999 99999 99999 99999
TBILIS 1996 02 14 2 99999 99999 99999 99999 99999 99999 99999 99999 99999 99999 99999 99999
TBILIS 1996 02 15 1 99999 99999 99999 99999 99999 99999 99999 99999 99999 99999 99999 99999
TBILIS 1996 02 15 2 99999 99999 99999 99999 99999 99999 99999 99999 99999 99999 99999 99999
TBILIS 1996 02 16 1 99999 99999 99999 99999 99999 99999 99999 99999 99999 99999 99999 99999
TBILIS 1996 02 16 2 99999 99999 99999 99999 99999 99999 99999 99999 99999 99999 99999 99999
TBILIS 1996 02 17 1 99999 99999 99999 99999 99999 99999 99999 99999  8706  8716  8758  8741
TBILIS 1996 02 17 2  8710  8793  8790  8781  8789  8838  8855  8831 99999 99999 99999 99999
TBILIS 1996 02 18 1 99999 99999 99999 99999 99999 99999 99999 99999 99999 99999 99999 99999
TBILIS 1996 02 18 2 99999 99999  8738  8732  8729  8726  8720  8729  8723  8718  8717  8722
TBILIS 1996 02 19 1  8686  8830  8808  8795  8817 99999 99999 99999 99999 99999 99999 99999
TBILIS 1996 02 19 2 99999 99999 99999 99999 99999 99999 99999 99999 99999 99999 99999 99999
TBILIS 1996 02 20 1 99999 99999 99999 99999 99999 99999 99999 99999 99999 99999 99999 99999
TBILIS 1996 02 20 2 99999 99999 99999 99999 99999 99999 99999 99999 99999 99999 99999 99999
TBILIS 1996 02 21 1 99999 99999 99999 99999 99999 99999 99999 99999  8695  8700  8747  8733
TBILIS 1996 02 21 2  8772  8847  8896  8857  8831  8798 99999 99999 99999 99999 99999 99999
TBILIS 1996 02 22 1 99999 99999 99999 99999 99999 99999 99999 99999 99999 99999 99999 99999
TBILIS 1996 02 22 2 99999 99999 99999 99999 99999 99999  8845  8846  8804  8770  8756  8751
TBILIS 1996 02 23 1  8712  8710  8694  8705  8705 99999 99999 99999 99999 99999 99999 99999
TBILIS 1996 02 23 2 99999 99999 99999 99999 99999 99999 99999 99999 99999 99999 99999 99999
TBILIS 1996 02 24 1 99999 99999 99999 99999 99999 99999 99999 99999 99999 99999 99999 99999
TBILIS 1996 02 24 2 99999 99999 99999 99999 99999 99999 99999 99999 99999 99999 99999 99999
TBILIS 1996 02 25 1 99999 99999 99999 99999 99999 99999 99999 99999 99999 99999 99999 99999
TBILIS 1996 02 25 2 99999 99999 99999 99999 99999 99999 99999 99999 99999 99999 99999 99999
TBILIS 1996 02 26 1 99999 99999 99999 99999 99999 99999 99999 99999 99999 99999 99999 99999
TBILIS 1996 02 26 2 99999 99999 99999 99999 99999 99999 99999 99999 99999 99999 99999 99999
TBILIS 1996 02 27 1 99999 99999 99999 99999 99999 99999 99999 99999 99999 99999 99999 99999
TBILIS 1996 02 27 2 99999 99999 99999 99999 99999 99999 99999 99999 99999 99999 99999 99999
TBILIS 1996 02 28 1 99999 99999 99999 99999 99999 99999 99999 99999 99999 99999 99999 99999
TBILIS 1996 02 28 2 99999 99999 99999 99999 99999 99999 99999 99999 99999 99999 99999 99999
TBILIS 1996 02 29 1 99999 99999 99999 99999 99999 99999 99999 99999 99999 99999 99999 99999
TBILIS 1996 02 29 2 99999 99999 99999 99999 99999 99999 99999 99999 99999 99999 99999 99999
TBILIS 1996 02 30 1 99999 99999 99999 99999 99999 99999 99999 99999 99999 99999 99999 99999
TBILIS 1996 02 30 2 99999 99999 99999 99999 99999 99999 99999 99999 99999 99999 99999 99999
TBILIS 1996 02 31 1 99999 99999 99999 99999 99999 99999 99999 99999 99999 99999 99999 99999
TBILIS 1996 02 31 2 99999 99999 99999 99999 99999 99999 99999 99999 99999 99999 99999 99999
Cosmic-Ray Neutron Monitor Data (Hourly, Pressure-Corrected and Scale-Adjusted Counts)
Collections: WDC for Cosmic Rays, Solar-Terrestrial Environment Laboratory, Nagoya Univ.
Data Access: http://center.stelab.nagoya-u.ac.jp/WDCCR/index.html
Project: ICSU WDC
Citation: WDC for Cosmic Rays, Solar-Terrestrial Environment Laboratory, Nagoya University
Station ID: TBILIS
Station:  TBILISI,GIORGIA,INSTITUT GEOPHYSIKY (IG), GIORGIAN ACADEMY OF SCIENCES,GIORGIA 
Instrument:  18 NM-64 NEUTRON MONITOR, CORRECTED FOR PRESSURE TO 950.0  MB,COEF.=-0.690 %/MB
Latitude (deg.):   41.72  Longitude (deg.):   44.80  Altitude (m):  510.00
Cut-Off Rigidity (GV):    6.91
Year: 1996  Month:   3
Scaling Factor (SF):    64.0   Constant (CONST):     0.0  Real Counts = (DATA + CONST)*SF
Temporal Resolution: 1 hour
UTC Start Hour:     0.0
DATA FILE IS PREPARED BY IZMIRAN (ftp://cr0.izmiran.rssi.ru/Cosray!/FTP_NM/C/)  
 Updated by IZMIRAN on 20001101                         
Monthly Average:  8784.9
Updated (YYYY MM DD): 2013 12 12
*******************************************************************************************
ID     YYYY MM DD 1     0     1     2     3     4     5     6     7     8     9    10    11
ID     YYYY MM DD 2    12    13    14    15    16    17    18    19    20    21    22    23
*******************************************************************************************
TBILIS 1996 03 01 1 99999 99999 99999 99999 99999 99999 99999 99999 99999 99999 99999 99999
TBILIS 1996 03 01 2 99999 99999 99999 99999 99999 99999 99999 99999 99999 99999 99999 99999
TBILIS 1996 03 02 1 99999 99999 99999 99999 99999 99999 99999 99999 99999 99999 99999 99999
TBILIS 1996 03 02 2 99999 99999 99999 99999 99999 99999 99999 99999 99999 99999 99999 99999
TBILIS 1996 03 03 1 99999 99999 99999 99999 99999 99999 99999 99999 99999 99999 99999 99999
TBILIS 1996 03 03 2 99999 99999 99999 99999 99999 99999 99999 99999 99999 99999 99999 99999
TBILIS 1996 03 04 1 99999 99999 99999 99999 99999 99999 99999 99999 99999 99999 99999 99999
TBILIS 1996 03 04 2 99999 99999 99999 99999 99999 99999  8796  8811  8784  8749  8835  8808
TBILIS 1996 03 05 1  8765  8748  8728 99999 99999 99999 99999 99999  8738  8723  8727  8811
TBILIS 1996 03 05 2  8820  8774 99999 99999 99999  8857  8861  8789  8838  8859  8815 99999
TBILIS 1996 03 06 1 99999 99999 99999 99999 99999 99999 99999  8763  8783  8800 99999 99999
TBILIS 1996 03 06 2 99999 99999 99999 99999  8787  8838  8880  8862 99999 99999 99999 99999
TBILIS 1996 03 07 1 99999 99999 99999 99999 99999 99999 99999  8760  8841  8733  8748  8766
TBILIS 1996 03 07 2  8786  8727  8772  8796 99999 99999 99999 99999 99999 99999 99999 99999
TBILIS 1996 03 08 1 99999 99999 99999 99999 99999 99999 99999  8771  8742 99999 99999 99999
TBILIS 1996 03 08 2 99999 99999  8784 99999 99999 99999 99999 99999 99999 99999 99999 99999
TBILIS 1996 03 09 1 99999 99999 99999 99999  8723  8770  8751  8799 99999 99999 99999 99999
TBILIS 1996 03 09 2 99999 99999 99999 99999 99999 99999 99999 99999 99999 99999 99999 99999
TBILIS 1996 03 10 1 99999 99999 99999 99999 99999 99999 99999 99999 99999 99999 99999 99999
TBILIS 1996 03 10 2 99999 99999 99999 99999 99999 99999 99999  8912  8903  8902  8897  8900
TBILIS 1996 03 11 1 99999 99999 99999 99999 99999 99999 99999 99999 99999 99999 99999 99999
TBILIS 1996 03 11 2 99999 99999 99999 99999 99999 99999 99999 99999 99999 99999 99999 99999
TBILIS 1996 03 12 1 99999 99999 99999 99999 99999  8821  8825  8800  8861  8863  8851  8858
TBILIS 1996 03 12 2  8864  8744  8754  8775  8764  8757  8752  8750  8759  8756  8763  8757
TBILIS 1996 03 13 1  8742  8723  8726 99999 99999 99999 99999 99999 99999 99999 99999 99999
TBILIS 1996 03 13 2 99999 99999 99999 99999 99999 99999 99999  8753  8780  8751  8753  8755
TBILIS 1996 03 14 1  8791  8858  8787  8828  8830  8802  8714 99999 99999 99999 99999 99999
TBILIS 1996 03 14 2 99999 99999 99999 99999 99999 99999  8778  8752 99999 99999 99999 99999
TBILIS 1996 03 15 1 99999 99999 99999 99999 99999 99999 99999 99999 99999 99999 99999 99999
TBILIS 1996 03 15 2 99999 99999 99999 99999 99999 99999 99999 99999 99999 99999 99999 99999
TBILIS 1996 03 16 1 99999 99999 99999 99999 99999 99999 99999 99999 99999 99999 99999 99999
TBILIS 1996 03 16 2 99999 99999 99999 99999 99999 99999 99999 99999 99999 99999 99999 99999
TBILIS 1996 03 17 1 99999 99999 99999 99999 99999 99999 99999 99999 99999 99999 99999 99999
TBILIS 1996 03 17 2 99999 99999 99999 99999 99999 99999 99999 99999  8751  8771  8767  8742
TBILIS 1996 03 18 1  8752  8763  8743  8771  8752  8771 99999 99999 99999 99999 99999 99999
TBILIS 1996 03 18 2 99999 99999  8808  8795  8814  8813 99999 99999 99999 99999 99999 99999
TBILIS 1996 03 19 1 99999 99999 99999 99999 99999 99999 99999 99999 99999 99999 99999 99999
TBILIS 1996 03 19 2 99999 99999 99999 99999 99999  8809  8812 99999 99999  8807  8819  8816
TBILIS 1996 03 20 1  8783  8789  8806  8772 99999 99999 99999 99999 99999 99999 99999 99999
TBILIS 1996 03 20 2 99999 99999 99999 99999  8804  8809  8819  8821 99999 99999 99999 99999
TBILIS 1996 03 21 1 99999  8773  8824  8761  8780 99999 99999 99999 99999 99999 99999 99999
TBILIS 1996 03 21 2 99999 99999 99999 99999  8716  8784  8775  8766  8736  8794  8807  8810
TBILIS 1996 03 22 1  8775  8776  8749 99999 99999 99999 99999 99999  8769  8783 99999 99999
TBILIS 1996 03 22 2 99999 99999 99999 99999  8739 99999 99999 99999  8802  8814  8813  8824
TBILIS 1996 03 23 1 99999 99999 99999 99999  8778  8767  8707 99999 99999 99999 99999 99999
TBILIS 1996 03 23 2 99999 99999 99999 99999  8799  8816  8814 99999 99999 99999 99999 99999
TBILIS 1996 03 24 1 99999 99999 99999 99999 99999 99999 99999 99999 99999 99999 99999 99999
TBILIS 1996 03 24 2  8767  8780  8771  8766  8800  8801  8796  8818  8746  8732  8803  8839
TBILIS 1996 03 25 1  8843  8851  8823  8797  8764 99999 99999  8758  8795  8833  8853  8797
TBILIS 1996 03 25 2  8814  8826  8838 99999 99999 99999 99999 99999  8851  8774  8817  8775
TBILIS 1996 03 26 1  8798  8838  8833  8822  8749 99999 99999 99999 99999 99999 99999 99999
TBILIS 1996 03 26 2 99999 99999 99999 99999 99999 99999 99999 99999  8783  8847  8821  8758
TBILIS 1996 03 27 1  8770  8739  8739  8705  8698  8729  8766  8733  8753  8780  8720  8751
TBILIS 1996 03 27 2 99999 99999 99999 99999 99999 99999 99999 99999 99999 99999 99999 99999
TBILIS 1996 03 28 1 99999 99999  8750  8795  8747  8746  8763  8757  8765  8786  8773 99999
TBILIS 1996 03 28 2 99999 99999 99999  8777  8782  8779  8783  8761  8782 99999 99999 99999
TBILIS 1996 03 29 1 99999 99999 99999 99999 99999 99999 99999 99999 99999 99999 99999 99999
TBILIS 1996 03 29 2 99999 99999 99999 99999  8805  8777  8787  8828  8813  8786  8721  8763
TBILIS 1996 03 30 1  8748  8752  8754 99999 99999 99999 99999 99999 99999 99999 99999 99999
TBILIS 1996 03 30 2 99999  8781  8769  8777  8811  8810  8837  8750  8787  8778  8723  8732
TBILIS 1996 03 31 1  8756  8759  8738  8747  8772  8733  8750  8751  8750  8760  8778  8749
TBILIS 1996 03 31 2  8786  8779  8798  8833  8818  8807  8806  8742 99999 99999 99999 99999
Cosmic-Ray Neutron Monitor Data (Hourly, Pressure-Corrected and Scale-Adjusted Counts)
Collections: WDC for Cosmic Rays, Solar-Terrestrial Environment Laboratory, Nagoya Univ.
Data Access: http://center.stelab.nagoya-u.ac.jp/WDCCR/index.html
Project: ICSU WDC
Citation: WDC for Cosmic Rays, Solar-Terrestrial Environment Laboratory, Nagoya University
Station ID: TBILIS
Station:  TBILISI,GIORGIA,INSTITUT GEOPHYSIKY (IG), GIORGIAN ACADEMY OF SCIENCES,GIORGIA 
Instrument:  18 NM-64 NEUTRON MONITOR, CORRECTED FOR PRESSURE TO 950.0  MB,COEF.=-0.690 %/MB
Latitude (deg.):   41.72  Longitude (deg.):   44.80  Altitude (m):  510.00
Cut-Off Rigidity (GV):    6.91
Year: 1996  Month:   4
Scaling Factor (SF):    64.0   Constant (CONST):     0.0  Real Counts = (DATA + CONST)*SF
Temporal Resolution: 1 hour
UTC Start Hour:     0.0
DATA FILE IS PREPARED BY IZMIRAN (ftp://cr0.izmiran.rssi.ru/Cosray!/FTP_NM/C/)  
 Updated by IZMIRAN on 20010409                         
Monthly Average:  8736.8
Updated (YYYY MM DD): 2013 12 12
*******************************************************************************************
ID     YYYY MM DD 1     0     1     2     3     4     5     6     7     8     9    10    11
ID     YYYY MM DD 2    12    13    14    15    16    17    18    19    20    21    22    23
*******************************************************************************************
TBILIS 1996 04 01 1 99999 99999 99999  8728  8723  8699 99999 99999  8768  8783  8771  8697
TBILIS 1996 04 01 2  8727  8735  8690  8716  8759  8735  8706  8740  8754  8738  8731  8706
TBILIS 1996 04 02 1  8687  8698  8724  8749  8746  8744 99999 99999 99999 99999 99999 99999
TBILIS 1996 04 02 2  8737  8721 99999 99999 99999 99999  8775  8751  8738  8749  8762  8743
TBILIS 1996 04 03 1  8745  8759  8717  8766 99999 99999 99999 99999 99999 99999  8772  8767
TBILIS 1996 04 03 2  8773  8766  8756  8750  8740  8772  8745  8736  8722  8758  8756  8784
TBILIS 1996 04 04 1  8765  8749  8725  8736  8781  8704  8775  8770  8764  8780 99999 99999
TBILIS 1996 04 04 2 99999 99999 99999 99999 99999 99999 99999 99999 99999 99999 99999 99999
TBILIS 1996 04 05 1 99999 99999 99999 99999 99999 99999 99999 99999 99999 99999 99999 99999
TBILIS 1996 04 05 2  8814  8818  8796  8810  8827  8821  8825  8804  8785  8781  8782  8785
TBILIS 1996 04 06 1  8801  8775  8816  8750  8777  8691  8711  8747  8759  8723  8762  8773
TBILIS 1996 04 06 2  8789  8803  8812  8830  8828  8818  8796  8759  8745  8803  8762  8763
TBILIS 1996 04 07 1  8779  8788  8792  8750  8724  8724  8731  8737  8720  8727  8752  8761
TBILIS 1996 04 07 2  8753  8751  8765  8725  8764  8768  8765  8766  8724  8729  8724  8733
TBILIS 1996 04 08 1  8679  8682  8695  8710  8716  8701 99999 99999 99999 99999 99999 99999
TBILIS 1996 04 08 2  8686  8698  8703  8707  8696  8703  8709 99999 99999 99999 99999 99999
TBILIS 1996 04 09 1 99999 99999 99999  8685  8701 99999 99999 99999 99999  8685  8711  8714
TBILIS 1996 04 09 2  8717  8749  8739  8761  8766  8768  8769  8772  8777  8782  8736  8718
TBILIS 1996 04 10 1  8681  8694  8717  8709 99999 99999 99999 99999 99999 99999 99999 99999
TBILIS 1996 04 10 2 99999 99999 99999 99999 99999 99999 99999 99999 99999 99999 99999 99999
TBILIS 1996 04 11 1 99999 99999 99999 99999 99999 99999 99999 99999  8712  8731  8738  8715
TBILIS 1996 04 11 2  8702  8720  8713  8702  8735  8705  8722  8684  8692  8687  8696  8705
TBILIS 1996 04 12 1  8717  8729  8706  8693  8661  8692  8703  8674  8733  8720  8728  8716
TBILIS 1996 04 12 2  8699  8755  8679  8711  8721  8690  8726  8740  8762  8719  8733  8771
TBILIS 1996 04 13 1  8747  8744  8731  8694  8671 99999 99999 99999  8688  8730  8708 99999
TBILIS 1996 04 13 2 99999  8743  8720  8717  8746  8775  8785  8767  8752  8758  8718  8706
TBILIS 1996 04 14 1  8729  8778  8789  8774  8730  8732  8746  8746  8761  8749  8792  8750
TBILIS 1996 04 14 2  8742  8777  8785  8757  8767  8768  8759  8761  8747  8730  8740  8727
TBILIS 1996 04 15 1  8758  8771  8741  8702  8691  8722  8701  8734  8723  8735  8761  8743
TBILIS 1996 04 15 2  8754  8746  8744  8747  8750  8775  8752  8743  8742  8689  8715  8713
TBILIS 1996 04 16 1  8698  8727  8685  8687  8711  8710  8722  8738  8743  8750  8753  8782
TBILIS 1996 04 16 2  8777  8771  8759  8782  8792  8748  8798  8773  8754  8723  8743  8755
TBILIS 1996 04 17 1  8723  8686  8732  8722  8701  8763  8757  8758  8785  8796  8770  8756
TBILIS 1996 04 17 2  8743  8805 99999 99999 99999 99999 99999 99999 99999 99999 99999 99999
TBILIS 1996 04 18 1 99999 99999 99999 99999 99999 99999 99999 99999 99999 99999 99999 99999
TBILIS 1996 04 18 2 99999  8806  8759  8735  8743  8779  8744  8773  8777  8769  8745  8757
TBILIS 1996 04 19 1  8741  8744  8754  8707  8722  8698  8687  8733  8746  8741  8746  8745
TBILIS 1996 04 19 2  8742  8747  8700  8687  8698  8745  8747 99999 99999 99999 99999 99999
TBILIS 1996 04 20 1 99999 99999 99999 99999 99999 99999 99999 99999 99999 99999  8747  8742
TBILIS 1996 04 20 2  8788  8741 99999 99999  8746  8729  8775  8738  8742 99999 99999 99999
TBILIS 1996 04 21 1 99999 99999 99999 99999 99999 99999 99999 99999 99999 99999 99999 99999
TBILIS 1996 04 21 2 99999 99999 99999 99999 99999 99999  8765  8717  8710  8724  8710  8700
TBILIS 1996 04 22 1  8712  8751  8744  8747  8749 99999 99999 99999 99999  8749  8754  8769
TBILIS 1996 04 22 2  8738  8760 99999 99999 99999  8796  8764  8786 99999 99999 99999 99999
TBILIS 1996 04 23 1 99999 99999 99999 99999 99999 99999  8754  8730  8722  8748  8727  8784
TBILIS 1996 04 23 2  8787  8798  8787  8777  8765  8753 99999 99999 99999 99999 99999 99999
TBILIS 1996 04 24 1 99999 99999 99999 99999 99999 99999 99999 99999 99999 99999 99999 99999
TBILIS 1996 04 24 2 99999 99999 99999 99999 99999 99999 99999 99999 99999 99999 99999 99999
TBILIS 1996 04 25 1 99999 99999 99999 99999 99999 99999 99999 99999 99999 99999 99999 99999
TBILIS 1996 04 25 2 99999 99999 99999 99999  8774  8764  8785 99999 99999 99999 99999 99999
TBILIS 1996 04 26 1 99999 99999 99999 99999  8740  8692  8689  8737  8729  8709  8769  8748
TBILIS 1996 04 26 2  8662  8660  8653  8654  8673 99999 99999 99999  8724  8689  8690  8715
TBILIS 1996 04 27 1  8719  8694  8683  8693  8707  8722  8681  8716  8736  8755  8748  8762
TBILIS 1996 04 27 2  8750  8757  8758  8722  8687  8670  8733  8728  8787  8757  8734  8757
TBILIS 1996 04 28 1  8742  8733  8722  8706  8727  8721  8694  8670  8708  8703  8700  8715
TBILIS 1996 04 28 2  8695  8709  8747  8726  8697  8706  8678  8759  8711  8742  8736  8755
TBILIS 1996 04 29 1  8729  8709  8706  8732  8685  8689  8689  8694  8702  8706  8739  8757
TBILIS 1996 04 29 2  8735  8758  8766  8723  8722  8709  8711  8714  8707  8700  8715  8709
TBILIS 1996 04 30 1  8700  8668  8668  8656  8657  8690  8664  8691  8708  8740  8746  8746
TBILIS 1996 04 30 2  8722  8718  8732  8733  8744  8723  8721  8755  8735 99999 99999 99999
TBILIS 1996 04 31 1 99999 99999 99999 99999 99999 99999 99999 99999 99999 99999 99999 99999
TBILIS 1996 04 31 2 99999 99999 99999 99999 99999 99999 99999 99999 99999 99999 99999 99999
Cosmic-Ray Neutron Monitor Data (Hourly, Pressure-Corrected and Scale-Adjusted Counts)
Collections: WDC for Cosmic Rays, Solar-Terrestrial Environment Laboratory, Nagoya Univ.
Data Access: http://center.stelab.nagoya-u.ac.jp/WDCCR/index.html
Project: ICSU WDC
Citation: WDC for Cosmic Rays, Solar-Terrestrial Environment Laboratory, Nagoya University
Station ID: TBILIS
Station:  TBILISI,GIORGIA,INSTITUT GEOPHYSIKY (IG), GIORGIAN ACADEMY OF SCIENCES,GIORGIA 
Instrument:  18 NM-64 NEUTRON MONITOR, CORRECTED FOR PRESSURE TO 950.0  MB,COEF.=-0.690 %/MB
Latitude (deg.):   41.72  Longitude (deg.):   44.80  Altitude (m):  510.00
Cut-Off Rigidity (GV):    6.91
Year: 1996  Month:   5
Scaling Factor (SF):    64.0   Constant (CONST):     0.0  Real Counts = (DATA + CONST)*SF
Temporal Resolution: 1 hour
UTC Start Hour:     0.0
DATA FILE IS PREPARED BY IZMIRAN (ftp://cr0.izmiran.rssi.ru/Cosray!/FTP_NM/C/)  
 Updated by IZMIRAN on 20010409                         
Monthly Average:  8688.4
Updated (YYYY MM DD): 2013 12 12
*******************************************************************************************
ID     YYYY MM DD 1     0     1     2     3     4     5     6     7     8     9    10    11
ID     YYYY MM DD 2    12    13    14    15    16    17    18    19    20    21    22    23
*******************************************************************************************
TBILIS 1996 05 01 1 99999 99999 99999 99999 99999 99999 99999 99999 99999 99999 99999 99999
TBILIS 1996 05 01 2 99999 99999 99999 99999 99999 99999 99999  8722  8721 99999 99999 99999
TBILIS 1996 05 02 1 99999 99999 99999 99999  8697  8705  8682  8686  8672  8725  8705  8732
TBILIS 1996 05 02 2  8754  8732  8730  8700  8751  8719  8748  8730 99999 99999 99999 99999
TBILIS 1996 05 03 1 99999 99999 99999 99999  8648  8650  8661  8685  8689  8699  8696  8684
TBILIS 1996 05 03 2  8697  8708  8736  8701  8698  8715  8676  8727  8678  8698  8745  8736
TBILIS 1996 05 04 1  8745  8728  8691  8670  8671  8691  8727  8646  8686  8712  8755  8752
TBILIS 1996 05 04 2  8757  8755  8729  8730  8751  8691  8691  8792  8750  8751  8753  8735
TBILIS 1996 05 05 1  8707  8699  8702  8701  8691  8698  8709  8706  8716  8745  8749  8778
TBILIS 1996 05 05 2  8804  8759  8731  8732  8744  8757  8777  8793  8787  8809  8787  8746
TBILIS 1996 05 06 1  8791  8741  8739  8727  8694  8690  8672  8663  8707  8714  8745  8707
TBILIS 1996 05 06 2  8708  8720  8738  8707  8692  8726  8777  8762  8771  8755  8713  8675
TBILIS 1996 05 07 1  8697  8676  8658  8649  8663  8647  8646  8660  8678  8708  8720  8737
TBILIS 1996 05 07 2  8770  8743  8733  8726  8755  8705  8729  8752  8759  8751  8749  8764
TBILIS 1996 05 08 1  8763  8735  8687  8685  8685  8673 99999 99999 99999 99999 99999  8705
TBILIS 1996 05 08 2  8743  8720  8720  8722  8676  8670  8672  8696  8702  8733  8697  8698
TBILIS 1996 05 09 1  8690  8698  8728  8682  8671  8654  8665  8675  8679  8625  8666  8720
TBILIS 1996 05 09 2  8663  8734  8710  8654  8663  8637  8699  8725  8683  8674  8714  8676
TBILIS 1996 05 10 1  8667  8751  8703  8680  8660  8653  8655  8674  8713  8703  8676  8732
TBILIS 1996 05 10 2  8683  8652  8650  8705  8678  8656  8700  8689  8710  8714  8692  8691
TBILIS 1996 05 11 1  8688  8665  8663  8637  8646  8656  8650  8647  8625  8662  8686  8696
TBILIS 1996 05 11 2  8661  8641  8650  8632  8608  8611  8637  8659  8662  8699  8692  8694
TBILIS 1996 05 12 1  8705  8708  8680  8652  8657  8654  8678  8660  8661  8694  8708  8697
TBILIS 1996 05 12 2  8705  8699  8702  8703  8695  8670  8650  8691  8679  8720  8692  8701
TBILIS 1996 05 13 1  8710  8678  8656  8660  8624  8655  8658  8657  8656  8663  8701  8717
TBILIS 1996 05 13 2  8762  8731  8690  8683  8715  8669  8685  8690  8674  8743  8699  8663
TBILIS 1996 05 14 1  8661  8675  8666  8663  8673  8670  8676  8681  8680  8689  8692  8707
TBILIS 1996 05 14 2  8698  8702 99999 99999 99999  8703  8710  8710  8725  8729  8712  8696
TBILIS 1996 05 15 1  8703  8695  8702  8659  8668  8673  8661  8692  8701  8706  8677  8727
TBILIS 1996 05 15 2  8729  8712  8700  8691  8703  8698  8689  8671  8679  8673  8683  8672
TBILIS 1996 05 16 1  8710  8679  8654  8639  8619  8663  8663  8700  8718  8714  8707  8681
TBILIS 1996 05 16 2  8705  8632  8747  8713  8691  8646  8666  8661  8666  8658  8663  8683
TBILIS 1996 05 17 1  8662  8638  8614  8624  8626  8634  8666  8675  8716  8666  8692  8759
TBILIS 1996 05 17 2  8651  8672  8667  8670  8634  8631  8675  8663  8671  8648  8696  8676
TBILIS 1996 05 18 1  8709  8719  8706  8687  8651  8669  8670  8679  8687  8694  8695  8700
TBILIS 1996 05 18 2  8705  8708  8698  8691  8715  8734  8693  8709  8699  8725  8700  8704
TBILIS 1996 05 19 1  8693  8690  8674  8663  8704  8711  8730  8725  8735  8733  8726  8734
TBILIS 1996 05 19 2  8730  8725  8743  8679  8706  8680  8704  8722  8676  8704  8686  8688
TBILIS 1996 05 20 1  8689  8709  8648  8663  8654  8677  8728  8699  8695  8693  8707  8695
TBILIS 1996 05 20 2  8720  8698  8696  8688  8680  8668  8751  8750  8751  8735  8705  8698
TBILIS 1996 05 21 1  8666  8682  8663  8698  8670  8700  8715  8705  8741  8738  8730  8714
TBILIS 1996 05 21 2  8733  8709  8697  8721  8724  8682  8658  8711  8729  8717  8715  8727
TBILIS 1996 05 22 1  8669  8692  8639  8663  8643  8661  8715  8719  8708  8703  8726  8726
TBILIS 1996 05 22 2  8731  8725  8733  8734  8744  8675  8732  8715  8728  8731  8722  8700
TBILIS 1996 05 23 1  8664  8669  8658  8667  8670  8677  8695  8686  8692  8683  8691  8707
TBILIS 1996 05 23 2  8692  8683  8672  8677  8695  8694  8688  8682  8690  8686  8719  8619
TBILIS 1996 05 24 1  8678  8698  8630  8662  8609  8612  8637  8680  8666  8650  8676  8687
TBILIS 1996 05 24 2  8669  8661  8656  8653  8638  8648  8627  8657  8620  8622  8584  8620
TBILIS 1996 05 25 1  8695  8650  8615  8608  8619  8632  8618  8630  8650  8617  8626  8637
TBILIS 1996 05 25 2  8696  8624  8650  8664  8704  8666  8656  8698  8708  8670  8693  8665
TBILIS 1996 05 26 1  8621  8684  8662  8645  8647  8673  8702  8730  8708  8733  8740  8704
TBILIS 1996 05 26 2  8683  8698  8696  8646  8650  8621  8665  8677  8668  8715  8722  8737
TBILIS 1996 05 27 1  8656  8669  8663  8669  8638  8701  8675  8694  8668  8709  8776  8702
TBILIS 1996 05 27 2  8670  8640  8694  8611  8643  8692  8650  8658  8660  8700  8698  8685
TBILIS 1996 05 28 1  8640  8680  8673  8697  8654  8692  8652  8680  8681  8682  8663  8683
TBILIS 1996 05 28 2  8692  8664  8650  8705  8647  8660  8657  8650  8642  8684  8711  8702
TBILIS 1996 05 29 1  8715  8708  8657  8671  8650  8642  8664  8664  8683  8635  8619  8650
TBILIS 1996 05 29 2  8643  8642  8659  8641  8645  8639  8618  8675  8708  8681  8673  8688
TBILIS 1996 05 30 1  8678  8667  8675  8658  8616  8678  8655  8679  8685  8708  8678  8687
TBILIS 1996 05 30 2  8678  8655  8625  8665  8622  8665  8675  8656  8648  8689  8674  8708
TBILIS 1996 05 31 1  8670  8692  8678  8638  8670  8646  8683  8631  8612  8636  8721  8662
TBILIS 1996 05 31 2  8668  8615  8715  8645  8664  8642  8685  8669  8664  8670  8697  8712
Cosmic-Ray Neutron Monitor Data (Hourly, Pressure-Corrected and Scale-Adjusted Counts)
Collections: WDC for Cosmic Rays, Solar-Terrestrial Environment Laboratory, Nagoya Univ.
Data Access: http://center.stelab.nagoya-u.ac.jp/WDCCR/index.html
Project: ICSU WDC
Citation: WDC for Cosmic Rays, Solar-Terrestrial Environment Laboratory, Nagoya University
Station ID: TBILIS
Station:  TBILISI,GIORGIA,INSTITUT GEOPHYSIKY (IG), GIORGIAN ACADEMY OF SCIENCES,GIORGIA 
Instrument:  18 NM-64 NEUTRON MONITOR, CORRECTED FOR PRESSURE TO 950.0  MB,COEF.=-0.690 %/MB
Latitude (deg.):   41.72  Longitude (deg.):   44.80  Altitude (m):  510.00
Cut-Off Rigidity (GV):    6.91
Year: 1996  Month:   6
Scaling Factor (SF):    64.0   Constant (CONST):     0.0  Real Counts = (DATA + CONST)*SF
Temporal Resolution: 1 hour
UTC Start Hour:     0.0
DATA FILE IS PREPARED BY IZMIRAN (ftp://cr0.izmiran.rssi.ru/Cosray!/FTP_NM/C/)  
 Updated by IZMIRAN on 20010409                         
Monthly Average:  8691.6
Updated (YYYY MM DD): 2013 12 12
*******************************************************************************************
ID     YYYY MM DD 1     0     1     2     3     4     5     6     7     8     9    10    11
ID     YYYY MM DD 2    12    13    14    15    16    17    18    19    20    21    22    23
*******************************************************************************************
TBILIS 1996 06 01 1  8703  8697  8697  8700  8713  8734  8728  8654  8706  8702  8696  8716
TBILIS 1996 06 01 2  8678  8763  8750  8713  8697  8704  8732  8723  8727  8735  8737  8745
TBILIS 1996 06 02 1  8733  8742  8741  8715  8681  8699  8722  8726  8712  8701  8693  8685
TBILIS 1996 06 02 2  8680  8702  8710  8697  8657  8711  8705  8672  8714  8663  8686  8708
TBILIS 1996 06 03 1  8760  8721  8704  8715  8732  8778  8759  8747  8777  8715  8706  8725
TBILIS 1996 06 03 2  8688  8733  8734  8669  8673  8682  8722  8688  8685  8695  8713  8680
TBILIS 1996 06 04 1  8694  8689  8692  8682  8686  8687  8705  8686  8725  8701  8699  8695
TBILIS 1996 06 04 2  8722  8715  8738  8740  8727  8699  8706  8767  8753  8747  8789  8748
TBILIS 1996 06 05 1  8787  8800  8773  8772  8780  8778  8765  8752  8754  8777  8740  8745
TBILIS 1996 06 05 2  8734  8733  8742  8750  8737  8733  8743  8755  8762  8753  8757  8730
TBILIS 1996 06 06 1  8733  8656  8675  8665  8685  8697  8698  8639  8661  8682  8699  8715
TBILIS 1996 06 06 2  8715  8703  8716  8694  8684  8706  8702  8693 99999 99999 99999 99999
TBILIS 1996 06 07 1 99999 99999 99999 99999 99999 99999 99999  8652  8654  8643  8659  8660
TBILIS 1996 06 07 2  8661  8683  8661  8638  8642  8654  8658  8683  8683  8640  8639  8649
TBILIS 1996 06 08 1  8665  8656  8665  8666  8632  8640  8657  8632  8647  8654  8652  8646
TBILIS 1996 06 08 2  8634  8646  8633  8651  8663  8678  8702  8663  8636  8696  8674  8689
TBILIS 1996 06 09 1  8667  8610  8628  8634  8650  8645  8655  8641  8657  8671  8636  8654
TBILIS 1996 06 09 2  8645  8645  8650  8645  8642  8664  8656  8665  8687  8667  8710  8682
TBILIS 1996 06 10 1  8686  8664  8651  8650  8655  8708  8656  8610  8708  8712  8681  8670
TBILIS 1996 06 10 2  8730  8712  8686  8668  8660  8669  8704  8705  8712  8709  8685  8656
TBILIS 1996 06 11 1  8664  8678  8648  8625  8626  8623  8685  8673  8679  8665  8718  8711
TBILIS 1996 06 11 2  8708  8698  8676  8663  8674  8684  8651  8677  8667  8711  8697  8677
TBILIS 1996 06 12 1  8713  8680  8628  8715  8691  8707  8706  8693  8725  8708  8708  8680
TBILIS 1996 06 12 2  8684  8716  8708  8708  8704  8720  8702  8677  8717  8667  8708  8708
TBILIS 1996 06 13 1  8679  8690  8707  8704  8691  8650  8693  8716  8714  8716  8744  8725
TBILIS 1996 06 13 2  8714  8726  8757  8714  8720  8671  8729  8747  8709  8714  8727  8669
TBILIS 1996 06 14 1  8646  8656  8646  8665  8685  8675  8697  8716  8699  8732  8737  8741
TBILIS 1996 06 14 2  8717  8738  8753  8743  8754  8746  8741  8729  8721  8724  8723  8703
TBILIS 1996 06 15 1  8695  8693  8671  8721  8705  8713  8699  8705  8696  8704  8727  8746
TBILIS 1996 06 15 2  8704  8685  8670  8631  8656  8633  8622  8689  8651  8654  8661  8656
TBILIS 1996 06 16 1  8634  8664  8676  8647  8649  8640  8673  8651  8675  8704  8695  8685
TBILIS 1996 06 16 2  8673  8684  8684  8681  8691  8682  8679  8674  8671  8655  8673  8668
TBILIS 1996 06 17 1  8658  8650  8694  8662  8707  8701  8729  8719  8735  8739  8730  8734
TBILIS 1996 06 17 2  8714  8708  8682  8693  8683  8697  8694  8709  8708  8742  8705  8702
TBILIS 1996 06 18 1  8697  8708  8731  8709  8707  8735  8691  8670  8663  8682  8706  8676
TBILIS 1996 06 18 2  8673  8695  8685  8695  8719  8684  8680  8695  8708  8730  8750  8704
TBILIS 1996 06 19 1  8688  8709  8701  8708  8648  8628  8670  8629  8656  8666  8699  8694
TBILIS 1996 06 19 2  8698  8661  8677  8649  8649  8649  8639  8658  8676  8647  8690  8676
TBILIS 1996 06 20 1  8655  8657  8647  8633  8655  8623  8657  8662  8622  8619  8628  8652
TBILIS 1996 06 20 2  8663  8681  8657  8661  8675  8659  8666  8658  8681  8639  8624  8645
TBILIS 1996 06 21 1  8646  8627  8655  8628  8639  8657  8616  8640  8616  8637  8635  8715
TBILIS 1996 06 21 2  8686  8623  8650  8632  8687  8689  8629  8685  8703  8739  8691  8694
TBILIS 1996 06 22 1  8754  8708  8706  8692  8725  8708  8730  8725  8718  8726  8751  8741
TBILIS 1996 06 22 2  8680  8662  8683  8717  8729  8725  8720  8695  8712  8744  8763  8744
TBILIS 1996 06 23 1  8727  8722  8725  8718  8712  8735  8665  8689  8724  8698  8673  8684
TBILIS 1996 06 23 2  8644  8630  8632  8649  8619  8612  8634  8662  8668  8711  8663  8658
TBILIS 1996 06 24 1  8650  8668  8660  8669  8675  8682  8681  8709  8742  8692  8705  8720
TBILIS 1996 06 24 2  8771  8671  8671  8736  8739  8692  8719  8767  8742  8766  8737  8780
TBILIS 1996 06 25 1  8768  8725  8750  8712  8664  8703  8689  8750  8706  8698  8720  8750
TBILIS 1996 06 25 2  8730  8713  8672  8663  8662  8663  8672  8685  8707  8706  8693  8734
TBILIS 1996 06 26 1  8687  8709  8696  8660  8648  8686  8717  8703  8686  8695  8687  8735
TBILIS 1996 06 26 2  8756  8755  8776  8738  8722  8684  8655  8688  8706  8677  8689 99999
TBILIS 1996 06 27 1 99999 99999  8696  8664  8680  8715  8703  8710  8686  8665  8687  8714
TBILIS 1996 06 27 2  8721  8714  8720  8708  8671  8723  8683  8693  8694  8722  8727  8740
TBILIS 1996 06 28 1  8718  8688  8700  8663  8666  8678  8705  8694  8700  8729  8715  8730
TBILIS 1996 06 28 2  8722  8738  8709  8736  8709  8678  8671  8688  8688  8727  8697  8680
TBILIS 1996 06 29 1  8688  8647  8665  8699  8650  8661  8681  8692  8669  8681  8697  8696
TBILIS 1996 06 29 2  8699  8650  8695  8690  8724  8696  8663  8614  8636  8644  8617  8602
TBILIS 1996 06 30 1 99999 99999  8624  8665  8681  8676  8696  8713  8686  8690  8737  8744
TBILIS 1996 06 30 2  8720  8696  8679  8631  8618  8605  8599  8623  8645  8688  8715  8690
TBILIS 1996 06 31 1 99999 99999 99999 99999 99999 99999 99999 99999 99999 99999 99999 99999
TBILIS 1996 06 31 2 99999 99999 99999 99999 99999 99999 99999 99999 99999 99999 99999 99999
Cosmic-Ray Neutron Monitor Data (Hourly, Pressure-Corrected and Scale-Adjusted Counts)
Collections: WDC for Cosmic Rays, Solar-Terrestrial Environment Laboratory, Nagoya Univ.
Data Access: http://center.stelab.nagoya-u.ac.jp/WDCCR/index.html
Project: ICSU WDC
Citation: WDC for Cosmic Rays, Solar-Terrestrial Environment Laboratory, Nagoya University
Station ID: TBILIS
Station:  TBILISI,GIORGIA,INSTITUT GEOPHYSIKY (IG), GIORGIAN ACADEMY OF SCIENCES,GIORGIA 
Instrument:  18 NM-64 NEUTRON MONITOR, CORRECTED FOR PRESSURE TO 950.0  MB,COEF.=-0.690 %/MB
Latitude (deg.):   41.72  Longitude (deg.):   44.80  Altitude (m):  510.00
Cut-Off Rigidity (GV):    6.91
Year: 1996  Month:   7
Scaling Factor (SF):    64.0   Constant (CONST):     0.0  Real Counts = (DATA + CONST)*SF
Temporal Resolution: 1 hour
UTC Start Hour:     0.0
DATA FILE IS PREPARED BY IZMIRAN (ftp://cr0.izmiran.rssi.ru/Cosray!/FTP_NM/C/)  
 Updated by IZMIRAN on 20010409                         
Monthly Average:  8687.8
Updated (YYYY MM DD): 2013 12 12
*******************************************************************************************
ID     YYYY MM DD 1     0     1     2     3     4     5     6     7     8     9    10    11
ID     YYYY MM DD 2    12    13    14    15    16    17    18    19    20    21    22    23
*******************************************************************************************
TBILIS 1996 07 01 1  8684  8663  8641  8644  8666  8673  8639  8647  8703  8692  8728  8695
TBILIS 1996 07 01 2  8709  8713  8668  8616  8613  8621  8660  8690  8676  8696  8696  8734
TBILIS 1996 07 02 1  8732  8716  8701  8682  8665  8703  8693  8703 99999 99999 99999 99999
TBILIS 1996 07 02 2 99999  8678  8680  8694  8646  8611  8593  8612  8625  8608  8605  8589
TBILIS 1996 07 03 1  8569  8583  8599  8585  8627  8603  8629  8667  8697  8698  8713  8706
TBILIS 1996 07 03 2  8688  8658  8665  8636  8628  8610  8616  8665  8673  8654  8685  8699
TBILIS 1996 07 04 1  8620  8616  8638  8652  8619  8665  8702  8728  8704  8750  8744  8728
TBILIS 1996 07 04 2  8724  8711  8707  8651  8638  8668  8688  8680  8658  8651  8683  8710
TBILIS 1996 07 05 1  8698  8677  8675  8708  8695  8678  8702  8745  8765  8765  8754  8699
TBILIS 1996 07 05 2  8693  8708  8704  8671  8625  8622  8636  8666  8720  8715  8723  8745
TBILIS 1996 07 06 1  8744  8743  8704  8719  8742  8722  8708  8750  8734  8760  8725  8707
TBILIS 1996 07 06 2  8743  8748  8738  8747  8735  8733  8742  8764  8757  8764  8769  8732
TBILIS 1996 07 07 1  8753  8762  8713  8708  8705  8713  8779  8739  8738  8758  8719  8724
TBILIS 1996 07 07 2  8737  8706  8735  8697  8701  8713  8712  8712  8711  8650  8671  8661
TBILIS 1996 07 08 1  8673  8662  8646  8643  8635  8625  8631  8636  8651  8666  8655  8698
TBILIS 1996 07 08 2  8689  8712  8687  8680  8663  8656  8655  8632  8662  8682  8661  8696
TBILIS 1996 07 09 1  8677  8673  8670  8674  8681  8684  8675  8672  8681  8694  8690  8681
TBILIS 1996 07 09 2  8700  8742  8713  8708  8751  8664  8715  8727  8676  8738  8708  8690
TBILIS 1996 07 10 1  8687  8693  8696  8715  8695  8728  8711  8671  8697  8727  8690  8719
TBILIS 1996 07 10 2  8738  8706  8719  8708  8708  8732  8701  8748  8767  8760  8761  8753
TBILIS 1996 07 11 1  8741  8711  8668  8676  8677  8680  8696  8689  8733  8740  8746  8718
TBILIS 1996 07 11 2  8761  8759  8712  8714  8696  8654  8624 99999 99999 99999 99999 99999
TBILIS 1996 07 12 1 99999 99999 99999 99999  8642  8693  8706  8733  8735  8731  8716  8747
TBILIS 1996 07 12 2  8723  8718  8708  8686  8699  8677  8712  8676  8699  8704  8743 99999
TBILIS 1996 07 13 1 99999  8667  8655  8662  8668  8650  8686  8698  8734  8718  8720  8693
TBILIS 1996 07 13 2  8688  8700  8667  8700  8708  8680  8679  8670  8657  8663  8663  8663
TBILIS 1996 07 14 1  8700  8668  8628  8672  8650  8690  8686  8680  8707  8668  8671  8692
TBILIS 1996 07 14 2  8714  8690  8717  8694  8675  8632  8632  8682  8683  8676  8679  8676
TBILIS 1996 07 15 1  8663  8639  8627  8672  8661  8665  8665  8655  8658  8702  8713  8663
TBILIS 1996 07 15 2  8637  8663  8637  8645  8645  8622  8686  8678  8656  8636  8654  8660
TBILIS 1996 07 16 1  8689  8670  8669  8678  8676  8669  8685  8676  8692  8708  8701  8668
TBILIS 1996 07 16 2  8731  8695  8666  8660  8648  8628  8683  8698 99999 99999 99999 99999
TBILIS 1996 07 17 1 99999 99999 99999 99999 99999 99999 99999 99999 99999 99999 99999 99999
TBILIS 1996 07 17 2 99999 99999  8724  8713  8655  8617  8640  8645  8674  8725  8689  8712
TBILIS 1996 07 18 1  8711  8685  8707  8660  8663  8664  8668  8691  8708  8730  8733  8720
TBILIS 1996 07 18 2  8701  8682  8671  8675  8672  8667  8702  8702  8695 99999 99999 99999
TBILIS 1996 07 19 1 99999 99999  8686  8717  8730  8743  8720  8717  8731  8751  8726  8730
TBILIS 1996 07 19 2  8665  8686  8648  8654  8656  8679  8652  8695  8675  8706  8686  8664
TBILIS 1996 07 20 1  8662  8665  8647  8697  8672  8681  8691  8665  8683  8693  8724  8727
TBILIS 1996 07 20 2  8717  8693  8676  8684  8647  8680  8720  8711  8724  8708  8711  8705
TBILIS 1996 07 21 1  8704  8681  8683  8670  8678  8681  8683  8677  8708  8717  8724  8691
TBILIS 1996 07 21 2  8677  8731  8663  8667  8663  8667  8705  8711  8708  8695  8701  8684
TBILIS 1996 07 22 1  8711  8689  8701  8721  8712  8690  8674  8687  8703  8735  8686  8671
TBILIS 1996 07 22 2  8693  8708  8690  8685  8709  8735  8695  8708  8693  8708  8728  8735
TBILIS 1996 07 23 1  8717  8709  8710  8706  8703  8698  8672  8692  8713  8702  8684  8729
TBILIS 1996 07 23 2  8709  8723  8699  8701  8712  8719  8719  8725  8725  8744  8752  8765
TBILIS 1996 07 24 1  8740  8777  8743  8689  8709  8695  8708  8704  8688  8702  8743  8711
TBILIS 1996 07 24 2 99999 99999 99999 99999 99999 99999 99999 99999 99999 99999 99999 99999
TBILIS 1996 07 25 1 99999 99999 99999 99999 99999 99999 99999 99999 99999  8736  8745  8742
TBILIS 1996 07 25 2  8749  8739  8736  8702  8743  8646  8732  8721  8717  8714  8691  8665
TBILIS 1996 07 26 1  8692  8638  8611  8614  8616  8689  8684  8650  8686  8697  8705  8707
TBILIS 1996 07 26 2  8666  8667  8705  8685  8642  8654  8628  8727  8702  8698  8691  8662
TBILIS 1996 07 27 1  8674  8663  8684  8679  8704  8711  8750  8724  8735  8743  8714  8679
TBILIS 1996 07 27 2  8686  8774  8714  8655  8651  8685  8673  8708  8717  8664  8651  8660
TBILIS 1996 07 28 1  8668  8661  8655  8663 99999 99999 99999 99999 99999  8789  8755  8704
TBILIS 1996 07 28 2  8714  8684  8708  8731  8678  8742  8766  8726  8707  8699  8690  8724
TBILIS 1996 07 29 1  8716  8693  8663  8710  8694  8710  8691  8682  8699  8683  8680  8666
TBILIS 1996 07 29 2  8680  8660  8634  8658  8619  8619  8636  8618  8658  8654  8635  8700
TBILIS 1996 07 30 1  8646  8671  8675  8662  8634  8620  8644  8621  8645  8664  8688  8644
TBILIS 1996 07 30 2  8648  8663  8589  8621  8657  8593 99999 99999 99999 99999 99999 99999
TBILIS 1996 07 31 1 99999 99999 99999 99999 99999 99999 99999  8614  8620  8644  8660  8650
TBILIS 1996 07 31 2  8639  8646  8620  8622  8603  8582  8581  8658  8682  8625  8606  8602
Cosmic-Ray Neutron Monitor Data (Hourly, Pressure-Corrected and Scale-Adjusted Counts)
Collections: WDC for Cosmic Rays, Solar-Terrestrial Environment Laboratory, Nagoya Univ.
Data Access: http://center.stelab.nagoya-u.ac.jp/WDCCR/index.html
Project: ICSU WDC
Citation: WDC for Cosmic Rays, Solar-Terrestrial Environment Laboratory, Nagoya University
Station ID: TBILIS
Station:  TBILISI,GIORGIA,INSTITUT GEOPHYSIKY (IG), GIORGIAN ACADEMY OF SCIENCES,GIORGIA 
Instrument:  18 NM-64 NEUTRON MONITOR, CORRECTED FOR PRESSURE TO 950.0  MB,COEF.=-0.690 %/MB
Latitude (deg.):   41.72  Longitude (deg.):   44.80  Altitude (m):  510.00
Cut-Off Rigidity (GV):    6.91
Year: 1996  Month:   8
Scaling Factor (SF):    64.0   Constant (CONST):     0.0  Real Counts = (DATA + CONST)*SF
Temporal Resolution: 1 hour
UTC Start Hour:     0.0
DATA FILE IS PREPARED BY IZMIRAN (ftp://cr0.izmiran.rssi.ru/Cosray!/FTP_NM/C/)  
 Updated by IZMIRAN on 20010409                         
Monthly Average:  8687.6
Updated (YYYY MM DD): 2013 12 12
*******************************************************************************************
ID     YYYY MM DD 1     0     1     2     3     4     5     6     7     8     9    10    11
ID     YYYY MM DD 2    12    13    14    15    16    17    18    19    20    21    22    23
*******************************************************************************************
TBILIS 1996 08 01 1  8664  8655  8668  8653  8638  8633  8674  8724  8684  8711  8680  8709
TBILIS 1996 08 01 2  8682  8726  8717  8681  8678  8677  8678  8677  8619  8643  8685  8662
TBILIS 1996 08 02 1  8701  8692  8708  8666  8663  8670  8675  8664  8727  8728  8688  8692
TBILIS 1996 08 02 2  8712  8685  8728  8699  8649  8652  8662  8644  8672  8683  8678  8654
TBILIS 1996 08 03 1  8667  8657  8637  8652  8676  8680  8712  8720  8729  8714  8762  8682
TBILIS 1996 08 03 2  8704  8706  8741  8698  8661  8652  8676  8682  8655  8664  8652  8665
TBILIS 1996 08 04 1  8675  8670  8646  8670  8665  8689  8724  8711  8785  8749  8714  8767
TBILIS 1996 08 04 2  8770  8727  8789  8724  8694  8676  8721  8714  8733  8756  8721  8741
TBILIS 1996 08 05 1  8708  8692  8703  8683  8720  8739  8703  8771  8756  8772  8775  8744
TBILIS 1996 08 05 2  8746  8783  8779  8786  8750  8697  8730  8760  8779  8769  8732  8696
TBILIS 1996 08 06 1  8713  8715  8714  8684  8752  8754  8729  8764  8778  8729  8789  8797
TBILIS 1996 08 06 2  8768  8731  8750  8689  8712  8697  8740  8742  8735  8693  8692  8733
TBILIS 1996 08 07 1  8721  8737  8697  8717  8723  8768  8769  8702  8752  8759  8796  8754
TBILIS 1996 08 07 2  8787  8786  8776  8742  8703  8752  8788  8742  8740  8742  8752  8769
TBILIS 1996 08 08 1  8767  8760  8759  8770  8751  8764  8752  8767  8772  8744  8755  8735
TBILIS 1996 08 08 2  8723  8767  8714  8686  8712  8621  8615  8612  8636  8660  8668  8645
TBILIS 1996 08 09 1  8700  8656  8657  8662  8639  8662  8653  8643  8651  8687  8620  8656
TBILIS 1996 08 09 2  8631  8669  8733  8731  8737  8699  8660  8651  8643  8636  8677  8630
TBILIS 1996 08 10 1  8670  8682  8633  8627  8628  8661  8603  8609  8615  8602  8610  8605
TBILIS 1996 08 10 2  8603  8568  8627  8652  8631  8613  8617  8626 99999  8654  8650  8642
TBILIS 1996 08 11 1  8629  8599  8562  8651  8571  8614  8630  8594  8586  8581  8606  8598
TBILIS 1996 08 11 2  8581  8628  8612  8596  8564  8561  8576  8572  8590  8609  8572  8621
TBILIS 1996 08 12 1  8578  8625  8595  8559  8536  8574  8569  8607  8608  8585  8618  8600
TBILIS 1996 08 12 2  8578  8607  8600  8578  8552  8578  8571  8579  8565  8571  8618  8613
TBILIS 1996 08 13 1  8588  8611  8594  8586  8567  8602  8590  8599  8632  8593  8610  8663
TBILIS 1996 08 13 2  8674  8660  8684  8691  8636  8603  8658  8652  8688  8641  8679  8670
TBILIS 1996 08 14 1  8652  8671  8660  8616  8619  8613  8621  8622  8634  8628  8622  8627
TBILIS 1996 08 14 2  8630  8636  8639  8618  8622  8637  8649  8642  8611  8631  8644  8647
TBILIS 1996 08 15 1  8641  8655  8625  8613  8607  8635  8660  8684  8696  8674  8699  8695
TBILIS 1996 08 15 2  8668  8668  8662  8676  8628  8609  8617  8650  8649  8631  8651  8677
TBILIS 1996 08 16 1  8691  8713  8676  8665  8657  8692  8648  8671  8678  8682  8689  8672
TBILIS 1996 08 16 2  8666  8680  8637  8609  8611  8666  8682  8656  8650  8697  8683  8697
TBILIS 1996 08 17 1  8691  8684  8673  8667  8671  8683  8707  8715  8709  8742  8642  8726
TBILIS 1996 08 17 2  8729  8678  8682  8679  8664  8627  8629  8654  8631  8681  8656  8671
TBILIS 1996 08 18 1  8682  8696  8670  8716  8651  8691  8697  8687  8718  8712  8746  8748
TBILIS 1996 08 18 2  8697  8695  8724  8674  8684  8713  8755  8717  8734  8728  8704  8681
TBILIS 1996 08 19 1  8677  8691  8682  8700  8682  8655  8667  8700  8685  8697  8726  8666
TBILIS 1996 08 19 2  8682  8718  8685  8671  8707  8671  8703  8712  8707  8724  8696 99999
TBILIS 1996 08 20 1 99999 99999 99999 99999 99999  8684  8670  8650  8685  8712  8727  8727
TBILIS 1996 08 20 2  8727  8724  8714  8704  8711  8704  8737  8735  8717 99999 99999 99999
TBILIS 1996 08 21 1 99999 99999  8682  8691  8687  8715  8705  8711  8714  8730  8709  8725
TBILIS 1996 08 21 2  8718  8684  8694  8670  8657  8653  8687  8711  8728  8736  8742  8750
TBILIS 1996 08 22 1  8704  8710  8731  8710  8727  8684  8688 99999 99999  8692  8684  8701
TBILIS 1996 08 22 2  8716  8712  8680  8670  8683  8693  8739 99999  8751  8742  8749  8719
TBILIS 1996 08 23 1  8646  8697  8655  8650  8652  8651  8728  8628  8730  8742  8727  8748
TBILIS 1996 08 23 2  8822  8780  8768  8783  8752  8683  8697  8672  8716  8720  8713  8708
TBILIS 1996 08 24 1  8696  8740  8718  8707  8702  8735  8743  8757  8751  8755  8757  8763
TBILIS 1996 08 24 2  8752  8758  8751  8776  8756  8734  8757  8769  8758  8752  8749  8752
TBILIS 1996 08 25 1  8747  8755  8751  8758  8662  8671  8707  8747  8722  8731  8719  8758
TBILIS 1996 08 25 2  8760  8755  8785  8712  8682  8655  8738  8748  8704  8674  8729  8717
TBILIS 1996 08 26 1  8699  8698  8764  8715  8733  8726  8736  8755  8702  8730  8726  8713
TBILIS 1996 08 26 2  8644  8660  8703  8700  8672  8687  8723  8722  8673  8692  8678  8665
TBILIS 1996 08 27 1  8681  8717  8629  8617  8639  8693  8670  8691 99999 99999 99999 99999
TBILIS 1996 08 27 2 99999 99999 99999  8680  8681  8684  8683  8683  8681  8656  8630 99999
TBILIS 1996 08 28 1 99999 99999  8633  8649  8682  8666  8699  8665  8663  8670  8689  8703
TBILIS 1996 08 28 2  8692  8682  8667  8684  8701  8684  8682  8679  8689  8721  8706  8690
TBILIS 1996 08 29 1  8722  8694  8708  8725  8693  8686 99999  8687  8679  8683  8706  8719
TBILIS 1996 08 29 2  8678  8729  8742  8712  8721  8708  8738  8721  8712  8726  8715  8688
TBILIS 1996 08 30 1  8705  8723  8730  8687  8732  8687  8688  8645  8685  8683  8706  8725
TBILIS 1996 08 30 2  8700  8713  8699  8685  8676  8687  8694  8712  8692  8666  8717  8702
TBILIS 1996 08 31 1  8697  8703  8707  8699  8705  8708  8725  8724  8717  8722  8744  8754
TBILIS 1996 08 31 2  8733  8756  8748  8697  8731  8721  8732  8662  8712  8717  8697  8693
Cosmic-Ray Neutron Monitor Data (Hourly, Pressure-Corrected and Scale-Adjusted Counts)
Collections: WDC for Cosmic Rays, Solar-Terrestrial Environment Laboratory, Nagoya Univ.
Data Access: http://center.stelab.nagoya-u.ac.jp/WDCCR/index.html
Project: ICSU WDC
Citation: WDC for Cosmic Rays, Solar-Terrestrial Environment Laboratory, Nagoya University
Station ID: TBILIS
Station:  TBILISI,GIORGIA,INSTITUT GEOPHYSIKY (IG), GIORGIAN ACADEMY OF SCIENCES,GIORGIA 
Instrument:  18 NM-64 NEUTRON MONITOR, CORRECTED FOR PRESSURE TO 950.0  MB,COEF.=-0.690 %/MB
Latitude (deg.):   41.72  Longitude (deg.):   44.80  Altitude (m):  510.00
Cut-Off Rigidity (GV):    6.91
Year: 1996  Month:   9
Scaling Factor (SF):    64.0   Constant (CONST):     0.0  Real Counts = (DATA + CONST)*SF
Temporal Resolution: 1 hour
UTC Start Hour:     0.0
DATA FILE IS PREPARED BY IZMIRAN (ftp://cr0.izmiran.rssi.ru/Cosray!/FTP_NM/C/)  
 Updated by IZMIRAN on 20010409                         
Monthly Average:  8695.6
Updated (YYYY MM DD): 2013 12 12
*******************************************************************************************
ID     YYYY MM DD 1     0     1     2     3     4     5     6     7     8     9    10    11
ID     YYYY MM DD 2    12    13    14    15    16    17    18    19    20    21    22    23
*******************************************************************************************
TBILIS 1996 09 01 1  8707  8696  8712  8710  8713  8715  8712  8751  8760  8757  8761  8765
TBILIS 1996 09 01 2  8768  8773  8801  8803  8805  8803  8792  8796  8802  8795  8776  8762
TBILIS 1996 09 02 1  8759  8767  8741  8746  8718  8752  8737  8745  8795  8774  8817  8789
TBILIS 1996 09 02 2  8806  8807  8783  8773  8768  8770  8774  8769 99999 99999 99999 99999
TBILIS 1996 09 03 1 99999 99999 99999  8781  8780  8783  8792  8796  8813  8775  8799  8814
TBILIS 1996 09 03 2  8816 99999 99999 99999  8819  8813  8817 99999 99999 99999 99999 99999
TBILIS 1996 09 04 1 99999 99999 99999  8768  8771  8760 99999  8777  8783  8809  8782  8775
TBILIS 1996 09 04 2  8764  8727  8721  8715  8706  8721  8709  8718 99999 99999 99999 99999
TBILIS 1996 09 05 1 99999 99999 99999  8711  8723  8731  8725  8759  8803  8797  8792  8756
TBILIS 1996 09 05 2  8737  8709  8727  8770  8723  8669  8737  8721  8763  8709  8702  8748
TBILIS 1996 09 06 1  8687  8644  8660  8718  8678  8676  8692  8768  8746  8753  8760  8753
TBILIS 1996 09 06 2  8708  8737  8604  8600  8617  8623  8709  8650  8590  8665  8617  8649
TBILIS 1996 09 07 1  8653  8637  8644  8638  8659  8681  8685  8702  8724  8738  8739  8742
TBILIS 1996 09 07 2  8711  8697  8701  8657  8619  8651  8670  8660  8656 99999 99999 99999
TBILIS 1996 09 08 1 99999 99999 99999 99999  8690  8655  8655  8695  8694  8687  8660  8655
TBILIS 1996 09 08 2  8651  8650  8635  8612  8630  8637  8645  8651 99999 99999 99999 99999
TBILIS 1996 09 09 1 99999 99999 99999  8579  8579  8561  8597  8581  8558  8629  8591  8617
TBILIS 1996 09 09 2  8610  8589  8530  8544  8554  8526  8568  8555  8565  8567  8572  8606
TBILIS 1996 09 10 1  8582  8596  8612  8542  8597  8603  8595  8619  8638  8716  8684  8664
TBILIS 1996 09 10 2  8668  8661  8635  8623  8609  8605  8612  8622  8618  8629  8587  8618
TBILIS 1996 09 11 1  8642  8603  8604  8602  8609  8602  8578  8632  8670  8700  8666  8666
TBILIS 1996 09 11 2  8649  8659  8623  8619  8623  8580  8564  8568  8592  8575  8589  8621
TBILIS 1996 09 12 1  8630  8615  8632  8640  8623  8612  8621  8715  8719  8727  8702  8699
TBILIS 1996 09 12 2  8679  8667  8691  8679  8666  8660  8631  8707  8680  8674  8648  8584
TBILIS 1996 09 13 1  8577  8567 99999 99999  8625  8612  8632  8667  8683  8675  8658  8699
TBILIS 1996 09 13 2  8640  8656  8623  8614  8598  8577  8636  8670  8650  8603  8610  8628
TBILIS 1996 09 14 1  8662  8635  8662  8621  8683  8673  8650  8702  8727  8733  8688  8703
TBILIS 1996 09 14 2  8695  8644  8632 99999  8641  8647  8705  8683  8663  8651  8671  8649
TBILIS 1996 09 15 1  8665  8645  8675  8697  8697  8693  8689  8706  8706  8743  8742  8725
TBILIS 1996 09 15 2  8741  8710  8634  8670  8679  8742  8696  8723  8674  8675  8701  8670
TBILIS 1996 09 16 1  8622  8639  8666  8698  8712  8691  8686  8680  8685  8721  8708  8716
TBILIS 1996 09 16 2  8720  8653  8690  8651  8693  8717  8749  8709  8698  8706  8686  8691
TBILIS 1996 09 17 1  8692  8690  8659  8643  8676  8657  8615  8624  8664  8703  8734  8719
TBILIS 1996 09 17 2  8673  8675  8673  8646  8644  8652  8668  8679  8703  8773  8737  8702
TBILIS 1996 09 18 1  8713  8722  8681  8666  8706  8652  8640  8662  8651  8665  8768  8730
TBILIS 1996 09 18 2  8747  8739  8739  8690  8688  8645  8732  8687  8693  8669  8706  8671
TBILIS 1996 09 19 1  8703  8727  8726  8710  8769  8727  8758  8788  8707  8712  8742  8712
TBILIS 1996 09 19 2  8671  8677  8629  8675  8675  8653  8655  8773  8803  8795  8785  8770
TBILIS 1996 09 20 1 99999 99999 99999  8689  8785  8708  8717  8719  8726  8731  8740  8745
TBILIS 1996 09 20 2  8749  8743  8738  8731  8735  8765  8745  8736  8742  8728  8698  8742
TBILIS 1996 09 21 1  8671  8714  8705  8734  8702  8687  8725  8659  8666  8688  8674  8671
TBILIS 1996 09 21 2  8687  8689  8655  8647  8626  8684  8703  8717  8682  8677  8716  8728
TBILIS 1996 09 22 1  8682  8724  8678  8720  8764 99999 99999  8753  8758  8732  8738  8749
TBILIS 1996 09 22 2  8725  8772  8735  8726  8728  8712  8756  8710  8749  8714  8768  8716
TBILIS 1996 09 23 1  8683  8673  8655  8677  8712  8692  8729  8788  8747  8756  8733  8701
TBILIS 1996 09 23 2  8684  8712  8703  8691  8678  8719  8763  8735  8716  8746  8716  8737
TBILIS 1996 09 24 1  8672  8707  8692  8721  8692  8687  8700  8713  8738  8745  8768  8773
TBILIS 1996 09 24 2  8747  8785  8750  8723  8737  8686  8734  8798 99999 99999 99999 99999
TBILIS 1996 09 25 1 99999 99999 99999 99999 99999  8698  8720  8765  8785  8791  8783  8776
TBILIS 1996 09 25 2  8756  8759  8712  8736  8719  8740  8734  8700 99999 99999 99999 99999
TBILIS 1996 09 26 1  8668  8715  8688  8711  8701  8707  8734  8741  8727  8756  8758  8767
TBILIS 1996 09 26 2  8779  8736  8715  8682  8711  8699  8692 99999 99999 99999 99999 99999
TBILIS 1996 09 27 1 99999 99999 99999  8675  8682  8747 99999 99999 99999 99999 99999 99999
TBILIS 1996 09 27 2 99999 99999  8716  8727  8664  8676  8659 99999 99999 99999 99999 99999
TBILIS 1996 09 28 1 99999 99999 99999 99999 99999 99999 99999 99999 99999 99999 99999 99999
TBILIS 1996 09 28 2 99999  8774  8794 99999 99999 99999 99999 99999 99999 99999 99999 99999
TBILIS 1996 09 29 1 99999 99999 99999 99999 99999 99999 99999  8682  8676  8692  8735  8715
TBILIS 1996 09 29 2  8728  8691  8686  8681  8678  8687  8685 99999 99999 99999 99999 99999
TBILIS 1996 09 30 1 99999 99999 99999 99999 99999 99999 99999 99999 99999 99999 99999  8737
TBILIS 1996 09 30 2  8717  8668 99999  8684  8736  8740  8732  8688  8662  8681  8698  8708
TBILIS 1996 09 31 1 99999 99999 99999 99999 99999 99999 99999 99999 99999 99999 99999 99999
TBILIS 1996 09 31 2 99999 99999 99999 99999 99999 99999 99999 99999 99999 99999 99999 99999
Cosmic-Ray Neutron Monitor Data (Hourly, Pressure-Corrected and Scale-Adjusted Counts)
Collections: WDC for Cosmic Rays, Solar-Terrestrial Environment Laboratory, Nagoya Univ.
Data Access: http://center.stelab.nagoya-u.ac.jp/WDCCR/index.html
Project: ICSU WDC
Citation: WDC for Cosmic Rays, Solar-Terrestrial Environment Laboratory, Nagoya University
Station ID: TBILIS
Station:  TBILISI,GIORGIA,INSTITUT GEOPHYSIKY (IG), GIORGIAN ACADEMY OF SCIENCES,GIORGIA 
Instrument:  18 NM-64 NEUTRON MONITOR, CORRECTED FOR PRESSURE TO 950.0  MB,COEF.=-0.690 %/MB
Latitude (deg.):   41.72  Longitude (deg.):   44.80  Altitude (m):  510.00
Cut-Off Rigidity (GV):    6.91
Year: 1996  Month:  10
Scaling Factor (SF):    64.0   Constant (CONST):     0.0  Real Counts = (DATA + CONST)*SF
Temporal Resolution: 1 hour
UTC Start Hour:     0.0
DATA FILE IS PREPARED BY IZMIRAN (ftp://cr0.izmiran.rssi.ru/Cosray!/FTP_NM/C/)  
 Updated by IZMIRAN on 20010409                         
Monthly Average:  8650.8
Updated (YYYY MM DD): 2013 12 12
*******************************************************************************************
ID     YYYY MM DD 1     0     1     2     3     4     5     6     7     8     9    10    11
ID     YYYY MM DD 2    12    13    14    15    16    17    18    19    20    21    22    23
*******************************************************************************************
TBILIS 1996 10 01 1  8732  8735  8731  8728 99999  8760  8658 99999 99999 99999 99999 99999
TBILIS 1996 10 01 2 99999  8656 99999  8701  8711  8697  8717 99999 99999 99999 99999 99999
TBILIS 1996 10 02 1 99999 99999  8687  8680  8667  8645 99999  8668  8671  8667 99999 99999
TBILIS 1996 10 02 2 99999 99999 99999 99999  8657  8673  8667  8662  8665  8659  8664  8660
TBILIS 1996 10 03 1  8659  8640  8631  8649  8652  8652  8673  8717 99999 99999 99999 99999
TBILIS 1996 10 03 2 99999  8692  8723  8672  8662  8656  8687  8660  8685  8697  8692  8634
TBILIS 1996 10 04 1  8669  8623  8636  8628  8633  8642  8682  8681  8674  8703  8708  8693
TBILIS 1996 10 04 2  8659  8668  8624  8621  8653  8656  8645  8630  8650  8657  8682  8647
TBILIS 1996 10 05 1  8648  8672  8642  8608  8577  8571  8628  8629  8617  8647  8666  8656
TBILIS 1996 10 05 2  8608  8617  8673  8621  8681  8676  8670  8667  8672  8670  8662  8632
TBILIS 1996 10 06 1  8570  8568  8594  8589  8558  8587  8619  8636  8634  8676  8661  8635
TBILIS 1996 10 06 2  8666  8664  8682  8647  8659  8651  8650  8648  8643  8631  8622  8620
TBILIS 1996 10 07 1  8619  8643  8647  8615  8599  8580 99999 99999 99999  8577  8615  8648
TBILIS 1996 10 07 2  8642  8668  8614  8621  8649  8602  8601 99999 99999 99999 99999 99999
TBILIS 1996 10 08 1  8629  8626  8631  8603  8599 99999 99999 99999 99999 99999  8630  8605
TBILIS 1996 10 08 2  8571  8598  8580  8557  8580  8644  8632  8608  8628  8633  8626  8599
TBILIS 1996 10 09 1  8604  8621  8627  8573 99999 99999 99999 99999 99999 99999 99999 99999
TBILIS 1996 10 09 2 99999  8576  8584  8578  8574  8561  8552  8547 99999 99999 99999 99999
TBILIS 1996 10 10 1 99999  8571  8553  8588 99999 99999 99999 99999 99999 99999 99999 99999
TBILIS 1996 10 10 2 99999 99999 99999 99999 99999  8560  8584 99999 99999 99999 99999 99999
TBILIS 1996 10 11 1 99999  8590  8558  8584 99999 99999 99999 99999 99999 99999 99999 99999
TBILIS 1996 10 11 2 99999 99999  8600  8611  8623  8620  8628 99999 99999 99999 99999 99999
TBILIS 1996 10 12 1 99999 99999  8640  8643 99999 99999 99999 99999 99999 99999 99999 99999
TBILIS 1996 10 12 2 99999 99999 99999  8643  8640  8632  8645 99999 99999 99999 99999 99999
TBILIS 1996 10 13 1 99999 99999 99999  8640  8632  8626  8639  8620  8618  8644  8614  8635
TBILIS 1996 10 13 2  8649  8632  8610  8612  8609  8628  8619 99999 99999 99999 99999 99999
TBILIS 1996 10 14 1 99999 99999  8613  8612 99999  8614 99999 99999 99999 99999 99999 99999
TBILIS 1996 10 14 2 99999 99999 99999 99999 99999 99999 99999 99999 99999 99999 99999 99999
TBILIS 1996 10 15 1 99999 99999 99999 99999 99999 99999  8646  8631  8642  8671  8666  8692
TBILIS 1996 10 15 2  8651  8646  8637  8619  8612  8587  8603  8623  8631  8621  8610  8605
TBILIS 1996 10 16 1  8600  8603  8591  8624  8579  8575  8620  8622  8660  8671  8663  8642
TBILIS 1996 10 16 2  8626  8636  8649  8637  8652  8664  8671  8656 99999 99999 99999 99999
TBILIS 1996 10 17 1 99999 99999 99999  8693  8695  8683  8693  8685  8709  8713  8706  8722
TBILIS 1996 10 17 2  8659  8694  8663  8676  8657  8685  8675 99999 99999 99999 99999 99999
TBILIS 1996 10 18 1 99999 99999 99999  8676  8663  8688  8697  8685  8709  8709  8701  8691
TBILIS 1996 10 18 2  8661 99999  8718  8704  8704  8682  8715 99999 99999 99999 99999 99999
TBILIS 1996 10 19 1 99999 99999 99999  8663  8688  8698  8707 99999 99999 99999 99999  8700
TBILIS 1996 10 19 2  8708  8713  8726  8696  8697  8702 99999  8708  8740  8706  8710  8694
TBILIS 1996 10 20 1  8691  8675  8683  8678 99999 99999  8677  8682  8687  8685  8688  8686
TBILIS 1996 10 20 2  8682  8676  8672  8661  8626  8641  8692 99999 99999 99999 99999 99999
TBILIS 1996 10 21 1 99999 99999  8660  8680  8637  8633  8652  8739  8720  8730  8712  8751
TBILIS 1996 10 21 2  8685  8643  8657  8652  8639  8663  8671 99999 99999 99999 99999 99999
TBILIS 1996 10 22 1 99999 99999  8701  8709 99999 99999 99999 99999 99999 99999 99999 99999
TBILIS 1996 10 22 2 99999 99999 99999 99999 99999 99999 99999 99999 99999 99999 99999 99999
TBILIS 1996 10 23 1 99999 99999 99999  8706 99999 99999 99999 99999 99999 99999 99999 99999
TBILIS 1996 10 23 2 99999 99999 99999 99999 99999 99999 99999 99999 99999 99999 99999 99999
TBILIS 1996 10 24 1 99999 99999 99999 99999  8741 99999 99999 99999 99999 99999 99999 99999
TBILIS 1996 10 24 2 99999 99999 99999  8702  8645  8661  8620 99999 99999 99999 99999 99999
TBILIS 1996 10 25 1 99999 99999 99999  8642  8658 99999 99999 99999 99999 99999 99999 99999
TBILIS 1996 10 25 2 99999 99999 99999 99999 99999 99999 99999 99999 99999 99999 99999 99999
TBILIS 1996 10 26 1 99999 99999 99999 99999 99999 99999 99999 99999 99999 99999 99999 99999
TBILIS 1996 10 26 2 99999 99999 99999 99999  8676  8687  8673  8697  8676  8682  8686  8698
TBILIS 1996 10 27 1  8713  8726  8753  8762  8742  8736  8724 99999 99999 99999 99999 99999
TBILIS 1996 10 27 2  8660  8698  8673  8647  8696  8708  8683  8671  8631  8652  8621  8637
TBILIS 1996 10 28 1  8676  8708  8694  8674  8636  8712  8696  8737  8773 99999 99999 99999
TBILIS 1996 10 28 2 99999 99999  8702  8632  8686  8658  8659  8648  8645  8640  8583  8577
TBILIS 1996 10 29 1  8599  8593  8599  8594  8564  8578 99999 99999 99999 99999 99999 99999
TBILIS 1996 10 29 2 99999 99999  8683  8639  8674  8595  8653  8624  8661  8624  8650  8625
TBILIS 1996 10 30 1  8659  8652  8639  8674  8673  8676  8632  8634  8642  8674  8644  8610
TBILIS 1996 10 30 2  8591  8607  8607  8592  8631  8682  8621  8645  8641  8638  8639  8631
TBILIS 1996 10 31 1  8623  8618  8653  8671  8662  8665  8654 99999 99999 99999 99999  8612
TBILIS 1996 10 31 2  8625  8644  8580  8584  8618  8600  8590  8602  8602  8629  8643  8604
Cosmic-Ray Neutron Monitor Data (Hourly, Pressure-Corrected and Scale-Adjusted Counts)
Collections: WDC for Cosmic Rays, Solar-Terrestrial Environment Laboratory, Nagoya Univ.
Data Access: http://center.stelab.nagoya-u.ac.jp/WDCCR/index.html
Project: ICSU WDC
Citation: WDC for Cosmic Rays, Solar-Terrestrial Environment Laboratory, Nagoya University
Station ID: TBILIS
Station:  TBILISI,GIORGIA,INSTITUT GEOPHYSIKY (IG), GIORGIAN ACADEMY OF SCIENCES,GIORGIA 
Instrument:  18 NM-64 NEUTRON MONITOR, CORRECTED FOR PRESSURE TO 950.0  MB,COEF.=-0.690 %/MB
Latitude (deg.):   41.72  Longitude (deg.):   44.80  Altitude (m):  510.00
Cut-Off Rigidity (GV):    6.91
Year: 1996  Month:  11
Scaling Factor (SF):    64.0   Constant (CONST):     0.0  Real Counts = (DATA + CONST)*SF
Temporal Resolution: 1 hour
UTC Start Hour:     0.0
DATA FILE IS PREPARED BY IZMIRAN (ftp://cr0.izmiran.rssi.ru/Cosray!/FTP_NM/C/)  
 Updated by IZMIRAN on 20010409                         
Monthly Average:  8663.4
Updated (YYYY MM DD): 2013 12 12
*******************************************************************************************
ID     YYYY MM DD 1     0     1     2     3     4     5     6     7     8     9    10    11
ID     YYYY MM DD 2    12    13    14    15    16    17    18    19    20    21    22    23
*******************************************************************************************
TBILIS 1996 11 01 1  8611  8653  8646  8607  8605  8615  8695  8670  8634  8660  8620  8652
TBILIS 1996 11 01 2  8670  8668  8620  8624  8614  8600  8620  8581  8610  8591  8595  8605
TBILIS 1996 11 02 1  8611  8610  8595  8632  8582  8644  8633  8657  8706  8683  8728  8690
TBILIS 1996 11 02 2  8673  8669  8680  8636  8657  8632  8640  8611  8634  8623  8615  8619
TBILIS 1996 11 03 1  8625  8607 99999 99999  8612  8614  8617  8628 99999  8639  8646  8622
TBILIS 1996 11 03 2  8605  8597  8576  8585  8591 99999 99999 99999 99999 99999 99999 99999
TBILIS 1996 11 04 1 99999 99999 99999 99999  8595  8581 99999  8621  8609 99999 99999 99999
TBILIS 1996 11 04 2 99999 99999 99999  8580  8575  8612  8594  8647  8577  8590  8588  8562
TBILIS 1996 11 05 1  8565  8569  8539  8604  8658  8668  8650 99999 99999  8760 99999  8583
TBILIS 1996 11 05 2  8562 99999 99999  8570  8552  8584  8589  8572  8612  8607  8651  8600
TBILIS 1996 11 06 1  8631  8635  8622  8595  8600  8601  8664  8584  8615  8630  8637  8597
TBILIS 1996 11 06 2  8616  8620  8616  8582  8645  8588  8583 99999 99999 99999  8573  8550
TBILIS 1996 11 07 1  8604  8591  8591  8610  8591  8557  8571  8622  8650  8642  8650  8598
TBILIS 1996 11 07 2  8634  8606 99999  8593  8625  8625  8606  8595  8636 99999  8638  8640
TBILIS 1996 11 08 1  8630  8622 99999  8618  8632  8613  8620  8612  8626  8649  8636  8618
TBILIS 1996 11 08 2  8603  8584  8617  8595  8575  8619  8637  8639  8659  8649  8616  8615
TBILIS 1996 11 09 1  8582  8644  8585  8586  8563  8575  8583  8612  8632  8655  8648  8662
TBILIS 1996 11 09 2  8664  8664  8633  8621  8633  8613  8666 99999 99999  8671  8630  8635
TBILIS 1996 11 10 1  8639  8619  8639  8619  8627  8666  8629  8650  8647  8681  8664  8628
TBILIS 1996 11 10 2  8644  8663  8619  8640  8667  8680  8644  8628  8647  8632  8628  8655
TBILIS 1996 11 11 1  8668  8652  8652  8634  8621  8620  8647  8611  8621  8619  8580  8606
TBILIS 1996 11 11 2  8621  8634  8647  8620  8616  8621  8645  8628  8642  8652  8621  8677
TBILIS 1996 11 12 1  8645  8629  8571  8631  8634  8631  8613  8621  8567  8624  8655  8646
TBILIS 1996 11 12 2  8661  8619  8607  8640  8628  8670  8677  8666  8638  8629  8634  8629
TBILIS 1996 11 13 1  8624  8606  8658  8686  8677  8647  8616  8630  8624  8611  8602  8589
TBILIS 1996 11 13 2  8601  8585  8639  8580  8560  8570  8611  8624  8646  8637  8666  8669
TBILIS 1996 11 14 1  8652  8661  8658  8691  8625  8631  8625  8623  8628  8648  8650  8634
TBILIS 1996 11 14 2  8636  8675  8653  8657  8655  8636  8645  8663  8595  8606  8683  8682
TBILIS 1996 11 15 1  8651  8622  8653  8657  8624  8652  8639  8672  8679  8692  8692  8682
TBILIS 1996 11 15 2  8645  8607  8619  8589  8643  8615  8601  8604  8581  8620  8654  8661
TBILIS 1996 11 16 1  8683  8655  8626  8626  8584  8593  8602  8599  8654  8706  8661  8637
TBILIS 1996 11 16 2  8641  8646  8623  8625  8630  8621  8635  8642  8638  8642  8647  8652
TBILIS 1996 11 17 1  8648  8630  8643  8639  8644  8648  8652  8662  8699  8717  8697  8693
TBILIS 1996 11 17 2  8677  8674  8646  8660  8649  8693  8700  8682  8696  8706  8700  8710
TBILIS 1996 11 18 1  8701  8691  8722  8714  8716  8697  8690  8726  8748  8748  8742  8687
TBILIS 1996 11 18 2  8730  8700  8718  8731  8724  8728 99999 99999 99999 99999 99999 99999
TBILIS 1996 11 19 1 99999 99999 99999 99999 99999 99999  8710  8657  8725  8687  8713  8698
TBILIS 1996 11 19 2  8674  8670  8661  8655  8647  8665  8663  8690  8697  8665  8657  8646
TBILIS 1996 11 20 1  8704  8702  8667  8661  8669  8671  8701  8698  8746  8713  8726  8700
TBILIS 1996 11 20 2  8709  8674  8727  8672  8647  8700  8717  8690  8682  8699  8709  8689
TBILIS 1996 11 21 1  8719  8757  8744  8711 99999 99999 99999 99999  8732  8754  8747  8718
TBILIS 1996 11 21 2  8712  8708  8697  8706  8693  8712  8695  8712  8728  8748  8745  8753
TBILIS 1996 11 22 1  8764  8702  8717  8729  8725  8688  8711  8717  8726  8731  8737  8740
TBILIS 1996 11 22 2  8742  8732  8741  8733  8716  8713  8708  8695  8684  8742  8718  8702
TBILIS 1996 11 23 1  8727  8717  8701  8724  8710  8702  8742  8743  8781  8789  8789  8761
TBILIS 1996 11 23 2  8789  8769  8726  8742  8761  8765  8757  8786  8765  8756  8734  8747
TBILIS 1996 11 24 1  8801  8765  8742  8748  8749  8704  8694  8731  8795  8785  8803  8837
TBILIS 1996 11 24 2  8770  8758  8746  8768  8769  8780  8717  8752  8727  8742  8785  8796
TBILIS 1996 11 25 1  8795  8785  8776  8762  8782  8779  8824  8833  8798  8788  8769  8756
TBILIS 1996 11 25 2  8687  8702  8672  8675  8688  8684  8659  8639  8636  8633  8675  8640
TBILIS 1996 11 26 1  8699  8640  8690  8676  8659  8676  8677  8749  8769  8742  8759  8724
TBILIS 1996 11 26 2  8723  8726  8722  8703  8694  8729  8693  8692  8663  8657  8665  8660
TBILIS 1996 11 27 1  8678  8659  8661  8686  8663  8665  8714  8721  8744  8738  8727  8740
TBILIS 1996 11 27 2  8711  8645  8647  8634  8640  8654  8633  8628  8645  8692  8665  8652
TBILIS 1996 11 28 1  8693  8674  8711  8679  8674  8725  8706  8715  8731  8758  8762  8742
TBILIS 1996 11 28 2  8739  8684  8721  8710  8712  8720  8733  8675  8706  8683  8679  8701
TBILIS 1996 11 29 1  8697  8700  8675  8714  8712  8659  8676  8655  8745  8686  8741  8692
TBILIS 1996 11 29 2  8681  8669  8627  8668  8678  8647  8659  8661  8632  8639  8592  8627
TBILIS 1996 11 30 1  8679  8648  8628  8672  8639  8604  8633  8623  8632  8679  8654  8634
TBILIS 1996 11 30 2  8634  8613  8637  8645  8585  8661  8660  8682  8643  8627  8649  8604
TBILIS 1996 11 31 1 99999 99999 99999 99999 99999 99999 99999 99999 99999 99999 99999 99999
TBILIS 1996 11 31 2 99999 99999 99999 99999 99999 99999 99999 99999 99999 99999 99999 99999
Cosmic-Ray Neutron Monitor Data (Hourly, Pressure-Corrected and Scale-Adjusted Counts)
Collections: WDC for Cosmic Rays, Solar-Terrestrial Environment Laboratory, Nagoya Univ.
Data Access: http://center.stelab.nagoya-u.ac.jp/WDCCR/index.html
Project: ICSU WDC
Citation: WDC for Cosmic Rays, Solar-Terrestrial Environment Laboratory, Nagoya University
Station ID: TBILIS
Station:  TBILISI,GIORGIA,INSTITUT GEOPHYSIKY (IG), GIORGIAN ACADEMY OF SCIENCES,GIORGIA 
Instrument:  18 NM-64 NEUTRON MONITOR, CORRECTED FOR PRESSURE TO 950.0  MB,COEF.=-0.690 %/MB
Latitude (deg.):   41.72  Longitude (deg.):   44.80  Altitude (m):  510.00
Cut-Off Rigidity (GV):    6.91
Year: 1996  Month:  12
Scaling Factor (SF):    64.0   Constant (CONST):     0.0  Real Counts = (DATA + CONST)*SF
Temporal Resolution: 1 hour
UTC Start Hour:     0.0
DATA FILE IS PREPARED BY IZMIRAN (ftp://cr0.izmiran.rssi.ru/Cosray!/FTP_NM/C/)  
 Updated by IZMIRAN on 20010409                         
Monthly Average:  8658.8
Updated (YYYY MM DD): 2013 12 12
*******************************************************************************************
ID     YYYY MM DD 1     0     1     2     3     4     5     6     7     8     9    10    11
ID     YYYY MM DD 2    12    13    14    15    16    17    18    19    20    21    22    23
*******************************************************************************************
TBILIS 1996 12 01 1  8583  8603  8590  8622  8627  8588  8609  8606  8598  8616  8581  8584
TBILIS 1996 12 01 2  8588  8626  8631  8603  8611  8621  8618  8598  8633  8624  8633  8661
TBILIS 1996 12 02 1  8652  8648  8652  8633  8631  8584  8566  8578  8610  8631  8592  8585
TBILIS 1996 12 02 2  8581  8587  8548  8530  8599  8617  8633  8640  8597  8601  8580  8546
TBILIS 1996 12 03 1  8564  8574 99999 99999 99999 99999 99999 99999 99999 99999 99999 99999
TBILIS 1996 12 03 2 99999 99999 99999 99999 99999 99999 99999 99999 99999 99999 99999 99999
TBILIS 1996 12 04 1 99999 99999 99999 99999 99999 99999 99999 99999 99999 99999 99999 99999
TBILIS 1996 12 04 2 99999 99999 99999 99999  8583  8612  8589  8567  8582  8588  8572  8578
TBILIS 1996 12 05 1  8644  8632  8617  8595  8574  8558  8600  8571  8582  8593  8591  8629
TBILIS 1996 12 05 2  8611  8634  8648  8660  8635  8642  8652  8651  8620  8652  8646  8627
TBILIS 1996 12 06 1  8699  8624  8645  8627  8592  8591  8613  8566  8621  8602  8621  8600
TBILIS 1996 12 06 2  8621  8573  8621  8611  8626  8621  8681  8679  8672  8617  8618  8648
TBILIS 1996 12 07 1  8587  8605  8629  8574  8568  8568  8576  8593  8597  8585  8578  8557
TBILIS 1996 12 07 2  8625  8616  8643  8573  8565  8576  8580  8575  8629  8598  8597  8599
TBILIS 1996 12 08 1  8602  8595  8580  8593  8553  8560  8562  8603  8666  8674  8633  8641
TBILIS 1996 12 08 2  8621  8649  8651  8607  8650  8615  8661  8661  8667  8685  8646  8631
TBILIS 1996 12 09 1  8657  8675  8661  8682  8680  8591  8586  8621  8656  8640  8645  8636
TBILIS 1996 12 09 2  8608  8624  8611  8621  8599  8587  8610  8631  8610  8629  8693  8645
TBILIS 1996 12 10 1  8627  8670  8718  8691  8658  8652  8677  8689  8732  8688  8708  8682
TBILIS 1996 12 10 2  8686  8691  8685  8635  8589  8626  8623  8604  8624  8630  8650  8631
TBILIS 1996 12 11 1  8614  8654  8708  8698  8686  8686  8636  8615  8622  8652  8673  8656
TBILIS 1996 12 11 2  8650  8620  8655  8627  8654  8635  8643  8605  8615  8633  8633  8638
TBILIS 1996 12 12 1  8682  8646  8688  8639  8644  8671  8653  8666  8695  8687  8694  8653
TBILIS 1996 12 12 2  8679  8644  8678  8651  8707  8700  8701  8646  8652  8640  8680  8658
TBILIS 1996 12 13 1  8652  8658  8688  8640  8625  8647  8652  8656  8694  8678  8664  8572
TBILIS 1996 12 13 2  8584  8570  8593  8611  8592  8618  8631  8621  8651  8658  8662  8667
TBILIS 1996 12 14 1  8700  8683  8686  8703  8682  8703  8669  8678  8683  8691  8667  8712
TBILIS 1996 12 14 2  8719  8664  8636  8635  8635  8660  8687  8692  8696  8701  8599  8635
TBILIS 1996 12 15 1  8670  8655  8692  8664  8695  8691  8685  8676  8749  8718  8725  8695
TBILIS 1996 12 15 2  8655  8678  8673  8666  8673  8674  8680  8672  8667  8665  8663  8669
TBILIS 1996 12 16 1  8682  8669  8682  8678  8678  8697  8731  8721  8757  8714  8749  8729
TBILIS 1996 12 16 2  8709  8688  8694  8709  8737  8720  8727  8722  8710  8686  8664  8655
TBILIS 1996 12 17 1  8661  8663  8670  8682  8612  8623  8621  8669  8720  8692  8660  8673
TBILIS 1996 12 17 2  8682  8664  8646  8676  8650  8702  8683  8711  8672  8675  8682  8668
TBILIS 1996 12 18 1  8694  8699  8688  8733  8692  8682  8689  8695  8700  8720  8765  8727
TBILIS 1996 12 18 2  8697  8645  8626  8652  8670  8633 99999 99999 99999 99999 99999 99999
TBILIS 1996 12 19 1 99999 99999 99999 99999 99999 99999 99999 99999 99999 99999  8716  8705
TBILIS 1996 12 19 2  8704  8690  8699  8671  8657  8694  8703  8724  8704  8719  8676  8680
TBILIS 1996 12 20 1  8685  8730  8708  8665  8660  8667  8658  8710  8733  8741  8745  8741
TBILIS 1996 12 20 2  8738  8731  8692  8666  8674  8686  8676  8693  8696  8689  8682  8689
TBILIS 1996 12 21 1  8712  8719  8696  8662  8646  8660  8625  8651  8756  8716  8723  8699
TBILIS 1996 12 21 2  8699  8677  8677  8682  8686  8691  8681  8645  8665  8757  8693  8687
TBILIS 1996 12 22 1  8682  8708  8743 99999 99999 99999 99999 99999 99999 99999  8711  8700
TBILIS 1996 12 22 2  8729  8739  8704  8721  8726  8774  8741  8779  8784  8765  8803  8769
TBILIS 1996 12 23 1  8755  8786  8779  8750  8769  8769  8808  8783  8779  8780  8712  8690
TBILIS 1996 12 23 2  8704  8695  8701  8683  8706  8714  8687  8772  8729  8757  8718  8752
TBILIS 1996 12 24 1  8747  8742  8706  8714  8660  8725  8691  8757  8708  8715  8719  8694
TBILIS 1996 12 24 2  8698  8692  8722  8630  8667  8677  8682  8730  8735  8740  8736  8724
TBILIS 1996 12 25 1  8696  8725  8707  8712  8700  8661  8685  8654  8674  8669  8662  8691
TBILIS 1996 12 25 2  8684  8668  8659  8666  8674  8673  8712  8687  8684  8691  8666  8658
TBILIS 1996 12 26 1  8653  8680 99999 99999 99999 99999 99999 99999 99999  8696  8718  8698
TBILIS 1996 12 26 2  8693  8699  8682  8666  8629  8642  8606  8671  8691  8629  8736  8701
TBILIS 1996 12 27 1  8677  8668  8641  8648  8660  8641  8685  8676  8679  8659  8701  8656
TBILIS 1996 12 27 2  8636  8637  8583  8616  8624  8616  8639  8647  8630  8674  8647  8634
TBILIS 1996 12 28 1  8625  8630  8637  8654  8651  8624  8639  8646  8659  8637  8676  8615
TBILIS 1996 12 28 2  8638  8627  8651  8678  8635  8661  8633  8648  8685  8680  8636  8643
TBILIS 1996 12 29 1  8654  8674  8660  8688  8698  8689  8614  8622  8645  8635  8648  8664
TBILIS 1996 12 29 2  8668  8670  8682  8678  8715  8705  8708  8714  8718  8684  8722  8626
TBILIS 1996 12 30 1  8652  8676  8681  8652  8640  8646  8680  8682  8631  8650  8682  8596
TBILIS 1996 12 30 2  8598  8598  8576  8629  8610  8642  8596  8614  8641  8645  8630  8598
TBILIS 1996 12 31 1  8610  8635  8617  8664  8632  8627  8638  8663  8650  8655  8653  8620
TBILIS 1996 12 31 2  8630  8600  8579  8604  8619  8597  8602  8608  8634  8604  8574  8556
