Cosmic-Ray Neutron Monitor Data (Hourly, Pressure-Corrected and Scale-Adjusted Counts)
Collections: WDC for Cosmic Rays, Solar-Terrestrial Environment Laboratory, Nagoya Univ.
Data Access: http://center.stelab.nagoya-u.ac.jp/WDCCR/index.html
Project: ICSU WDC
Citation: WDC for Cosmic Rays, Solar-Terrestrial Environment Laboratory, Nagoya University
Station ID: TBILIS
Station:  TBILISI,GIORGIA,INSTITUT GEOPHYSIKY (IG), GIORGIAN ACADEMY OF SCIENCES,GIORGIA 
Instrument:  18 NM-64 NEUTRON MONITOR, CORRECTED FOR PRESSURE TO 950.0  MB,COEF.=-0.690 %/MB
Latitude (deg.):   41.72  Longitude (deg.):   44.80  Altitude (m):  510.00
Cut-Off Rigidity (GV):    6.91
Year: 1994  Month:   1
Scaling Factor (SF):    64.0   Constant (CONST):     0.0  Real Counts = (DATA + CONST)*SF
Temporal Resolution: 1 hour
UTC Start Hour:     0.0
DATA FILE IS PREPARED BY IZMIRAN (ftp://cr0.izmiran.rssi.ru/Cosray!/FTP_NM/C/)  
 Updated by IZMIRAN on 20001101                         
Monthly Average:  8547.2
Updated (YYYY MM DD): 2013 12 12
*******************************************************************************************
ID     YYYY MM DD 1     0     1     2     3     4     5     6     7     8     9    10    11
ID     YYYY MM DD 2    12    13    14    15    16    17    18    19    20    21    22    23
*******************************************************************************************
TBILIS 1994 01 01 1  8544  8577  8524  8524  8524  8543  8531  8526  8510  8512  8615  8553
TBILIS 1994 01 01 2  8563  8533  8541  8493  8525  8553  8514  8545  8517  8515  8561  8510
TBILIS 1994 01 02 1  8541  8540  8558  8523  8541  8541  8523  8502  8469  8527  8600  8586
TBILIS 1994 01 02 2  8570  8559  8499  8544  8514  8583  8562  8563  8593  8599  8565  8580
TBILIS 1994 01 03 1  8516  8553  8540  8567  8521  8511  8517  8504  8560  8507  8562  8543
TBILIS 1994 01 03 2  8562  8545  8556  8549  8542  8524  8517  8525  8527  8503  8524  8517
TBILIS 1994 01 04 1  8534  8518  8573  8542  8531  8525  8464  8487  8491  8579  8597 99999
TBILIS 1994 01 04 2 99999  8580  8584  8557  8552  8543  8538  8534  8496  8515  8484  8492
TBILIS 1994 01 05 1  8524  8543  8583  8521  8470  8516  8541  8475  8486  8484  8586  8548
TBILIS 1994 01 05 2  8504  8607  8556  8565  8520  8529  8514  8521  8510  8550  8550  8521
TBILIS 1994 01 06 1  8515  8530  8541  8502  8466  8466  8455  8475 99999 99999 99999  8549
TBILIS 1994 01 06 2  8497  8540  8530  8519  8513  8510 99999 99999 99999 99999 99999 99999
TBILIS 1994 01 07 1 99999 99999 99999 99999 99999 99999 99999 99999 99999  8495  8538  8584
TBILIS 1994 01 07 2  8573  8570  8558  8551  8539  8488  8551  8516  8550  8511  8523  8519
TBILIS 1994 01 08 1  8499  8540  8529  8524  8529  8513  8543  8467  8495  8459  8535  8536
TBILIS 1994 01 08 2  8547  8562  8532  8534  8500  8560  8529  8533  8519  8528  8559  8495
TBILIS 1994 01 09 1  8521  8542  8529  8538  8550  8545  8526  8479  8503  8538  8569  8543
TBILIS 1994 01 09 2  8601  8590  8556  8552  8562  8581  8515  8507  8575  8583  8603  8515
TBILIS 1994 01 10 1  8557  8569  8573  8605  8593  8587  8541  8563  8522  8575  8583  8571
TBILIS 1994 01 10 2  8541  8546  8543  8541  8542  8562  8566  8538  8488  8508  8492  8485
TBILIS 1994 01 11 1  8579  8554  8582  8594  8609  8541  8547  8544  8598  8600  8564  8605
TBILIS 1994 01 11 2  8587  8491 99999 99999  8527  8577  8536 99999 99999 99999  8504  8495
TBILIS 1994 01 12 1  8498  8447  8509  8486  8565  8563  8539  8508  8607  8543  8561  8568
TBILIS 1994 01 12 2  8540  8560  8518  8511  8541  8461 99999 99999  8423  8411  8519  8521
TBILIS 1994 01 13 1  8516  8524  8491  8479  8506  8513  8520  8522  8499  8546  8462  8511
TBILIS 1994 01 13 2  8498  8508  8500  8497  8469  8490  8494  8469  8478  8435  8478  8448
TBILIS 1994 01 14 1  8475  8510  8505  8518  8512  8488  8494  8507  8482  8471  8459  8505
TBILIS 1994 01 14 2  8514  8560  8522  8548  8542  8536  8528  8565  8586  8587  8587  8587
TBILIS 1994 01 15 1  8574  8542  8574  8542  8584  8520  8516  8539  8522  8494  8539  8507
TBILIS 1994 01 15 2  8496 99999 99999  8536  8505  8538  8590  8568  8532  8583  8585  8559
TBILIS 1994 01 16 1  8567  8613  8572  8570  8565  8526 99999 99999 99999 99999 99999 99999
TBILIS 1994 01 16 2 99999 99999 99999  8579  8589  8644  8626  8618  8611  8618  8589  8570
TBILIS 1994 01 17 1  8582  8575  8586  8583  8576  8544  8550  8558  8552  8563  8592  8581
TBILIS 1994 01 17 2  8568  8584  8573  8589  8586  8565  8549  8546  8560  8553  8587  8573
TBILIS 1994 01 18 1  8558  8563  8572  8564  8561  8555  8547  8550  8510  8514 99999 99999
TBILIS 1994 01 18 2  8520  8528  8555  8615  8664  8595  8568  8589  8576  8567  8551  8569
TBILIS 1994 01 19 1  8583  8548  8518  8521  8525  8515  8525  8535  8530  8516  8546  8587
TBILIS 1994 01 19 2  8597  8529  8563  8575  8560  8580  8582  8585  8580  8598  8587  8589
TBILIS 1994 01 20 1  8572  8576  8597  8595  8602  8599  8593  8577  8583  8588  8594  8636
TBILIS 1994 01 20 2  8614 99999 99999  8626  8625  8611  8626  8599  8564  8583  8567  8581
TBILIS 1994 01 21 1  8610 99999 99999 99999 99999 99999 99999 99999 99999 99999 99999  8555
TBILIS 1994 01 21 2  8580  8583  8596  8597  8573  8584  8585  8589  8563  8600  8568  8519
TBILIS 1994 01 22 1  8545  8536  8524  8552  8519  8544  8579  8542  8589  8590  8599  8607
TBILIS 1994 01 22 2  8551  8622  8586  8569  8586  8573  8640  8590  8600  8624  8585  8575
TBILIS 1994 01 23 1  8567  8589  8608  8624  8555  8596  8546  8541  8505  8501  8547  8531
TBILIS 1994 01 23 2  8550  8583  8570  8569  8584  8584  8622  8607  8629  8593  8628  8584
TBILIS 1994 01 24 1  8561  8648  8640  8573  8620  8654  8614  8588  8541  8568  8608  8594
TBILIS 1994 01 24 2  8630  8611  8631  8619  8656 99999 99999 99999  8559  8580  8558  8580
TBILIS 1994 01 25 1  8607  8618  8578  8594  8565  8524  8540  8531  8552  8553  8585  8588
TBILIS 1994 01 25 2  8594  8618  8625  8633 99999 99999  8613  8579  8563  8593  8556  8564
TBILIS 1994 01 26 1  8567  8555  8599  8585  8585  8596  8625  8670  8632  8627  8627  8626
TBILIS 1994 01 26 2  8623  8605 99999 99999 99999 99999  8635  8664  8669  8626  8621  8587
TBILIS 1994 01 27 1  8600  8557  8542  8583  8596  8614  8582  8565  8559  8525  8556  8530
TBILIS 1994 01 27 2  8540  8516  8523  8560  8534  8509  8474  8470  8509  8455  8484  8494
TBILIS 1994 01 28 1  8478  8477  8500 99999 99999 99999 99999  8550  8514  8523  8534  8560
TBILIS 1994 01 28 2  8559  8547  8569  8509 99999  8485  8509  8551  8535  8494  8514  8505
TBILIS 1994 01 29 1  8447  8489  8503  8464  8468  8526  8527  8558 99999 99999 99999 99999
TBILIS 1994 01 29 2 99999 99999 99999 99999 99999  8474  8465  8448  8491  8497  8533  8495
TBILIS 1994 01 30 1  8529  8524  8504  8515  8542  8560  8566  8529  8529  8558  8595  8552
TBILIS 1994 01 30 2  8545  8534  8513  8576  8563  8543  8558  8557  8531  8529  8523  8541
TBILIS 1994 01 31 1  8492  8480  8506  8488  8493  8478  8448  8457  8474  8499  8468  8524
TBILIS 1994 01 31 2  8527  8505  8480  8434  8517  8466  8468  8540  8520  8510  8499  8478
Cosmic-Ray Neutron Monitor Data (Hourly, Pressure-Corrected and Scale-Adjusted Counts)
Collections: WDC for Cosmic Rays, Solar-Terrestrial Environment Laboratory, Nagoya Univ.
Data Access: http://center.stelab.nagoya-u.ac.jp/WDCCR/index.html
Project: ICSU WDC
Citation: WDC for Cosmic Rays, Solar-Terrestrial Environment Laboratory, Nagoya University
Station ID: TBILIS
Station:  TBILISI,GIORGIA,INSTITUT GEOPHYSIKY (IG), GIORGIAN ACADEMY OF SCIENCES,GIORGIA 
Instrument:  18 NM-64 NEUTRON MONITOR, CORRECTED FOR PRESSURE TO 950.0  MB,COEF.=-0.690 %/MB
Latitude (deg.):   41.72  Longitude (deg.):   44.80  Altitude (m):  510.00
Cut-Off Rigidity (GV):    6.91
Year: 1994  Month:   2
Scaling Factor (SF):    64.0   Constant (CONST):     0.0  Real Counts = (DATA + CONST)*SF
Temporal Resolution: 1 hour
UTC Start Hour:     0.0
DATA FILE IS PREPARED BY IZMIRAN (ftp://cr0.izmiran.rssi.ru/Cosray!/FTP_NM/C/)  
 Updated by IZMIRAN on 20001101                         
Monthly Average:  8541.8
Updated (YYYY MM DD): 2013 12 12
*******************************************************************************************
ID     YYYY MM DD 1     0     1     2     3     4     5     6     7     8     9    10    11
ID     YYYY MM DD 2    12    13    14    15    16    17    18    19    20    21    22    23
*******************************************************************************************
TBILIS 1994 02 01 1  8476  8513  8512  8576  8524  8530  8543  8537  8539  8533  8516  8523
TBILIS 1994 02 01 2 99999 99999 99999 99999 99999 99999 99999 99999 99999 99999 99999 99999
TBILIS 1994 02 02 1 99999 99999 99999 99999 99999 99999 99999 99999 99999 99999 99999 99999
TBILIS 1994 02 02 2 99999 99999 99999 99999  8631  8643  8625  8623  8620  8552  8608  8596
TBILIS 1994 02 03 1  8579  8606  8594  8552  8548  8542  8531  8528  8574  8534  8544  8579
TBILIS 1994 02 03 2  8570  8547  8581  8563  8627  8628 99999 99999 99999  8618  8605  8588
TBILIS 1994 02 04 1  8573  8631  8583  8610  8593  8558  8573  8560  8547 99999 99999 99999
TBILIS 1994 02 04 2 99999 99999  8649  8658  8674  8653  8627  8662  8601  8602  8612  8609
TBILIS 1994 02 05 1  8646  8661  8636  8648  8602  8576  8582  8565  8600  8597  8611  8666
TBILIS 1994 02 05 2  8650  8733  8701  8687 99999 99999 99999 99999 99999 99999 99999 99999
TBILIS 1994 02 06 1 99999 99999 99999 99999 99999 99999 99999 99999 99999 99999 99999 99999
TBILIS 1994 02 06 2 99999 99999 99999 99999  8528  8560  8509  8535  8499  8468  8489  8472
TBILIS 1994 02 07 1  8485  8440  8465  8484  8468  8470  8480  8497  8472  8470  8560  8491
TBILIS 1994 02 07 2  8486  8526  8563  8506  8517  8478  8531  8499  8514  8475  8479  8474
TBILIS 1994 02 08 1  8479  8460  8470  8501  8509  8563  8566  8606  8591  8625  8608  8622
TBILIS 1994 02 08 2  8694  8589  8543  8520  8517  8517  8502  8517  8490  8434  8459  8423
TBILIS 1994 02 09 1  8432  8469  8460  8451  8482  8505  8547  8549  8545 99999 99999 99999
TBILIS 1994 02 09 2 99999 99999 99999 99999 99999 99999 99999 99999 99999 99999 99999 99999
TBILIS 1994 02 10 1 99999 99999 99999 99999 99999 99999 99999 99999 99999 99999 99999 99999
TBILIS 1994 02 10 2 99999 99999 99999 99999 99999 99999 99999 99999  8507  8487  8504  8444
TBILIS 1994 02 11 1  8451  8512  8496  8481  8541  8484  8493  8476  8510  8490  8581  8585
TBILIS 1994 02 11 2  8553  8519  8555  8550  8579  8593  8580 99999 99999 99999  8549  8524
TBILIS 1994 02 12 1  8541  8542  8561  8541  8561  8565  8555 99999 99999 99999  8599  8623
TBILIS 1994 02 12 2  8649  8641  8626  8630  8607  8616  8548  8597  8585  8576  8617  8567
TBILIS 1994 02 13 1  8549  8584  8540  8541  8570  8550  8544  8588  8514  8539  8578  8603
TBILIS 1994 02 13 2  8637  8612  8580  8635  8586 99999 99999 99999 99999 99999 99999 99999
TBILIS 1994 02 14 1 99999 99999 99999 99999 99999 99999 99999 99999 99999 99999 99999 99999
TBILIS 1994 02 14 2 99999 99999 99999 99999 99999 99999 99999 99999 99999 99999 99999 99999
TBILIS 1994 02 15 1 99999 99999 99999 99999 99999 99999 99999 99999 99999 99999 99999 99999
TBILIS 1994 02 15 2 99999 99999 99999 99999 99999 99999 99999 99999 99999 99999 99999 99999
TBILIS 1994 02 16 1 99999 99999 99999 99999 99999 99999 99999 99999 99999 99999 99999 99999
TBILIS 1994 02 16 2 99999 99999 99999 99999 99999 99999 99999 99999 99999 99999 99999 99999
TBILIS 1994 02 17 1 99999 99999 99999 99999 99999 99999 99999 99999 99999 99999 99999 99999
TBILIS 1994 02 17 2 99999 99999 99999 99999 99999 99999 99999 99999 99999 99999 99999 99999
TBILIS 1994 02 18 1 99999 99999 99999 99999 99999 99999 99999 99999 99999 99999 99999 99999
TBILIS 1994 02 18 2 99999 99999 99999 99999 99999 99999 99999 99999 99999 99999 99999 99999
TBILIS 1994 02 19 1 99999 99999 99999 99999 99999 99999 99999 99999 99999 99999 99999 99999
TBILIS 1994 02 19 2 99999 99999  8694  8686  8685  8680 99999 99999 99999  8640  8647  8654
TBILIS 1994 02 20 1  8604 99999 99999 99999 99999 99999 99999 99999 99999 99999 99999 99999
TBILIS 1994 02 20 2 99999  8598  8624  8652  8642 99999 99999  8644  8642  8579  8557  8574
TBILIS 1994 02 21 1  8537  8521  8528  8544  8516  8502  8507 99999 99999 99999 99999 99999
TBILIS 1994 02 21 2 99999 99999 99999 99999 99999 99999 99999  8328  8337  8349  8441  8470
TBILIS 1994 02 22 1  8523  8546  8492  8468  8444  8331  8349  8344  8396  8573  8650  8703
TBILIS 1994 02 22 2  8759  8781  8653  8582  8576  8560  8499  8492  8442  8469 99999 99999
TBILIS 1994 02 23 1 99999 99999 99999 99999 99999 99999 99999 99999 99999 99999 99999 99999
TBILIS 1994 02 23 2 99999 99999 99999 99999  8539  8473  8480  8520  8513  8493  8464  8501
TBILIS 1994 02 24 1  8504  8473  8476  8470  8499  8485  8446  8499  8454  8510  8512  8521
TBILIS 1994 02 24 2  8524  8531  8518  8542  8535  8558  8515  8487  8535  8533  8547  8544
TBILIS 1994 02 25 1  8525  8537  8505  8544  8501  8441  8496 99999 99999 99999 99999 99999
TBILIS 1994 02 25 2 99999 99999 99999 99999 99999 99999 99999 99999  8535  8525  8476  8450
TBILIS 1994 02 26 1  8483  8472  8479  8477  8467  8465  8471  8488  8477  8472  8534  8528
TBILIS 1994 02 26 2  8546  8586  8570  8575 99999 99999 99999 99999 99999 99999 99999 99999
TBILIS 1994 02 27 1 99999 99999 99999 99999 99999 99999 99999 99999 99999 99999 99999 99999
TBILIS 1994 02 27 2 99999 99999 99999 99999  8480  8435  8494  8484  8486  8474  8446  8484
TBILIS 1994 02 28 1  8436  8490  8549  8504  8523  8506  8506  8532  8578  8588  8576 99999
TBILIS 1994 02 28 2 99999 99999 99999 99999 99999  8556  8497 99999 99999  8425  8493  8465
TBILIS 1994 02 29 1 99999 99999 99999 99999 99999 99999 99999 99999 99999 99999 99999 99999
TBILIS 1994 02 29 2 99999 99999 99999 99999 99999 99999 99999 99999 99999 99999 99999 99999
TBILIS 1994 02 30 1 99999 99999 99999 99999 99999 99999 99999 99999 99999 99999 99999 99999
TBILIS 1994 02 30 2 99999 99999 99999 99999 99999 99999 99999 99999 99999 99999 99999 99999
TBILIS 1994 02 31 1 99999 99999 99999 99999 99999 99999 99999 99999 99999 99999 99999 99999
TBILIS 1994 02 31 2 99999 99999 99999 99999 99999 99999 99999 99999 99999 99999 99999 99999
Cosmic-Ray Neutron Monitor Data (Hourly, Pressure-Corrected and Scale-Adjusted Counts)
Collections: WDC for Cosmic Rays, Solar-Terrestrial Environment Laboratory, Nagoya Univ.
Data Access: http://center.stelab.nagoya-u.ac.jp/WDCCR/index.html
Project: ICSU WDC
Citation: WDC for Cosmic Rays, Solar-Terrestrial Environment Laboratory, Nagoya University
Station ID: TBILIS
Station:  TBILISI,GIORGIA,INSTITUT GEOPHYSIKY (IG), GIORGIAN ACADEMY OF SCIENCES,GIORGIA 
Instrument:  18 NM-64 NEUTRON MONITOR, CORRECTED FOR PRESSURE TO 950.0  MB,COEF.=-0.690 %/MB
Latitude (deg.):   41.72  Longitude (deg.):   44.80  Altitude (m):  510.00
Cut-Off Rigidity (GV):    6.91
Year: 1994  Month:   3
Scaling Factor (SF):    64.0   Constant (CONST):     0.0  Real Counts = (DATA + CONST)*SF
Temporal Resolution: 1 hour
UTC Start Hour:     0.0
DATA FILE IS PREPARED BY IZMIRAN (ftp://cr0.izmiran.rssi.ru/Cosray!/FTP_NM/C/)  
 Updated by IZMIRAN on 20001101                         
Monthly Average:  8484.2
Updated (YYYY MM DD): 2013 12 12
*******************************************************************************************
ID     YYYY MM DD 1     0     1     2     3     4     5     6     7     8     9    10    11
ID     YYYY MM DD 2    12    13    14    15    16    17    18    19    20    21    22    23
*******************************************************************************************
TBILIS 1994 03 01 1  8413  8419  8422  8436  8425  8445 99999 99999 99999 99999 99999 99999
TBILIS 1994 03 01 2  8432  8424  8444  8438  8440  8430  8463  8414  8449  8434  8374  8426
TBILIS 1994 03 02 1  8406  8441  8415  8421  8436  8364  8414  8358  8417  8410  8359  8344
TBILIS 1994 03 02 2  8370  8364  8461  8485  8428  8438  8412  8381  8399  8338  8336  8346
TBILIS 1994 03 03 1  8347  8363  8389  8485  8468  8460  8433  8429  8370  8345  8258  8301
TBILIS 1994 03 03 2  8325  8350  8352  8386  8407  8437  8436  8426  8464  8455  8366  8438
TBILIS 1994 03 04 1  8434  8473  8450  8446  8429  8415  8410  8427  8409  8400  8441  8451
TBILIS 1994 03 04 2  8484  8469  8483  8435  8380  8370  8353  8360  8393  8410  8399  8401
TBILIS 1994 03 05 1  8375  8388  8396  8411  8400  8409  8400  8406  8400  8385  8407  8415
TBILIS 1994 03 05 2  8436  8413  8394  8390 99999  8428  8414  8440  8421  8439  8423  8428
TBILIS 1994 03 06 1  8449  8443  8444  8456  8447  8458  8468  8455  8447  8440  8434  8419
TBILIS 1994 03 06 2  8449  8414  8415  8505  8375  8373  8420  8375  8412  8443  8457  8508
TBILIS 1994 03 07 1  8425  8516  8453  8468  8459  8530  8405  8416  8406  8425 99999 99999
TBILIS 1994 03 07 2 99999 99999 99999 99999 99999 99999 99999 99999 99999 99999 99999 99999
TBILIS 1994 03 08 1 99999 99999 99999 99999 99999 99999 99999 99999 99999 99999 99999  8485
TBILIS 1994 03 08 2  8511  8470  8487  8420  8438  8454  8423  8413  8429  8403  8420  8382
TBILIS 1994 03 09 1  8387  8390  8412  8419  8405  8447  8467  8497  8527  8481  8519  8512
TBILIS 1994 03 09 2  8518  8541  8485  8473  8450  8471  8412  8417  8400  8418  8434  8387
TBILIS 1994 03 10 1  8399  8404  8385  8426  8394  8391  8402  8396  8408  8354  8396  8421
TBILIS 1994 03 10 2  8425  8449  8395  8441  8436  8445  8381  8375  8375  8403  8362  8419
TBILIS 1994 03 11 1  8453  8428  8407  8406  8414  8410  8409  8403  8446  8510  8542  8569
TBILIS 1994 03 11 2  8584  8559  8515  8524  8503  8534 99999 99999 99999 99999  8487  8532
TBILIS 1994 03 12 1  8493  8516  8523  8530  8514  8542  8503  8463  8485  8484  8476  8486
TBILIS 1994 03 12 2  8484  8519  8514  8471 99999  8497  8511  8486  8515  8543  8503  8503
TBILIS 1994 03 13 1  8527  8538  8465  8484  8470  8467  8458  8472  8426  8451  8492  8451
TBILIS 1994 03 13 2  8429  8479  8478 99999  8443  8528  8482  8482  8452  8466  8448  8486
TBILIS 1994 03 14 1  8430  8476  8478  8473  8474  8464  8447  8448  8477  8441  8468  8500
TBILIS 1994 03 14 2  8477  8454  8524  8547  8505  8509  8511  8519  8505  8476  8488  8531
TBILIS 1994 03 15 1  8502  8480  8485  8533  8482  8476  8517  8492  8485  8484  8487  8501
TBILIS 1994 03 15 2  8483  8489  8494  8506  8514  8493  8506  8509  8522  8540  8527  8518
TBILIS 1994 03 16 1  8509  8517  8508  8459  8443  8437  8453  8461  8502  8471  8458  8519
TBILIS 1994 03 16 2  8491  8471  8467  8482  8506  8479  8461  8510  8486  8458  8500  8492
TBILIS 1994 03 17 1  8500  8556  8510  8528  8520  8469  8492  8520  8511  8509  8485  8512
TBILIS 1994 03 17 2  8518  8566 99999 99999 99999 99999  8507  8554  8551  8512  8518  8505
TBILIS 1994 03 18 1  8545  8556  8518  8492  8478  8474 99999 99999 99999 99999 99999 99999
TBILIS 1994 03 18 2 99999 99999 99999 99999 99999  8514  8510  8542  8554  8511  8484  8530
TBILIS 1994 03 19 1  8543  8521  8556  8538  8519  8519  8498  8540  8543  8536  8559  8537
TBILIS 1994 03 19 2  8540  8591  8635  8581  8606  8568  8574  8582  8621  8611  8601  8527
TBILIS 1994 03 20 1  8556  8577  8540  8571  8573  8588  8622 99999  8624  8655  8630  8649
TBILIS 1994 03 20 2  8592  8625  8592  8651  8621  8621  8592  8600  8642  8624  8596  8612
TBILIS 1994 03 21 1  8631  8627  8692  8675 99999 99999 99999 99999  8584  8608  8625  8569
TBILIS 1994 03 21 2  8615  8653  8680  8641  8644  8617  8640  8578  8550  8607  8552  8563
TBILIS 1994 03 22 1  8548  8554  8503  8576  8635  8501  8557  8590  8659  8568  8583  8608
TBILIS 1994 03 22 2  8596  8616  8599  8576  8515  8550  8532  8537  8463  8469  8464  8492
TBILIS 1994 03 23 1  8464  8470  8500  8511  8486  8523  8503  8504  8554  8576  8621  8646
TBILIS 1994 03 23 2  8515  8497  8579  8573  8582  8573  8554  8567  8505  8542  8537  8546
TBILIS 1994 03 24 1  8569  8552  8543  8558  8543  8565  8542  8533  8568  8518  8555  8590
TBILIS 1994 03 24 2  8562  8556  8576  8585  8554  8532  8535  8508  8471  8504  8488  8481
TBILIS 1994 03 25 1  8478  8486  8491  8472  8475  8465  8530  8508  8494  8540  8521  8545
TBILIS 1994 03 25 2  8544  8564  8579  8606  8630  8607  8623  8574  8535  8565  8552  8533
TBILIS 1994 03 26 1  8590  8559  8553  8547  8562  8524  8504  8573  8550  8511 99999  8577
TBILIS 1994 03 26 2  8545  8558  8515  8547  8534  8482  8508  8489  8439  8406  8442  8439
TBILIS 1994 03 27 1  8472  8470  8486  8474  8469  8459  8479  8512  8536  8519  8549  8587
TBILIS 1994 03 27 2  8499  8551  8534  8520  8499  8416  8417  8379  8430  8415  8406  8413
TBILIS 1994 03 28 1  8436  8425  8401  8367  8372  8375  8410  8354  8410  8407  8436  8441
TBILIS 1994 03 28 2  8459  8453  8531  8510  8533  8492  8501  8477  8507  8496  8475  8479
TBILIS 1994 03 29 1  8471  8488  8484  8451  8453  8440  8404  8395  8439  8479  8438  8472
TBILIS 1994 03 29 2  8476  8499  8534  8486 99999  8465  8468  8486  8479  8482  8470  8458
TBILIS 1994 03 30 1  8457  8481  8467  8477  8442  8465  8478  8482  8474  8449  8458  8503
TBILIS 1994 03 30 2  8519  8532  8521  8504  8518  8468  8470  8522  8481  8508  8558  8499
TBILIS 1994 03 31 1  8554  8521  8475  8473  8476  8478  8442  8425  8426  8375  8391  8417
TBILIS 1994 03 31 2  8422  8444  8436  8469  8450  8468  8428  8463  8440  8437  8403  8444
Cosmic-Ray Neutron Monitor Data (Hourly, Pressure-Corrected and Scale-Adjusted Counts)
Collections: WDC for Cosmic Rays, Solar-Terrestrial Environment Laboratory, Nagoya Univ.
Data Access: http://center.stelab.nagoya-u.ac.jp/WDCCR/index.html
Project: ICSU WDC
Citation: WDC for Cosmic Rays, Solar-Terrestrial Environment Laboratory, Nagoya University
Station ID: TBILIS
Station:  TBILISI,GIORGIA,INSTITUT GEOPHYSIKY (IG), GIORGIAN ACADEMY OF SCIENCES,GIORGIA 
Instrument:  18 NM-64 NEUTRON MONITOR, CORRECTED FOR PRESSURE TO 950.0  MB,COEF.=-0.690 %/MB
Latitude (deg.):   41.72  Longitude (deg.):   44.80  Altitude (m):  510.00
Cut-Off Rigidity (GV):    6.91
Year: 1994  Month:   4
Scaling Factor (SF):    64.0   Constant (CONST):     0.0  Real Counts = (DATA + CONST)*SF
Temporal Resolution: 1 hour
UTC Start Hour:     0.0
DATA FILE IS PREPARED BY IZMIRAN (ftp://cr0.izmiran.rssi.ru/Cosray!/FTP_NM/C/)  
 Updated by IZMIRAN on 20001101                         
Monthly Average:  8506.3
Updated (YYYY MM DD): 2013 12 12
*******************************************************************************************
ID     YYYY MM DD 1     0     1     2     3     4     5     6     7     8     9    10    11
ID     YYYY MM DD 2    12    13    14    15    16    17    18    19    20    21    22    23
*******************************************************************************************
TBILIS 1994 04 01 1  8405  8440  8426  8454  8378  8412  8400  8410  8403  8475  8524  8513
TBILIS 1994 04 01 2  8526  8522  8543  8517  8554  8555  8562  8547  8542  8505  8423  8471
TBILIS 1994 04 02 1  8412  8416  8411  8403  8398  8420  8413  8380  8393  8419  8444  8482
TBILIS 1994 04 02 2  8504  8497  8531  8514  8584  8545  8518  8536  8547  8524  8521  8484
TBILIS 1994 04 03 1  8500  8524  8507  8515  8480  8471  8471  8520  8494  8517  8542  8534
TBILIS 1994 04 03 2  8548  8511  8513  8536  8539  8525  8479  8522  8492  8472  8500  8526
TBILIS 1994 04 04 1  8440  8451 99999 99999 99999 99999  8449  8440  8458  8477  8488  8500
TBILIS 1994 04 04 2  8534  8532  8497  8501  8466  8469  8430  8435  8429  8403  8408  8419
TBILIS 1994 04 05 1  8436  8461  8470  8473  8458  8446  8441  8465  8470  8459  8479  8478
TBILIS 1994 04 05 2  8499  8476  8504  8501  8504  8461  8469  8450  8454  8469  8448  8434
TBILIS 1994 04 06 1  8501  8502  8537  8501  8518  8489  8464  8455  8456  8467  8465  8481
TBILIS 1994 04 06 2  8500  8566  8565  8563  8542  8542  8530  8535  8482  8489  8534  8511
TBILIS 1994 04 07 1  8518  8549  8526  8519  8505  8454  8503  8509  8537  8508  8528  8488
TBILIS 1994 04 07 2  8533  8505  8517  8548  8536  8556  8535  8543  8494  8498  8503  8516
TBILIS 1994 04 08 1  8546  8559  8512  8528  8526  8506  8523  8510  8486  8469  8500  8568
TBILIS 1994 04 08 2  8594  8594  8561  8554  8564  8512  8564  8572  8512  8554  8543  8562
TBILIS 1994 04 09 1  8542  8535  8512  8539  8519  8513  8547  8517  8515  8531  8592  8601
TBILIS 1994 04 09 2  8566  8574  8547  8575  8542  8523  8553  8514  8524  8517  8476  8518
TBILIS 1994 04 10 1  8524  8527  8547  8563  8548  8483  8500  8483  8498  8534  8552  8549
TBILIS 1994 04 10 2  8571  8568  8575  8617  8607  8623  8619  8622  8625  8585  8599  8596
TBILIS 1994 04 11 1  8566  8562  8590  8541  8540  8559  8523  8474  8512  8505  8558  8540
TBILIS 1994 04 11 2  8570  8615  8623  8591  8608  8573  8564  8616  8591  8607  8569  8621
TBILIS 1994 04 12 1  8589  8551  8604  8584  8498  8513  8528  8470  8491  8486  8486  8521
TBILIS 1994 04 12 2  8524  8548  8616  8598  8622  8620  8576  8598  8584  8573  8574  8531
TBILIS 1994 04 13 1  8549  8561  8525  8521  8525  8535  8500  8526  8492  8480  8532  8551
TBILIS 1994 04 13 2  8540  8571  8589  8604  8646  8562  8609  8587  8544  8544  8575  8513
TBILIS 1994 04 14 1  8572  8599  8584  8596  8567  8510  8508  8496  8502  8544  8538  8568
TBILIS 1994 04 14 2  8574  8605  8611  8646  8606  8594  8650  8571  8558  8563  8581  8545
TBILIS 1994 04 15 1  8539  8532  8513  8490  8470  8479  8489  8483  8503  8523  8523  8524
TBILIS 1994 04 15 2  8567  8627  8605  8627  8640  8620  8586  8603  8528  8488  8453  8468
TBILIS 1994 04 16 1  8454  8449  8440  8438  8373  8420  8415  8461  8451  8435  8458  8474
TBILIS 1994 04 16 2  8502  8525  8587  8599  8555  8487  8414  8418  8362  8388  8428  8452
TBILIS 1994 04 17 1  8401  8453  8449  8515  8556  8388  8335  8381  8482  8454  8404  8426
TBILIS 1994 04 17 2  8403  8302 99999 99999 99999 99999 99999 99999 99999 99999 99999 99999
TBILIS 1994 04 18 1 99999 99999 99999 99999 99999  8398  8401  8403  8357  8419  8412  8437
TBILIS 1994 04 18 2  8449  8449  8516  8534  8499  8493  8478 99999 99999 99999 99999 99999
TBILIS 1994 04 19 1 99999 99999 99999 99999  8399  8430  8434  8428  8452  8472  8485  8449
TBILIS 1994 04 19 2  8504  8524  8512  8528  8441  8488  8488  8439  8430  8403  8437  8436
TBILIS 1994 04 20 1  8423  8418  8430  8441  8463  8418  8435  8441  8467  8485  8483  8456
TBILIS 1994 04 20 2  8497  8465  8494  8492  8503  8488  8450  8518  8466  8483  8525  8430
TBILIS 1994 04 21 1  8611  8453  8528  8629  8439  8469  8492  8540  8436  8476  8506  8506
TBILIS 1994 04 21 2  8509  8508  8523  8527  8532  8489  8483  8497  8405  8491  8499  8457
TBILIS 1994 04 22 1  8503  8449  8448  8461  8491  8448  8456  8509  8477  8490  8573  8496
TBILIS 1994 04 22 2  8542  8511  8487  8528  8512  8488  8449  8482  8492  8498  8512  8501
TBILIS 1994 04 23 1  8515  8515  8501  8503  8483  8484  8480  8423  8450  8458  8417  8444
TBILIS 1994 04 23 2  8471  8463  8473  8499  8516  8528  8514  8509  8542  8515  8533  8488
TBILIS 1994 04 24 1  8504  8443  8483  8503  8475  8493  8505  8475  8542  8540  8510  8556
TBILIS 1994 04 24 2  8569  8561  8576  8568  8620  8581  8607  8583  8541  8515  8542  8575
TBILIS 1994 04 25 1  8527  8527  8506  8491  8510  8547  8522  8499  8500  8543  8617  8563
TBILIS 1994 04 25 2  8611  8609  8656  8588  8566  8570  8543  8572  8569  8576  8549  8538
TBILIS 1994 04 26 1  8524  8507  8483  8479  8511  8523  8449  8479  8480  8496  8514  8494
TBILIS 1994 04 26 2  8522  8554  8483  8568  8539  8525  8524  8521  8503  8474  8522  8454
TBILIS 1994 04 27 1  8472  8470  8488  8510  8526  8499  8522  8556  8540  8541  8536  8502
TBILIS 1994 04 27 2  8518  8482  8478  8494  8489  8458  8484  8478  8460  8471  8522  8514
TBILIS 1994 04 28 1  8496  8540  8512  8503  8516  8471  8520  8537  8537  8535  8519  8520
TBILIS 1994 04 28 2  8493  8501  8496  8540  8504  8490  8458  8413  8434  8458  8391  8389
TBILIS 1994 04 29 1  8446  8454  8406  8416  8400  8409  8478  8489  8455  8535  8465  8480
TBILIS 1994 04 29 2  8468  8439  8479  8480  8485  8465  8484  8449  8414  8480  8476  8471
TBILIS 1994 04 30 1  8454  8452  8467  8477  8513  8540  8510  8528  8528  8521  8525 99999
TBILIS 1994 04 30 2 99999 99999 99999 99999 99999 99999 99999 99999 99999 99999 99999 99999
TBILIS 1994 04 31 1 99999 99999 99999 99999 99999 99999 99999 99999 99999 99999 99999 99999
TBILIS 1994 04 31 2 99999 99999 99999 99999 99999 99999 99999 99999 99999 99999 99999 99999
Cosmic-Ray Neutron Monitor Data (Hourly, Pressure-Corrected and Scale-Adjusted Counts)
Collections: WDC for Cosmic Rays, Solar-Terrestrial Environment Laboratory, Nagoya Univ.
Data Access: http://center.stelab.nagoya-u.ac.jp/WDCCR/index.html
Project: ICSU WDC
Citation: WDC for Cosmic Rays, Solar-Terrestrial Environment Laboratory, Nagoya University
Station ID: TBILIS
Station:  TBILISI,GIORGIA,INSTITUT GEOPHYSIKY (IG), GIORGIAN ACADEMY OF SCIENCES,GIORGIA 
Instrument:  18 NM-64 NEUTRON MONITOR, CORRECTED FOR PRESSURE TO 950.0  MB,COEF.=-0.690 %/MB
Latitude (deg.):   41.72  Longitude (deg.):   44.80  Altitude (m):  510.00
Cut-Off Rigidity (GV):    6.91
Year: 1994  Month:   5
Scaling Factor (SF):    64.0   Constant (CONST):     0.0  Real Counts = (DATA + CONST)*SF
Temporal Resolution: 1 hour
UTC Start Hour:     0.0
DATA FILE IS PREPARED BY IZMIRAN (ftp://cr0.izmiran.rssi.ru/Cosray!/FTP_NM/C/)  
 Updated by IZMIRAN on 20010409                         
Monthly Average:  8525.0
Updated (YYYY MM DD): 2013 12 12
*******************************************************************************************
ID     YYYY MM DD 1     0     1     2     3     4     5     6     7     8     9    10    11
ID     YYYY MM DD 2    12    13    14    15    16    17    18    19    20    21    22    23
*******************************************************************************************
TBILIS 1994 05 01 1 99999 99999 99999 99999 99999 99999 99999 99999 99999 99999  8460  8514
TBILIS 1994 05 01 2  8544  8570  8592  8593  8604  8625  8615  8605  8595  8580  8540 99999
TBILIS 1994 05 02 1 99999 99999 99999 99999 99999 99999 99999 99999 99999 99999 99999 99999
TBILIS 1994 05 02 2 99999  8571  8532  8561  8552  8563  8544  8544  8518  8507  8458  8498
TBILIS 1994 05 03 1  8501  8478  8450  8480  8441  8492  8484  8422  8505  8498  8564  8571
TBILIS 1994 05 03 2  8567  8574  8548  8580  8510  8541  8516  8458  8503  8446  8504  8471
TBILIS 1994 05 04 1  8451  8508  8442  8415  8403  8439  8458  8460  8438  8522  8558  8523
TBILIS 1994 05 04 2  8546  8542  8517  8558  8544  8500  8498  8509  8531  8509  8485  8516
TBILIS 1994 05 05 1  8500  8494  8516  8558  8570  8530  8488  8480  8516  8488  8514  8508
TBILIS 1994 05 05 2  8501  8551  8574  8571  8560  8524  8516  8500  8498  8517  8471  8476
TBILIS 1994 05 06 1  8500  8494  8516  8558  8570  8530  8488  8480  8516  8488  8512  8508
TBILIS 1994 05 06 2  8501  8551  8574  8571  8560  8524  8516  8500  8498  8517  8471  8476
TBILIS 1994 05 07 1  8544  8540  8507  8518  8515  8500  8456  8435  8509  8457  8474  8479
TBILIS 1994 05 07 2  8545  8521  8539  8558  8541  8558  8558  8560  8544  8541  8541  8538
TBILIS 1994 05 08 1  8530  8530  8485  8486  8524  8453  8458  8498  8470  8424  8501  8547
TBILIS 1994 05 08 2  8444  8474  8449  8473  8483  8474  8515  8519  8505  8530  8505  8484
TBILIS 1994 05 09 1  8467  8454  8488  8511  8521  8507  8484  8498  8505  8525  8534  8500
TBILIS 1994 05 09 2  8510  8540  8529  8478  8519  8506  8490  8485  8488  8494  8516  8516
TBILIS 1994 05 10 1  8481  8540  8513  8523  8456  8506  8513  8533  8508  8455  8482  8527
TBILIS 1994 05 10 2  8500  8478  8516  8540  8556  8530  8557  8522  8486  8481  8510  8464
TBILIS 1994 05 11 1  8501  8523  8516  8494  8507  8506  8490  8506  8490  8606  8571  8546
TBILIS 1994 05 11 2  8527  8530  8545  8535  8561  8542  8551  8549  8560  8545  8594  8587
TBILIS 1994 05 12 1  8550  8533  8534  8551  8505  8560  8551  8555  8536  8549  8558  8544
TBILIS 1994 05 12 2  8574  8574  8542  8629  8581  8599  8585  8585  8565  8584  8598  8574
TBILIS 1994 05 13 1  8593  8551  8584  8544  8575  8593  8573  8553  8615  8626  8625  8615
TBILIS 1994 05 13 2  8632  8668  8625  8603  8558  8563  8600  8542  8563  8545  8587  8572
TBILIS 1994 05 14 1  8571  8577  8568  8565  8578  8594  8571  8601  8540  8543  8568  8579
TBILIS 1994 05 14 2  8628  8565  8596  8550  8549  8493  8542  8492  8477  8510  8500  8504
TBILIS 1994 05 15 1  8466  8502  8533  8483  8484  8499  8504  8511  8557  8630  8617  8655
TBILIS 1994 05 15 2  8663  8666  8625  8598  8599  8583  8534  8571  8532  8572  8577  8497
TBILIS 1994 05 16 1  8532  8544  8507  8539  8500  8484  8513  8492  8533  8563  8599  8604
TBILIS 1994 05 16 2  8602  8590  8590  8602  8572  8552  8545 99999 99999 99999 99999 99999
TBILIS 1994 05 17 1 99999 99999 99999 99999 99999 99999 99999 99999 99999  8564  8556  8566
TBILIS 1994 05 17 2  8573  8560  8539  8537  8505  8497  8511  8501  8519  8500  8486  8551
TBILIS 1994 05 18 1  8509  8475  8500  8494  8478  8532  8492  8494  8497  8467  8504  8497
TBILIS 1994 05 18 2  8551  8532  8585  8582  8611  8586  8571  8563  8538  8549  8507  8509
TBILIS 1994 05 19 1  8569  8530  8544  8506  8502  8505  8556  8516  8551  8571  8544  8560
TBILIS 1994 05 19 2  8595  8599  8611  8638  8607  8606  8580  8554  8581  8516  8516  8520
TBILIS 1994 05 20 1  8484  8503  8484  8496  8510  8481  8497  8558  8555  8541  8566  8536
TBILIS 1994 05 20 2  8557  8593  8592  8637  8575  8604  8552  8578  8555  8560  8533  8552
TBILIS 1994 05 21 1  8561  8538  8516  8547  8522  8519  8533  8527  8562  8484  8514  8568
TBILIS 1994 05 21 2  8604  8565  8597  8554  8578  8555  8537  8531  8504  8502  8520  8491
TBILIS 1994 05 22 1  8516  8544  8506  8482  8514  8494  8499  8525  8551 99999 99999 99999
TBILIS 1994 05 22 2 99999  8557  8544  8536  8555  8481  8451  8471  8513  8446  8499  8465
TBILIS 1994 05 23 1  8468  8458  8444  8474  8468  8507  8480  8485  8488  8483  8465  8531
TBILIS 1994 05 23 2  8549  8508  8521  8501  8553  8430  8422  8470  8435  8499  8465 99999
TBILIS 1994 05 24 1 99999 99999 99999 99999 99999 99999 99999 99999 99999 99999 99999 99999
TBILIS 1994 05 24 2 99999 99999 99999 99999 99999 99999 99999 99999 99999 99999 99999 99999
TBILIS 1994 05 25 1 99999 99999 99999 99999 99999 99999 99999 99999 99999 99999 99999 99999
TBILIS 1994 05 25 2 99999 99999 99999  8412  8456  8470  8410  8442  8465  8464  8433  8424
TBILIS 1994 05 26 1  8430  8507  8460  8454  8433  8428  8460  8474  8506  8507  8482  8516
TBILIS 1994 05 26 2  8489  8521  8549  8538  8552  8562  8542  8525  8494  8527  8475  8493
TBILIS 1994 05 27 1  8517  8498  8520  8513  8492  8517  8512  8499  8530  8518  8522  8510
TBILIS 1994 05 27 2  8546  8549  8543  8556  8562  8597  8580  8517  8520  8554  8516  8516
TBILIS 1994 05 28 1  8516  8570  8500  8500  8528  8498  8489  8515  8481  8517  8500  8511
TBILIS 1994 05 28 2  8506  8524  8561  8603  8630  8582  8594  8650  8628  8612  8535  8572
TBILIS 1994 05 29 1  8474  8501  8458  8504  8499  8462 99999 99999 99999 99999 99999 99999
TBILIS 1994 05 29 2 99999 99999  8581  8490  8485  8513  8494  8446  8462  8497  8460  8457
TBILIS 1994 05 30 1  8494  8476  8466  8511  8491  8481  8541  8491  8513  8539  8575  8580
TBILIS 1994 05 30 2  8561  8573  8555  8532  8545  8548  8536  8529  8552  8529  8558  8525
TBILIS 1994 05 31 1  8498  8490  8443  8491  8444  8475  8466  8502  8523  8533  8470  8497
TBILIS 1994 05 31 2  8489  8546  8498  8519  8550  8494  8493  8452  8471  8423  8449  8432
Cosmic-Ray Neutron Monitor Data (Hourly, Pressure-Corrected and Scale-Adjusted Counts)
Collections: WDC for Cosmic Rays, Solar-Terrestrial Environment Laboratory, Nagoya Univ.
Data Access: http://center.stelab.nagoya-u.ac.jp/WDCCR/index.html
Project: ICSU WDC
Citation: WDC for Cosmic Rays, Solar-Terrestrial Environment Laboratory, Nagoya University
Station ID: TBILIS
Station:  TBILISI,GIORGIA,INSTITUT GEOPHYSIKY (IG), GIORGIAN ACADEMY OF SCIENCES,GIORGIA 
Instrument:  18 NM-64 NEUTRON MONITOR, CORRECTED FOR PRESSURE TO 950.0  MB,COEF.=-0.690 %/MB
Latitude (deg.):   41.72  Longitude (deg.):   44.80  Altitude (m):  510.00
Cut-Off Rigidity (GV):    6.91
Year: 1994  Month:   6
Scaling Factor (SF):    64.0   Constant (CONST):     0.0  Real Counts = (DATA + CONST)*SF
Temporal Resolution: 1 hour
UTC Start Hour:     0.0
DATA FILE IS PREPARED BY IZMIRAN (ftp://cr0.izmiran.rssi.ru/Cosray!/FTP_NM/C/)  
 Updated by IZMIRAN on 20010409                         
Monthly Average:  8535.2
Updated (YYYY MM DD): 2013 12 12
*******************************************************************************************
ID     YYYY MM DD 1     0     1     2     3     4     5     6     7     8     9    10    11
ID     YYYY MM DD 2    12    13    14    15    16    17    18    19    20    21    22    23
*******************************************************************************************
TBILIS 1994 06 01 1  8467  8461  8413  8420  8421 99999 99999 99999 99999  8508  8524 99999
TBILIS 1994 06 01 2 99999 99999 99999  8458  8547  8473  8512  8513  8500  8496  8531  8371
TBILIS 1994 06 02 1  8462  8450  8459  8474  8436  8443  8484 99999 99999  8532  8523  8508
TBILIS 1994 06 02 2  8494  8524  8464  8486  8548  8530  8547  8479  8579  8482  8490  8483
TBILIS 1994 06 03 1  8468  8491  8468  8456 99999 99999 99999 99999 99999 99999 99999 99999
TBILIS 1994 06 03 2 99999  8498  8478  8509 99999 99999  8446  8494  8459  8483  8466  8481
TBILIS 1994 06 04 1  8505  8494  8443  8413  8436 99999 99999 99999 99999 99999  8482  8472
TBILIS 1994 06 04 2  8466 99999  8495  8492  8485  8506  8477  8480  8464  8456  8478  8450
TBILIS 1994 06 05 1  8487  8456  8437  8423  8442  8371  8394  8415  8417  8416  8472  8463
TBILIS 1994 06 05 2  8452  8449  8489  8500  8516  8499  8498  8508  8532  8533  8498  8523
TBILIS 1994 06 06 1  8469  8456  8489  8489  8447  8432  8453  8516  8449  8469  8480  8477
TBILIS 1994 06 06 2  8444  8502  8532  8532  8499  8511  8500  8507  8541  8551  8526  8510
TBILIS 1994 06 07 1  8504  8515  8461  8475  8441  8456  8438  8481  8469  8487  8463  8462
TBILIS 1994 06 07 2  8494  8516  8509  8547  8527  8528  8554  8518  8515  8517  8529  8502
TBILIS 1994 06 08 1  8496  8545  8516  8518  8488  8498  8502  8457  8482  8504  8520  8509
TBILIS 1994 06 08 2  8492  8516  8516  8543  8532  8537  8520  8500  8498  8512  8502  8511
TBILIS 1994 06 09 1  8507  8496  8510  8516  8496  8488  8474  8505  8545  8484  8505  8537
TBILIS 1994 06 09 2  8546  8559  8575  8617  8624  8571  8562  8565  8589  8594  8587  8564
TBILIS 1994 06 10 1  8564  8579  8583  8550  8570  8561  8517  8484  8507  8516  8565  8502
TBILIS 1994 06 10 2  8509  8548  8520  8603  8571  8507  8492  8550  8493  8495  8509  8492
TBILIS 1994 06 11 1  8466  8467  8480  8482  8500  8499  8493  8502  8497  8553  8554  8490
TBILIS 1994 06 11 2  8505  8518  8565  8558  8481  8517  8464  8542  8518  8511  8516  8525
TBILIS 1994 06 12 1  8511  8521  8545  8518  8546  8552  8543  8573  8514  8567  8568  8567
TBILIS 1994 06 12 2  8549  8575  8567  8538  8567  8577  8582  8588  8607  8575  8532  8513
TBILIS 1994 06 13 1  8527  8526  8491  8574  8516  8527  8531  8583  8542  8570  8557  8558
TBILIS 1994 06 13 2  8537  8552  8583  8576  8642  8645  8562  8599  8628  8624  8600  8596
TBILIS 1994 06 14 1  8618  8561  8550  8582  8592  8573  8581  8581  8585  8553  8518  8580
TBILIS 1994 06 14 2  8529  8529  8549  8539  8552  8557  8597  8566  8553  8555  8542  8572
TBILIS 1994 06 15 1  8576  8600  8544  8568  8521  8526  8539  8599  8611  8627  8681  8646
TBILIS 1994 06 15 2  8652  8651  8693  8678  8690  8684  8693  8635  8636  8591  8668  8681
TBILIS 1994 06 16 1  8527  8644  8577  8635  8572  8553  8613  8575  8567  8668  8637  8535
TBILIS 1994 06 16 2  8608  8621  8628  8606  8638  8609  8587  8574  8579  8588  8562  8600
TBILIS 1994 06 17 1  8582  8613  8584  8558  8583  8563  8570  8590  8581  8629  8568  8590
TBILIS 1994 06 17 2  8544  8538  8538  8504  8515  8520  8450  8452  8457  8477  8475  8517
TBILIS 1994 06 18 1  8528  8468  8473  8491  8497  8466  8492  8453  8446  8509  8515  8488
TBILIS 1994 06 18 2  8566  8535  8585  8547  8520  8412  8454  8458  8440  8467  8445  8448
TBILIS 1994 06 19 1  8460  8446  8459  8490  8468  8462  8467  8440  8495  8509  8567  8505
TBILIS 1994 06 19 2  8528  8515  8525  8516  8453  8435  8389  8371  8352  8350  8359  8357
TBILIS 1994 06 20 1  8383  8344  8365  8388  8342  8338  8336  8372  8352  8379  8375  8345
TBILIS 1994 06 20 2  8376  8401  8453  8444  8394 99999 99999 99999 99999 99999 99999 99999
TBILIS 1994 06 21 1 99999 99999 99999 99999 99999  8400  8400  8437  8455  8493  8466  8534
TBILIS 1994 06 21 2  8525  8520  8479  8506  8510  8519  8527  8517  8482  8462  8531  8516
TBILIS 1994 06 22 1  8517  8538  8513  8482  8433  8447  8525  8537  8573  8557  8525  8540
TBILIS 1994 06 22 2  8581  8550  8558  8571  8549  8534  8523  8622  8516  8571  8566  8543
TBILIS 1994 06 23 1  8523  8516  8517  8523  8498  8517  8552  8514  8520  8493  8511  8498
TBILIS 1994 06 23 2  8525  8547  8547  8579  8578  8533  8534  8542  8511  8537  8489  8528
TBILIS 1994 06 24 1  8541  8533  8505  8505  8492  8513  8585  8541  8523  8578  8613  8614
TBILIS 1994 06 24 2  8628  8598  8604  8611  8647  8615  8620  8617  8596  8606  8599  8587
TBILIS 1994 06 25 1  8573  8566  8553  8577 99999 99999  8615  8625  8570  8582  8571  8624
TBILIS 1994 06 25 2  8623  8606  8608  8633  8623  8624  8671  8647  8611  8621  8623  8623
TBILIS 1994 06 26 1  8629  8602  8581  8605  8612  8604  8623  8624  8586  8595  8625  8649
TBILIS 1994 06 26 2  8659  8697  8701  8683  8687  8701  8674  8689  8605  8631  8563  8590
TBILIS 1994 06 27 1  8620  8636  8596  8594  8561  8590  8521  8584  8543  8554  8592  8583
TBILIS 1994 06 27 2  8560  8627  8614  8639  8643  8642  8600  8610  8621  8578  8604  8581
TBILIS 1994 06 28 1  8535  8483  8507  8529  8546  8541  8556  8563  8539  8571  8616  8568
TBILIS 1994 06 28 2  8561  8592  8639  8624  8594  8652  8597  8643  8620  8609  8581  8600
TBILIS 1994 06 29 1  8607  8561  8595  8598  8578  8608  8568  8618  8614  8636  8589  8590
TBILIS 1994 06 29 2  8628  8658  8658  8642  8643  8628  8587  8589  8557  8541  8495  8488
TBILIS 1994 06 30 1  8519  8486  8515  8517  8494  8505  8598  8562  8578  8596  8617  8624
TBILIS 1994 06 30 2  8641  8642  8676  8617  8618  8635  8597  8581  8506  8558  8515  8516
TBILIS 1994 06 31 1 99999 99999 99999 99999 99999 99999 99999 99999 99999 99999 99999 99999
TBILIS 1994 06 31 2 99999 99999 99999 99999 99999 99999 99999 99999 99999 99999 99999 99999
Cosmic-Ray Neutron Monitor Data (Hourly, Pressure-Corrected and Scale-Adjusted Counts)
Collections: WDC for Cosmic Rays, Solar-Terrestrial Environment Laboratory, Nagoya Univ.
Data Access: http://center.stelab.nagoya-u.ac.jp/WDCCR/index.html
Project: ICSU WDC
Citation: WDC for Cosmic Rays, Solar-Terrestrial Environment Laboratory, Nagoya University
Station ID: TBILIS
Station:  TBILISI,GIORGIA,INSTITUT GEOPHYSIKY (IG), GIORGIAN ACADEMY OF SCIENCES,GIORGIA 
Instrument:  18 NM-64 NEUTRON MONITOR, CORRECTED FOR PRESSURE TO 950.0  MB,COEF.=-0.690 %/MB
Latitude (deg.):   41.72  Longitude (deg.):   44.80  Altitude (m):  510.00
Cut-Off Rigidity (GV):    6.91
Year: 1994  Month:   7
Scaling Factor (SF):    64.0   Constant (CONST):     0.0  Real Counts = (DATA + CONST)*SF
Temporal Resolution: 1 hour
UTC Start Hour:     0.0
DATA FILE IS PREPARED BY IZMIRAN (ftp://cr0.izmiran.rssi.ru/Cosray!/FTP_NM/C/)  
 Updated by IZMIRAN on 20010409                         
Monthly Average:  8548.8
Updated (YYYY MM DD): 2013 12 12
*******************************************************************************************
ID     YYYY MM DD 1     0     1     2     3     4     5     6     7     8     9    10    11
ID     YYYY MM DD 2    12    13    14    15    16    17    18    19    20    21    22    23
*******************************************************************************************
TBILIS 1994 07 01 1  8500  8465  8479  8456  8495  8442  8474  8524  8518  8515  8489  8483
TBILIS 1994 07 01 2  8515  8500  8482  8520  8511  8470  8469  8469  8465  8460  8443  8430
TBILIS 1994 07 02 1  8423  8418  8418  8401  8398  8375  8394  8427  8466  8500  8478  8486
TBILIS 1994 07 02 2  8491  8464  8498  8502  8528  8500  8484  8508  8516  8477  8453  8455
TBILIS 1994 07 03 1  8462  8429  8419  8366  8386  8400  8347  8336  8450  8462  8481  8462
TBILIS 1994 07 03 2  8466  8470  8479  8488  8476  8483  8479  8487  8476  8484  8468  8441
TBILIS 1994 07 04 1  8472  8464  8498  8507  8456  8498  8500  8490  8452  8449  8458  8442
TBILIS 1994 07 04 2  8422  8424  8482  8484  8504  8488  8464  8458  8468  8463  8479  8472
TBILIS 1994 07 05 1  8469  8484  8461  8500  8456  8474  8476  8502  8487  8504  8498  8479
TBILIS 1994 07 05 2  8474  8475  8515  8524  8524  8527  8475  8488  8498  8532  8493  8528
TBILIS 1994 07 06 1  8506  8466  8488  8499  8475  8467  8499  8521  8497  8499  8525  8550
TBILIS 1994 07 06 2  8541  8559  8549  8609  8616  8615  8571  8601  8592  8573  8574  8569
TBILIS 1994 07 07 1  8603  8576  8584  8556  8530  8538  8560  8491  8510  8537  8538  8539
TBILIS 1994 07 07 2  8546  8585  8624  8645  8635  8611  8630  8629  8598  8635  8611  8618
TBILIS 1994 07 08 1  8623  8602  8608  8581  8558  8561  8603  8584  8544  8549  8553  8572
TBILIS 1994 07 08 2  8574  8629  8664  8659  8635  8624  8599  8592  8597  8605  8616  8597
TBILIS 1994 07 09 1  8598  8584  8618  8586  8572  8555  8568  8569  8566  8544  8540  8585
TBILIS 1994 07 09 2  8559  8573  8603  8651  8607  8592  8575  8599  8587  8591  8578  8620
TBILIS 1994 07 10 1  8598  8600  8593  8581  8528  8552  8566  8566  8550  8591  8608  8574
TBILIS 1994 07 10 2  8618  8623  8632  8619  8668  8638  8668  8669  8649  8645  8678  8702
TBILIS 1994 07 11 1  8696  8686  8619  8629  8569  8560  8563  8572  8569  8629  8638  8629
TBILIS 1994 07 11 2  8604  8635  8632  8650  8696  8695  8668  8687  8719  8704  8655  8684
TBILIS 1994 07 12 1  8636  8654  8627  8583  8573 99999  8601  8587  8589  8619  8607  8629
TBILIS 1994 07 12 2  8574  8624  8622  8646  8659  8668  8659  8599  8599  8586  8578  8605
TBILIS 1994 07 13 1  8620  8630  8583  8603  8591  8571  8591  8582  8555  8597  8596  8593
TBILIS 1994 07 13 2  8565  8603  8613  8641  8645  8607  8603  8587  8581  8623  8611  8645
TBILIS 1994 07 14 1  8650  8624  8600  8613  8645  8626  8623  8619  8598  8624  8645  8619
TBILIS 1994 07 14 2  8626  8638  8670  8689  8630  8603  8592  8562  8535  8548  8528  8569
TBILIS 1994 07 15 1  8505  8555  8507  8525  8486  8517  8548  8557  8532  8557  8561  8530
TBILIS 1994 07 15 2  8543  8540  8604  8562  8563  8552  8496  8466  8510  8494  8523  8487
TBILIS 1994 07 16 1  8525  8523  8547  8510  8457  8509  8475  8443  8472  8512  8562  8579
TBILIS 1994 07 16 2  8580  8611  8584  8592  8613  8569  8540  8552  8495  8472  8479  8533
TBILIS 1994 07 17 1  8518  8496  8526  8511  8449  8425  8462  8459  8456  8470  8516  8521
TBILIS 1994 07 17 2  8555  8562  8540  8549  8540  8533  8483  8518  8502  8492  8510  8507
TBILIS 1994 07 18 1  8461  8525  8531  8491  8493  8443  8453  8446  8477  8508  8531  8497
TBILIS 1994 07 18 2  8492  8481  8532  8527  8569  8553  8575  8576  8530  8576  8539  8514
TBILIS 1994 07 19 1  8549  8557  8511  8496  8479  8499  8549  8506  8537  8562  8590  8592
TBILIS 1994 07 19 2  8620  8641  8635  8642  8658  8608  8603  8568  8614  8625  8590  8622
TBILIS 1994 07 20 1  8574  8562  8596  8596  8564  8553  8561  8546  8580  8560  8586  8580
TBILIS 1994 07 20 2  8586  8615  8613  8686  8696  8686  8677  8670  8608  8651  8647  8571
TBILIS 1994 07 21 1  8621  8593  8573  8581 99999 99999  8590  8603  8550  8574  8584  8588
TBILIS 1994 07 21 2  8640  8628  8691  8654  8688  8654  8649  8630  8631  8642  8657  8655
TBILIS 1994 07 22 1  8611  8612  8644  8608  8575  8578  8563  8558  8541  8572  8561  8579
TBILIS 1994 07 22 2  8629  8698  8682  8681  8667  8696  8653  8645  8655  8689  8683  8647
TBILIS 1994 07 23 1  8595  8579  8562  8628  8588  8584  8571  8584  8580  8593  8568  8583
TBILIS 1994 07 23 2  8613  8554  8575  8581  8605  8624  8587  8555  8528  8554  8567  8514
TBILIS 1994 07 24 1  8550  8543  8529  8549  8563  8520  8505  8523  8517  8528  8517  8562
TBILIS 1994 07 24 2  8568  8575  8561  8547  8599  8573  8550  8521  8535  8534  8533  8559
TBILIS 1994 07 25 1  8570  8592  8547  8526  8511  8536  8568  8571  8572  8563  8507  8531
TBILIS 1994 07 25 2  8573  8564  8583  8585  8597  8593  8582  8612  8607  8626  8602  8551
TBILIS 1994 07 26 1  8552  8598  8564  8583  8530  8525  8548  8530  8520  8515  8548  8556
TBILIS 1994 07 26 2  8527  8582  8579  8608  8624  8638  8573  8589  8587  8608  8605  8572
TBILIS 1994 07 27 1  8554  8534  8525  8590  8593  8642  8642  8603  8597  8566  8564  8587
TBILIS 1994 07 27 2  8612  8591  8585  8539  8639  8575  8535  8506  8551  8520  8522  8530
TBILIS 1994 07 28 1  8443  8520  8478  8478  8466  8487  8518  8472  8503  8530  8500  8528
TBILIS 1994 07 28 2  8522  8528  8531  8557  8561  8520  8533  8549  8464  8476  8466  8466
TBILIS 1994 07 29 1  8429  8473  8461  8458  8498  8512  8572 99999 99999  8542  8525  8464
TBILIS 1994 07 29 2  8506  8489  8523  8536  8514  8479  8532  8528  8471  8434  8396  8404
TBILIS 1994 07 30 1  8380  8427  8440  8444  8483  8502  8505  8511  8520  8494  8492  8466
TBILIS 1994 07 30 2  8487  8493  8496  8492  8515  8450  8417  8418  8398  8424  8374  8372
TBILIS 1994 07 31 1  8401  8431  8478  8422  8406  8468  8468  8476  8478  8490  8494  8508
TBILIS 1994 07 31 2  8507  8539  8544  8566  8531  8531  8465  8477  8460  8563  8491  8494
Cosmic-Ray Neutron Monitor Data (Hourly, Pressure-Corrected and Scale-Adjusted Counts)
Collections: WDC for Cosmic Rays, Solar-Terrestrial Environment Laboratory, Nagoya Univ.
Data Access: http://center.stelab.nagoya-u.ac.jp/WDCCR/index.html
Project: ICSU WDC
Citation: WDC for Cosmic Rays, Solar-Terrestrial Environment Laboratory, Nagoya University
Station ID: TBILIS
Station:  TBILISI,GIORGIA,INSTITUT GEOPHYSIKY (IG), GIORGIAN ACADEMY OF SCIENCES,GIORGIA 
Instrument:  18 NM-64 NEUTRON MONITOR, CORRECTED FOR PRESSURE TO 950.0  MB,COEF.=-0.690 %/MB
Latitude (deg.):   41.72  Longitude (deg.):   44.80  Altitude (m):  510.00
Cut-Off Rigidity (GV):    6.91
Year: 1994  Month:   8
Scaling Factor (SF):    64.0   Constant (CONST):     0.0  Real Counts = (DATA + CONST)*SF
Temporal Resolution: 1 hour
UTC Start Hour:     0.0
DATA FILE IS PREPARED BY IZMIRAN (ftp://cr0.izmiran.rssi.ru/Cosray!/FTP_NM/C/)  
 Updated by IZMIRAN on 20001101                         
Monthly Average:  8593.7
Updated (YYYY MM DD): 2013 12 12
*******************************************************************************************
ID     YYYY MM DD 1     0     1     2     3     4     5     6     7     8     9    10    11
ID     YYYY MM DD 2    12    13    14    15    16    17    18    19    20    21    22    23
*******************************************************************************************
TBILIS 1994 08 01 1  8523  8563  8537  8587  8594  8600  8584  8557  8602  8594  8589  8586
TBILIS 1994 08 01 2  8570  8545  8514  8538  8529  8534  8480  8511  8528  8564  8533  8538
TBILIS 1994 08 02 1  8543  8575  8604  8587  8601  8597  8584  8578  8575  8563  8551  8574
TBILIS 1994 08 02 2  8552  8550  8550  8516  8519  8534  8486  8492  8514  8488  8530  8503
TBILIS 1994 08 03 1  8561  8535  8529  8586  8529  8569  8559  8581  8602  8563  8565  8558
TBILIS 1994 08 03 2  8568  8534  8563  8612  8581  8581  8567  8572  8571  8544  8537  8572
TBILIS 1994 08 04 1  8559  8546  8562  8581  8627  8618  8596  8578  8587  8583  8589  8597
TBILIS 1994 08 04 2  8592  8639  8644  8703  8672  8663  8646  8617  8639  8658  8627  8611
TBILIS 1994 08 05 1  8618  8638  8654  8619  8591  8598  8595  8571  8604  8622  8637  8667
TBILIS 1994 08 05 2  8646  8651  8670  8667  8664  8647  8634  8615  8643  8656  8607  8661
TBILIS 1994 08 06 1 99999 99999 99999 99999 99999  8633  8600  8618  8608  8615  8627  8639
TBILIS 1994 08 06 2  8670  8637  8671  8679  8690  8677  8662  8684  8626  8666  8652  8671
TBILIS 1994 08 07 1  8638  8626  8601  8642  8581  8581  8611  8608  8601  8645  8662  8643
TBILIS 1994 08 07 2  8656  8652  8643  8663  8693  8668  8626  8575  8626  8587  8564  8584
TBILIS 1994 08 08 1  8583  8606  8608  8597  8618  8621  8675  8634  8655  8652  8683  8682
TBILIS 1994 08 08 2  8699  8722  8681  8708  8630  8702  8676  8646  8672  8660  8654  8659
TBILIS 1994 08 09 1  8644  8658  8624  8634  8628  8579  8591  8543  8576  8578  8540  8574
TBILIS 1994 08 09 2  8573  8579  8604  8605  8587  8597  8555  8573  8590  8610  8625  8607
TBILIS 1994 08 10 1  8604  8636  8637  8628  8605  8604  8579  8553  8573  8555  8561  8555
TBILIS 1994 08 10 2  8639  8624  8635  8602  8599  8609  8576  8565  8532  8512  8534  8507
TBILIS 1994 08 11 1  8567  8546  8529  8576  8544  8565  8575  8595  8624  8595  8595  8585
TBILIS 1994 08 11 2  8622  8558  8583  8585  8595  8619  8578  8488  8499  8478  8479  8472
TBILIS 1994 08 12 1  8514  8500  8551  8523  8439  8437  8462  8490  8464  8465  8511  8530
TBILIS 1994 08 12 2  8592  8559  8538  8623  8586  8612  8607  8601  8531  8532  8554  8545
TBILIS 1994 08 13 1  8565  8589  8545  8534  8423  8433  8525  8421  8440  8426  8439  8480
TBILIS 1994 08 13 2  8447  8500  8517  8528  8552  8555  8517  8552  8561  8570  8547  8554
TBILIS 1994 08 14 1  8589  8603  8600  8621  8518  8627  8506  8563  8527  8569  8566  8576
TBILIS 1994 08 14 2  8600  8602  8662  8676  8667  8649  8624  8634  8607  8604 99999 99999
TBILIS 1994 08 15 1 99999 99999 99999 99999 99999 99999  8571  8580  8571  8564  8545  8557
TBILIS 1994 08 15 2  8563  8552  8591  8614  8632  8644  8599  8600  8604  8560  8623  8550
TBILIS 1994 08 16 1  8537  8568  8517  8519  8515  8510  8515  8534  8564  8578  8564  8575
TBILIS 1994 08 16 2  8595  8604  8598  8625  8656  8594  8567  8592  8550  8552  8614  8611
TBILIS 1994 08 17 1  8627  8638  8593  8583  8591  8547  8586  8592  8598  8593  8590  8563
TBILIS 1994 08 17 2  8575  8548  8579  8583  8595  8628  8586  8566  8644  8602  8612  8595
TBILIS 1994 08 18 1  8609  8631  8622  8573  8577  8557  8554  8555  8521  8531  8549  8557
TBILIS 1994 08 18 2  8572  8571  8623  8626  8644  8587  8614  8604  8600  8589  8616  8591
TBILIS 1994 08 19 1  8586  8596  8624  8574  8605  8596  8587  8567  8601  8615  8569  8609
TBILIS 1994 08 19 2  8576  8608  8637  8656  8646  8633  8629  8577  8592  8639  8654  8654
TBILIS 1994 08 20 1  8602  8631  8564  8555  8555  8547  8573  8565  8572  8578  8568  8587
TBILIS 1994 08 20 2  8618  8639 99999 99999  8710  8671  8700  8679  8664  8621  8611  8573
TBILIS 1994 08 21 1  8607  8592  8597  8591  8584  8619  8565  8616  8587  8563  8583  8575
TBILIS 1994 08 21 2  8586  8572  8635  8655  8642  8603  8622  8633  8635  8565  8618  8596
TBILIS 1994 08 22 1  8619  8662  8628  8622  8587  8644  8635  8628  8635  8617  8587  8633
TBILIS 1994 08 22 2  8648  8622  8639  8673  8702  8637  8615  8603  8593  8640  8646  8644
TBILIS 1994 08 23 1  8636  8638  8729  8741  8683  8689  8665  8655  8651  8659  8626  8608
TBILIS 1994 08 23 2  8623  8676  8674  8680  8668  8665  8659  8647  8619  8589  8590  8601
TBILIS 1994 08 24 1  8616  8651  8583  8603  8581  8594  8577  8563  8580  8566  8573  8595
TBILIS 1994 08 24 2  8563  8570  8637  8615  8572  8562  8584  8583  8581  8572  8573  8583
TBILIS 1994 08 25 1  8586  8610  8587  8598  8552  8549  8538  8572  8584  8593  8619  8624
TBILIS 1994 08 25 2  8600  8625  8626  8650  8666  8657  8612  8622  8644  8641  8636  8633
TBILIS 1994 08 26 1  8640  8597  8652  8609  8583  8583  8537  8532  8550  8563  8563  8530
TBILIS 1994 08 26 2  8545  8605  8604  8663  8622  8617  8637  8600  8606  8602  8614  8597
TBILIS 1994 08 27 1  8573  8552  8580  8611  8573  8621  8577  8569  8576  8585  8593  8683
TBILIS 1994 08 27 2  8654  8619  8711  8685 99999 99999 99999 99999 99999 99999 99999 99999
TBILIS 1994 08 28 1 99999 99999 99999 99999 99999 99999 99999 99999 99999 99999 99999 99999
TBILIS 1994 08 28 2 99999 99999 99999 99999 99999 99999 99999 99999  8607  8638  8594  8637
TBILIS 1994 08 29 1  8615  8605  8591  8593  8582  8597  8592  8567  8575  8562  8587  8609
TBILIS 1994 08 29 2  8616  8567  8585  8584  8595  8597  8587  8608  8603  8552  8578  8576
TBILIS 1994 08 30 1  8599  8564  8600  8584  8583  8568  8506  8539  8557  8591  8574  8613
TBILIS 1994 08 30 2  8613  8636  8590  8611  8596  8592  8571  8552  8568  8567  8599  8597
TBILIS 1994 08 31 1  8579  8567  8563  8568  8531  8539  8544  8552  8566  8501  8544  8539
TBILIS 1994 08 31 2  8586  8585  8658  8640  8677  8655  8630  8627  8661  8647  8683  8662
Cosmic-Ray Neutron Monitor Data (Hourly, Pressure-Corrected and Scale-Adjusted Counts)
Collections: WDC for Cosmic Rays, Solar-Terrestrial Environment Laboratory, Nagoya Univ.
Data Access: http://center.stelab.nagoya-u.ac.jp/WDCCR/index.html
Project: ICSU WDC
Citation: WDC for Cosmic Rays, Solar-Terrestrial Environment Laboratory, Nagoya University
Station ID: TBILIS
Station:  TBILISI,GIORGIA,INSTITUT GEOPHYSIKY (IG), GIORGIAN ACADEMY OF SCIENCES,GIORGIA 
Instrument:  18 NM-64 NEUTRON MONITOR, CORRECTED FOR PRESSURE TO 950.0  MB,COEF.=-0.690 %/MB
Latitude (deg.):   41.72  Longitude (deg.):   44.80  Altitude (m):  510.00
Cut-Off Rigidity (GV):    6.91
Year: 1994  Month:   9
Scaling Factor (SF):    64.0   Constant (CONST):     0.0  Real Counts = (DATA + CONST)*SF
Temporal Resolution: 1 hour
UTC Start Hour:     0.0
DATA FILE IS PREPARED BY IZMIRAN (ftp://cr0.izmiran.rssi.ru/Cosray!/FTP_NM/C/)  
 Updated by IZMIRAN on 20001101                         
Monthly Average:  8646.2
Updated (YYYY MM DD): 2013 12 12
*******************************************************************************************
ID     YYYY MM DD 1     0     1     2     3     4     5     6     7     8     9    10    11
ID     YYYY MM DD 2    12    13    14    15    16    17    18    19    20    21    22    23
*******************************************************************************************
TBILIS 1994 09 01 1  8632  8649  8600  8646  8586  8604  8572  8580  8582  8600  8629  8605
TBILIS 1994 09 01 2  8663  8682  8701  8729  8736  8695  8734  8706  8674  8696  8661  8693
TBILIS 1994 09 02 1  8693  8669  8706  8679  8650  8659  8693  8671  8649  8640  8646  8659
TBILIS 1994 09 02 2  8697  8739  8750  8778  8790  8755  8797  8791  8757  8751  8737  8704
TBILIS 1994 09 03 1  8711  8693  8714  8657  8678  8628  8652  8693  8682  8670  8720  8671
TBILIS 1994 09 03 2  8740  8731  8771  8795  8775  8745  8757  8742  8781  8688  8675  8670
TBILIS 1994 09 04 1  8689  8646  8662  8672  8701  8676  8668  8675  8634  8659  8663  8666
TBILIS 1994 09 04 2  8718  8660  8718  8738  8675  8619  8640  8621  8591  8606  8615  8558
TBILIS 1994 09 05 1  8612  8622  8595  8638  8628  8615  8609  8598  8617  8673  8667  8668
TBILIS 1994 09 05 2  8684  8685  8695  8715  8738  8684  8730  8709  8650  8673  8676  8660
TBILIS 1994 09 06 1  8671  8642  8629  8617  8711  8715  8659  8644  8639  8674  8627  8627
TBILIS 1994 09 06 2  8629  8667  8643  8667  8633  8604  8622  8630  8614  8497  8544  8540
TBILIS 1994 09 07 1  8525  8546  8570  8553  8611  8591  8563  8641  8650  8665  8690  8655
TBILIS 1994 09 07 2  8655  8659  8681  8727  8665  8648  8638  8611  8603  8590  8596  8596
TBILIS 1994 09 08 1  8625  8595  8601  8589  8605  8562  8555  8595  8576  8595  8555  8552
TBILIS 1994 09 08 2  8563  8585  8586  8557  8559  8540  8523  8536  8563  8532  8534  8541
TBILIS 1994 09 09 1  8581  8579  8592  8506  8519  8589  8540  8567  8545  8564  8587  8596
TBILIS 1994 09 09 2  8611  8697  8655  8665  8671  8652  8668  8660  8606  8612  8613  8587
TBILIS 1994 09 10 1  8587  8563  8593  8573  8560  8604  8607  8605  8634  8665  8635  8669
TBILIS 1994 09 10 2  8688  8727  8707  8710  8713  8693  8690  8680  8688  8648  8651  8659
TBILIS 1994 09 11 1  8678  8666  8664  8659  8646  8608  8613  8646  8610  8616  8626  8709
TBILIS 1994 09 11 2  8679  8678  8734  8733  8743  8682  8704  8706  8695  8658  8676  8614
TBILIS 1994 09 12 1  8643  8633  8651  8641  8639  8633  8621  8634  8622  8637  8604  8604
TBILIS 1994 09 12 2  8698  8662  8704  8720  8730  8633  8676  8690  8693  8682  8666  8650
TBILIS 1994 09 13 1  8639  8617  8617  8605  8570  8606  8574  8604  8606  8629  8641  8638
TBILIS 1994 09 13 2  8652  8704  8741  8737  8725  8717  8680  8718  8657  8689 99999 99999
TBILIS 1994 09 14 1 99999 99999 99999 99999 99999 99999 99999 99999 99999 99999 99999 99999
TBILIS 1994 09 14 2 99999 99999  8616  8729  8643  8690  8642  8673  8646  8623  8602  8582
TBILIS 1994 09 15 1  8615  8597  8633  8619  8569  8578  8571  8596  8601  8626  8643  8624
TBILIS 1994 09 15 2  8625  8617  8635  8655  8638  8616  8621  8581  8614  8591  8593  8585
TBILIS 1994 09 16 1  8574  8557  8528  8559  8553  8570  8614  8594  8610  8628  8619  8635
TBILIS 1994 09 16 2  8661  8625  8642  8651  8628  8607  8593  8545  8594  8553  8546  8555
TBILIS 1994 09 17 1  8553  8569  8546  8555  8525  8571  8580  8597  8616  8594  8572  8587
TBILIS 1994 09 17 2  8607  8604  8632  8641  8625  8646  8574  8590  8586  8591  8614  8583
TBILIS 1994 09 18 1  8607  8575  8580  8536  8566  8520  8571  8570  8574  8584  8578  8584
TBILIS 1994 09 18 2  8575  8568  8578  8581  8595  8551  8550  8560  8571  8554  8570  8581
TBILIS 1994 09 19 1  8608  8600  8549  8544  8582  8529  8525  8544  8515  8565  8550  8566
TBILIS 1994 09 19 2 99999 99999 99999 99999 99999  8567  8540  8553  8575  8568  8572  8592
TBILIS 1994 09 20 1 99999 99999 99999 99999 99999  8567  8540  8553  8575  8568  8572  8592
TBILIS 1994 09 20 2  8592  8626  8660  8644  8646  8643  8619  8610  8625  8596  8633  8633
TBILIS 1994 09 21 1  8597  8638  8604  8589  8604  8597  8597  8613  8602  8586  8604  8591
TBILIS 1994 09 21 2  8636  8637  8635  8668  8651  8658  8621  8646  8593  8612  8626  8582
TBILIS 1994 09 22 1  8645  8597  8586  8591  8575  8558  8563  8582  8577  8560  8552  8604
TBILIS 1994 09 22 2  8622  8642  8677  8706  8681  8669  8679  8672  8646  8642  8656  8628
TBILIS 1994 09 23 1  8607  8623  8600  8537  8566  8497  8551  8563  8548  8586  8551  8570
TBILIS 1994 09 23 2  8563  8643  8661  8654  8656  8628  8633  8648  8601  8600  8585  8630
TBILIS 1994 09 24 1  8610  8621  8632  8595  8597  8586  8592  8553  8600  8582  8628  8664
TBILIS 1994 09 24 2  8634  8672  8702  8684  8692  8712  8722  8684  8652  8659  8678  8669
TBILIS 1994 09 25 1  8681  8677  8623  8604  8601  8568  8544  8600  8631  8628  8643  8637
TBILIS 1994 09 25 2  8688  8676  8735  8745  8735  8688  8745  8815  8825  8807  8773  8755
TBILIS 1994 09 26 1  8729  8735  8696  8697  8679  8664  8678  8645  8663  8683  8737  8718
TBILIS 1994 09 26 2  8707  8728  8680  8722  8706  8633  8697  8716  8723  8664  8677  8695
TBILIS 1994 09 27 1  8665  8664  8730  8708  8741  8723  8694  8661  8703  8707  8721  8747
TBILIS 1994 09 27 2  8763  8758  8777  8750  8735  8741  8730  8716  8747  8754  8734  8727
TBILIS 1994 09 28 1  8777  8761  8793  8764  8733  8705  8677  8728  8727  8693  8738  8747
TBILIS 1994 09 28 2  8755  8763  8771  8770  8694  8684  8712  8774  8753  8736  8740  8727
TBILIS 1994 09 29 1  8744  8755  8696  8727  8684  8688  8694  8707  8697  8688  8728  8735
TBILIS 1994 09 29 2  8745  8759  8741  8738  8771  8734  8689  8699  8733  8702  8654  8711
TBILIS 1994 09 30 1  8716  8693  8759  8696  8703  8692  8703  8701  8688  8692  8709  8727
TBILIS 1994 09 30 2  8744  8756  8746  8736  8725  8713  8723  8698  8709  8684  8662  8714
TBILIS 1994 09 31 1 99999 99999 99999 99999 99999 99999 99999 99999 99999 99999 99999 99999
TBILIS 1994 09 31 2 99999 99999 99999 99999 99999 99999 99999 99999 99999 99999 99999 99999
Cosmic-Ray Neutron Monitor Data (Hourly, Pressure-Corrected and Scale-Adjusted Counts)
Collections: WDC for Cosmic Rays, Solar-Terrestrial Environment Laboratory, Nagoya Univ.
Data Access: http://center.stelab.nagoya-u.ac.jp/WDCCR/index.html
Project: ICSU WDC
Citation: WDC for Cosmic Rays, Solar-Terrestrial Environment Laboratory, Nagoya University
Station ID: TBILIS
Station:  TBILISI,GIORGIA,INSTITUT GEOPHYSIKY (IG), GIORGIAN ACADEMY OF SCIENCES,GIORGIA 
Instrument:  18 NM-64 NEUTRON MONITOR, CORRECTED FOR PRESSURE TO 950.0  MB,COEF.=-0.690 %/MB
Latitude (deg.):   41.72  Longitude (deg.):   44.80  Altitude (m):  510.00
Cut-Off Rigidity (GV):    6.91
Year: 1994  Month:  10
Scaling Factor (SF):    64.0   Constant (CONST):     0.0  Real Counts = (DATA + CONST)*SF
Temporal Resolution: 1 hour
UTC Start Hour:     0.0
DATA FILE IS PREPARED BY IZMIRAN (ftp://cr0.izmiran.rssi.ru/Cosray!/FTP_NM/C/)  
 Updated by IZMIRAN on 20001101                         
Monthly Average:  8614.5
Updated (YYYY MM DD): 2013 12 12
*******************************************************************************************
ID     YYYY MM DD 1     0     1     2     3     4     5     6     7     8     9    10    11
ID     YYYY MM DD 2    12    13    14    15    16    17    18    19    20    21    22    23
*******************************************************************************************
TBILIS 1994 10 01 1  8694  8670  8680  8682  8683  8640  8681  8677  8690  8702  8754  8758
TBILIS 1994 10 01 2  8733  8748  8773  8766  8748  8771  8726  8692  8669  8676  8699  8742
TBILIS 1994 10 02 1  8738  8744  8742  8717  8727  8668  8624  8665  8646  8648  8705  8672
TBILIS 1994 10 02 2  8739  8730  8735  8733  8765  8710  8714  8710  8753  8774  8722  8758
TBILIS 1994 10 03 1  8694  8682  8656  8623  8648  8643  8614  8662  8700  8743  8718  8706
TBILIS 1994 10 03 2  8742  8790  8754  8766  8779  8763  8745  8695  8698  8649  8622  8638
TBILIS 1994 10 04 1  8638 99999  8584  8611  8590  8589  8587  8563  8610  8563  8596  8614
TBILIS 1994 10 04 2  8655  8649  8654  8710  8645  8676  8640  8635  8679  8612  8598  8593
TBILIS 1994 10 05 1  8603  8583  8589  8591  8577  8573  8541  8613  8573  8626  8661  8671
TBILIS 1994 10 05 2  8680  8715  8710  8696  8646  8629  8586  8586  8579  8583  8581  8579
TBILIS 1994 10 06 1  8562  8561  8575  8604  8566  8583  8574  8534  8510  8565  8571  8604
TBILIS 1994 10 06 2  8651  8635  8645  8652  8650  8656  8619  8645  8629  8557  8581  8583
TBILIS 1994 10 07 1  8626  8590  8571  8613  8587  8538  8521  8518  8516  8503  8557  8527
TBILIS 1994 10 07 2  8544  8570  8595  8608  8601  8613  8601  8586  8632  8634  8601  8583
TBILIS 1994 10 08 1  8613  8589  8602  8597  8575  8523  8560  8536  8557  8594  8596  8606
TBILIS 1994 10 08 2  8607  8630  8622  8632  8640  8658  8613  8646  8595  8613  8593  8612
TBILIS 1994 10 09 1  8650  8637  8567  8605  8576  8598  8607  8571  8596  8585  8579  8628
TBILIS 1994 10 09 2  8632  8616  8633  8715  8673  8688  8670  8631  8643  8637  8633  8594
TBILIS 1994 10 10 1  8583  8594  8604  8584  8582  8589  8529  8546  8576  8549  8574  8572
TBILIS 1994 10 10 2  8596  8606  8619  8618  8684  8667  8639  8644  8629  8639  8619  8643
TBILIS 1994 10 11 1  8638  8607  8604  8646  8576  8581  8551  8558  8548  8557  8598  8607
TBILIS 1994 10 11 2  8625  8635  8619  8654  8663  8661  8652  8658  8625  8639  8649  8637
TBILIS 1994 10 12 1  8614  8573  8607  8590  8604  8599  8583  8594  8553  8593  8570  8623
TBILIS 1994 10 12 2  8694  8655  8647  8657  8650  8607  8623  8604  8612  8688  8630  8619
TBILIS 1994 10 13 1  8663  8621  8632  8619  8590  8604  8602  8607  8638  8609  8650  8651
TBILIS 1994 10 13 2  8636  8643  8635  8644  8640  8604  8597  8561  8563  8513  8536  8505
TBILIS 1994 10 14 1  8562  8564  8574  8607  8631  8565  8535  8533  8559  8559  8632  8607
TBILIS 1994 10 14 2  8584  8625  8603  8638  8615  8597  8610  8548  8626  8637  8595  8652
TBILIS 1994 10 15 1  8629  8601  8656  8571  8663  8700  8693  8690  8655  8646  8742  8671
TBILIS 1994 10 15 2  8692  8693  8646  8668  8642  8642  8663  8601  8593  8634  8584  8599
TBILIS 1994 10 16 1  8609  8634  8624  8622  8652  8654  8599  8617  8578  8595  8609  8597
TBILIS 1994 10 16 2  8636  8611  8678  8655  8604  8628  8631  8662  8637  8595  8586  8637
TBILIS 1994 10 17 1  8601  8595  8585  8606  8567  8541  8559  8532  8530  8534  8529  8541
TBILIS 1994 10 17 2  8563  8552  8603  8563  8568  8571  8514  8512  8494  8533  8580  8529
TBILIS 1994 10 18 1  8553  8563  8578  8583  8590  8625  8550  8498  8534  8570  8545  8570
TBILIS 1994 10 18 2  8567  8551  8589  8565  8550  8520  8535  8548  8593  8596  8563  8598
TBILIS 1994 10 19 1  8597  8581  8616  8635  8673  8604  8589  8597  8600  8612  8649  8657
TBILIS 1994 10 19 2  8608  8569  8654  8612  8640  8612  8572  8602  8644  8633  8636  8631
TBILIS 1994 10 20 1  8595  8570  8633  8622  8626  8582  8564  8563  8576  8577  8587  8577
TBILIS 1994 10 20 2  8619  8577  8565  8580  8578  8554  8565  8551  8485  8525  8540  8548
TBILIS 1994 10 21 1  8552  8547  8563  8606  8590  8574  8580  8539  8568  8613  8608  8597
TBILIS 1994 10 21 2  8604  8580  8646  8618  8644  8657  8628  8643  8689  8619  8609  8626
TBILIS 1994 10 22 1  8674  8655  8654  8637  8683  8610  8646  8583  8564  8569  8577  8648
TBILIS 1994 10 22 2  8603  8631  8578  8600 99999 99999 99999 99999 99999 99999 99999 99999
TBILIS 1994 10 23 1 99999 99999 99999 99999 99999 99999 99999 99999 99999 99999 99999 99999
TBILIS 1994 10 23 2 99999 99999 99999 99999 99999 99999 99999 99999 99999  8430  8527  8513
TBILIS 1994 10 24 1  8504  8541  8528  8537  8565  8554  8550  8568  8563  8598  8596  8600
TBILIS 1994 10 24 2  8525  8543  8554  8501  8502  8515  8501  8495  8504  8490  8508  8535
TBILIS 1994 10 25 1  8561  8527  8531  8524  8566  8568  8567  8547  8577  8573  8603  8574
TBILIS 1994 10 25 2  8564  8582  8586  8577  8584  8610  8564  8573  8574  8596  8558  8563
TBILIS 1994 10 26 1  8554  8607  8627  8604  8579  8586  8598  8595  8617  8596  8654  8634
TBILIS 1994 10 26 2  8669  8658  8645  8600  8634  8606  8573  8586  8569  8598  8596  8570
TBILIS 1994 10 27 1  8565  8580  8568  8577  8599  8607  8574  8575  8581  8571  8604  8681
TBILIS 1994 10 27 2  8670  8614  8635  8623  8650  8669  8609  8600  8591  8578  8579  8578
TBILIS 1994 10 28 1  8614  8646  8605 99999 99999 99999 99999 99999  8651  8651  8692  8661
TBILIS 1994 10 28 2  8670  8729  8709  8766  8721  8706  8698  8678  8701  8675  8687  8700
TBILIS 1994 10 29 1  8706  8671  8698  8667  8628  8605  8544  8521  8561  8560  8623  8655
TBILIS 1994 10 29 2  8664  8764  8748  8718  8739 99999 99999  8654  8726  8696  8616  8578
TBILIS 1994 10 30 1  8564  8607  8566  8630  8604  8594  8599  8637  8657  8667  8622  8656
TBILIS 1994 10 30 2  8623  8609  8610  8589  8633  8604  8587  8655  8630  8584  8566  8604
TBILIS 1994 10 31 1  8557  8563  8590  8562  8564  8559  8583  8574  8639  8648  8656  8647
TBILIS 1994 10 31 2  8637  8665  8677  8637  8677  8623  8641  8559 99999 99999 99999 99999
Cosmic-Ray Neutron Monitor Data (Hourly, Pressure-Corrected and Scale-Adjusted Counts)
Collections: WDC for Cosmic Rays, Solar-Terrestrial Environment Laboratory, Nagoya Univ.
Data Access: http://center.stelab.nagoya-u.ac.jp/WDCCR/index.html
Project: ICSU WDC
Citation: WDC for Cosmic Rays, Solar-Terrestrial Environment Laboratory, Nagoya University
Station ID: TBILIS
Station:  TBILISI,GIORGIA,INSTITUT GEOPHYSIKY (IG), GIORGIAN ACADEMY OF SCIENCES,GIORGIA 
Instrument:  18 NM-64 NEUTRON MONITOR, CORRECTED FOR PRESSURE TO 950.0  MB,COEF.=-0.690 %/MB
Latitude (deg.):   41.72  Longitude (deg.):   44.80  Altitude (m):  510.00
Cut-Off Rigidity (GV):    6.91
Year: 1994  Month:  11
Scaling Factor (SF):    64.0   Constant (CONST):     0.0  Real Counts = (DATA + CONST)*SF
Temporal Resolution: 1 hour
UTC Start Hour:     0.0
DATA FILE IS PREPARED BY IZMIRAN (ftp://cr0.izmiran.rssi.ru/Cosray!/FTP_NM/C/)  
 Updated by IZMIRAN on 20001101                         
Monthly Average:  8588.1
Updated (YYYY MM DD): 2013 12 12
*******************************************************************************************
ID     YYYY MM DD 1     0     1     2     3     4     5     6     7     8     9    10    11
ID     YYYY MM DD 2    12    13    14    15    16    17    18    19    20    21    22    23
*******************************************************************************************
TBILIS 1994 11 01 1 99999 99999 99999 99999 99999 99999 99999 99999 99999 99999 99999 99999
TBILIS 1994 11 01 2 99999 99999 99999 99999  8645  8568  8544  8570  8570  8578  8563  8535
TBILIS 1994 11 02 1  8572  8597  8530  8608  8566  8583  8567  8580  8580  8555  8639  8636
TBILIS 1994 11 02 2  8650  8641  8663  8596  8594  8669  8616  8612  8636  8604  8576  8609
TBILIS 1994 11 03 1  8601  8546  8553  8613  8564  8569  8543  8526  8508  8473  8543  8578
TBILIS 1994 11 03 2  8586  8578  8654  8631  8658  8639  8648  8618  8631  8614  8633  8646
TBILIS 1994 11 04 1  8582  8545  8545  8572  8611  8565  8567  8569  8510  8520  8554  8596
TBILIS 1994 11 04 2  8567  8596  8607  8613  8611  8599  8610 99999 99999 99999 99999 99999
TBILIS 1994 11 05 1 99999 99999 99999 99999 99999 99999 99999 99999 99999 99999  8593  8634
TBILIS 1994 11 05 2  8630  8627  8617  8624  8625  8623  8625  8591  8575  8564  8568  8555
TBILIS 1994 11 06 1  8543  8534  8547  8623  8642  8600  8596  8597  8612  8600  8618  8649
TBILIS 1994 11 06 2  8573  8585  8586  8607  8586  8563  8554  8598  8534  8469  8491  8497
TBILIS 1994 11 07 1  8503  8486  8495  8499 99999 99999 99999 99999 99999 99999 99999 99999
TBILIS 1994 11 07 2 99999 99999 99999 99999 99999 99999 99999 99999 99999 99999  8488  8485
TBILIS 1994 11 08 1  8488  8488  8476  8488  8499  8593  8609  8524  8609  8618  8629  8594
TBILIS 1994 11 08 2  8599  8638  8643 99999 99999  8599  8570  8514  8601  8610  8648  8551
TBILIS 1994 11 09 1  8560  8552  8498  8551  8573  8596  8617  8589  8615  8671  8708  8663
TBILIS 1994 11 09 2  8651  8692  8705 99999 99999 99999 99999 99999 99999 99999 99999 99999
TBILIS 1994 11 10 1 99999 99999 99999 99999 99999 99999 99999 99999 99999 99999 99999 99999
TBILIS 1994 11 10 2 99999 99999 99999 99999 99999 99999 99999 99999 99999 99999 99999 99999
TBILIS 1994 11 11 1 99999 99999 99999 99999 99999 99999 99999 99999 99999 99999 99999 99999
TBILIS 1994 11 11 2 99999 99999 99999 99999  8582  8532  8561  8539  8533  8567  8572  8563
TBILIS 1994 11 12 1  8527  8548  8562  8504  8546  8558  8560  8558  8599  8609  8587  8646
TBILIS 1994 11 12 2  8622  8637  8608  8608  8598  8622  8600  8574  8565  8589  8569  8562
TBILIS 1994 11 13 1  8535  8536  8543  8623  8572  8528  8563  8552  8564  8567  8545  8546
TBILIS 1994 11 13 2  8516  8503  8517  8498 99999 99999 99999 99999 99999 99999 99999 99999
TBILIS 1994 11 14 1 99999 99999 99999 99999 99999 99999 99999 99999 99999 99999 99999 99999
TBILIS 1994 11 14 2 99999 99999 99999 99999 99999 99999  8542  8566  8592  8542  8603  8604
TBILIS 1994 11 15 1  8562  8546  8579  8565  8565  8540  8560  8507  8563  8545  8573  8569
TBILIS 1994 11 15 2  8509  8574  8558  8589  8549  8515  8546  8520  8563  8535  8538  8572
TBILIS 1994 11 16 1 99999 99999 99999 99999 99999 99999 99999  8505  8525  8561  8564  8593
TBILIS 1994 11 16 2  8524  8545  8562  8531  8534  8540  8539 99999 99999 99999 99999 99999
TBILIS 1994 11 17 1 99999 99999 99999 99999 99999 99999 99999 99999 99999 99999 99999 99999
TBILIS 1994 11 17 2 99999 99999 99999 99999 99999 99999 99999 99999 99999 99999 99999 99999
TBILIS 1994 11 18 1 99999 99999 99999 99999 99999 99999 99999 99999 99999 99999 99999 99999
TBILIS 1994 11 18 2 99999 99999 99999  8651  8674  8660  8645  8634  8626  8646  8634  8598
TBILIS 1994 11 19 1  8619  8530 99999 99999 99999 99999 99999 99999  8643  8637  8645  8646
TBILIS 1994 11 19 2  8661  8671  8665  8676  8642  8659  8669  8629  8638  8641  8647  8634
TBILIS 1994 11 20 1  8646  8622  8615  8629  8580  8597  8627  8605  8576  8635  8629  8619
TBILIS 1994 11 20 2  8638  8616  8670  8616  8644  8657  8613  8606  8610  8604  8590  8616
TBILIS 1994 11 21 1  8610  8617  8608  8578  8574  8589  8570  8566  8565  8591  8586  8604
TBILIS 1994 11 21 2  8581  8593  8577 99999 99999 99999 99999 99999  8539  8590  8552  8582
TBILIS 1994 11 22 1  8580  8609  8575  8597  8583  8569 99999 99999  8558  8582  8610  8554
TBILIS 1994 11 22 2 99999 99999 99999 99999 99999 99999  8641  8613  8610  8634  8631  8692
TBILIS 1994 11 23 1  8673  8683  8628  8651  8615  8577  8619  8609  8577  8619  8660  8630
TBILIS 1994 11 23 2  8633  8655  8641  8677  8669  8646  8642  8657  8628  8608  8599  8598
TBILIS 1994 11 24 1  8574  8560  8606  8547  8563  8540  8565  8577  8583  8606  8688  8673
TBILIS 1994 11 24 2  8639  8665  8634  8611  8654  8616  8626  8606  8625  8590  8581  8535
TBILIS 1994 11 25 1  8547  8527  8527  8529  8474  8515  8573  8500  8553  8566  8581  8609
TBILIS 1994 11 25 2  8582  8569  8606  8634  8642  8604  8617  8640  8664  8640  8650  8611
TBILIS 1994 11 26 1  8610  8621  8574  8682  8645  8585  8603  8604  8582  8623  8714  8609
TBILIS 1994 11 26 2 99999 99999 99999 99999 99999  8633  8615  8602  8626  8604  8658  8594
TBILIS 1994 11 27 1  8587  8567  8542  8557  8574 99999 99999 99999 99999 99999 99999 99999
TBILIS 1994 11 27 2 99999 99999 99999  8606  8599  8581  8596  8613  8560  8611  8558  8518
TBILIS 1994 11 28 1  8509  8532  8523 99999 99999  8515  8532  8504  8569  8538  8635  8619
TBILIS 1994 11 28 2  8594  8563  8575  8554  8577  8535  8554  8543  8554  8553  8575  8551
TBILIS 1994 11 29 1  8549  8574  8552  8540 99999 99999 99999 99999 99999 99999 99999 99999
TBILIS 1994 11 29 2 99999 99999 99999 99999 99999 99999 99999 99999 99999 99999 99999 99999
TBILIS 1994 11 30 1 99999 99999 99999 99999 99999 99999 99999 99999 99999 99999 99999 99999
TBILIS 1994 11 30 2 99999 99999 99999 99999 99999 99999 99999 99999 99999 99999 99999 99999
TBILIS 1994 11 31 1 99999 99999 99999 99999 99999 99999 99999 99999 99999 99999 99999 99999
TBILIS 1994 11 31 2 99999 99999 99999 99999 99999 99999 99999 99999 99999 99999 99999 99999
Cosmic-Ray Neutron Monitor Data (Hourly, Pressure-Corrected and Scale-Adjusted Counts)
Collections: WDC for Cosmic Rays, Solar-Terrestrial Environment Laboratory, Nagoya Univ.
Data Access: http://center.stelab.nagoya-u.ac.jp/WDCCR/index.html
Project: ICSU WDC
Citation: WDC for Cosmic Rays, Solar-Terrestrial Environment Laboratory, Nagoya University
Station ID: TBILIS
Station:  TBILISI,GIORGIA,INSTITUT GEOPHYSIKY (IG), GIORGIAN ACADEMY OF SCIENCES,GIORGIA 
Instrument:  18 NM-64 NEUTRON MONITOR, CORRECTED FOR PRESSURE TO 950.0  MB,COEF.=-0.690 %/MB
Latitude (deg.):   41.72  Longitude (deg.):   44.80  Altitude (m):  510.00
Cut-Off Rigidity (GV):    6.91
Year: 1994  Month:  12
Scaling Factor (SF):    64.0   Constant (CONST):     0.0  Real Counts = (DATA + CONST)*SF
Temporal Resolution: 1 hour
UTC Start Hour:     0.0
DATA FILE IS PREPARED BY IZMIRAN (ftp://cr0.izmiran.rssi.ru/Cosray!/FTP_NM/C/)  
 Updated by IZMIRAN on 19980226                         
Monthly Average:  8660.9
Updated (YYYY MM DD): 2013 12 12
*******************************************************************************************
ID     YYYY MM DD 1     0     1     2     3     4     5     6     7     8     9    10    11
ID     YYYY MM DD 2    12    13    14    15    16    17    18    19    20    21    22    23
*******************************************************************************************
TBILIS 1994 12 01 1 99999 99999 99999 99999 99999 99999 99999 99999 99999 99999 99999 99999
TBILIS 1994 12 01 2 99999 99999 99999 99999 99999 99999 99999 99999 99999 99999 99999 99999
TBILIS 1994 12 02 1 99999 99999 99999 99999 99999 99999 99999 99999 99999 99999 99999 99999
TBILIS 1994 12 02 2 99999 99999 99999 99999 99999 99999 99999 99999 99999 99999 99999 99999
TBILIS 1994 12 03 1 99999 99999 99999 99999 99999 99999 99999 99999 99999 99999 99999 99999
TBILIS 1994 12 03 2 99999 99999 99999 99999 99999 99999 99999 99999 99999 99999 99999 99999
TBILIS 1994 12 04 1 99999 99999 99999 99999 99999 99999 99999 99999 99999 99999 99999 99999
TBILIS 1994 12 04 2 99999 99999 99999 99999 99999 99999 99999 99999 99999 99999 99999 99999
TBILIS 1994 12 05 1 99999 99999 99999 99999 99999 99999 99999 99999 99999 99999 99999 99999
TBILIS 1994 12 05 2 99999 99999 99999 99999 99999 99999 99999 99999 99999 99999 99999 99999
TBILIS 1994 12 06 1 99999 99999 99999 99999 99999 99999 99999 99999 99999 99999 99999 99999
TBILIS 1994 12 06 2 99999 99999 99999 99999 99999 99999 99999 99999 99999 99999 99999 99999
TBILIS 1994 12 07 1 99999 99999 99999 99999 99999 99999 99999 99999 99999 99999 99999 99999
TBILIS 1994 12 07 2 99999 99999 99999 99999 99999 99999 99999 99999 99999 99999 99999 99999
TBILIS 1994 12 08 1 99999 99999 99999 99999 99999 99999 99999 99999 99999 99999 99999 99999
TBILIS 1994 12 08 2 99999 99999 99999 99999 99999 99999 99999 99999 99999 99999 99999 99999
TBILIS 1994 12 09 1 99999 99999 99999 99999 99999 99999 99999 99999 99999 99999 99999 99999
TBILIS 1994 12 09 2 99999 99999 99999 99999 99999 99999 99999 99999 99999 99999 99999 99999
TBILIS 1994 12 10 1 99999 99999 99999 99999 99999 99999 99999 99999 99999 99999 99999 99999
TBILIS 1994 12 10 2 99999 99999 99999 99999 99999 99999 99999 99999 99999 99999 99999 99999
TBILIS 1994 12 11 1 99999 99999 99999 99999 99999 99999 99999 99999 99999 99999 99999 99999
TBILIS 1994 12 11 2 99999 99999 99999 99999 99999 99999 99999 99999 99999 99999 99999 99999
TBILIS 1994 12 12 1 99999 99999 99999 99999 99999 99999 99999 99999 99999 99999 99999 99999
TBILIS 1994 12 12 2 99999 99999 99999 99999 99999 99999 99999 99999 99999 99999 99999 99999
TBILIS 1994 12 13 1 99999 99999 99999 99999 99999 99999 99999 99999 99999 99999 99999 99999
TBILIS 1994 12 13 2 99999 99999 99999 99999 99999 99999 99999 99999 99999 99999 99999 99999
TBILIS 1994 12 14 1 99999 99999 99999 99999 99999 99999 99999 99999 99999 99999 99999 99999
TBILIS 1994 12 14 2 99999 99999 99999 99999 99999 99999 99999 99999 99999 99999 99999 99999
TBILIS 1994 12 15 1 99999 99999 99999 99999 99999 99999 99999 99999 99999 99999 99999 99999
TBILIS 1994 12 15 2 99999 99999 99999 99999 99999 99999 99999 99999 99999 99999 99999 99999
TBILIS 1994 12 16 1 99999 99999 99999 99999 99999 99999 99999 99999 99999 99999 99999 99999
TBILIS 1994 12 16 2 99999 99999 99999 99999 99999 99999 99999 99999 99999 99999 99999 99999
TBILIS 1994 12 17 1 99999 99999 99999 99999 99999 99999 99999 99999 99999 99999 99999 99999
TBILIS 1994 12 17 2 99999 99999 99999 99999 99999 99999 99999 99999 99999 99999 99999 99999
TBILIS 1994 12 18 1 99999 99999 99999 99999 99999 99999 99999 99999 99999 99999 99999 99999
TBILIS 1994 12 18 2 99999 99999 99999 99999 99999 99999 99999 99999 99999 99999 99999 99999
TBILIS 1994 12 19 1 99999 99999 99999 99999 99999 99999 99999 99999 99999 99999 99999 99999
TBILIS 1994 12 19 2 99999 99999 99999 99999 99999 99999 99999 99999 99999 99999 99999 99999
TBILIS 1994 12 20 1 99999 99999 99999 99999 99999 99999 99999 99999 99999 99999 99999 99999
TBILIS 1994 12 20 2 99999 99999 99999 99999 99999 99999 99999 99999 99999 99999 99999 99999
TBILIS 1994 12 21 1 99999 99999 99999 99999 99999 99999 99999 99999 99999 99999 99999 99999
TBILIS 1994 12 21 2 99999 99999 99999 99999 99999 99999 99999 99999 99999 99999 99999 99999
TBILIS 1994 12 22 1 99999 99999 99999 99999 99999 99999 99999 99999 99999 99999 99999 99999
TBILIS 1994 12 22 2 99999 99999 99999 99999 99999 99999 99999 99999 99999 99999 99999 99999
TBILIS 1994 12 23 1  8743  8732  8742  8796  8689  8751 99999  8767  8676  8730  8712  8693
TBILIS 1994 12 23 2  8691  8703  8682  8746  8775  8687  8787  8700  8697  8734  8756  8709
TBILIS 1994 12 24 1  8663  8670  8695  8671  8668  8687  8677  8667  8671  8696  8738  8713
TBILIS 1994 12 24 2  8747  8778  8738  8741  8722  8682 99999  8674  8694  8679  8683  8696
TBILIS 1994 12 25 1  8694  8703  8715  8675 99999  8677  8714  8682  8705  8690  8670  8698
TBILIS 1994 12 25 2  8730  8734  8688  8759  8634  8640  8643  8665  8667 99999 99999 99999
TBILIS 1994 12 26 1 99999 99999 99999 99999 99999 99999  8725  8686  8715  8663  8657  8692
TBILIS 1994 12 26 2  8691  8685  8700  8696  8714  8714  8736  8716  8700  8702  8702  8679
TBILIS 1994 12 27 1  8720  8711  8735  8691  8686  8695  8676  8628  8654  8667  8664  8680
TBILIS 1994 12 27 2  8726  8660  8665  8633  8611  8641  8656  8660  8633  8634  8619  8658
TBILIS 1994 12 28 1  8665  8640  8656  8648  8689  8627  8631  8618  8629  8665 99999 99999
TBILIS 1994 12 28 2  8693  8666  8711  8676  8658  8695  8658  8633  8605  8673  8663  8630
TBILIS 1994 12 29 1  8667  8613  8602  8590  8595  8578  8607  8590  8594  8652  8655  8655
TBILIS 1994 12 29 2 99999 99999 99999 99999 99999 99999 99999  8606  8590  8599  8572  8576
TBILIS 1994 12 30 1  8571  8586  8542  8569  8655  8564 99999  8591  8597  8603  8622  8639
TBILIS 1994 12 30 2  8609  8602 99999  8606  8574  8563  8584  8554  8525  8586  8530  8552
TBILIS 1994 12 31 1  8559  8545  8597  8590  8585  8630  8592  8600  8651  8627  8637  8613
TBILIS 1994 12 31 2  8679  8663  8645  8682  8669  8643  8601  8615  8599  8597  8600  8634
