Cosmic-Ray Neutron Monitor Data (Hourly, Pressure-Corrected and Scale-Adjusted Counts)
Collections: WDC for Cosmic Rays, Solar-Terrestrial Environment Laboratory, Nagoya Univ.
Data Access: http://center.stelab.nagoya-u.ac.jp/WDCCR/index.html
Project: ICSU WDC
Citation: WDC for Cosmic Rays, Solar-Terrestrial Environment Laboratory, Nagoya University
Station ID: TBILIS
Station:  TBILISI,GIORGIA,INSTITUT GEOPHYSIKY (IG), GIORGIAN ACADEMY OF SCIENCES,GIORGIA 
Instrument: 18-NM-64 NEUTRON MONITOR, CORRECTED FOR PRESSURE                                
Latitude (deg.):   41.72  Longitude (deg.):   44.80  Altitude (m):  510.00
Cut-Off Rigidity (GV):    6.66
Year: 1990  Month:   1
Scaling Factor (SF):    64.0   Constant (CONST):     0.0  Real Counts = (DATA + CONST)*SF
Temporal Resolution: 1 hour
UTC Start Hour:     0.0
                                                                                
                                                        
Monthly Average:  7990.7
Updated (YYYY MM DD): 1991 12 02
*******************************************************************************************
ID     YYYY MM DD 1     0     1     2     3     4     5     6     7     8     9    10    11
ID     YYYY MM DD 2    12    13    14    15    16    17    18    19    20    21    22    23
*******************************************************************************************
TBILIS 1990 01 01 1  7848  7862  7799  7826  7827  7818  7834  7820  7826  7819  7818  7837
TBILIS 1990 01 01 2  7831  7827  7814  7801  7796  7821  7791  7812  7802  7807  7814  7803
TBILIS 1990 01 02 1  7827  7805  7739  7739  7739  7720  7737  7708  7744  7770  7794  7818
TBILIS 1990 01 02 2  7800  7833  7830  7854  7853  7864  7895  7921  7886  7901  7894  7905
TBILIS 1990 01 03 1  7884  7876  7852  7892  7904  7897  7885  7897  7919  7917  7926  7946
TBILIS 1990 01 03 2  7918  7906  7909  7887  7903  7889  7894  7891  7877  7884  7868  7874
TBILIS 1990 01 04 1  7881  7861  7861  7863  7863  7857  7918  7923  7990  7986  7966  7995
TBILIS 1990 01 04 2  7983  7965  7996  7968  7928  7975  7993  7978  7990  7985  7963  7957
TBILIS 1990 01 05 1  7996  7937  7952  7978  7925  7918  7950  7934  7978  7967  7972  7958
TBILIS 1990 01 05 2  7965  7971  7926  7918  7933  7957  7941  7909  7880  7924  7904  7901
TBILIS 1990 01 06 1  7916  7881  7869  7888  7892  7900  7909  7916  7922  7938  7933  7952
TBILIS 1990 01 06 2  7943  7981  7969  7978  7960  7993  7997  7936  7935  7951  7929  7953
TBILIS 1990 01 07 1  7942  7932  7939  7890  7892  7859  7910  7936  7934  7954  7917  7892
TBILIS 1990 01 07 2  7953  7905  7904  7884  7919  7905  7920  7885  7923  7928  7871  7882
TBILIS 1990 01 08 1  7857  7856  7844  7874  7872 99999 99999 99999 99999 99999 99999 99999
TBILIS 1990 01 08 2 99999 99999 99999 99999 99999 99999 99999 99999 99999 99999 99999 99999
TBILIS 1990 01 09 1 99999 99999 99999 99999 99999 99999 99999 99999 99999 99999 99999 99999
TBILIS 1990 01 09 2 99999  7894  7908  7937  7899  7927  7939  7936  7919  7891  7907  7958
TBILIS 1990 01 10 1  7959  7957  7956  7937  7910  7916 99999 99999 99999 99999 99999 99999
TBILIS 1990 01 10 2 99999 99999 99999  7956  7963  7951  7983  7981  7981  7966  7957  7951
TBILIS 1990 01 11 1  7918  7912  7918  7903  7871  7884  7894  7948  7997  8018  8013  8003
TBILIS 1990 01 11 2  8022  8033  8028  7908  7974  8001  7989  7962  7940  7946  7934  7902
TBILIS 1990 01 12 1  7913  7938  7900  7950  7940  7937  7967  8005  8013  8025  8017  8013
TBILIS 1990 01 12 2  8046  8009  8050  8050  8016  8015  7968  7945  7964  7974  7971  7989
TBILIS 1990 01 13 1  7946  7929  7952  7972  7926  7937  7953  7976  8022  7969  7970  7958
TBILIS 1990 01 13 2  7993  7950  7971  8010  8010  8009  8081  8028  8042  8013  8024  8026
TBILIS 1990 01 14 1  8009  8009  8021  7989  7984  7996  8014  8023  8025  8038  8049  8048
TBILIS 1990 01 14 2  7994  7986  8016  7995  8006  7979  8021  7981  7988  8013  8013  8012
TBILIS 1990 01 15 1  7991  7984  8005  8037  7978 99999 99999  8072  8074  8081  8099  8072
TBILIS 1990 01 15 2  8072  8043  8020  7985  8038  8081  8066  8134  8097  8135  8119  8083
TBILIS 1990 01 16 1  8058  7970  7968  7964  8046  7993  8020  8031  8026  8019  8077  8023
TBILIS 1990 01 16 2  8029  8032  8034  8036  8040  8051  8034  8043  8005  8051  8054  8014
TBILIS 1990 01 17 1  8038  8092  8039  8050  8064  8049  8030  8062  8074  8090 99999  8079
TBILIS 1990 01 17 2  8106  8110  8090  8136  8123  8129  8085  8087  8089  8100 99999  8071
TBILIS 1990 01 18 1  8086  8090  8049  8063  8061  8022  8021  8007  8068  8074 99999 99999
TBILIS 1990 01 18 2  8090  8030  8045  8061  8040  8013  8010  7976  7960  7994 99999 99999
TBILIS 1990 01 19 1  7960  7979  7968  7929  7930  7977  7949  7987  8026  8000 99999 99999
TBILIS 1990 01 19 2  8078  8062  8079  8057  8038  8006  8018  8045  8024  8051 99999  8004
TBILIS 1990 01 20 1  8012  7970  7975  7942  8002  7968  7941  7949  7974  7985 99999  8044
TBILIS 1990 01 20 2  8059  8059  8032  8070  8099  8075  8085  8043  8036  8045 99999  8057
TBILIS 1990 01 21 1  8013  8015  7990  7975  7972  8011  8039  8057  8077  8155 99999  8115
TBILIS 1990 01 21 2  8121  8105  8106  8101  8104  8110  8114  8104  8117 99999 99999 99999
TBILIS 1990 01 22 1  8052  8051  8058  8016  8065  8024  8018  8039  8039  8079 99999 99999
TBILIS 1990 01 22 2  8125  8089  8097  8128  8124  8114  8102  8136  8118 99999 99999 99999
TBILIS 1990 01 23 1  8102  8082  8093  8101  8084  8033  8011  8056  8044 99999 99999  8124
TBILIS 1990 01 23 2  8133  8109  8090  8088  8062  8042  8052  8022  8061 99999 99999  8027
TBILIS 1990 01 24 1  8056  8037  8026  8027  8024  8050  7989  8046  8022  8025 99999  8048
TBILIS 1990 01 24 2  8098  8091  8087  8059  8063  8056  8016  8001  8048  8031 99999  8031
TBILIS 1990 01 25 1  8008  8004  8004  8027  8018  7998  8008  7983  7999  8062 99999  8014
TBILIS 1990 01 25 2  8042  8049  8034  8064  8035  8040  8066  8051  8050  8032 99999  7989
TBILIS 1990 01 26 1  7969  7983  7993  7929  7974  7954  7975  7974  8002 99999 99999  8027
TBILIS 1990 01 26 2  8053  8062  8009  8067  8025  8006  8023  7970  7938 99999 99999  7970
TBILIS 1990 01 27 1  7971  7942  7943  7929  7936  7938  7945  8003  7999  8028  8063  8111
TBILIS 1990 01 27 2  8141  8138  8120  8151  8108  8133  8153  8227  8142 99999  8056  8104
TBILIS 1990 01 28 1  8057  8064  8055  8037  8012  7985  7993  7959  8003 99999 99999  7999
TBILIS 1990 01 28 2  8016  7993 99999  7903  7945  7904  7952  7969  7961  7981 99999  7960
TBILIS 1990 01 29 1  7985  7962  7926  7982  7977  7984  8008  7997  8012 99999  8041  8057
TBILIS 1990 01 29 2  8059  8072  8083  8041  8060  8036  8045  8010  8052 99999  8021  8037
TBILIS 1990 01 30 1  8039  8051  8058  8025  7994  7957  7990  8028  8068  8087  8115  8110
TBILIS 1990 01 30 2  8128  8127  8132  8134  8140  8193  8125  8132  8154  8117  8101  8078
TBILIS 1990 01 31 1  8075  8065  8020  8063  8053  8054  8032  8031  8051  8091  8060  8060
TBILIS 1990 01 31 2  8048  8043  8044  8062  8008  8059  8046  8034  8042  8042  7995  8045
Cosmic-Ray Neutron Monitor Data (Hourly, Pressure-Corrected and Scale-Adjusted Counts)
Collections: WDC for Cosmic Rays, Solar-Terrestrial Environment Laboratory, Nagoya Univ.
Data Access: http://center.stelab.nagoya-u.ac.jp/WDCCR/index.html
Project: ICSU WDC
Citation: WDC for Cosmic Rays, Solar-Terrestrial Environment Laboratory, Nagoya University
Station ID: TBILIS
Station:  TBILISI,GIORGIA,INSTITUT GEOPHYSIKY (IG), GIORGIAN ACADEMY OF SCIENCES,GIORGIA 
Instrument: 18-NM-64 NEUTRON MONITOR, CORRECTED FOR PRESSURE                                
Latitude (deg.):   41.72  Longitude (deg.):   44.80  Altitude (m):  510.00
Cut-Off Rigidity (GV):    6.66
Year: 1990  Month:   2
Scaling Factor (SF):    64.0   Constant (CONST):     0.0  Real Counts = (DATA + CONST)*SF
Temporal Resolution: 1 hour
UTC Start Hour:     0.0
                                                                                
                                                        
Monthly Average:  8025.5
Updated (YYYY MM DD): 1991 12 02
*******************************************************************************************
ID     YYYY MM DD 1     0     1     2     3     4     5     6     7     8     9    10    11
ID     YYYY MM DD 2    12    13    14    15    16    17    18    19    20    21    22    23
*******************************************************************************************
TBILIS 1990 02 01 1  8029  8019  7998  7982  7973  8016  8027  8013  8035  7989  8010  8015
TBILIS 1990 02 01 2  8016  8019  8052  8035  8014  8015  8074  8066  8056  8024  8017  8013
TBILIS 1990 02 02 1  7992  7975  7996  7983  7971  7971  8000  7994  8082  8072  8035  8083
TBILIS 1990 02 02 2  8063  8084  8103  8086  8108  8120  8094  8072  8050  8055  8044  8036
TBILIS 1990 02 03 1  8052  8011  8008  8008  7994  7953  7955  7988  7998  7997  8013  8021
TBILIS 1990 02 03 2  8010  8024  8029  7996  8023  8015  8034  8010  7994  8007  8015  8010
TBILIS 1990 02 04 1  8017  8022  8010  8042  8045  8034  8053  8011  8007  8037  8042  8039
TBILIS 1990 02 04 2  8044  8058  8073  7999  8033  8124  8076  8071  8048  8059  8009  8025
TBILIS 1990 02 05 1  8022  8057  8081  8058  8045  8063  8014  8032  8059  8065  8104  8067
TBILIS 1990 02 05 2  8084  8102  8079  8100  8067  8083  8073  8093  8081  8091  8035  8051
TBILIS 1990 02 06 1  8105  8030  8056  8049  8054  8074  8076  8068  8057  8061  8095  8064
TBILIS 1990 02 06 2  8076  8065  8073  8055  8046  8029  8051  8005  7964  7971  7957  7984
TBILIS 1990 02 07 1  8014  7984  7989  7943  7968  7951  7970  7972  7999  8034  8089  8085
TBILIS 1990 02 07 2  8086  8129  8087  8091  8098  8077  8090  8083  8108  8066  8032  8047
TBILIS 1990 02 08 1  8048  8057  8029  8041  8009  8001  7979  8000  8010  8060  8051  8044
TBILIS 1990 02 08 2  8053  8071  8082  8080  8076  8128  8124  8123  8089  8081  8057  8057
TBILIS 1990 02 09 1  8065  8075  8051  8043  8021  8014  8047  8035  8063  8012  8059  8077
TBILIS 1990 02 09 2  8125  8099  8125  8108  8137  8148  8115  8125  8107  8097  8070  8101
TBILIS 1990 02 10 1  8069  8038  8012  8035  8041  8026  7994  8007  8009  8062  8097  8122
TBILIS 1990 02 10 2  8106  8117  8097  8128  8135  8132  8090  8087  8084  8087  8056  8073
TBILIS 1990 02 11 1  8050  8053  8039  8042  8025  8064  8036  8066  8058  8108  8110  8078
TBILIS 1990 02 11 2  8069  8064  8098  8086  8090  8098  8111  8094  8103  8082  8064  8090
TBILIS 1990 02 12 1  8117  8093  8101  8062  8028  8056  8068  8084  8082  8117  8129  8122
TBILIS 1990 02 12 2  8138  8124  8109  8114  8103  8122  8113  8068  8103  8103  8087  8117
TBILIS 1990 02 13 1  8124  8094  8055  8081  8095  8074  8078  8111  8118  8144  8161  8119
TBILIS 1990 02 13 2  8149  8156  8134  8171  8157  8138  8082  8112  8104  8103  8106  8132
TBILIS 1990 02 14 1  8135  8123  8091  8071  8086  8092  8078  8124  8097  8097  8154  8104
TBILIS 1990 02 14 2  8062  8013  8001  8013  8017  8002  8059  8047  8070  8050  8023  8032
TBILIS 1990 02 15 1  8059  7998  8022  7984  7967  7979  7977  8004  7994  7999  7983  7986
TBILIS 1990 02 15 2  8000  8051  8028  8040  8068  8085  8104  8111  8079  8104  8071  8086
TBILIS 1990 02 16 1  8089  8063  8071  8028  8032  8034  8035  8026  8018  8058  8075  7990
TBILIS 1990 02 16 2  8050  8035  8047  8016  8048  8054  8059  8057  8084  8081  8102  8108
TBILIS 1990 02 17 1  8044  8046  8026  8044  7984  7976  7921  7870  7874  7876  7866  7903
TBILIS 1990 02 17 2  7948  7989  7924  7876  7912  7939  7927  7929  7903  7915  7933  7950
TBILIS 1990 02 18 1  7956  7910  7880  7895  7910  7857  7857  7904  7894  7937  7915  7941
TBILIS 1990 02 18 2  7972  7943  7888  7887  7881  7892  7945  7898  7918  7925  7919  7892
TBILIS 1990 02 19 1  7936  7942  7908  7884  7859  7841  7878  7893  7866  7923  7882  7940
TBILIS 1990 02 19 2  7899  7928  7922  7878  7883  7903  7955  7894  7932  7979  7938  7924
TBILIS 1990 02 20 1  7934  7918  7887  7911  7913  7898  7927  7929  7948  7970  7984  7964
TBILIS 1990 02 20 2  7928  7998  8013  7961  7979  7980  7993  7968  7979  7988  7969  7918
TBILIS 1990 02 21 1  7901  7964  7916  7897  7880  7872  7864  7880  7893  7910  7904  7881
TBILIS 1990 02 21 2  7926  7932  7933  7914  7931  7904  7902  7929  7989  7994  7968  8003
TBILIS 1990 02 22 1  7968  7972  7988  7949  7929  7920  7954  7908  7945  7925  7979  7939
TBILIS 1990 02 22 2  7993  7992  8006  8035  8023  8023  8024  8016  8013  8034  8011  8030
TBILIS 1990 02 23 1  8058  8004  7987  7993  7986  7958  7940  7965  7971  7984  7976  7983
TBILIS 1990 02 23 2  7989  8015  8005  8060  8055  8068  8065  8043  8003  8007  7994  8047
TBILIS 1990 02 24 1  8005  8102  8084  8029  8044  8034  8103  8074  8087  8086  8064  8007
TBILIS 1990 02 24 2  8025  8029  8006  8054  8031  8049  8058  8059  8068  8078  8043  8050
TBILIS 1990 02 25 1  8047  8044  8003  8015  8000  8018  7972  7966  7996  8038  8076  8055
TBILIS 1990 02 25 2  8093  8092  8068  8027  8042  8068  8041  8073  8012  8021  7996  7990
TBILIS 1990 02 26 1  8019  7974  8005  8015  7971  7976  7971  7998  7968  8031  8002  8025
TBILIS 1990 02 26 2  8034  8038 99999 99999 99999 99999 99999 99999 99999 99999  8042  8070
TBILIS 1990 02 27 1  8073  8021  8037  7998  7999  8014  8005 99999 99999 99999 99999  8101
TBILIS 1990 02 27 2  8100  8135  8070  8077  8107  8075  8068  8098  8087  8028  8026  7993
TBILIS 1990 02 28 1  8028  8017  8017  8004  8054  8087  8066  8094  8074  8093  8068  8056
TBILIS 1990 02 28 2  8038  8067  8025  7978  8019  7995  7953  7988  7984  7995  8023  8037
TBILIS 1990 02 29 1 99999 99999 99999 99999 99999 99999 99999 99999 99999 99999 99999 99999
TBILIS 1990 02 29 2 99999 99999 99999 99999 99999 99999 99999 99999 99999 99999 99999 99999
TBILIS 1990 02 30 1 99999 99999 99999 99999 99999 99999 99999 99999 99999 99999 99999 99999
TBILIS 1990 02 30 2 99999 99999 99999 99999 99999 99999 99999 99999 99999 99999 99999 99999
TBILIS 1990 02 31 1 99999 99999 99999 99999 99999 99999 99999 99999 99999 99999 99999 99999
TBILIS 1990 02 31 2 99999 99999 99999 99999 99999 99999 99999 99999 99999 99999 99999 99999
Cosmic-Ray Neutron Monitor Data (Hourly, Pressure-Corrected and Scale-Adjusted Counts)
Collections: WDC for Cosmic Rays, Solar-Terrestrial Environment Laboratory, Nagoya Univ.
Data Access: http://center.stelab.nagoya-u.ac.jp/WDCCR/index.html
Project: ICSU WDC
Citation: WDC for Cosmic Rays, Solar-Terrestrial Environment Laboratory, Nagoya University
Station ID: TBILIS
Station:  TBILISI,GIORGIA,INSTITUT GEOPHYSIKY (IG), GIORGIAN ACADEMY OF SCIENCES,GIORGIA 
Instrument: 18-NM-64 NEUTRON MONITOR, CORRECTED FOR PRESSURE                                
Latitude (deg.):   41.72  Longitude (deg.):   44.80  Altitude (m):  510.00
Cut-Off Rigidity (GV):    6.66
Year: 1990  Month:   3
Scaling Factor (SF):    64.0   Constant (CONST):     0.0  Real Counts = (DATA + CONST)*SF
Temporal Resolution: 1 hour
UTC Start Hour:     0.0
                                                                                
                                                        
Monthly Average:  7937.9
Updated (YYYY MM DD): 1991 12 02
*******************************************************************************************
ID     YYYY MM DD 1     0     1     2     3     4     5     6     7     8     9    10    11
ID     YYYY MM DD 2    12    13    14    15    16    17    18    19    20    21    22    23
*******************************************************************************************
TBILIS 1990 03 01 1  8007  8019  7975  8001  8021  8011  8005  8013  7997  8051  8018  8031
TBILIS 1990 03 01 2  8027  8069  8066  8076  8084  8058  8073  8077  8067  8056  8030  8026
TBILIS 1990 03 02 1  8029  8016  8010  7995  7965  7977  7998  8012  8051  8075  8083  8024
TBILIS 1990 03 02 2  8063  8077  8096  8079  8084  8065  8065  8094  8052  8079  8072  8063
TBILIS 1990 03 03 1  8066  8053  8057  8033  8037  8031  8055  8062  8055  8069  8084  8102
TBILIS 1990 03 03 2  8067  8100  8080  8042  8088  8083  8131  8115  8116  8099  8111  8136
TBILIS 1990 03 04 1  8113  8067  8029  8035  8006  7991  7983  8022  8053  8075  8110  8098
TBILIS 1990 03 04 2  8099  8130  8098  8112  8096  8127  8073  8126  8129  8076  8118  8105
TBILIS 1990 03 05 1  8144  8087  8089  8032  8073  8069 99999 99999 99999 99999  8065  8133
TBILIS 1990 03 05 2  8111  8135  8087  8119  8094  8077  8046  8022  8053  8036  8042  8024
TBILIS 1990 03 06 1  8046  8011  8002  7999  7977  8003  8038  8045  8062  8054  8052  8062
TBILIS 1990 03 06 2  8056  8080  8038  8064  8025  8012  7999  8012  7992  7951  7958  7987
TBILIS 1990 03 07 1  7933  7926  7950  7974  7981  7951  7992  8041  8065  8056  8101  8068
TBILIS 1990 03 07 2  8096  8127  8113  8083  8060  8051  8047  8047  8022  7965  7990  8009
TBILIS 1990 03 08 1  7966  7972  7934  7953  7927  7927  7971  7987  8015  8038  8061  8000
TBILIS 1990 03 08 2  8002  7952  7982  7992  7974  7926  7896  7911  7895  7949  7918  7916
TBILIS 1990 03 09 1  7906  7914  7890  7901  7896  7902  7892  7919  7973  7981  7981  7966
TBILIS 1990 03 09 2  7959  7915  7922  7902  7927  7894  7890  7941  7944  7924  7922  7938
TBILIS 1990 03 10 1  7933  7918  7955  7921  7940  7943  7986  8024  8027  8025  8080  8069
TBILIS 1990 03 10 2  8102  8102  8098  8088  8090  8113  8133  8108  8095  8058  8076  8022
TBILIS 1990 03 11 1  8033  8067  8057  8069  8037  8066  8042  8026  8051  8072  8073  8041
TBILIS 1990 03 11 2  8022  8065  8041  8025  8002  8030  7978  8005  7977  7949  7976  8001
TBILIS 1990 03 12 1  8002  7980  7945  7996  8011  8018  8036  8062  8067  8102  8147  8062
TBILIS 1990 03 12 2  8042  8045  8092  8079  8083  8062  8010  7954  8085  8110  8072  8082
TBILIS 1990 03 13 1  8094  7966  7950  7944  7925  7919  7937  7930  7882  7913  7872  7850
TBILIS 1990 03 13 2  7862  7883  7866  7858  7900  7882  7849  7844  7844  7784  7869  7917
TBILIS 1990 03 14 1  7970  7999  8028  7985  8012  8018  8010  8017  8029  7991  8019  8013
TBILIS 1990 03 14 2  8028  8013  8050  8013  7999  7966  7988  7997  8000  8051  8016  8014
TBILIS 1990 03 15 1  8028  7994  8018  8013  8010  8024  8044  8045  8067  8023  8091  8100
TBILIS 1990 03 15 2  8048  8121  8082  8075  8069  8041  8000  8069  8100  8048  8032  8094
TBILIS 1990 03 16 1  8059  8023  8024  8038  8013  8014  8047  8052  8096  8100  8084  8114
TBILIS 1990 03 16 2  8116  8092  8071  8059  8072  8055  8066  8083  8084  8099  8086  8086
TBILIS 1990 03 17 1  8059  8103  8089  8062  8043  8048  8030  8039  8040  8026  8055  8075
TBILIS 1990 03 17 2  8099  8077  8100  8074  8087  8105  8068  8082  8075  8085  8079  8060
TBILIS 1990 03 18 1  8033  8014  8015  7961  7945  7951  7979  8054  8059  8079  8097  8081
TBILIS 1990 03 18 2  8098  8184  8229  8221  8207  8134  8102  8006  8026  8046  8131 99999
TBILIS 1990 03 19 1 99999 99999 99999 99999 99999 99999 99999 99999 99999  8071  8048  8119
TBILIS 1990 03 19 2  8123  8093  8093  8034  7997  8013  7979  7916  7911  7925  7918  7893
TBILIS 1990 03 20 1  7910  7926  7944  7897  7936  7942  7930  7944  7898 99999 99999 99999
TBILIS 1990 03 20 2 99999 99999  7980  8013  8004  7984  8018  7974  7996  8003  8005  7963
TBILIS 1990 03 21 1  7913  7926  7863  7883  7834  7811  7782  7863  7882  7920  7944  7958
TBILIS 1990 03 21 2  7919  7905  7925  7919  7905  7923  7918  7861  7903  7918  7889  7863
TBILIS 1990 03 22 1  7854  7833  7797  7795  7790 99999 99999 99999 99999 99999 99999  7759
TBILIS 1990 03 22 2  7749  7740  7699  7707  7706  7713  7719  7725  7729  7762  7763  7732
TBILIS 1990 03 23 1  7740  7730  7707  7684  7701  7694  7717  7737  7783  7796  7825  7835
TBILIS 1990 03 23 2  7837  7873  7873  7872  7859  7860  7865  7884  7866  7878  7852  7892
TBILIS 1990 03 24 1  7867  7845  7833  7827  7811  7824  7817  7854  7906  7912  7932  7924
TBILIS 1990 03 24 2  7909  7910  7859  7842  7802  7750  7773  7764  7711  7752  7782  7815
TBILIS 1990 03 25 1  7774  7765  7773  7728  7812  7751  7733  7808  7810  7804  7814  7850
TBILIS 1990 03 25 2  7826  7850  7857  7856  7856  7840  7832  7813  7807  7821  7788  7819
TBILIS 1990 03 26 1  7836  7800  7790  7821  7839  7808  7776  7802  7786  7816  7826  7866
TBILIS 1990 03 26 2  7857  7842  7807  7836  7836  7868  7879  7856  7857  7812  7831  7795
TBILIS 1990 03 27 1  7808  7783  7765  7810  7796  7782  7785  7802  7806  7791  7811  7819
TBILIS 1990 03 27 2  7819  7806  7816  7816  7806  7789  7824  7815  7830  7774  7762  7766
TBILIS 1990 03 28 1  7748  7727  7715  7728  7719  7756  7744  7745  7776  7809  7835  7836
TBILIS 1990 03 28 2  7792  7815  7821  7831  7774  7838  7778  7824  7790  7803  7765  7740
TBILIS 1990 03 29 1  7730  7718  7749  7753  7743  7729  7718  7718  7710  7742  7731  7756
TBILIS 1990 03 29 2  7768  7807  7784  7795  7797  7782  7811  7821  7803  7819  7798  7808
TBILIS 1990 03 30 1  7772  7772  7782  7772  7779  7741  7749  7751  7805 99999  7901  7839
TBILIS 1990 03 30 2  7814  7722  7698  7714  7645  7568  7536  7524  7496  7453  7424  7415
TBILIS 1990 03 31 1  7400  7417  7452  7492  7593  7613  7638  7662  7685  7667  7701  7696
TBILIS 1990 03 31 2  7707  7681  7666  7681  7629  7586  7581  7631  7661  7695  7704  7791
Cosmic-Ray Neutron Monitor Data (Hourly, Pressure-Corrected and Scale-Adjusted Counts)
Collections: WDC for Cosmic Rays, Solar-Terrestrial Environment Laboratory, Nagoya Univ.
Data Access: http://center.stelab.nagoya-u.ac.jp/WDCCR/index.html
Project: ICSU WDC
Citation: WDC for Cosmic Rays, Solar-Terrestrial Environment Laboratory, Nagoya University
Station ID: TBILIS
Station:  TBILISI,GIORGIA,INSTITUT GEOPHYSIKY (IG), GIORGIAN ACADEMY OF SCIENCES,GIORGIA 
Instrument: 18-NM-64 NEUTRON MONITOR, CORRECTED FOR PRESSURE                                
Latitude (deg.):   41.72  Longitude (deg.):   44.80  Altitude (m):  510.00
Cut-Off Rigidity (GV):    6.66
Year: 1990  Month:   4
Scaling Factor (SF):    64.0   Constant (CONST):     0.0  Real Counts = (DATA + CONST)*SF
Temporal Resolution: 1 hour
UTC Start Hour:     0.0
                                                                                
                                                        
Monthly Average:  7812.9
Updated (YYYY MM DD): 1991 12 02
*******************************************************************************************
ID     YYYY MM DD 1     0     1     2     3     4     5     6     7     8     9    10    11
ID     YYYY MM DD 2    12    13    14    15    16    17    18    19    20    21    22    23
*******************************************************************************************
TBILIS 1990 04 01 1  7736  7720  7722  7741  7744  7760  7780  7803  7810  7812  7880  7889
TBILIS 1990 04 01 2  7868  7905  7858  7862  7925  7924  7912  7949  7944  7952  7922  7923
TBILIS 1990 04 02 1  7919  7927  7902  7872  7829  7815  7821  7829  7839  7812  7825  7787
TBILIS 1990 04 02 2  7797  7817  7798  7841 99999 99999  7834  7817  7797  7772  7744  7730
TBILIS 1990 04 03 1  7707  7698  7675  7688  7703  7715  7737  7740  7792  7834  7806  7840
TBILIS 1990 04 03 2  7862  7864  7828  7822  7790  7824  7791  7771  7746  7703  7743  7728
TBILIS 1990 04 04 1  7728  7744  7732  7689  7702  7757  7775  7833  7863  7928  7955  7963
TBILIS 1990 04 04 2  7969  7941  7985  7929  7888  7830  7797  7831  7854  7839  7827  7865
TBILIS 1990 04 05 1  7852  7873  7874  7846  7840  7832  7841  7895  7887  7928  7944  7954
TBILIS 1990 04 05 2  7965  7928  7960  7911  7910  7891  7859  7874  7877  7870  7818  7820
TBILIS 1990 04 06 1  7791  7831  7813  7852  7867  7893  7899  7905  7919  7928  7937  7932
TBILIS 1990 04 06 2  7926  7919  7930  7943  7912  7894  7902  7885  7905  7870  7849  7872
TBILIS 1990 04 07 1  7862  7848  7900  7884  7946  7935  7923  7963  7950  7959  7975  8005
TBILIS 1990 04 07 2  8025  8070  7975  8020  8007  7982  7930  7981  7945  7974  7952  7954
TBILIS 1990 04 08 1  7960  7956 99999  7984  7973  7964  7967  7936  7923  7969  8034  8006
TBILIS 1990 04 08 2  8072  8098 99999  8071  8064  8068  8002  7984  7993  7916  7979  7932
TBILIS 1990 04 09 1  7900  7861 99999  7850  7870  7863  7903  7898  7897  7850  7843  7869
TBILIS 1990 04 09 2  7845  7879 99999  7766  7753  7619  7528  7456  7454  7504  7477  7506
TBILIS 1990 04 10 1  7510  7527  7571  7585  7598  7597  7630  7642  7661  7673  7719  7715
TBILIS 1990 04 10 2  7795  7857  7903  7839  7836  7830  7772  7735  7735  7717  7680  7700
TBILIS 1990 04 11 1  7662  7648  7654  7651  7682  7681  7708  7690  7715  7695  7723  7726
TBILIS 1990 04 11 2  7709  7745  7715  7760  7731  7754  7787  7750  7757  7786  7821  7795
TBILIS 1990 04 12 1  7767  7778  7764  7700  7662  7610  7624  7682  7767  7721  7726  7732
TBILIS 1990 04 12 2  7751  7722  7729  7732  7742  7707  7680  7695  7699  7720  7717  7739
TBILIS 1990 04 13 1  7684  7702  7715  7682  7665  7667  7707  7710  7698  7680  7702  7743
TBILIS 1990 04 13 2  7770  7770  7764  7680  7720  7741  7715  7755  7740  7734  7755  7734
TBILIS 1990 04 14 1  7727  7715  7706  7722  7679  7680  7723  7764  7823  7805  7805  7835
TBILIS 1990 04 14 2  7853  7810  7816  7839  7843  7818  7804  7832  7840  7798  7790  7793
TBILIS 1990 04 15 1  7786  7757  7724  7727  7743  7782  7850  7842  7834  7865  7863  7867
TBILIS 1990 04 15 2  7856  7874  7908  7876  7841  7787  7755  7779  7792  7788  7775  7779
TBILIS 1990 04 16 1  7804  7795  7778  7790  7775  7808  7816  7881  7889  7906  7929  7936
TBILIS 1990 04 16 2  7976  7932  7903  7969  7928  7924  7896  7884  7894  7870  7868  7864
TBILIS 1990 04 17 1  7848  7879  7896  7893  7879  7883  7857 99999 99999 99999 99999 99999
TBILIS 1990 04 17 2 99999 99999  7991  7996  7926  7915  7886  7891  7886  7873  7840  7857
TBILIS 1990 04 18 1  7854  7855  7828  7831  7826  7842  7899  7890  7895  7922  7924  7960
TBILIS 1990 04 18 2  7971  8005  7974  7973  7925  7913  7940  7921  7912  7880  7875  7880
TBILIS 1990 04 19 1  7900  7899  7837  7863  7827  7857  7865  7861  7872  7863  7888  7888
TBILIS 1990 04 19 2  7843  7887  7887  7883  7899  7885  7890  7853  7831  7820  7873  7858
TBILIS 1990 04 20 1  7815  7847  7800  7810  7798  7831  7857  7845  7890  7862  7876  7919
TBILIS 1990 04 20 2  7907  7926  7940  7963  7934  7949  7951  7972  7936  7924  7880  7825
TBILIS 1990 04 21 1  7794  7837  7798  7787  7765  7785  7748  7802  7769  7781  7817  7799
TBILIS 1990 04 21 2  7807  7832  7842  7820  7816  7827  7845  7889  7902  7895  7900  7899
TBILIS 1990 04 22 1  7882  7902  7861  7830  7760  7726  7735  7747  7737  7787  7754  7758
TBILIS 1990 04 22 2  7771  7789  7780  7788  7801  7822  7849  7825  7821  7810  7809  7771
TBILIS 1990 04 23 1  7773  7741  7747  7753  7724  7755  7772  7774  7761  7772  7741  7783
TBILIS 1990 04 23 2  7810  7842  7842  7834  7854  7841  7775  7780  7736  7797  7754  7767
TBILIS 1990 04 24 1  7797  7750  7735  7726  7688  7686  7668  7687  7715  7710  7746  7745
TBILIS 1990 04 24 2  7789  7723  7758  7706  7737  7737  7758  7774  7798  7769  7803  7803
TBILIS 1990 04 25 1  7794  7789  7775  7738  7724  7741  7723  7729  7748  7796  7815  7817
TBILIS 1990 04 25 2  7790  7838  7814  7811  7827  7828  7808  7821  7784  7734  7768  7779
TBILIS 1990 04 26 1  7766  7747  7798  7730  7711  7735  7763  7777  7777  7777  7801  7767
TBILIS 1990 04 26 2  7793  7759  7799  7818  7799  7799  7795  7814  7810  7783  7814  7793
TBILIS 1990 04 27 1  7788  7769  7791  7759  7741  7768  7779  7740  7803  7809  7831  7861
TBILIS 1990 04 27 2  7883  7906  7892  7845  7872  7844  7824  7827  7799  7828  7826  7801
TBILIS 1990 04 28 1  7777  7805  7801  7833  7824  7853  7845  7860  7851  7851  7862  7840
TBILIS 1990 04 28 2  7852  7839  7816  7798  7782  7726  7715  7765  7773  7752  7731  7778
TBILIS 1990 04 29 1  7735  7762  7746  7764  7733  7713  7673  7715  7738  7769  7834  7862
TBILIS 1990 04 29 2  7863  7830  7805  7767  7767  7709  7704  7710  7712  7719  7731  7740
TBILIS 1990 04 30 1  7735  7740  7712  7729  7717  7754  7754  7739  7751  7753  7776  7755
TBILIS 1990 04 30 2  7719  7706  7675  7665  7649  7660  7660  7635  7676  7675  7649  7716
TBILIS 1990 04 31 1 99999 99999 99999 99999 99999 99999 99999 99999 99999 99999 99999 99999
TBILIS 1990 04 31 2 99999 99999 99999 99999 99999 99999 99999 99999 99999 99999 99999 99999
Cosmic-Ray Neutron Monitor Data (Hourly, Pressure-Corrected and Scale-Adjusted Counts)
Collections: WDC for Cosmic Rays, Solar-Terrestrial Environment Laboratory, Nagoya Univ.
Data Access: http://center.stelab.nagoya-u.ac.jp/WDCCR/index.html
Project: ICSU WDC
Citation: WDC for Cosmic Rays, Solar-Terrestrial Environment Laboratory, Nagoya University
Station ID: TBILIS
Station:  TBILISI,GIORGIA,INSTITUT GEOPHYSIKY (IG), GIORGIAN ACADEMY OF SCIENCES,GIORGIA 
Instrument: 18-NM-64 NEUTRON MONITOR, CORRECTED FOR PRESSURE                                
Latitude (deg.):   41.72  Longitude (deg.):   44.80  Altitude (m):  510.00
Cut-Off Rigidity (GV):    6.66
Year: 1990  Month:   5
Scaling Factor (SF):    64.0   Constant (CONST):     0.0  Real Counts = (DATA + CONST)*SF
Temporal Resolution: 1 hour
UTC Start Hour:     0.0
                                                                                
                                                        
Monthly Average:  7762.6
Updated (YYYY MM DD): 1991 12 02
*******************************************************************************************
ID     YYYY MM DD 1     0     1     2     3     4     5     6     7     8     9    10    11
ID     YYYY MM DD 2    12    13    14    15    16    17    18    19    20    21    22    23
*******************************************************************************************
TBILIS 1990 05 01 1  7698  7691  7640  7691  7687  7712  7732  7729  7745  7753  7789  7787
TBILIS 1990 05 01 2  7781  7778  7773  7739  7771  7742  7742  7740  7760  7732  7730  7731
TBILIS 1990 05 02 1  7715  7700  7689  7659  7716  7683  7726  7745  7764  7770  7798  7813
TBILIS 1990 05 02 2  7847  7799  7763  7754  7728  7751  7760  7758  7744  7762  7775  7752
TBILIS 1990 05 03 1  7747  7709  7747  7724  7759  7759  7818  7781  7771  7799  7813  7840
TBILIS 1990 05 03 2  7859  7857  7859  7847  7804  7785  7751  7789  7776  7816  7795  7802
TBILIS 1990 05 04 1  7786  7803  7816  7771  7799  7748  7783  7777  7805  7815  7863  7863
TBILIS 1990 05 04 2  7859  7882  7888  7880  7857  7852  7811  7816  7795  7781  7817  7786
TBILIS 1990 05 05 1  7783  7765  7740  7768  7789  7792  7786  7789  7830  7858  7854  7825
TBILIS 1990 05 05 2  7860  7818  7832  7844  7854  7824  7839  7844  7838  7849  7851  7817
TBILIS 1990 05 06 1  7789  7836  7795  7787  7829  7839  7831  7862  7854  7879  7869  7855
TBILIS 1990 05 06 2  7884  7901  7896  7921  7891  7928  7891  7926  7918  7904  7851  7873
TBILIS 1990 05 07 1  7843  7888  7872  7879  7869  7858  7866  7917  7925  7877  7905  7905
TBILIS 1990 05 07 2  7951  7934  7949  7936  7922  7909  7873  7881  7851  7789  7796  7797
TBILIS 1990 05 08 1  7829  7795  7806  7811  7826  7855  7858  7866  7881  7841  7885  7848
TBILIS 1990 05 08 2  7840  7844  7828  7826  7816  7764  7768  7774  7754  7748  7837  7846
TBILIS 1990 05 09 1  7799  7829  7807  7799  7809  7786  7778  7818  7834  7832  7890  7863
TBILIS 1990 05 09 2  7887  7914  7866  7896  7885  7864  7880  7900  7857  7808  7807  7796
TBILIS 1990 05 10 1  7764  7741  7783  7722  7736  7818  7808  7870  7949  7950  7936  7931
TBILIS 1990 05 10 2  7917  7920  7909  7852  7872  7875  7863  7826  7781  7782  7739  7740
TBILIS 1990 05 11 1  7746  7772  7736  7794  7796  7773  7810  7803  7793  7794  7832  7833
TBILIS 1990 05 11 2  7815  7843  7844  7851  7859  7828  7851  7858  7854  7867  7889  7887
TBILIS 1990 05 12 1  7868  7855  7809  7793  7815  7819  7847  7861  7844  7875  7909  7881
TBILIS 1990 05 12 2  7876  7904  7870  7872  7877  7907  7875  7873  7868  7830  7825  7830
TBILIS 1990 05 13 1  7830  7807  7817  7819  7814  7830  7843  7810  7847  7822  7834  7858
TBILIS 1990 05 13 2  7896  7851  7832  7840  7818  7817  7866  7842  7784  7786  7810  7844
TBILIS 1990 05 14 1  7782  7791  7791  7766  7827  7825  7827  7860  7872  7904  7878  7899
TBILIS 1990 05 14 2  7855  7863  7891  7899  7866  7841  7823  7821  7827  7787  7803  7780
TBILIS 1990 05 15 1  7756  7774  7722  7767  7765  7766  7791  7828  7866  7876  7868  7880
TBILIS 1990 05 15 2  7880  7902  7900  7877  7864  7858  7861  7863  7816  7843  7855  7853
TBILIS 1990 05 16 1  7829  7795  7786  7765  7765  7769  7772  7776  7799  7811  7827  7809
TBILIS 1990 05 16 2  7832  7858  7870  7866  7869  7840  7834  7829  7819  7797  7800  7786
TBILIS 1990 05 17 1  7771  7770  7752  7717  7754  7789  7782  7819  7869  7850  7857  7879
TBILIS 1990 05 17 2  7922  7899  7920  7904  7881  7874  7819  7821  7827  7771  7794  7809
TBILIS 1990 05 18 1  7818  7814  7792  7850  7797  7816  7812  7795  7823  7815  7815  7819
TBILIS 1990 05 18 2  7850  7847  7894  7897  7869  7869  7889  7899  7837  7810  7817  7806
TBILIS 1990 05 19 1  7787  7806  7811  7767  7742  7745  7778  7756  7807  7768  7785  7821
TBILIS 1990 05 19 2  7834  7871  7846  7825  7852  7936 99999 99999  7782  7802  7808  7806
TBILIS 1990 05 20 1  7809  7766  7733  7757  7692  7676  7722  7691  7731  7713  7721  7711
TBILIS 1990 05 20 2  7703  7679  7716  7654  7659  7646  7660  7638  7660  7656  7680  7682
TBILIS 1990 05 21 1  7662  7650  7657  7659  7681  7703  7684  7606  7636  7676  7641  7669
TBILIS 1990 05 21 2  7674  7623  7642  7676  7706  7713  7686  7638  7629  7679  7690  7745
TBILIS 1990 05 22 1  7664  7593  7599  7564  7544  7509  7473  7539  7566  7573  7604  7588
TBILIS 1990 05 22 2  7621  7710  7628  7649  7633  7673  7682  7700  7654  7642  7656  7658
TBILIS 1990 05 23 1  7676  7657  7652  7688  7639  7615  7664  7610  7634  7599  7595  7617
TBILIS 1990 05 23 2  7646  7643  7663  7629  7653  7653  7709  7679  7677  7696  7678  7684
TBILIS 1990 05 24 1  7686  7659  7660  7618  7644  7628  7624  7607  7639  7667  7632  7670
TBILIS 1990 05 24 2  7677  7680  7685  7717  7768  7790  7793  7844  7771  7857  7820  7820
TBILIS 1990 05 25 1  7742  7729  7645  7626  7632  7584  7609  7618  7637  7623  7648  7688
TBILIS 1990 05 25 2  7689  7726  7728  7746  7759  7732  7724  7723  7746  7747  7721  7721
TBILIS 1990 05 26 1  7709  7670  7673  7665  7676  7686  7727  7744  7795  7806  7790  7776
TBILIS 1990 05 26 2  7768  7792  7784  7792  7741  7730  7728  7713  7664  7699  7809  7721
TBILIS 1990 05 27 1  7701  7623  7617  7597  7580  7649  7675  7698  7740  7733  7749  7810
TBILIS 1990 05 27 2  7775  7752  7764  7767  7764  7751  7729  7714  7703  7719  7684  7662
TBILIS 1990 05 28 1  7644  7630  7694  7696  7687  7742  7745  7793  7782  7768  7780  7759
TBILIS 1990 05 28 2  7768  7707  7734  7707  7729  7743  7697  7700  7688  7693  7685  7716
TBILIS 1990 05 29 1  7683  7623  7659  7671  7653  7660  7706  7756  7728  7799  7728  7721
TBILIS 1990 05 29 2  7689  7719  7682  7650  7600  7548  7528  7486  7475  7491  7505  7495
TBILIS 1990 05 30 1  7511  7498  7559  7587  7603  7655  7740  7716  7730  7694  7704  7667
TBILIS 1990 05 30 2  7668  7707  7640  7593  7544  7555  7558  7541  7560  7528  7542  7536
TBILIS 1990 05 31 1  7534  7500  7529  7525  7562  7569  7573  7573  7608  7605  7644  7651
TBILIS 1990 05 31 2  7674  7631  7584  7578  7563  7550  7535  7558  7588  7600  7599  7620
Cosmic-Ray Neutron Monitor Data (Hourly, Pressure-Corrected and Scale-Adjusted Counts)
Collections: WDC for Cosmic Rays, Solar-Terrestrial Environment Laboratory, Nagoya Univ.
Data Access: http://center.stelab.nagoya-u.ac.jp/WDCCR/index.html
Project: ICSU WDC
Citation: WDC for Cosmic Rays, Solar-Terrestrial Environment Laboratory, Nagoya University
Station ID: TBILIS
Station:  TBILISI,GIORGIA,INSTITUT GEOPHYSIKY (IG), GIORGIAN ACADEMY OF SCIENCES,GIORGIA 
Instrument: 18-NM-64 NEUTRON MONITOR, CORRECTED FOR PRESSURE                                
Latitude (deg.):   41.72  Longitude (deg.):   44.80  Altitude (m):  510.00
Cut-Off Rigidity (GV):    6.66
Year: 1990  Month:   6
Scaling Factor (SF):    64.0   Constant (CONST):     0.0  Real Counts = (DATA + CONST)*SF
Temporal Resolution: 1 hour
UTC Start Hour:     0.0
                                                                                
                                                        
Monthly Average:  7855.5
Updated (YYYY MM DD): 1991 12 02
*******************************************************************************************
ID     YYYY MM DD 1     0     1     2     3     4     5     6     7     8     9    10    11
ID     YYYY MM DD 2    12    13    14    15    16    17    18    19    20    21    22    23
*******************************************************************************************
TBILIS 1990 06 01 1  7611  7605  7569  7648  7637  7695  7677  7717  7737  7756  7736  7745
TBILIS 1990 06 01 2  7712  7695  7685  7665  7656  7636  7632  7658  7641  7666  7689  7654
TBILIS 1990 06 02 1  7636  7673  7665  7687  7711  7725  7688  7746  7777  7768  7801  7795
TBILIS 1990 06 02 2  7785  7758  7764  7767  7749  7761  7785  7749  7764  7733  7738  7724
TBILIS 1990 06 03 1  7713  7731  7732  7721  7752  7764  7791  7804  7817  7874  7859  7855
TBILIS 1990 06 03 2  7842  7835  7878  7826  7896  7850  7852  7832  7852  7826  7839  7838
TBILIS 1990 06 04 1  7796  7806  7828  7780  7769  7775  7814  7841  7845  7826  7814  7848
TBILIS 1990 06 04 2  7862  7824  7837  7859  7860  7871  7898  7883  7827  7864  7828  7835
TBILIS 1990 06 05 1  7798  7798  7786  7777  7795  7793  7813  7835  7800  7811  7822  7801
TBILIS 1990 06 05 2  7799  7856  7843  7835  7867  7815  7828  7759  7742  7788  7794  7793
TBILIS 1990 06 06 1  7781  7812  7805  7787  7772  7773  7836  7789  7799  7789  7799  7813
TBILIS 1990 06 06 2  7834  7809  7834  7799  7805  7785  7719  7743  7794  7762  7758  7728
TBILIS 1990 06 07 1  7736  7724  7744  7761  7784  7762  7815  7830  7829  7857  7868  7890
TBILIS 1990 06 07 2  7874  7854  7875  7854  7866  7854  7846  7820  7821  7802  7802  7817
TBILIS 1990 06 08 1  7780  7834  7803  7771  7781  7773  7774  7801  7798  7821  7868  7889
TBILIS 1990 06 08 2  7838  7838  7840  7886  7870  7838  7825  7835  7832  7834  7822  7835
TBILIS 1990 06 09 1  7822  7805  7809  7792  7768  7734  7786  7821  7859  7866  7892  7910
TBILIS 1990 06 09 2  7921  7890  7913  7914  7869  7863  7866  7878  7862  7839  7829  7812
TBILIS 1990 06 10 1  7773  7789  7794  7797  7765  7785  7785  7787  7830  7846  7830  7786
TBILIS 1990 06 10 2  7874  7896  7848  7845  7830  7816  7813  7811  7808  7808  7826  7786
TBILIS 1990 06 11 1  7814  7780  7785  7819  7819  7807  7797  7805  7820  7849  7881  7880
TBILIS 1990 06 11 2  7854  7880  7888  7902  7883  7863  7876  7889  7880  7877  7901  7856
TBILIS 1990 06 12 1  7834  7866  7819  7826  7819  7917  7933  7951  7925  7907  7915  7926
TBILIS 1990 06 12 2  7917  7892  7892  7891  7914  7842  7858  7873  7892  7877  7830  7806
TBILIS 1990 06 13 1  7803  7788  7802  7751  7777  7849  7853  7890  7897  7882  7857  7880
TBILIS 1990 06 13 2  7834  7815  7748  7729  7701  7661  7688  7696  7721  7731  7780  7758
TBILIS 1990 06 14 1  7785  7789  7803  7736  7779  7785  7794  7766  7793  7779  7789  7765
TBILIS 1990 06 14 2  7742  7814  7823  7822  7784  7696  7681  7668  7704  7708  7714  7686
TBILIS 1990 06 15 1  7728  7735  7689  7672  7666  7666  7667  7665  7701  7747  7727  7731
TBILIS 1990 06 15 2  7703  7700  7692  7707  7723  7721  7701  7724  7749  7767  7790  7752
TBILIS 1990 06 16 1  7747  7750  7741  7725  7718  7735  7729  7743  7758  7784  7761  7802
TBILIS 1990 06 16 2  7762  7771  7783  7775  7753  7772  7768  7784  7766  7791  7768  7784
TBILIS 1990 06 17 1  7758  7754  7727  7735  7731  7727  7762  7775  7792  7797  7803  7835
TBILIS 1990 06 17 2  7812  7809  7838  7815  7842  7827  7798  7802  7800  7796  7822  7791
TBILIS 1990 06 18 1  7761  7782  7782  7798  7786  7809  7781  7820  7812  7852  7854  7871
TBILIS 1990 06 18 2  7854  7843  7855  7880  7867  7880  7832  7830  7805  7836  7830  7842
TBILIS 1990 06 19 1  7843  7860  7865  7851  7862  7851  7839  7865  7882  7889  7875  7891
TBILIS 1990 06 19 2  7888  7880  7842  7874  7870  7891  7887  7885  7849  7854  7848  7864
TBILIS 1990 06 20 1  7848  7859  7857  7844  7854  7835  7838  7901  7881  7891  7872  7873
TBILIS 1990 06 20 2  7854  7866  7851  7880  7856  7811  7821  7823  7816  7845  7876  7889
TBILIS 1990 06 21 1  7868  7880  7886  7878  7902  7919  7917  7939  7921  7954  7924  7957
TBILIS 1990 06 21 2  7957  7964  7934  7892  7934  7916  7896  7874  7897  7896  7949  7923
TBILIS 1990 06 22 1  7930  7957  7975  7929  7955  7953  8005  7990  8009  8017  8072  7996
TBILIS 1990 06 22 2  8001  8013  7993  8013  8006  7978  7989  7993  7981  7990  7994  8002
TBILIS 1990 06 23 1  7988  7951  7962  7969  7974  8006  7966  7964  7979  8012  8018  7998
TBILIS 1990 06 23 2  8020  8006  8010  7977  7990  7957  7959  7985  7951  7920  7938  7935
TBILIS 1990 06 24 1  7936  7917  7910  7910  7893  7931  7988  7972  7980  7987  7993  7993
TBILIS 1990 06 24 2  7994  8007  7959  8001  7956  7901  7871  7877  7909  7891  7908  7898
TBILIS 1990 06 25 1  7893  7913  7925  7909  7948  7985  7933  7959  7979  8015  7989  7988
TBILIS 1990 06 25 2  7961  7968  7952  7902  7918  7898  7893  7884  7904  7896  7882  7868
TBILIS 1990 06 26 1  7922  7890  7898  7887  7897  7925  7922  7936  7968  7991  7968  7993
TBILIS 1990 06 26 2  8002  8003  8046  8023  8044  7997  8012  8072  7982  7983  7985  8009
TBILIS 1990 06 27 1  7966  7961  7956  7912  7889  7898  7923  7903  7932  7982  7964  7995
TBILIS 1990 06 27 2  7997  7981  7938  7952  7939  7914  7924  7936  7918  7932  7949  7961
TBILIS 1990 06 28 1  7967  7931  7964  7981  7981  7964  8004  8005  8020  7992  8023  8046
TBILIS 1990 06 28 2  8004  8003  8033  8065  7992  8027  8023  8013  7958  7976  7976  7979
TBILIS 1990 06 29 1  7936  7939  7919  7968  7964  7958  7962  7957  7959  7978  8015  8034
TBILIS 1990 06 29 2  8009  8007  8002  7986  8022  7989  8007  8021  7959  7962  7969  7927
TBILIS 1990 06 30 1  7944  7941  7916  7917  7882  7889  7921  7946  7988  8008  8000  8018
TBILIS 1990 06 30 2  8017  8010  7985  7986  8012  8004  7999  7998  7997  7968  7946  7982
TBILIS 1990 06 31 1 99999 99999 99999 99999 99999 99999 99999 99999 99999 99999 99999 99999
TBILIS 1990 06 31 2 99999 99999 99999 99999 99999 99999 99999 99999 99999 99999 99999 99999
Cosmic-Ray Neutron Monitor Data (Hourly, Pressure-Corrected and Scale-Adjusted Counts)
Collections: WDC for Cosmic Rays, Solar-Terrestrial Environment Laboratory, Nagoya Univ.
Data Access: http://center.stelab.nagoya-u.ac.jp/WDCCR/index.html
Project: ICSU WDC
Citation: WDC for Cosmic Rays, Solar-Terrestrial Environment Laboratory, Nagoya University
Station ID: TBILIS
Station:  TBILISI,GIORGIA,INSTITUT GEOPHYSIKY (IG), GIORGIAN ACADEMY OF SCIENCES,GIORGIA 
Instrument: 18-NM-64 NEUTRON MONITOR, CORRECTED FOR PRESSURE                                
Latitude (deg.):   41.72  Longitude (deg.):   44.80  Altitude (m):  510.00
Cut-Off Rigidity (GV):    6.66
Year: 1990  Month:   7
Scaling Factor (SF):    64.0   Constant (CONST):     0.0  Real Counts = (DATA + CONST)*SF
Temporal Resolution: 1 hour
UTC Start Hour:     0.0
                                                                                
                                                        
Monthly Average:  8018.7
Updated (YYYY MM DD): 1991 12 02
*******************************************************************************************
ID     YYYY MM DD 1     0     1     2     3     4     5     6     7     8     9    10    11
ID     YYYY MM DD 2    12    13    14    15    16    17    18    19    20    21    22    23
*******************************************************************************************
TBILIS 1990 07 01 1  8001  7963  7955  7956  7982  7993  7956  7937  7995  8012  8017  8017
TBILIS 1990 07 01 2  8056  8036  8071  8053  8077  8077  8096  8056  8109  8107  8073  8076
TBILIS 1990 07 02 1  8082  8090  8078  8042  8050  8088  8050  8064  8097  8074  8074  8069
TBILIS 1990 07 02 2  8095  8097  8092  8115  8108  8089  8105  8119  8132  8089  8119  8091
TBILIS 1990 07 03 1  8084  8086  8090  8067  8087  8096  8108  8105  8111  8145  8113  8107
TBILIS 1990 07 03 2  8086  8086  8092  8065  8050  8083  8103  8074  8113  8098  8067  8067
TBILIS 1990 07 04 1  8100  8104  8131  8086  8109  8088  8060  8068  8059  8122  8125  8157
TBILIS 1990 07 04 2  8158  8163  8157  8118  8122  8065  8002  8019  8007  7987  7987  7990
TBILIS 1990 07 05 1  7990  7986  7948  8002  8001  8012  8012  8025  7990  8046  8039  8036
TBILIS 1990 07 05 2  8052  8079  8077  8032  8053  8008  8020  8075  8062  8006  7955  7931
TBILIS 1990 07 06 1  7909  7934  7947  7918  7945  7927  7974  7961  7975  8014  8020  7994
TBILIS 1990 07 06 2  8014  8003  7967  8011  7992  7973  7979  7972  7986  7987  8000  8013
TBILIS 1990 07 07 1  7948  7962  7977  7985  7972  7989  8019  8023  8061  8056  8082  8059
TBILIS 1990 07 07 2  8097  8121  8117  8157  8100  8089  8124  8090  8098  8067  8068  8046
TBILIS 1990 07 08 1  8057  8045  8028  8069  8033  8060  8108  8141  8185  8189  8216  8183
TBILIS 1990 07 08 2  8170  8191  8191  8138  8161  8090  8072  8017  8012  7984  8012  8039
TBILIS 1990 07 09 1  8054  8089  8078  8084  8121  8122  8125  8104  8138  8098  8086  8112
TBILIS 1990 07 09 2  8131  8126  8113  8095  8069  8049  8076  8051  8050  7982  7995  7972
TBILIS 1990 07 10 1  8017  8065  8064  8107  8077  8047  8025  8031  8027  8031  8004  7972
TBILIS 1990 07 10 2  7988  7933  7937  7873  7823  7828  7779  7830  7787  7812  7795  7818
TBILIS 1990 07 11 1  7824  7833  7877  7892  7862  7837  7885  7907  7936  7980  7967  7998
TBILIS 1990 07 11 2  7978  7983  7960  7911  7910  7891  7871  7865  7877  7886  7851  7858
TBILIS 1990 07 12 1  7884  7821  7910  7907  7925  7928  7911  7940  7958  8012  8078  8080
TBILIS 1990 07 12 2  8090  8075  8075  8072  8086  8012  8014  7990  7960  8006  7942  7927
TBILIS 1990 07 13 1  7890  7948  7935  7972  7959  7994  7984  8056  8072  8105  8069  8051
TBILIS 1990 07 13 2  8027  7994  7973  7951  7926  7885  7917  7910  7910  7846  7857  7853
TBILIS 1990 07 14 1  7867  7883  7932  7920  7942  7926  7973  8025  8039  8025  8045  8077
TBILIS 1990 07 14 2  8083  8022  8005  8000  8029  7956  7919  7911  7920  7903  7951  7934
TBILIS 1990 07 15 1  7921  7899  7916  7927  7960  7983  7993  8002  8026  8067  8079  8065
TBILIS 1990 07 15 2  8045  8058  8031  7989  7955  7910  7942  7917  7920  7934  7910  7920
TBILIS 1990 07 16 1  7953  7910  7887  7931  7923  7916  7962  7949  7980  8001  7998  8067
TBILIS 1990 07 16 2  8090  8070  8025  7992  8001  7992  7926  7918  7912  7903  7898  7898
TBILIS 1990 07 17 1  7889  7863  7878  7865  7870  7862  7849  7906  7911  7913  7942  7950
TBILIS 1990 07 17 2  7923  7921  7914  7885  7895  7889  7895  7952  7943  7950  7974  7970
TBILIS 1990 07 18 1  7969  8002  7993  8005  8004  8001  7974  7967  7996  8035  8036  8048
TBILIS 1990 07 18 2  8039  7988  8000  7999  7960  7966  7956  7978  7995  8032  8052  8074
TBILIS 1990 07 19 1  8083  8102  8107  8084  8090  8093  8077  8128  8118  8135  8151  8175
TBILIS 1990 07 19 2  8190  8190  8157  8198  8145  8147  8134  8158  8149  8109  8111  8091
TBILIS 1990 07 20 1  8127  8081  8113  8092  8114  8101  8120  8156  8129  8166  8149  8177
TBILIS 1990 07 20 2  8164  8172  8153  8118  8086  8043  8030  8013  8010  8037  8021  8049
TBILIS 1990 07 21 1  8028  8040  8032  8032  8045  8062  8052  8050  8055  8058  8058  8052
TBILIS 1990 07 21 2  8078  8045  8062  8070  8071  8059  8041  8061  8057  8055  8073  8071
TBILIS 1990 07 22 1  8054  8060  8026  8063  7996  7996  8031  8029  8083  8121  8079  8109
TBILIS 1990 07 22 2  8087  8109  8065  8074  8042  7995  7973  7980  7985  8001  7996  8047
TBILIS 1990 07 23 1  8053  8024  8038  8013  8034  8060  8073  8089  8099  8111  8129  8154
TBILIS 1990 07 23 2  8139  8129  8115  8135  8113  8088  8125  8109  8134  8124  8084  8128
TBILIS 1990 07 24 1  8065  8101  8080  8087  8064  8103 99999 99999 99999  8182  8141  8151
TBILIS 1990 07 24 2  8145  8118  8110  8089  8107  8098  8082  8083  8056  8079  8061  8062
TBILIS 1990 07 25 1  8053  8060  8053  8074  8058  8041  8052  8066  8046  8061  8044  8055
TBILIS 1990 07 25 2  8036  8037  8083  8062  8024  8030  8034  8061  8046  8004  8041  7993
TBILIS 1990 07 26 1  7998  8008  8010  8028  8002  8026  8015  8024  8012  8040  8039  8050
TBILIS 1990 07 26 2  8059  8094  8086  8046  8036  8047  8092  8053  8042  8101  8068  8039
TBILIS 1990 07 27 1  8063  8025  8031  8053  8032  8040  8065  8091  8108  8146  8096  8066
TBILIS 1990 07 27 2  8063  8069  8093  8110  8088  8055  8069  8090  8040  8073  8116  8105
TBILIS 1990 07 28 1  8101  8056  8078  8066  8031  7952  7851  7781  7828  7859  7895  7895
TBILIS 1990 07 28 2  7876  7859  7927  7919  7945  7895  7927  7975  8000  8036  8080  8025
TBILIS 1990 07 29 1  8007  7986  7931  7897  7922  7882  7885  7911  7950  7937  7950  7951
TBILIS 1990 07 29 2  7932  7955  7907  7887  7907  7953  7953  7942  7923  7915  7883  7876
TBILIS 1990 07 30 1  7899  7856  7919  7905  7875  7864  7864  7857  7859  7856  7852  7910
TBILIS 1990 07 30 2  7906  7921  7914  7912  7941  7960  7951  7967  7970  7988  8015  7999
TBILIS 1990 07 31 1  7992  8009  8012  7967  7980  7970  7987  7991  7961  7999  7955  7960
TBILIS 1990 07 31 2  7948  7986  7982  7964  7971  7992  7996  7979  8016  7987  7989  8005
Cosmic-Ray Neutron Monitor Data (Hourly, Pressure-Corrected and Scale-Adjusted Counts)
Collections: WDC for Cosmic Rays, Solar-Terrestrial Environment Laboratory, Nagoya Univ.
Data Access: http://center.stelab.nagoya-u.ac.jp/WDCCR/index.html
Project: ICSU WDC
Citation: WDC for Cosmic Rays, Solar-Terrestrial Environment Laboratory, Nagoya University
Station ID: TBILIS
Station:  TBILISI,GIORGIA,INSTITUT GEOPHYSIKY (IG), GIORGIAN ACADEMY OF SCIENCES,GIORGIA 
Instrument: 18-NM-64 NEUTRON MONITOR, CORRECTED FOR PRESSURE                                
Latitude (deg.):   41.72  Longitude (deg.):   44.80  Altitude (m):  510.00
Cut-Off Rigidity (GV):    6.66
Year: 1990  Month:   8
Scaling Factor (SF):    64.0   Constant (CONST):     0.0  Real Counts = (DATA + CONST)*SF
Temporal Resolution: 1 hour
UTC Start Hour:     0.0
                                                                                
                                                        
Monthly Average:  7970.7
Updated (YYYY MM DD): 1991 12 02
*******************************************************************************************
ID     YYYY MM DD 1     0     1     2     3     4     5     6     7     8     9    10    11
ID     YYYY MM DD 2    12    13    14    15    16    17    18    19    20    21    22    23
*******************************************************************************************
TBILIS 1990 08 01 1  8009  7999  7983  7961  7952  7980  8014  8051  8063 99999 99999 99999
TBILIS 1990 08 01 2 99999 99999 99999 99999 99999 99999 99999 99999 99999 99999 99999 99999
TBILIS 1990 08 02 1 99999 99999 99999 99999 99999 99999 99999 99999 99999 99999 99999 99999
TBILIS 1990 08 02 2 99999 99999 99999 99999  7751  7776  7755  7742  7742  7761  7801  7804
TBILIS 1990 08 03 1  7804  7869  7824  7835  7791  7766  7784  7821  7809  7820  7861  7866
TBILIS 1990 08 03 2  7828  7820  7826  7830  7837  7852  7880  7868  7898  7895  7895  7881
TBILIS 1990 08 04 1  7870  7880  7862  7845  7876  7849  7839  7846  7890  7884  7867  7876
TBILIS 1990 08 04 2  7842  7820  7843  7801  7842  7818  7872  7878  7845  7943  7914  7871
TBILIS 1990 08 05 1  7902  7849  7843  7847  7853  7860  7877  7899  7933  7949  7903  7954
TBILIS 1990 08 05 2  7958  7940  7955  7946  7956  7975  7931  7954  7963  8000  7949  7987
TBILIS 1990 08 06 1  7960  7934  7982  7965  7989  7975  7989  7991  7984  7997  8004  8015
TBILIS 1990 08 06 2  8009  7987  8010  8020  8018  8004  8035  8019  8049  7987  7981  7972
TBILIS 1990 08 07 1  8014  7997  7973  7958 99999  7839  7909 99999  7939  7979  7966 99999
TBILIS 1990 08 07 2  8018  8040  8050  8073  8124  8067  8064  8063  8026  8041  8023  7963
TBILIS 1990 08 08 1  8006  7987  7982  7983  7978  7955  7989  7979  8023  8007  8013  7993
TBILIS 1990 08 08 2  7988  8004  8006  8005  7997  8039  8006  7999  7989  7956  7977  7978
TBILIS 1990 08 09 1  8009  7997  8038  8013  8017  8005  7998  8017  8036  8036  8058  8048
TBILIS 1990 08 09 2  8055  8036  8046  8029  8028  8034  8064  8047  8073  8065  8052  8066
TBILIS 1990 08 10 1  8057  8080  8059  8048  8050  8049  8058  8059  8051  8056  8100  8050
TBILIS 1990 08 10 2  8079  8056  8060  8031  8044  8058  8055  8019  8039  7990  8012  7999
TBILIS 1990 08 11 1  7997  7985  7973  8014  8003  7989  8006  8046  8023  8020  8028  8028
TBILIS 1990 08 11 2  8042  8059  8027  8007  8049  8068  8031  8054  8051  8051  8043  8030
TBILIS 1990 08 12 1  8027  8014  8028  8074  8045  8019  8043  8046  8048  8088  8083  8095
TBILIS 1990 08 12 2  8074  8047  8079  8094 99999  8071  8060  8071  8093  8089  8120  8131
TBILIS 1990 08 13 1  8143  8106  8120  8094  8069  8075  8039  8068  8110  8098  8101  8129
TBILIS 1990 08 13 2  8106  8095  8096  8137  8129  8101  8103  8155  8147  8135  8134  8095
TBILIS 1990 08 14 1  8098  8076  8077  8049  8004  7968  7937  8013  7991  8023  8009  8057
TBILIS 1990 08 14 2  8044  8062  8060  8034  8040  8071  8088  8077  8105  8104  8086  8055
TBILIS 1990 08 15 1  8081  8029  8025  7994  8025  7985  8004  8015  7985  7994  8027  8067
TBILIS 1990 08 15 2  8067  8056  8001  8010  7971  8006  8043  8012  8020  8054  8037  8000
TBILIS 1990 08 16 1  7994  7997  7930  7963  7943  7946  7947  7896  7898  7912  7900  7887
TBILIS 1990 08 16 2  7865  7838  7843  7834  7858  7898  7902  7872  7875  7867  7848  7824
TBILIS 1990 08 17 1  7794  7802  7808  7778  7836  7815  7825  7823  7827  7839  7874  7863
TBILIS 1990 08 17 2  7862  7867  7887  7871  7880  7866  7873  7862  7864  7849  7881  7871
TBILIS 1990 08 18 1  7876  7888  7841  7842  7848  7847  7825  7831  7882  7886  7895  7896
TBILIS 1990 08 18 2  7914  7886  7912  7888  7862  7850  7885  7875  7871  7833  7860  7876
TBILIS 1990 08 19 1  7860  7881  7914  7899  7878  7877  7882  7886  7923  7964  7935  7938
TBILIS 1990 08 19 2  7963  7934  7957  7965  8000  7964  7953  7979  7940  7936  7952  7917
TBILIS 1990 08 20 1  7933  7924  7868  7884  7908  7894  7925  7921  7960  7968  7981  7998
TBILIS 1990 08 20 2  7978  7979  7997  7974  7962  7998  7918  7890  7918  7906  7895  7929
TBILIS 1990 08 21 1  7947  7939  7953  7917  7887  7923  7931  7942  7958  7951  7956  7912
TBILIS 1990 08 21 2  7945  7918  7938  7947  7959  7893  7873  7868  7864  7843  7868  7883
TBILIS 1990 08 22 1  7864  7853  7859  7909  7917  7925  7944  7960  7993  7994  8006  8022
TBILIS 1990 08 22 2  8039  7990  7995  7993  7982  7974  8001  8013  7955  7978  7969  7969
TBILIS 1990 08 23 1  7963  7976  7927  7910  7946  7980  7988  7968  7996  8060  8120  8124
TBILIS 1990 08 23 2  8140  8131  8165  8137  8139  8113  8077  8062  8071  8058  8028  7948
TBILIS 1990 08 24 1  7966  7988  7983  7965  7969  7968  7984  8001  8065  8012  7962  8032
TBILIS 1990 08 24 2  8023  8073  8046  8064  8062  8037  8046  8049  8072  8054  8039  8051
TBILIS 1990 08 25 1  8050  8034  8029  8042  8055  8003  7977  8006  7992  8024  8039  8066
TBILIS 1990 08 25 2  8049  8060  8099  8109  8140  8140  8147  8092  8087  8089  8063  8078
TBILIS 1990 08 26 1  8066  8082  8100  8067  8090  8095  8058  8054  8024  7994  8019  8050
TBILIS 1990 08 26 2  8058  8017  8026  7989  7937  7913  7897  7859  7854  7842  7859  7840
TBILIS 1990 08 27 1  7864  7846  7833  7824  7789  7793  7797  7795  7814  7853  7826  7867
TBILIS 1990 08 27 2  7846  7840  7849  7859  7885  7880  7920  7943  7950  7985  8019  8006
TBILIS 1990 08 28 1  8022  8018  7983  7964  7974  7978  7936  7973  8001  8021  8021  8007
TBILIS 1990 08 28 2  7948  7969  7956  7951  7949  7898  7914  7920  7923  7972  7940  7977
TBILIS 1990 08 29 1  7969  7968  7969  7966  7946  7934  7972  7972  7945  7952  8002  8050
TBILIS 1990 08 29 2  8007  7969  7899  7893  7925  7902  7917  7913  7941  7916  7923  7892
TBILIS 1990 08 30 1  7929  7915  7889  7895  7931  7925  7953  7991  8031  8100  8114  8130
TBILIS 1990 08 30 2  8103  8112  8062  8007  7997  7958  7961  7955  7938  7963  7989  7972
TBILIS 1990 08 31 1  7982  7997  7979  7945  7915  7946  7936  8014  8025  8028  8072  8072
TBILIS 1990 08 31 2  8101  8046  8060  8015  7982  7941  7924  7939  7945  7927  7945  7953
Cosmic-Ray Neutron Monitor Data (Hourly, Pressure-Corrected and Scale-Adjusted Counts)
Collections: WDC for Cosmic Rays, Solar-Terrestrial Environment Laboratory, Nagoya Univ.
Data Access: http://center.stelab.nagoya-u.ac.jp/WDCCR/index.html
Project: ICSU WDC
Citation: WDC for Cosmic Rays, Solar-Terrestrial Environment Laboratory, Nagoya University
Station ID: TBILIS
Station:  TBILISI,GIORGIA,INSTITUT GEOPHYSIKY (IG), GIORGIAN ACADEMY OF SCIENCES,GIORGIA 
Instrument: 18-NM-64 NEUTRON MONITOR, CORRECTED FOR PRESSURE                                
Latitude (deg.):   41.72  Longitude (deg.):   44.80  Altitude (m):  510.00
Cut-Off Rigidity (GV):    6.66
Year: 1990  Month:   9
Scaling Factor (SF):    64.0   Constant (CONST):     0.0  Real Counts = (DATA + CONST)*SF
Temporal Resolution: 1 hour
UTC Start Hour:     0.0
                                                                                
                                                        
Monthly Average:  8041.2
Updated (YYYY MM DD): 1991 12 02
*******************************************************************************************
ID     YYYY MM DD 1     0     1     2     3     4     5     6     7     8     9    10    11
ID     YYYY MM DD 2    12    13    14    15    16    17    18    19    20    21    22    23
*******************************************************************************************
TBILIS 1990 09 01 1  7929  7928  7923  7925  7949  7929  7913  7941  7988  7956  8005  7984
TBILIS 1990 09 01 2  7992  8015  7999  7999  8011  8034  8045  8024  8036  7945  7972  7973
TBILIS 1990 09 02 1  7979  7961  7962  7956  7982  7986  7977  7997  8018  7992  8044  8022
TBILIS 1990 09 02 2  8041  8046  8074  8051  8016  7996  8034  8047  8042  8031  8047  8041
TBILIS 1990 09 03 1  8012  8015  8033  7980  7953  7977  7956  7986  8002  8031  7993  7982
TBILIS 1990 09 03 2  8028  8039  8011  8014  8062  8028  8032  8019  8054  8019  8024  7998
TBILIS 1990 09 04 1  8028  8021  7959  7959  7960  7990  7958  7938  7968  7999  8048  8006
TBILIS 1990 09 04 2  8007  8019  8031  8047  8009  8043  8062  8040  8019  8039  7976  7985
TBILIS 1990 09 05 1  8024  8027  8016  8014  8071  7980  8017  8004  8018  8024  8031  8082
TBILIS 1990 09 05 2  8051  8059  8045  8042  8037  8025  8017  8040  8033  8061  8069  8056
TBILIS 1990 09 06 1  8042  8055  8042  8066  8079  8010  7986  8021  8047  8070  8043  8050
TBILIS 1990 09 06 2  8062  8058  8061  8073  8040  8031  8054  8061  8011  8042  7994  8010
TBILIS 1990 09 07 1  8004  7997  7979  8012  7958  7989  7977  8022  8028  8058  8040  8125
TBILIS 1990 09 07 2  8103  8117  8109  8094  8064  8090  8028  8033  8013  7999  7992  8021
TBILIS 1990 09 08 1  7993  8016  8016  7976  8005  8010  7985  8000  8032  8031  8059  8067
TBILIS 1990 09 08 2  8060  8106  8070  8055  8017  8022  8035  8043  8052  8042  8047  7996
TBILIS 1990 09 09 1  8011  7977  8025  8009  7966  7986  8008  8036  8098  8075  8120  8084
TBILIS 1990 09 09 2  8118  8077  8119  8118  8128  8071  8087  8079  8083  8081  8075  8050
TBILIS 1990 09 10 1  8081  8068  8097  8049  8100  8101  8079  8093  8121  8120  8111  8138
TBILIS 1990 09 10 2  8103  8140  8116  8106  8084  8084  8067  8058  8059  8053  8059  8036
TBILIS 1990 09 11 1  8074  8058  7995  8049  8037  8039  8045  8070  8124  8153  8123  8100
TBILIS 1990 09 11 2  8082  8103  8083  8076  8036  8035  8056  8038  8025  8037  8027  8014
TBILIS 1990 09 12 1  7927  7926  7908  7901  7918  7933  7893  7929  7920  7975  7951  7946
TBILIS 1990 09 12 2  7956  7984  7959  7997  7973  7989  7993  7993  7971  7992  7953  7945
TBILIS 1990 09 13 1  7939  7922  7927  7974  7942  7952  7963  8012  8035  8062  8133  8092
TBILIS 1990 09 13 2  8112  8128  8142  8135  8106  8081  8072  8046  8068  8049  8056  8031
TBILIS 1990 09 14 1  8046  8014  8051  8038  8002  8017  8007  8010  8009  8049  8021  8047
TBILIS 1990 09 14 2  8042  8053  8080  8031  7977  8016  8047  8064  8065  8052  8005  8020
TBILIS 1990 09 15 1  7990  8003  8001  7974  7982  7980  7980  8002  7961  7961  7980  7993
TBILIS 1990 09 15 2  8029  8026  8066  8023  8021  8002  8017  7994  7991  7989  7975  7986
TBILIS 1990 09 16 1  7953  7953  7964  7961  7930  7921  7927  7973  7970  8007  8026  7992
TBILIS 1990 09 16 2  7987  8032  8004  8009  8024  8007  8009  7964  8005  7994  8008  8000
TBILIS 1990 09 17 1  7979  7990  8001  8021  7992  8001  8042  8097  8096  8111  8104  8117
TBILIS 1990 09 17 2  8118  8126  8083  8066  8030  8073  8046  8011  7986  8013  7970  8018
TBILIS 1990 09 18 1  8015  7997  7993  8001  8020  8021  8009  8078  8105  8114  8099  8153
TBILIS 1990 09 18 2  8139  8135  8122  8153  8059  8046  8013  8025  8029  8027  8022  8007
TBILIS 1990 09 19 1  8032  8012  7985  7991  7998  7972  7985  7981  7988  7991  8003  8020
TBILIS 1990 09 19 2  8054  8088  8059  8027  7986  7998  7987  7992  8001  7994  7989  8001
TBILIS 1990 09 20 1  7988  8009  7992  7978  7998  7986  7993  8047  8022  8052  8035  8019
TBILIS 1990 09 20 2  8058  8064  8062  8007  8068  8000  7953  7940  7917  7899  7946  7947
TBILIS 1990 09 21 1  7964  7971  7977  7987  7980  7984  8000  8033  8019  8068  8027  8044
TBILIS 1990 09 21 2  8015  8081  8013  8017  8011  7968  8001  7998  8005  8002  7981  8002
TBILIS 1990 09 22 1  7995  7999  7975  8003  7974  8003  7958  8009  8024  8009  8041  8049
TBILIS 1990 09 22 2  8030  8044  8034  8069  8046  7995  7978  8007  7997  8017  7967  8008
TBILIS 1990 09 23 1  7995  8013  8022  8024  8021  8053  8045  8074  8115  8101  8075  8092
TBILIS 1990 09 23 2  8081  8081  8073  8079  8056  8047  8052  8035  8012  8024  8000  8011
TBILIS 1990 09 24 1  8063  8044  8038  8006  7998  7997  8016  8075  8086  8106  8109  8127
TBILIS 1990 09 24 2  8064  8098  8090  8063  8081  8053  8040  8039  8000  8060  8051  8050
TBILIS 1990 09 25 1  8039  8041  8053  8048  8064  8075  8056  8090  8090  8108  8140  8163
TBILIS 1990 09 25 2  8142  8091  8111  8089  8121  8104  8126  8123  8102  8097  8115  8106
TBILIS 1990 09 26 1  8122  8121  8116  8122  8139  8130  8141  8150  8171  8140  8171  8138
TBILIS 1990 09 26 2  8103  8110  8103  8127  8057  8079  8071  8083  8062  8078  8076  8081
TBILIS 1990 09 27 1  8058  8050  8038  8057  8052  8052  8083  8115  8078  8104  8095  8073
TBILIS 1990 09 27 2  8086  8086  8081  8088  8070  8085  8092  8082  8079  8061  8067  8070
TBILIS 1990 09 28 1  8048  7999  8022  8018  8059  8023  8050  8097  8158  8159  8167  8195
TBILIS 1990 09 28 2  8209  8181  8222  8165  8138  8128  8113  8069  8073  8099  8097  8064
TBILIS 1990 09 29 1  8082  8101  8087  8084  8073  8103  8084  8104  8105  8111  8149  8113
TBILIS 1990 09 29 2  8122  8156  8106  8133  8138  8106  8121  8107  8115  8114  8148  8132
TBILIS 1990 09 30 1  8135  8123  8115  8089  8099  8111  8116  8108  8149  8147  8123  8120
TBILIS 1990 09 30 2  8150  8144  8143  8180  8160  8182  8143  8126  8159  8205  8184  8182
TBILIS 1990 09 31 1 99999 99999 99999 99999 99999 99999 99999 99999 99999 99999 99999 99999
TBILIS 1990 09 31 2 99999 99999 99999 99999 99999 99999 99999 99999 99999 99999 99999 99999
Cosmic-Ray Neutron Monitor Data (Hourly, Pressure-Corrected and Scale-Adjusted Counts)
Collections: WDC for Cosmic Rays, Solar-Terrestrial Environment Laboratory, Nagoya Univ.
Data Access: http://center.stelab.nagoya-u.ac.jp/WDCCR/index.html
Project: ICSU WDC
Citation: WDC for Cosmic Rays, Solar-Terrestrial Environment Laboratory, Nagoya University
Station ID: TBILIS
Station:  TBILISI,GIORGIA,INSTITUT GEOPHYSIKY (IG), GIORGIAN ACADEMY OF SCIENCES,GIORGIA 
Instrument: 18-NM-64 NEUTRON MONITOR, CORRECTED FOR PRESSURE                                
Latitude (deg.):   41.72  Longitude (deg.):   44.80  Altitude (m):  510.00
Cut-Off Rigidity (GV):    6.66
Year: 1990  Month:  10
Scaling Factor (SF):    64.0   Constant (CONST):     0.0  Real Counts = (DATA + CONST)*SF
Temporal Resolution: 1 hour
UTC Start Hour:     0.0
                                                                                
                                                        
Monthly Average:  8109.0
Updated (YYYY MM DD): 1991 12 02
*******************************************************************************************
ID     YYYY MM DD 1     0     1     2     3     4     5     6     7     8     9    10    11
ID     YYYY MM DD 2    12    13    14    15    16    17    18    19    20    21    22    23
*******************************************************************************************
TBILIS 1990 10 01 1  8174  8192  8176  8211  8165  8156  8174  8163  8173  8192  8152  8159
TBILIS 1990 10 01 2  8176  8160  8208  8151  8200  8185  8188  8177  8225  8231  8224  8203
TBILIS 1990 10 02 1  8178  8208  8186  8157  8164  8154  8140  8141  8163  8183  8162  8136
TBILIS 1990 10 02 2  8191  8184  8173  8201  8178  8217  8211  8232  8197  8202  8205  8198
TBILIS 1990 10 03 1  8221  8182  8181  8176  8182  8196  8180  8224  8206  8192  8229  8230
TBILIS 1990 10 03 2  8253  8281  8259  8232  8162  8157  8145  8126  8158  8155  8139  8114
TBILIS 1990 10 04 1  8094  8043  8115  8130  8147  8117  8104  8111  8126  8126  8162  8110
TBILIS 1990 10 04 2  8111  8068  8095  8119  8117  8110  8097  8080  8090  8049  8054  8063
TBILIS 1990 10 05 1  8055  8074  8079  8084  8039  8050  8061  8070  8043  8082  8103  8123
TBILIS 1990 10 05 2  8113  8116  8115  8109  8116  8135  8093  8080  8094  8058  8095  8100
TBILIS 1990 10 06 1  8053  8053  8019  8051  8032  8047  8045  8089  8137  8114  8124  8115
TBILIS 1990 10 06 2  8130  8109  8102  8092  8137  8091  8124  8124  8113  8101  8091  8066
TBILIS 1990 10 07 1  8057  8071  8060  8073  8052  8064  8058  8083  8082  8164  8162  8148
TBILIS 1990 10 07 2  8123  8162  8166  8136  8081  8040  8065  8057  8047  8082  8061  8065
TBILIS 1990 10 08 1  8096  8042  8073  8062  8034  8071  8098  8081  8123  8123  8108  8151
TBILIS 1990 10 08 2  8122  8126  8094  8087  8106  8062  8103  8084  8075  8079  8094  8077
TBILIS 1990 10 09 1  8101  8069  8066  8079  8095  8076  8156  8094  8118  8120  8112  8094
TBILIS 1990 10 09 2  8085  8119  8155  8148  8106  8065  8067  8091  8064  8041  8040  8014
TBILIS 1990 10 10 1  7962  8009  8025  8047  8034  8039  8048  8031  8095  8093  8105  8058
TBILIS 1990 10 10 2  8088  8093  8087  8059  8040  8030  7990  8013  8065  7973  7988  7987
TBILIS 1990 10 11 1  7979  7922  7950  7949  7955  7957  7965  7995  8003  8000  8023  8048
TBILIS 1990 10 11 2  8004  7999  7978  8004  8019  8031  8023  8059  8067  8080  8036  8003
TBILIS 1990 10 12 1  7998  8045  8028  8043  8047  8034  8033  8067  8054  8071  8089  8072
TBILIS 1990 10 12 2  8064  8062  8040  8032  8023  8042  8043  8036  8074  8041  8076  8058
TBILIS 1990 10 13 1  8071  8050  8028  8059  8062  8054  8068  8055  8030  8056  8046  8021
TBILIS 1990 10 13 2  8027  8035  8028  8030  8067  8061  8040  8024  8031  8066  8049  8089
TBILIS 1990 10 14 1  8086  8081  8048  8090  8135  8149  8145  8106  8110  8124  8136  8126
TBILIS 1990 10 14 2  8128  8104  8111  8088  8050  8060  8059  8061  8028  8018  8004  7994
TBILIS 1990 10 15 1  8075  8056  8083  8034  8059  8057  8082  8085  8073  8097  8122  8139
TBILIS 1990 10 15 2  8125  8131  8123  8107  8111  8125  8091  8132  8090  8127  8108  8106
TBILIS 1990 10 16 1  8080  8090  8085  8064  8054  8055  8080  8122  8150  8124  8126  8156
TBILIS 1990 10 16 2  8131  8134  8132  8142  8132  8147  8107  8190  8176  8141  8154  8147
TBILIS 1990 10 17 1  8132  8130  8124  8123  8131  8142  8152  8182  8137  8179  8207  8202
TBILIS 1990 10 17 2  8153  8204  8153  8142  8160  8181  8176  8143  8130  8150  8147  8132
TBILIS 1990 10 18 1  8146  8109  8111  8137  8093  8110  8098  8137  8140  8161  8110  8107
TBILIS 1990 10 18 2  8112  8101  8156  8095  8119  8133  8140  8146  8114  8142  8152  8145
TBILIS 1990 10 19 1  8111  8143  8119  8092  8070  8097  8124  8130  8174  8168  8198 99999
TBILIS 1990 10 19 2 99999 99999  8177 99999  8206  8179  8200  8190  8196  8202  8179  8196
TBILIS 1990 10 20 1  8202  8163  8208  8202  8170  8130  8144  8144  8201  8232  8213  8259
TBILIS 1990 10 20 2  8252  8255  8231  8277  8277  8243  8243  8225  8242  8289  8235  8224
TBILIS 1990 10 21 1  8230  8221  8214  8222  8211  8218  8241  8247  8224  8286  8246  8296
TBILIS 1990 10 21 2  8272  8306  8281  8298  8248  8243  8258  8206  8193  8211  8247  8233
TBILIS 1990 10 22 1  8193  8232  8192  8256  8225  8226  8254  8264  8284  8278  8278  8275
TBILIS 1990 10 22 2  8274  8283  8249  8241  8261  8290  8273  8240  8250  8214  8196  8161
TBILIS 1990 10 23 1  8137  8150  8138  8126  8125  8103  8142  8142  8100  8148  8153  8106
TBILIS 1990 10 23 2  8126  8145  8171  8157  8175  8158  8161  8167  8123  8103  8135  8153
TBILIS 1990 10 24 1  8153  8148  8115  8179  8195  8225  8149  8163  8172  8199  8210  8205
TBILIS 1990 10 24 2  8175  8172  8201  8218  8214  8219  8181  8182  8170  8116  8129  8153
TBILIS 1990 10 25 1  8174  8183  8196  8206  8224  8192  8205  8238  8235  8213  8255  8256
TBILIS 1990 10 25 2  8221  8220  8201  8199  8181  8166  8171  8173  8138  8145  8171  8160
TBILIS 1990 10 26 1  8122  8124  8117  8159  8142  8181  8183  8134  8157  8164  8205  8176
TBILIS 1990 10 26 2  8150  8085  8082  8049  8046  8041  8041  8025  8011  8057  8018  8037
TBILIS 1990 10 27 1  8016  8009  8021  8008  8031  7990  7974  7967  7972  7959  8017  8018
TBILIS 1990 10 27 2  8029  8050  8041  8022  8028  8025  8031  8041  8047  8074  8058  8107
TBILIS 1990 10 28 1  8038  8034  8018  7980  7954  7966  7959  7960  7999  8006  8025  8021
TBILIS 1990 10 28 2  7995  8019  8033  8031  8087  8077  8085  8093  8088  8021  8013  8036
TBILIS 1990 10 29 1  7999  8062  8035  8006  8021  8057  8034  8035  8027  8088  8066  8093
TBILIS 1990 10 29 2  8082  8049  8053  8017  8055  8093  8068  8052  8024  8039  8032  8009
TBILIS 1990 10 30 1  8036  8034  8013  8005  7988  8001  8044  8049  7986  7996  8017  7967
TBILIS 1990 10 30 2  7980  7960  7969  7979  7926  7945  7968  7955  7964  7962  7979  7971
TBILIS 1990 10 31 1  7957  7928  7933  7977  7946  7901  7922  7891  7950  8004  8013  8022
TBILIS 1990 10 31 2  8029  8029  8017  8080  8046  8003  8024  8079  8072  8040  8021  8041
Cosmic-Ray Neutron Monitor Data (Hourly, Pressure-Corrected and Scale-Adjusted Counts)
Collections: WDC for Cosmic Rays, Solar-Terrestrial Environment Laboratory, Nagoya Univ.
Data Access: http://center.stelab.nagoya-u.ac.jp/WDCCR/index.html
Project: ICSU WDC
Citation: WDC for Cosmic Rays, Solar-Terrestrial Environment Laboratory, Nagoya University
Station ID: TBILIS
Station:  TBILISI,GIORGIA,INSTITUT GEOPHYSIKY (IG), GIORGIAN ACADEMY OF SCIENCES,GIORGIA 
Instrument: 18-NM-64 NEUTRON MONITOR, CORRECTED FOR PRESSURE                                
Latitude (deg.):   41.72  Longitude (deg.):   44.80  Altitude (m):  510.00
Cut-Off Rigidity (GV):    6.66
Year: 1990  Month:  11
Scaling Factor (SF):    64.0   Constant (CONST):     0.0  Real Counts = (DATA + CONST)*SF
Temporal Resolution: 1 hour
UTC Start Hour:     0.0
                                                                                
                                                        
Monthly Average:  8147.7
Updated (YYYY MM DD): 1991 12 02
*******************************************************************************************
ID     YYYY MM DD 1     0     1     2     3     4     5     6     7     8     9    10    11
ID     YYYY MM DD 2    12    13    14    15    16    17    18    19    20    21    22    23
*******************************************************************************************
TBILIS 1990 11 01 1  8048  8033  8012  7973  7960  7956  7961  7950  7947  7987  8025  8063
TBILIS 1990 11 01 2  8001  8017  8087  8069  8071  8118  8066  8038  8030  8067  8074  8026
TBILIS 1990 11 02 1  8018  8014  8017  8039  7998  8002  8031  8002  8052  8083  8096  8074
TBILIS 1990 11 02 2  8101  8070  8073  8104  8085  8093  8090  8089  8108  8068  8091  8066
TBILIS 1990 11 03 1  8021  8024  8052  8021  8045  8046  8036  8062  8052  8038  8090  8105
TBILIS 1990 11 03 2  8104  8101  8119  8070  8098  8114  8081  8104  8079  8057  8058  8057
TBILIS 1990 11 04 1  8054  8012  8038  8004  8031  8034  8041  8007  8046  8083  8119  8123
TBILIS 1990 11 04 2  8117  8134  8159  8103  8107  8132  8147  8084  8108  8083  8097  8104
TBILIS 1990 11 05 1  8058  8077  8069  8069  8048  8063  8066  8073  8114  8108  8183  8183
TBILIS 1990 11 05 2  8192  8180  8202  8206  8202  8187  8231  8189  8187  8196  8214  8138
TBILIS 1990 11 06 1  8158  8157  8177  8125  8114  8150  8140  8183  8209  8224  8228  8223
TBILIS 1990 11 06 2  8194  8190  8181  8208  8222  8234  8205  8188  8172  8188  8176  8170
TBILIS 1990 11 07 1  8142  8154  8106  8142  8186  8090  8098  8134  8124  8096  8164  8157
TBILIS 1990 11 07 2  8197  8193  8226  8185  8205  8200  8191  8184  8152  8151  8152  8163
TBILIS 1990 11 08 1  8145  8172  8137  8163  8143  8168  8135  8167  8161  8196  8202  8124
TBILIS 1990 11 08 2  8166  8208  8241  8221  8251  8252  8288  8221  8252  8222  8179  8189
TBILIS 1990 11 09 1  8180  8178  8214  8195  8165  8180  8166  8102  8123  8094  8133  8143
TBILIS 1990 11 09 2  8200  8125  8136  8112  8152  8143  8156  8133  8178  8149  8125  8111
TBILIS 1990 11 10 1  8156  8136  8096  8097  8153  8060  8140  8124  8139  8132  8147  8169
TBILIS 1990 11 10 2  8122  8165  8138  8184  8145  8154  8128  8147  8170  8150  8138  8113
TBILIS 1990 11 11 1  8133  8138  8133  8134  8149  8140  8120  8128  8167  8155  8226  8197
TBILIS 1990 11 11 2  8185  8223  8212  8191  8192  8151  8131  8151  8097  8127  8108  8141
TBILIS 1990 11 12 1  8145  8154  8166  8123  8122  8098  8126  8111  8139  8119  8147  8140
TBILIS 1990 11 12 2  8121  8107  8093  8101  8066  8063  8057  8084  8084  8093  8094  8126
TBILIS 1990 11 13 1  8106  8113  8143  8124  8172 99999 99999 99999  8108  8143  8113  8102
TBILIS 1990 11 13 2  8104  8152  8138  8123  8118  8121  8139  8117  8103  8107  8140  8119
TBILIS 1990 11 14 1  8122  8139  8114  8130  8081  8067  8046  8054 99999 99999 99999 99999
TBILIS 1990 11 14 2 99999  8137  8125  8089  8119  8113  8129  8142  8174  8166  8167  8148
TBILIS 1990 11 15 1  8131  8144  8166  8105  8130  8139  8099  8138  8147  8169  8171  8220
TBILIS 1990 11 15 2  8204  8176  8175  8188  8177  8179  8182  8207  8163  8195  8173  8170
TBILIS 1990 11 16 1  8157  8143  8141  8128  8182  8093  8122  8128  8163  8189  8190  8192
TBILIS 1990 11 16 2  8196  8179  8136  8176  8127  8160  8137  8146  8149  8158  8151  8162
TBILIS 1990 11 17 1  8171  8137  8148  8176  8170  8145  8176  8190  8219  8253  8276  8248
TBILIS 1990 11 17 2  8238  8266  8237  8224  8256  8239  8231  8217  8217  8175  8159  8179
TBILIS 1990 11 18 1  8145  8163  8143  8106  8155  8130  8172  8179  8251  8225  8267  8257
TBILIS 1990 11 18 2  8233  8241  8246  8251  8207  8246  8239  8177  8187  8169  8143  8157
TBILIS 1990 11 19 1  8149  8161  8191  8184  8212  8219  8200  8255  8269  8263  8259  8269
TBILIS 1990 11 19 2  8287  8262  8248  8224  8199  8218  8213  8188  8170  8222  8181  8158
TBILIS 1990 11 20 1  8165  8159  8143  8158  8152  8197  8224  8241  8259  8271  8272  8256
TBILIS 1990 11 20 2  8211  8208  8181  8159  8175  8162  8176  8183  8124  8124  8089  8122
TBILIS 1990 11 21 1  8111  8137  8160  8128  8154  8177  8207  8160  8184  8228  8201  8212
TBILIS 1990 11 21 2  8204  8160  8160  8140  8120  8141  8070  8059  8038  8094  8110  8154
TBILIS 1990 11 22 1  8141  8139  8101  8075  8075  8082  8089  8116  8104  8112  8147  8153
TBILIS 1990 11 22 2  8102  8147  8116  8076  8102  8127  8165  8163  8160  8212  8191  8144
TBILIS 1990 11 23 1  8159  8129  8154  8124  8146  8113  8167  8140  8171  8192  8180  8194
TBILIS 1990 11 23 2  8204  8194  8181  8185  8153  8194  8174  8130  8150  8148  8142  8108
TBILIS 1990 11 24 1  8127  8112  8094  8153  8060  8079  8108  8151  8159  8158  8164  8140
TBILIS 1990 11 24 2  8126  8139  8163  8140  8156  8157  8176  8188  8187  8173  8180  8183
TBILIS 1990 11 25 1  8160  8155  8179  8176  8184  8145  8179  8183  8194  8164  8211  8172
TBILIS 1990 11 25 2  8122  8170  8176  8204  8184  8228  8247  8276  8239  8241  8202  8214
TBILIS 1990 11 26 1  8214  8155  8175  8179  8185  8178  8172  8202  8188  8221  8166  8165
TBILIS 1990 11 26 2  8165  8171  8194  8186  8207  8210  8262  8227  8210  8213  8249  8179
TBILIS 1990 11 27 1  8172  8193  8186  8172  8115  8167  8133  8118  8103  8145  8147  8120
TBILIS 1990 11 27 2  8163  8159  8156  8179  8180  8258  8254  8262  8285  8264  8222  8122
TBILIS 1990 11 28 1  8098  8071  8144  8149  8114  8183  8179  8196  8198  8236  8216  8231
TBILIS 1990 11 28 2  8191  8183  8235  8170  8178  8169  8189  8151  8143  8144  8123  8110
TBILIS 1990 11 29 1  8128  8128  8094  8099  8067  8059  8056  8084  8142  8140  8135  8165
TBILIS 1990 11 29 2  8136  8131  8144  8130  8179  8205  8195  8123  8125  8132  8134  8136
TBILIS 1990 11 30 1  8151  8115  8136  8098  8142  8150  8137  8150  8161  8180  8170  8138
TBILIS 1990 11 30 2  8169  8159  8162  8186  8194  8182  8183  8155  8143  8164  8151  8167
TBILIS 1990 11 31 1 99999 99999 99999 99999 99999 99999 99999 99999 99999 99999 99999 99999
TBILIS 1990 11 31 2 99999 99999 99999 99999 99999 99999 99999 99999 99999 99999 99999 99999
Cosmic-Ray Neutron Monitor Data (Hourly, Pressure-Corrected and Scale-Adjusted Counts)
Collections: WDC for Cosmic Rays, Solar-Terrestrial Environment Laboratory, Nagoya Univ.
Data Access: http://center.stelab.nagoya-u.ac.jp/WDCCR/index.html
Project: ICSU WDC
Citation: WDC for Cosmic Rays, Solar-Terrestrial Environment Laboratory, Nagoya University
Station ID: TBILIS
Station:  TBILISI,GIORGIA,INSTITUT GEOPHYSIKY (IG), GIORGIAN ACADEMY OF SCIENCES,GIORGIA 
Instrument: 18-NM-64 NEUTRON MONITOR, CORRECTED FOR PRESSURE                                
Latitude (deg.):   41.72  Longitude (deg.):   44.80  Altitude (m):  510.00
Cut-Off Rigidity (GV):    6.66
Year: 1990  Month:  12
Scaling Factor (SF):    64.0   Constant (CONST):     0.0  Real Counts = (DATA + CONST)*SF
Temporal Resolution: 1 hour
UTC Start Hour:     0.0
                                                                                
                                                        
Monthly Average:  8113.5
Updated (YYYY MM DD): 1991 12 02
*******************************************************************************************
ID     YYYY MM DD 1     0     1     2     3     4     5     6     7     8     9    10    11
ID     YYYY MM DD 2    12    13    14    15    16    17    18    19    20    21    22    23
*******************************************************************************************
TBILIS 1990 12 01 1  8166  8156  8155  8163  8169  8203  8184  8169  8218  8227  8242  8198
TBILIS 1990 12 01 2  8191  8183  8215  8204  8219  8167  8151  8179  8183  8162  8174  8168
TBILIS 1990 12 02 1  8136  8130  8164  8145  8159  8155  8153  8187  8215  8225  8242  8251
TBILIS 1990 12 02 2  8212  8229  8228  8210  8209  8232  8212  8176  8179  8158  8137  8157
TBILIS 1990 12 03 1  8155  8156  8158  8142  8092  8107  8136  8141  8145  8162  8168  8130
TBILIS 1990 12 03 2  8117  8139  8121  8149  8180  8190  8188  8136  8152  8167  8159  8167
TBILIS 1990 12 04 1  8158  8199  8214  8208  8226  8212  8187  8179  8216  8245  8239  8258
TBILIS 1990 12 04 2  8261  8279  8325  8317  8291  8243  8259  8264  8281  8272  8300  8255
TBILIS 1990 12 05 1  8243  8207  8198  8155  8156  8157  8127  8153  8199  8156  8164  8169
TBILIS 1990 12 05 2  8136  8182  8187  8177  8192  8213  8145  8160  8176  8147  8179  8174
TBILIS 1990 12 06 1  8154  8172  8165  8152  8181  8158  8169  8188  8219  8168  8206  8214
TBILIS 1990 12 06 2  8203  8202  8185  8179  8191  8132  8157  8149  8202  8208  8189  8164
TBILIS 1990 12 07 1  8172  8153  8143  8108  8151  8164  8170  8178  8222  8215  8212  8170
TBILIS 1990 12 07 2  8203  8207  8173  8186  8165  8164  8143  8130  8136  8144  8144  8103
TBILIS 1990 12 08 1  8108  8125  8137  8125  8180  8130  8135  8137  8189  8158  8155  8163
TBILIS 1990 12 08 2  8166  8176  8150  8120  8086  8078  8000  8001  8009  7994  7967  7965
TBILIS 1990 12 09 1  7989  8021  7980  7989  7966  8041  8012  7975  8065  8040  8027  8014
TBILIS 1990 12 09 2  7980  7970  8031  8051  8054  8113  8054  8055  7995  8028  7999  8020
TBILIS 1990 12 10 1  7972  8014  7988  7983  8026  7986  7979  8023  8018  8073  8027  8024
TBILIS 1990 12 10 2  8084  8075  8094  8105  8078  8086  8064  8077  8069  8049  8022  8035
TBILIS 1990 12 11 1  8003  8048  8003  7991  7994  7994  7993  8015  7993  7988  8002  8023
TBILIS 1990 12 11 2  8006  8097  8039  8043  7996  7987  8045  8039  8023  8060  8042  8047
TBILIS 1990 12 12 1  8049  8042  8026  8017  8004  8015  8004  8025  8035  8051  8071  8052
TBILIS 1990 12 12 2  8064  8064  8069  8067  8103  8088  8055  8071  8040  8034  8078  8070
TBILIS 1990 12 13 1  8043  8097  8114  8094  8100  8098  8071  8096  8110  8105  8085  8085
TBILIS 1990 12 13 2  8107  8048  8091  8107  8136  8119  8113  8118  8089  8054  8077  8086
TBILIS 1990 12 14 1  8087  8064  8094  8093  8125  8094  8074  8078  8074  8060  8080  8081
TBILIS 1990 12 14 2  8104  8066  8079  8111  8099  8099  8121  8125  8120  8116  8077  8100
TBILIS 1990 12 15 1  8089  8093  8093  8123  8082  8088  8097  8081  8142  8137  8116  8105
TBILIS 1990 12 15 2  8082  8085  8081  8076  8114  8099  8113  8086  8078  8067  8113  8069
TBILIS 1990 12 16 1  8091  8092  8103  8084  8034  8086  8085  8127  8103  8107  8152  8130
TBILIS 1990 12 16 2  8091  8090  8131  8108  8111  8154  8121  8110  8108  8095  8120  8101
TBILIS 1990 12 17 1  8113  8104  8097  8101  8121  8131  8110  8112  8162  8194  8169  8169
TBILIS 1990 12 17 2  8146  8142  8142  8119  8135  8210  8209  8216  8177  8191  8209  8153
TBILIS 1990 12 18 1  8139  8131  8184  8180  8174  8098  8096  8065  8058  8098  8106  8132
TBILIS 1990 12 18 2  8103  8156  8168  8129  8194  8155  8149  8157  8181  8153  8150  8159
TBILIS 1990 12 19 1  8149  8164  8150  8117  8105  8107  8100  8112  8102  8103  8099  8132
TBILIS 1990 12 19 2  8134  8149  8127  8107  8137  8095  8090  8042  8042  8083  8090  8101
TBILIS 1990 12 20 1  8101  8087  8115  8089  8112  8157  8126  8103  8176  8164  8178  8163
TBILIS 1990 12 20 2  8128  8115  8087  8106  8111  8092  8087  8121  8121  8109  8094  8148
TBILIS 1990 12 21 1  8140  8166  8132  8126  8137  8167  8111  8164  8152  8178  8192  8204
TBILIS 1990 12 21 2  8198  8203  8169  8170  8181  8153  8173  8134  8112  8104  8115  8063
TBILIS 1990 12 22 1  8080  8080  8108  8097  8068  8081  8057  8107  8145  8108  8141  8085
TBILIS 1990 12 22 2  8161  8095  8098  8081  8057  8068  8046  8050  8061  8102  8039  8053
TBILIS 1990 12 23 1  8054  8072  8061  8036  8029  8016  7994  8064  8009  8070  8052  8032
TBILIS 1990 12 23 2  8053  8018  8005  8053  8070  8009  8032  8030  8031  8049  8054  8077
TBILIS 1990 12 24 1  8068  8051  8060  8042  8066  8058 99999 99999 99999  8050  8065  8060
TBILIS 1990 12 24 2  8088  8097  8109  8129  8122  8117  8144  8125  8127  8136  8105  8131
TBILIS 1990 12 25 1  8132  8155  8103  8168  8128  8167  8093  8049  8117  8136  8154  8115
TBILIS 1990 12 25 2  8120  8113  8092  8109  8082  8116  8113  8119  8107  8108  8075  8118
TBILIS 1990 12 26 1  8153  8165  8153  8163  8119  8139  8124  8093  8086  8124  8106  8090
TBILIS 1990 12 26 2  8060  8062  8049  8036  8009  8011  8056  7982  8000  8026  8043  8032
TBILIS 1990 12 27 1  8046  8011  8068  8017  8010  8014  8031  8030  8065  8087  8091  8114
TBILIS 1990 12 27 2  8099  8081  8067  8065  8048  8034  8022  8038  8035  8058  8045  8072
TBILIS 1990 12 28 1  8077  8097  8041  8063  8038  8015  8049  8079  8110  8136  8133  8123
TBILIS 1990 12 28 2  8129  8129  8138  8124  8081  8101  8107  8076  8073  8076  8056  8058
TBILIS 1990 12 29 1  8140  8120  8075  8109  8115  8155  8178  8150  8178  8245  8227  8251
TBILIS 1990 12 29 2  8256  8214  8204  8215  8139  8214  8199  8179  8161  8152  8168  8119
TBILIS 1990 12 30 1  8116  8161  8149  8150  8145  8129  8174  8152  8140  8163  8108  8077
TBILIS 1990 12 30 2  8099  8068  8044  8041  8075  8055  8059  8075  8083  8092  8102  8096
TBILIS 1990 12 31 1  8123  8079  8081  8042  8048  8039  8036  8051  8085  8103  8084  8109
TBILIS 1990 12 31 2  8115  8176  8142  8133  8182  8172  8139  8116  8148  8128  8143  8148
