Cosmic-Ray Neutron Monitor Data (Hourly, Pressure-Corrected and Scale-Adjusted Counts)
Collections: WDC for Cosmic Rays, Solar-Terrestrial Environment Laboratory, Nagoya Univ.
Data Access: http://center.stelab.nagoya-u.ac.jp/WDCCR/index.html
Project: ICSU WDC
Citation: WDC for Cosmic Rays, Solar-Terrestrial Environment Laboratory, Nagoya University
Station ID: TBILIS
Station:  TBILISI,GIORGIA,INSTITUT GEOPHYSIKY (IG), GIORGIAN ACADEMY OF SCIENCES,GIORGIA 
Instrument:  18 NM-64 NEUTRON MONITOR, CORRECTED FOR PRESSURE TO 950.0  MB,COEF.=-0.690 %/MB
Latitude (deg.):   41.72  Longitude (deg.):   44.80  Altitude (m):  510.00
Cut-Off Rigidity (GV):    6.91
Year: 1995  Month:   1
Scaling Factor (SF):    64.0   Constant (CONST):     0.0  Real Counts = (DATA + CONST)*SF
Temporal Resolution: 1 hour
UTC Start Hour:     0.0
DATA FILE IS PREPARED BY IZMIRAN (ftp://cr0.izmiran.rssi.ru/Cosray!/FTP_NM/C/)  
 Updated by IZMIRAN on 20001101                         
Monthly Average:  8656.0
Updated (YYYY MM DD): 2013 12 12
*******************************************************************************************
ID     YYYY MM DD 1     0     1     2     3     4     5     6     7     8     9    10    11
ID     YYYY MM DD 2    12    13    14    15    16    17    18    19    20    21    22    23
*******************************************************************************************
TBILIS 1995 01 01 1  8669  8707  8647  8672  8690  8672  8625  8587  8619 99999  8707  8731
TBILIS 1995 01 01 2  8706  8672  8687  8658  8591  8605  8557  8541  8559  8584  8539  8528
TBILIS 1995 01 02 1  8527  8540  8577  8603  8652  8605  8618  8586  8600  8585  8636  8644
TBILIS 1995 01 02 2  8628  8619  8641  8626  8614  8629  8625  8615 99999  8599  8592  8607
TBILIS 1995 01 03 1  8592  8589  8614  8590  8594  8615  8570  8570  8627  8590  8655  8620
TBILIS 1995 01 03 2  8572  8650  8617  8607  8605  8633  8629  8618  8575  8566  8579 99999
TBILIS 1995 01 04 1 99999 99999 99999 99999 99999 99999 99999 99999  8594  8632  8661  8599
TBILIS 1995 01 04 2  8564  8591  8598  8609  8595  8587  8569  8590  8594  8572  8559  8553
TBILIS 1995 01 05 1  8571  8593  8552  8593  8560  8594  8620  8627  8600  8578 99999 99999
TBILIS 1995 01 05 2 99999 99999 99999 99999 99999  8593  8591  8550  8512  8525  8528  8492
TBILIS 1995 01 06 1  8495  8481  8470  8460  8526  8524  8481  8518  8387  8518  8534  8526
TBILIS 1995 01 06 2 99999 99999 99999 99999 99999 99999 99999 99999 99999 99999 99999 99999
TBILIS 1995 01 07 1 99999 99999 99999 99999 99999 99999 99999  8559  8543  8553  8592  8576
TBILIS 1995 01 07 2  8629  8583  8617  8643  8639  8606  8609  8652  8601  8597  8634  8594
TBILIS 1995 01 08 1  8578  8587  8588  8574  8605  8571  8511  8584  8559  8615  8628  8630
TBILIS 1995 01 08 2  8645  8636  8651  8635  8660  8652  8628  8655  8657  8659  8644  8632
TBILIS 1995 01 09 1  8659  8619  8651  8685  8654  8641  8663  8622  8665  8671  8641  8651
TBILIS 1995 01 09 2  8666  8647  8610  8620  8633  8669  8637  8627  8609  8600  8617  8583
TBILIS 1995 01 10 1  8622  8634  8635  8637  8619  8672  8625  8612  8668  8630  8655  8673
TBILIS 1995 01 10 2  8706  8671  8666  8676  8674  8698  8709  8704  8659  8664  8705  8644
TBILIS 1995 01 11 1  8637  8668  8645  8631  8637  8680  8673  8658  8675  8691  8748  8773
TBILIS 1995 01 11 2  8779  8777  8792  8716  8703  8700  8695  8707  8700  8713  8705  8687
TBILIS 1995 01 12 1  8664  8684  8734  8738  8749  8673  8753  8721  8737  8781  8792  8738
TBILIS 1995 01 12 2  8695  8753  8692  8744  8685  8702  8736  8693  8656  8671  8664  8669
TBILIS 1995 01 13 1  8644  8652 99999 99999 99999  8678  8601  8628  8630  8700  8674  8674
TBILIS 1995 01 13 2  8681  8703  8685  8621  8721  8663  8717  8632  8680  8672  8671  8640
TBILIS 1995 01 14 1  8694  8702  8695  8691  8633  8651  8655  8607  8612  8610  8643  8652
TBILIS 1995 01 14 2  8675  8622  8627  8598 99999 99999  8658  8629  8604  8612  8610  8589
TBILIS 1995 01 15 1  8628  8656  8703  8687  8677  8695  8640  8677  8688  8688  8763  8711
TBILIS 1995 01 15 2  8753  8740  8727  8720  8723  8636  8666  8737  8772  8691  8718  8705
TBILIS 1995 01 16 1  8711  8724  8700  8711  8698  8666  8640  8637  8598  8652  8666  8746
TBILIS 1995 01 16 2  8729  8697 99999 99999 99999 99999 99999 99999 99999 99999 99999 99999
TBILIS 1995 01 17 1 99999 99999 99999 99999 99999 99999 99999 99999 99999 99999 99999 99999
TBILIS 1995 01 17 2 99999  8676  8651  8687  8697  8712  8740  8714  8685  8697  8705  8673
TBILIS 1995 01 18 1  8686  8627 99999 99999 99999 99999 99999 99999 99999 99999  8668  8709
TBILIS 1995 01 18 2  8715 99999 99999  8697  8714  8673 99999  8658  8647  8649  8626  8675
TBILIS 1995 01 19 1  8638  8683  8704  8740  8741  8688  8748  8690  8686  8691  8651  8735
TBILIS 1995 01 19 2  8715  8752  8765  8786  8751  8783  8703  8721  8695  8706  8731  8746
TBILIS 1995 01 20 1  8751  8769  8738  8747  8734  8715  8730  8637 99999 99999  8691  8762
TBILIS 1995 01 20 2  8736  8773  8771  8781  8780  8787 99999  8783  8710  8737  8743  8747
TBILIS 1995 01 21 1  8720  8728  8731  8741  8607  8734  8684  8743  8758  8723  8756  8759
TBILIS 1995 01 21 2  8760  8737  8759  8736  8758  8754  8780  8767  8770  8772  8710  8767
TBILIS 1995 01 22 1  8733 99999 99999 99999 99999 99999  8667  8670  8676  8712  8745  8755
TBILIS 1995 01 22 2 99999 99999 99999 99999 99999 99999 99999 99999 99999 99999 99999 99999
TBILIS 1995 01 23 1 99999 99999 99999 99999 99999 99999 99999 99999 99999 99999 99999 99999
TBILIS 1995 01 23 2 99999 99999 99999 99999 99999  8713  8671  8703  8711  8729  8715  8703
TBILIS 1995 01 24 1  8731  8720  8720  8740  8784  8693  8749  8712  8685  8672  8723  8756
TBILIS 1995 01 24 2  8736  8743  8711  8703  8651  8670  8668  8694  8707  8675  8636  8671
TBILIS 1995 01 25 1  8676  8678  8656  8675  8638  8658  8629  8597  8621  8710  8739  8777
TBILIS 1995 01 25 2  8786 99999 99999 99999 99999 99999 99999 99999 99999 99999 99999 99999
TBILIS 1995 01 26 1 99999 99999 99999 99999 99999 99999 99999 99999  8646  8630  8652  8671
TBILIS 1995 01 26 2  8686  8673  8637  8669  8605  8663  8625  8660  8669  8650  8652  8645
TBILIS 1995 01 27 1  8621  8611  8630  8603  8586  8582 99999 99999 99999 99999  8598  8628
TBILIS 1995 01 27 2 99999  8650  8655  8681  8647  8648  8635  8538  8579  8540  8569  8554
TBILIS 1995 01 28 1  8571  8559  8613  8601  8588  8569  8563 99999 99999  8656  8649  8660
TBILIS 1995 01 28 2  8667 99999 99999 99999 99999 99999 99999 99999 99999 99999 99999 99999
TBILIS 1995 01 29 1 99999 99999 99999 99999 99999  8603  8673  8647  8567  8662  8656  8671
TBILIS 1995 01 29 2  8677  8663  8690  8615  8634  8739  8648  8595  8622  8603  8607  8558
TBILIS 1995 01 30 1  8610  8596  8578  8613  8643  8621  8685  8678  8673  8713  8710  8672
TBILIS 1995 01 30 2  8635  8658  8672  8622  8640  8652  8643 99999 99999 99999 99999 99999
TBILIS 1995 01 31 1 99999 99999 99999 99999 99999 99999 99999 99999 99999 99999 99999 99999
TBILIS 1995 01 31 2 99999 99999  8639  8643  8610  8588  8603  8604  8595  8619  8574  8597
Cosmic-Ray Neutron Monitor Data (Hourly, Pressure-Corrected and Scale-Adjusted Counts)
Collections: WDC for Cosmic Rays, Solar-Terrestrial Environment Laboratory, Nagoya Univ.
Data Access: http://center.stelab.nagoya-u.ac.jp/WDCCR/index.html
Project: ICSU WDC
Citation: WDC for Cosmic Rays, Solar-Terrestrial Environment Laboratory, Nagoya University
Station ID: TBILIS
Station:  TBILISI,GIORGIA,INSTITUT GEOPHYSIKY (IG), GIORGIAN ACADEMY OF SCIENCES,GIORGIA 
Instrument:  18 NM-64 NEUTRON MONITOR, CORRECTED FOR PRESSURE TO 950.0  MB,COEF.=-0.690 %/MB
Latitude (deg.):   41.72  Longitude (deg.):   44.80  Altitude (m):  510.00
Cut-Off Rigidity (GV):    6.91
Year: 1995  Month:   2
Scaling Factor (SF):    64.0   Constant (CONST):     0.0  Real Counts = (DATA + CONST)*SF
Temporal Resolution: 1 hour
UTC Start Hour:     0.0
DATA FILE IS PREPARED BY IZMIRAN (ftp://cr0.izmiran.rssi.ru/Cosray!/FTP_NM/C/)  
 Updated by IZMIRAN on 20010409                         
Monthly Average:  8658.1
Updated (YYYY MM DD): 2013 12 12
*******************************************************************************************
ID     YYYY MM DD 1     0     1     2     3     4     5     6     7     8     9    10    11
ID     YYYY MM DD 2    12    13    14    15    16    17    18    19    20    21    22    23
*******************************************************************************************
TBILIS 1995 02 01 1  8648  8646  8669  8636  8689  8682  8670  8652  8632  8662  8703  8651
TBILIS 1995 02 01 2  8565 99999 99999 99999 99999  8584 99999 99999 99999 99999 99999 99999
TBILIS 1995 02 02 1 99999 99999 99999 99999 99999 99999 99999 99999 99999 99999 99999 99999
TBILIS 1995 02 02 2 99999 99999 99999 99999  8667  8652  8656  8657  8655  8659  8659  8639
TBILIS 1995 02 03 1  8658  8660  8652  8656  8649  8657  8651 99999 99999  8613  8624  8639
TBILIS 1995 02 03 2  8625  8631  8581  8581  8620  8637  8643  8664  8678  8658  8644  8675
TBILIS 1995 02 04 1  8657  8635  8630  8643  8640  8645 99999 99999 99999 99999 99999 99999
TBILIS 1995 02 04 2 99999 99999 99999 99999 99999  8679  8605  8622  8608  8613  8630  8646
TBILIS 1995 02 05 1  8615  8640  8569  8613  8637 99999 99999 99999  8614  8590  8674  8671
TBILIS 1995 02 05 2  8701  8681  8683  8692  8664  8660  8643  8598  8583  8572  8601  8597
TBILIS 1995 02 06 1  8603  8631  8627  8643  8617 99999 99999 99999 99999 99999 99999 99999
TBILIS 1995 02 06 2 99999 99999  8646  8641  8630  8610  8626  8588  8615  8569  8595  8573
TBILIS 1995 02 07 1  8600  8580  8635  8627  8593  8631  8661  8649  8593  8656  8626  8683
TBILIS 1995 02 07 2  8662  8651  8600  8557  8591  8582  8592  8619  8648  8573  8641  8594
TBILIS 1995 02 08 1  8568 99999 99999 99999 99999 99999 99999 99999 99999 99999 99999 99999
TBILIS 1995 02 08 2 99999 99999 99999 99999 99999 99999 99999 99999 99999 99999  8626  8624
TBILIS 1995 02 09 1  8595  8593  8593  8649  8600  8584  8603  8582  8581  8613  8631  8682
TBILIS 1995 02 09 2  8687  8590  8633  8630  8599  8582  8534  8555  8612  8555  8567  8546
TBILIS 1995 02 10 1 99999 99999 99999 99999 99999 99999 99999 99999  8560  8578  8603  8586
TBILIS 1995 02 10 2  8596  8614  8655  8667  8592  8604  8585  8587  8572  8638  8621  8548
TBILIS 1995 02 11 1 99999 99999 99999 99999 99999 99999 99999 99999 99999  8601  8586  8704
TBILIS 1995 02 11 2  8726  8693  8658  8726  8698  8644  8673  8627  8640  8644  8610  8607
TBILIS 1995 02 12 1  8624  8637  8587  8604  8584  8603  8599  8628 99999 99999 99999 99999
TBILIS 1995 02 12 2 99999 99999 99999 99999 99999 99999 99999 99999  8656  8603  8581  8581
TBILIS 1995 02 13 1  8634  8606  8599  8603  8599  8576  8615  8689  8683 99999  8717  8713
TBILIS 1995 02 13 2  8709  8615 99999 99999 99999  8675  8672  8697  8704  8659  8660  8634
TBILIS 1995 02 14 1  8666  8650  8666  8714  8688  8719  8702  8669  8658  8692  8733  8663
TBILIS 1995 02 14 2  8734  8757  8742  8742 99999 99999 99999  8677  8689 99999 99999 99999
TBILIS 1995 02 15 1 99999  8635  8625  8613  8724  8742  8743 99999 99999 99999 99999 99999
TBILIS 1995 02 15 2 99999 99999 99999 99999 99999 99999  8712  8696  8714  8731  8707  8687
TBILIS 1995 02 16 1  8692  8693  8724  8732  8718  8728  8728  8788  8789  8695  8678  8745
TBILIS 1995 02 16 2  8760  8761 99999 99999 99999  8807  8793  8768  8767  8746  8745  8690
TBILIS 1995 02 17 1  8694  8742  8708  8784 99999 99999 99999 99999 99999  8677  8746  8697
TBILIS 1995 02 17 2  8769  8767  8763  8789  8743  8739  8761  8757  8720  8667  8693 99999
TBILIS 1995 02 18 1 99999 99999 99999 99999 99999 99999 99999 99999 99999 99999 99999 99999
TBILIS 1995 02 18 2 99999  8733  8772  8701  8730  8726  8699  8681  8708  8718  8678  8697
TBILIS 1995 02 19 1  8726  8675  8651 99999 99999 99999 99999 99999 99999 99999 99999 99999
TBILIS 1995 02 19 2 99999 99999 99999 99999 99999 99999 99999 99999 99999 99999 99999 99999
TBILIS 1995 02 20 1 99999 99999 99999 99999 99999 99999 99999 99999 99999 99999 99999 99999
TBILIS 1995 02 20 2 99999 99999 99999 99999  8731  8728  8723  8704  8698  8740  8721  8701
TBILIS 1995 02 21 1 99999 99999 99999 99999 99999 99999 99999  8712  8749  8737  8742  8710
TBILIS 1995 02 21 2 99999 99999 99999  8750  8756  8732  8706  8621  8655  8691  8711  8755
TBILIS 1995 02 22 1  8730  8715  8742  8731  8706  8665  8652  8640  8629  8683 99999  8704
TBILIS 1995 02 22 2  8680  8633  8629 99999  8530 99999 99999 99999  8616 99999 99999 99999
TBILIS 1995 02 23 1 99999 99999 99999  8557  8560  8644  8644  8624  8644  8621  8659 99999
TBILIS 1995 02 23 2  8665  8696  8683  8670 99999  8658  8692  8687  8717  8706  8660  8716
TBILIS 1995 02 24 1  8714  8678  8710  8673 99999  8614  8635  8627  8630  8706 99999 99999
TBILIS 1995 02 24 2 99999 99999 99999 99999 99999 99999 99999 99999 99999 99999 99999 99999
TBILIS 1995 02 25 1 99999 99999 99999 99999 99999 99999 99999 99999 99999 99999 99999 99999
TBILIS 1995 02 25 2 99999 99999 99999 99999 99999 99999 99999 99999 99999 99999 99999 99999
TBILIS 1995 02 26 1 99999 99999 99999 99999 99999 99999 99999 99999 99999 99999 99999 99999
TBILIS 1995 02 26 2 99999 99999 99999 99999 99999 99999 99999 99999 99999 99999 99999 99999
TBILIS 1995 02 27 1 99999 99999 99999 99999 99999 99999 99999 99999 99999 99999 99999 99999
TBILIS 1995 02 27 2 99999 99999 99999 99999 99999 99999 99999 99999  8715  8676  8678  8655
TBILIS 1995 02 28 1  8700  8635  8680  8617  8627  8619  8602  8687  8676  8627  8619  8706
TBILIS 1995 02 28 2  8646  8618  8674  8644  8657  8686  8651  8636  8587  8639  8588  8636
TBILIS 1995 02 29 1 99999 99999 99999 99999 99999 99999 99999 99999 99999 99999 99999 99999
TBILIS 1995 02 29 2 99999 99999 99999 99999 99999 99999 99999 99999 99999 99999 99999 99999
TBILIS 1995 02 30 1 99999 99999 99999 99999 99999 99999 99999 99999 99999 99999 99999 99999
TBILIS 1995 02 30 2 99999 99999 99999 99999 99999 99999 99999 99999 99999 99999 99999 99999
TBILIS 1995 02 31 1 99999 99999 99999 99999 99999 99999 99999 99999 99999 99999 99999 99999
TBILIS 1995 02 31 2 99999 99999 99999 99999 99999 99999 99999 99999 99999 99999 99999 99999
Cosmic-Ray Neutron Monitor Data (Hourly, Pressure-Corrected and Scale-Adjusted Counts)
Collections: WDC for Cosmic Rays, Solar-Terrestrial Environment Laboratory, Nagoya Univ.
Data Access: http://center.stelab.nagoya-u.ac.jp/WDCCR/index.html
Project: ICSU WDC
Citation: WDC for Cosmic Rays, Solar-Terrestrial Environment Laboratory, Nagoya University
Station ID: TBILIS
Station:  TBILISI,GIORGIA,INSTITUT GEOPHYSIKY (IG), GIORGIAN ACADEMY OF SCIENCES,GIORGIA 
Instrument:  18 NM-64 NEUTRON MONITOR, CORRECTED FOR PRESSURE TO 950.0  MB,COEF.=-0.690 %/MB
Latitude (deg.):   41.72  Longitude (deg.):   44.80  Altitude (m):  510.00
Cut-Off Rigidity (GV):    6.91
Year: 1995  Month:   3
Scaling Factor (SF):    64.0   Constant (CONST):     0.0  Real Counts = (DATA + CONST)*SF
Temporal Resolution: 1 hour
UTC Start Hour:     0.0
DATA FILE IS PREPARED BY IZMIRAN (ftp://cr0.izmiran.rssi.ru/Cosray!/FTP_NM/C/)  
 Updated by IZMIRAN on 20001101                         
Monthly Average:  8669.9
Updated (YYYY MM DD): 2013 12 12
*******************************************************************************************
ID     YYYY MM DD 1     0     1     2     3     4     5     6     7     8     9    10    11
ID     YYYY MM DD 2    12    13    14    15    16    17    18    19    20    21    22    23
*******************************************************************************************
TBILIS 1995 03 01 1 99999 99999 99999 99999 99999  8724  8648 99999  8638  8639  8753  8777
TBILIS 1995 03 01 2  8758  8766  8727  8697  8658  8671  8697  8697  8688  8686  8664  8631
TBILIS 1995 03 02 1  8576  8608  8596  8633  8595  8568  8582  8595  8603  8605  8599  8589
TBILIS 1995 03 02 2  8602  8605 99999 99999 99999 99999 99999 99999 99999  8620  8630  8585
TBILIS 1995 03 03 1  8604  8604  8588  8565  8553  8581  8580  8532  8558  8625  8625  8618
TBILIS 1995 03 03 2 99999 99999  8686  8669  8688  8669  8666  8639  8581  8619  8614  8592
TBILIS 1995 03 04 1  8586  8602  8594  8606  8601  8567  8561  8578  8554  8548  8607  8664
TBILIS 1995 03 04 2  8630  8649 99999 99999 99999  8612  8700  8663  8690 99999 99999 99999
TBILIS 1995 03 05 1 99999 99999  8658  8670  8659  8654  8670  8669  8681  8697  8688  8697
TBILIS 1995 03 05 2  8684  8654 99999 99999 99999 99999 99999 99999 99999 99999 99999 99999
TBILIS 1995 03 06 1  8592  8583  8599  8637  8644  8606  8605  8611 99999 99999 99999 99999
TBILIS 1995 03 06 2 99999 99999 99999 99999 99999  8662  8645  8607  8630  8643  8627  8617
TBILIS 1995 03 07 1  8623  8647  8641  8618  8626 99999  8615  8612  8614  8593  8603  8616
TBILIS 1995 03 07 2  8632  8664  8690  8664  8681  8668  8679  8704  8697  8716  8620  8671
TBILIS 1995 03 08 1  8663  8681  8610  8627  8624  8651  8650  8656  8661  8658  8721  8704
TBILIS 1995 03 08 2  8667 99999  8747  8675 99999 99999 99999  8751  8721  8738  8728  8708
TBILIS 1995 03 09 1  8696  8730  8676  8676  8674  8659  8638  8684  8676  8669  8671  8727
TBILIS 1995 03 09 2  8733  8720  8739  8726  8715  8721  8704  8703  8693  8663  8662  8624
TBILIS 1995 03 10 1  8649  8698  8694  8695  8704  8681  8634  8687  8643  8635  8643  8704
TBILIS 1995 03 10 2  8714  8701  8669  8698  8579  8666  8605  8583 99999 99999 99999 99999
TBILIS 1995 03 11 1 99999 99999 99999 99999 99999 99999 99999  8613  8634  8606  8610  8677
TBILIS 1995 03 11 2  8683  8626  8666  8696  8747  8702  8679  8683  8668  8644  8606  8625
TBILIS 1995 03 12 1  8669  8670  8623  8649  8663  8649  8608 99999 99999 99999 99999  8651
TBILIS 1995 03 12 2  8671  8697  8686  8702  8647  8651  8636  8632  8605 99999 99999 99999
TBILIS 1995 03 13 1 99999 99999 99999  8598  8623  8584  8602  8632  8628  8621  8640  8708
TBILIS 1995 03 13 2  8704  8689  8693  8697  8687  8716  8689  8668  8666  8615  8622  8608
TBILIS 1995 03 14 1  8635  8612  8632  8640 99999 99999  8624  8612  8666  8684  8684  8667
TBILIS 1995 03 14 2  8664  8632  8665  8633  8656  8631 99999 99999 99999 99999 99999 99999
TBILIS 1995 03 15 1 99999 99999 99999 99999 99999 99999 99999 99999 99999 99999 99999  8673
TBILIS 1995 03 15 2  8638  8652  8657  8672  8667  8691  8634  8635  8625  8607 99999 99999
TBILIS 1995 03 16 1 99999 99999 99999 99999 99999 99999 99999 99999 99999 99999  8681  8663
TBILIS 1995 03 16 2  8708  8673  8715  8730  8751  8755  8761  8764  8736 99999 99999 99999
TBILIS 1995 03 17 1 99999 99999 99999  8677  8683  8686 99999 99999 99999 99999  8727  8749
TBILIS 1995 03 17 2  8744  8739  8774  8763 99999  8721  8715  8702 99999 99999 99999 99999
TBILIS 1995 03 18 1 99999 99999 99999 99999 99999  8664  8655  8640  8650  8644  8683  8693
TBILIS 1995 03 18 2  8743  8749  8758  8765  8712  8720  8699  8717  8692 99999 99999 99999
TBILIS 1995 03 19 1 99999 99999 99999  8694  8691  8658  8650  8680  8658  8690  8654  8720
TBILIS 1995 03 19 2  8739  8701  8704  8750  8741  8717  8695  8693  8695  8706  8680  8707
TBILIS 1995 03 20 1  8687  8659  8715  8674  8696  8709 99999 99999  8702  8707  8693  8703
TBILIS 1995 03 20 2  8734  8736  8744  8738 99999 99999 99999 99999 99999 99999 99999 99999
TBILIS 1995 03 21 1 99999 99999 99999 99999 99999 99999 99999 99999 99999 99999 99999 99999
TBILIS 1995 03 21 2 99999 99999 99999  8700  8688  8649 99999  8676  8702  8668  8658  8688
TBILIS 1995 03 22 1  8676  8645 99999  8666  8687  8674  8657  8650  8658  8690  8693  8700
TBILIS 1995 03 22 2  8706  8700  8679  8692  8679  8667  8624  8624  8654  8654  8658  8627
TBILIS 1995 03 23 1  8665  8672  8675  8706  8705  8701  8729  8699 99999 99999 99999 99999
TBILIS 1995 03 23 2 99999 99999 99999 99999 99999 99999 99999  8688  8677  8665  8655  8617
TBILIS 1995 03 24 1  8579  8586  8528  8560  8557 99999  8555  8574  8571  8588  8597  8580
TBILIS 1995 03 24 2  8618  8608  8613  8636  8628  8644  8630  8663  8615  8640  8672  8696
TBILIS 1995 03 25 1  8660  8637  8681  8581  8599  8635  8578  8650  8748  8671  8675  8711
TBILIS 1995 03 25 2  8747  8722  8663  8665  8655 99999 99999  8562  8625  8629  8588  8626
TBILIS 1995 03 26 1  8662  8639  8658  8659  8617  8731 99999 99999 99999 99999 99999 99999
TBILIS 1995 03 26 2 99999 99999 99999  8794  8914 99999 99999 99999 99999 99999 99999 99999
TBILIS 1995 03 27 1 99999 99999 99999 99999 99999 99999 99999 99999 99999 99999 99999 99999
TBILIS 1995 03 27 2 99999 99999 99999 99999 99999 99999  8761  8798  8819  8800  8798  8803
TBILIS 1995 03 28 1  8789  8798  8790  8759  8773  8683  8679  8695  8700  8690  8738  8725
TBILIS 1995 03 28 2  8768  8758  8772  8749  8778  8759  8736  8784  8698  8729  8728  8712
TBILIS 1995 03 29 1  8754  8725  8747  8697  8698  8673  8653  8645  8644  8596  8660  8698
TBILIS 1995 03 29 2  8711  8737  8748  8740  8706 99999 99999 99999 99999 99999 99999 99999
TBILIS 1995 03 30 1 99999 99999 99999 99999 99999  8658  8654  8700  8689  8712  8724  8707
TBILIS 1995 03 30 2  8760  8801  8774  8772  8765  8697  8717  8711  8817  8690  8670  8661
TBILIS 1995 03 31 1  8673  8690  8661  8596 99999 99999 99999 99999 99999 99999 99999 99999
TBILIS 1995 03 31 2 99999 99999 99999 99999 99999 99999 99999 99999 99999 99999 99999 99999
Cosmic-Ray Neutron Monitor Data (Hourly, Pressure-Corrected and Scale-Adjusted Counts)
Collections: WDC for Cosmic Rays, Solar-Terrestrial Environment Laboratory, Nagoya Univ.
Data Access: http://center.stelab.nagoya-u.ac.jp/WDCCR/index.html
Project: ICSU WDC
Citation: WDC for Cosmic Rays, Solar-Terrestrial Environment Laboratory, Nagoya University
Station ID: TBILIS
Station:  TBILISI,GIORGIA,INSTITUT GEOPHYSIKY (IG), GIORGIAN ACADEMY OF SCIENCES,GIORGIA 
Instrument:  18 NM-64 NEUTRON MONITOR, CORRECTED FOR PRESSURE TO 950.0  MB,COEF.=-0.690 %/MB
Latitude (deg.):   41.72  Longitude (deg.):   44.80  Altitude (m):  510.00
Cut-Off Rigidity (GV):    6.91
Year: 1995  Month:   4
Scaling Factor (SF):    64.0   Constant (CONST):     0.0  Real Counts = (DATA + CONST)*SF
Temporal Resolution: 1 hour
UTC Start Hour:     0.0
DATA FILE IS PREPARED BY IZMIRAN (ftp://cr0.izmiran.rssi.ru/Cosray!/FTP_NM/C/)  
 Updated by IZMIRAN on 20010409                         
Monthly Average:  8661.2
Updated (YYYY MM DD): 2013 12 12
*******************************************************************************************
ID     YYYY MM DD 1     0     1     2     3     4     5     6     7     8     9    10    11
ID     YYYY MM DD 2    12    13    14    15    16    17    18    19    20    21    22    23
*******************************************************************************************
TBILIS 1995 04 01 1 99999 99999 99999 99999 99999 99999 99999  8666  8593  8623  8591  8607
TBILIS 1995 04 01 2  8595  8628  8630  8594  8591  8602  8587  8620  8629  8726  8727  8722
TBILIS 1995 04 02 1 99999 99999 99999 99999 99999 99999  8620  8619  8653  8635  8672  8691
TBILIS 1995 04 02 2  8667  8732  8714  8711  8668  8652  8636  8595  8634  8599  8659  8645
TBILIS 1995 04 03 1  8657  8617  8622  8628  8606  8603  8584  8583  8589  8632  8640  8631
TBILIS 1995 04 03 2  8640  8648  8677  8601  8644  8659  8598  8596  8608 99999 99999 99999
TBILIS 1995 04 04 1 99999 99999 99999 99999 99999  8559  8594  8599  8621  8679  8663  8674
TBILIS 1995 04 04 2  8665  8638  8651  8645 99999  8545  8564  8569 99999 99999 99999 99999
TBILIS 1995 04 05 1 99999 99999 99999 99999  8562 99999 99999 99999 99999 99999 99999  8672
TBILIS 1995 04 05 2  8640  8655  8639  8643  8633  8626  8612  8618 99999 99999 99999  8599
TBILIS 1995 04 06 1  8655  8656 99999  8657  8633  8590  8615  8595  8583  8595  8596  8628
TBILIS 1995 04 06 2  8615  8609  8612  8584  8608  8558  8611  8554  8636  8626  8621  8598
TBILIS 1995 04 07 1  8596  8607  8583  8592  8599  8598  8590 99999 99999 99999 99999 99999
TBILIS 1995 04 07 2 99999  8791  8866  8874  8817  8773  8756  8671  8726  8718  8701  8698
TBILIS 1995 04 08 1  8695  8739  8711  8685 99999 99999  8677  8684  8738  8702  8683  8653
TBILIS 1995 04 08 2  8673  8685  8670  8652 99999 99999 99999 99999  8637  8602  8625  8596
TBILIS 1995 04 09 1  8606  8627  8625  8620  8622 99999 99999 99999 99999  8696  8635  8635
TBILIS 1995 04 09 2  8653  8726  8747 99999 99999  8698  8711  8722  8711  8736  8695  8702
TBILIS 1995 04 10 1  8693  8712  8678  8633  8648  8652  8657  8616  8653  8659  8680  8668
TBILIS 1995 04 10 2  8679  8697  8709  8702  8693 99999 99999 99999  8681  8729  8748  8700
TBILIS 1995 04 11 1  8728  8694  8718  8726  8683 99999 99999 99999 99999 99999 99999  8694
TBILIS 1995 04 11 2  8700  8697  8694  8699  8688 99999  8657  8661  8671 99999  8677 99999
TBILIS 1995 04 12 1  8698  8708  8653  8672 99999 99999 99999 99999  8673  8682  8695  8676
TBILIS 1995 04 12 2  8667  8651  8654  8669  8662  8665  8677  8659  8676  8659  8653  8655
TBILIS 1995 04 13 1  8656  8659  8657  8660  8669 99999 99999 99999 99999 99999 99999 99999
TBILIS 1995 04 13 2 99999  8662  8656  8648  8646  8655  8661 99999 99999 99999 99999 99999
TBILIS 1995 04 14 1 99999  8651  8659  8647  8649  8665  8651  8655  8653  8629  8622  8652
TBILIS 1995 04 14 2  8665  8762  8777  8822  8775  8760  8752  8749  8702  8712  8746  8756
TBILIS 1995 04 15 1  8740  8716  8700  8689  8664 99999 99999 99999  8622  8627  8609  8654
TBILIS 1995 04 15 2  8689  8746  8738  8739  8785  8721  8668  8651 99999 99999 99999 99999
TBILIS 1995 04 16 1 99999 99999  8708  8653  8663  8631  8612  8623  8610  8658  8693  8680
TBILIS 1995 04 16 2  8726  8695  8671  8713  8656  8640  8646  8670  8673  8644  8639  8621
TBILIS 1995 04 17 1  8670  8679  8657  8649  8638  8626  8636  8626  8585  8608  8611  8640
TBILIS 1995 04 17 2  8624  8671  8645  8667  8617  8614  8625  8621  8618  8644  8617  8621
TBILIS 1995 04 18 1  8632  8659  8637  8663  8608  8652  8658  8594  8620  8606  8552  8667
TBILIS 1995 04 18 2  8691  8655  8631  8680  8580  8603  8618  8657  8666  8642  8606  8605
TBILIS 1995 04 19 1  8636  8670  8672  8658  8653  8642  8673  8680  8711  8688  8683  8730
TBILIS 1995 04 19 2 99999 99999 99999 99999 99999  8735  8693  8683  8684  8695 99999 99999
TBILIS 1995 04 20 1 99999 99999 99999  8647  8681  8671  8657  8714  8651  8681  8730  8704
TBILIS 1995 04 20 2  8724  8701 99999 99999 99999  8751  8658  8726 99999  8733  8705  8750
TBILIS 1995 04 21 1  8748  8739  8726  8712  8649  8678  8683  8711  8705  8679  8673  8696
TBILIS 1995 04 21 2  8681  8676  8670  8643  8671  8644  8620  8639  8609  8648  8624  8645
TBILIS 1995 04 22 1  8677  8673  8644  8606  8631  8661  8643  8662  8659  8608  8647  8648
TBILIS 1995 04 22 2  8636  8730  8749  8762  8751  8731  8698  8682  8648  8680  8671  8642
TBILIS 1995 04 23 1  8642  8644  8628  8636  8652  8630  8653  8612  8691  8692  8649  8654
TBILIS 1995 04 23 2  8698  8757  8728  8712  8702  8663  8696  8695  8687  8664  8661  8604
TBILIS 1995 04 24 1  8621  8637  8630  8623  8604  8648  8594  8671  8664  8641  8692  8687
TBILIS 1995 04 24 2  8692  8715  8722  8733  8702  8644  8605 99999 99999 99999 99999 99999
TBILIS 1995 04 25 1 99999 99999 99999 99999 99999 99999 99999 99999 99999 99999  8701  8689
TBILIS 1995 04 25 2  8667  8684  8711  8670  8702  8692  8706  8711  8637  8676  8690  8692
TBILIS 1995 04 26 1  8704  8679  8676  8655  8652  8645  8633  8626  8624  8678  8654  8648
TBILIS 1995 04 26 2  8685  8658  8662  8732  8764  8665  8666  8697  8647  8665  8669  8676
TBILIS 1995 04 27 1  8647  8646  8658  8649  8601  8619  8640  8647  8668  8710  8707  8691
TBILIS 1995 04 27 2  8724  8740  8731  8752  8750  8676  8702  8711  8670  8669  8666  8653
TBILIS 1995 04 28 1  8642  8614  8645  8621  8647  8629  8657  8612  8654  8658  8659  8630
TBILIS 1995 04 28 2  8638  8662  8645  8671  8653  8593  8575  8582  8579  8579  8561  8602
TBILIS 1995 04 29 1  8568  8588  8584  8583  8647  8602 99999  8713  8701 99999 99999 99999
TBILIS 1995 04 29 2 99999 99999 99999 99999 99999  8722  8672  8621  8608  8592  8603  8611
TBILIS 1995 04 30 1 99999 99999 99999 99999 99999 99999 99999 99999 99999 99999 99999 99999
TBILIS 1995 04 30 2 99999 99999 99999 99999 99999 99999 99999 99999 99999 99999 99999 99999
TBILIS 1995 04 31 1 99999 99999 99999 99999 99999 99999 99999 99999 99999 99999 99999 99999
TBILIS 1995 04 31 2 99999 99999 99999 99999 99999 99999 99999 99999 99999 99999 99999 99999
Cosmic-Ray Neutron Monitor Data (Hourly, Pressure-Corrected and Scale-Adjusted Counts)
Collections: WDC for Cosmic Rays, Solar-Terrestrial Environment Laboratory, Nagoya Univ.
Data Access: http://center.stelab.nagoya-u.ac.jp/WDCCR/index.html
Project: ICSU WDC
Citation: WDC for Cosmic Rays, Solar-Terrestrial Environment Laboratory, Nagoya University
Station ID: TBILIS
Station:  TBILISI,GIORGIA,INSTITUT GEOPHYSIKY (IG), GIORGIAN ACADEMY OF SCIENCES,GIORGIA 
Instrument:  18 NM-64 NEUTRON MONITOR, CORRECTED FOR PRESSURE TO 950.0  MB,COEF.=-0.690 %/MB
Latitude (deg.):   41.72  Longitude (deg.):   44.80  Altitude (m):  510.00
Cut-Off Rigidity (GV):    6.91
Year: 1995  Month:   5
Scaling Factor (SF):    64.0   Constant (CONST):     0.0  Real Counts = (DATA + CONST)*SF
Temporal Resolution: 1 hour
UTC Start Hour:     0.0
DATA FILE IS PREPARED BY IZMIRAN (ftp://cr0.izmiran.rssi.ru/Cosray!/FTP_NM/C/)  
 Updated by IZMIRAN on 20001101                         
Monthly Average:  8665.8
Updated (YYYY MM DD): 2013 12 12
*******************************************************************************************
ID     YYYY MM DD 1     0     1     2     3     4     5     6     7     8     9    10    11
ID     YYYY MM DD 2    12    13    14    15    16    17    18    19    20    21    22    23
*******************************************************************************************
TBILIS 1995 05 01 1  8625  8607  8605  8614  8640  8657  8605  8616  8621  8617  8561  8628
TBILIS 1995 05 01 2  8643  8626  8657  8663  8645  8625  8645  8604  8620  8622  8580  8600
TBILIS 1995 05 02 1  8628  8696  8691  8662  8658  8594 99999  8685  8662  8642  8663  8704
TBILIS 1995 05 02 2  8707  8713  8743  8762  8751  8755  8719  8700  8672  8666  8678  8644
TBILIS 1995 05 03 1  8564  8659  8646  8655  8635  8623  8628  8608  8611  8614  8610  8628
TBILIS 1995 05 03 2  8633  8640  8616  8647  8663  8685  8617  8582  8598  8582  8610  8604
TBILIS 1995 05 04 1  8618  8619  8575  8581  8574  8642  8623  8628  8606  8630  8619  8651
TBILIS 1995 05 04 2  8646  8617  8679  8714  8663  8644  8617  8659  8635  8639  8658  8652
TBILIS 1995 05 05 1  8660  8623  8658  8661  8673  8676  8689  8644  8648  8658  8677  8747
TBILIS 1995 05 05 2  8711  8674  8717  8708  8694  8690  8690  8687  8689  8697  8684  8665
TBILIS 1995 05 06 1  8664  8598  8612  8607  8610  8620  8642  8624  8681  8676  8630  8643
TBILIS 1995 05 06 2  8699  8660  8690  8695  8718  8730  8672  8665  8689  8690  8717  8648
TBILIS 1995 05 07 1  8728  8737  8660  8657  8625  8665  8689  8763  8757  8785  8722  8656
TBILIS 1995 05 07 2  8771  8781  8723  8732  8690  8688  8656  8676  8659  8686  8722  8664
TBILIS 1995 05 08 1  8656  8681  8694  8672  8652  8656  8623  8621  8646  8644  8662  8709
TBILIS 1995 05 08 2  8650  8692  8676  8680  8677  8651  8636  8601  8604  8654  8625  8706
TBILIS 1995 05 09 1  8794  8683  8678  8700  8658  8648  8637  8703  8707  8723  8763  8759
TBILIS 1995 05 09 2  8711  8722  8677  8734  8771  8736  8745  8780  8785  8775  8758  8756
TBILIS 1995 05 10 1  8721  8753  8726  8696  8678  8683  8672  8690  8672  8677 99999  8706
TBILIS 1995 05 10 2  8710  8723  8763  8757  8750  8770  8758  8686  8699  8702  8698  8675
TBILIS 1995 05 11 1  8654  8679  8707  8701  8711 99999  8708  8710  8721  8719  8707  8728
TBILIS 1995 05 11 2  8734  8709  8748  8799  8785  8728  8711  8739  8724  8708  8749  8747
TBILIS 1995 05 12 1  8669  8744  8697 99999  8691  8677  8662  8665  8674  8686 99999  8755
TBILIS 1995 05 12 2  8812  8776  8757  8791  8841  8825  8778  8765  8779  8755  8687  8719
TBILIS 1995 05 13 1  8697  8708  8711  8719  8716  8727  8716  8729 99999 99999 99999 99999
TBILIS 1995 05 13 2 99999 99999  8759  8734  8723  8664  8670  8658  8626  8660  8663  8686
TBILIS 1995 05 14 1  8671  8659  8629  8605  8604  8571  8580  8553 99999 99999 99999 99999
TBILIS 1995 05 14 2 99999 99999 99999 99999  8704  8630  8657  8642  8614  8655  8617  8686
TBILIS 1995 05 15 1  8609  8637  8666  8646  8615 99999  8633  8642  8640  8609  8633  8680
TBILIS 1995 05 15 2  8681  8680  8669  8706  8657  8664  8670  8647  8604  8602  8622  8607
TBILIS 1995 05 16 1  8588  8594  8609  8667  8606  8650  8656  8658  8609  8589  8612  8599
TBILIS 1995 05 16 2  8707  8619  8638  8665  8674  8657  8665  8672  8577  8621  8598  8627
TBILIS 1995 05 17 1  8568  8589  8595  8576  8592  8629  8617  8570  8614  8626  8639  8618
TBILIS 1995 05 17 2  8657  8645  8624  8691  8662  8637  8605  8619  8659  8678  8679  8677
TBILIS 1995 05 18 1  8614  8673  8637  8658  8616  8564  8629  8620  8607  8585  8586  8663
TBILIS 1995 05 18 2  8644  8762  8676  8691  8704  8603  8641  8656  8658  8584  8647  8664
TBILIS 1995 05 19 1  8659  8657  8658  8627  8644  8652  8661  8647  8626  8651  8658  8656
TBILIS 1995 05 19 2  8698  8676  8681  8711  8760  8707  8612  8605  8667  8683  8652  8688
TBILIS 1995 05 20 1  8702  8699  8683  8597  8698  8691  8649  8647  8613  8682  8664  8714
TBILIS 1995 05 20 2  8706  8730  8702  8688  8762  8703  8652  8689  8680  8673  8678  8704
TBILIS 1995 05 21 1  8704  8681  8669  8663  8647  8624  8602  8658  8652  8653  8657  8643
TBILIS 1995 05 21 2  8700  8699  8715  8695  8736  8679  8713  8678  8721  8673  8670  8687
TBILIS 1995 05 22 1  8645  8665  8669  8625  8627  8620  8626  8672  8649  8674  8658  8671
TBILIS 1995 05 22 2  8680  8697  8753  8744  8763  8766  8708  8723  8637  8706  8674  8704
TBILIS 1995 05 23 1  8661  8651  8658  8644  8630  8612  8602  8605  8619  8630  8611  8655
TBILIS 1995 05 23 2  8658  8674 99999  8742  8701  8673  8657  8648  8671 99999 99999 99999
TBILIS 1995 05 24 1 99999 99999 99999 99999  8667  8641  8637  8660  8682  8698  8697  8722
TBILIS 1995 05 24 2  8734  8724  8695  8714  8695  8635  8717  8687  8676  8640  8663  8620
TBILIS 1995 05 25 1  8620  8652  8627  8643  8633  8658  8627  8654  8677  8631  8658  8665
TBILIS 1995 05 25 2  8688  8701  8653  8649  8724  8704  8708  8699  8652  8670  8630  8603
TBILIS 1995 05 26 1  8637  8617  8616  8605  8603  8638  8627  8645  8645  8690  8654  8692
TBILIS 1995 05 26 2  8702  8733  8683  8708  8738  8672  8695  8693  8643  8650  8644  8611
TBILIS 1995 05 27 1  8680  8663  8644  8651  8631  8704  8670 99999 99999  8704  8744  8712
TBILIS 1995 05 27 2  8713  8731  8723  8784  8746  8736  8697  8672  8686  8664  8653  8625
TBILIS 1995 05 28 1  8603  8624  8640  8647  8614  8651  8655  8646  8642  8652  8670  8689
TBILIS 1995 05 28 2  8665  8726  8658  8763  8729  8714  8691  8727  8681  8683  8650  8671
TBILIS 1995 05 29 1  8676  8670  8684  8662  8635  8633  8635  8658  8634  8633  8599  8615
TBILIS 1995 05 29 2  8578  8628  8641  8666  8678  8614  8653  8650  8627  8612  8624  8637
TBILIS 1995 05 30 1  8613  8583  8607  8639  8684  8618  8630  8591  8572  8611  8610  8665
TBILIS 1995 05 30 2  8658  8695  8681  8715  8711  8709  8665  8647  8630  8617  8593  8593
TBILIS 1995 05 31 1  8591  8569  8556  8569  8515  8574  8610  8627  8633  8565  8665  8664
TBILIS 1995 05 31 2  8639  8674  8642  8674  8708  8682  8675  8642  8589  8588  8598  8567
Cosmic-Ray Neutron Monitor Data (Hourly, Pressure-Corrected and Scale-Adjusted Counts)
Collections: WDC for Cosmic Rays, Solar-Terrestrial Environment Laboratory, Nagoya Univ.
Data Access: http://center.stelab.nagoya-u.ac.jp/WDCCR/index.html
Project: ICSU WDC
Citation: WDC for Cosmic Rays, Solar-Terrestrial Environment Laboratory, Nagoya University
Station ID: TBILIS
Station:  TBILISI,GIORGIA,INSTITUT GEOPHYSIKY (IG), GIORGIAN ACADEMY OF SCIENCES,GIORGIA 
Instrument:  18 NM-64 NEUTRON MONITOR, CORRECTED FOR PRESSURE TO 950.0  MB,COEF.=-0.690 %/MB
Latitude (deg.):   41.72  Longitude (deg.):   44.80  Altitude (m):  510.00
Cut-Off Rigidity (GV):    6.91
Year: 1995  Month:   6
Scaling Factor (SF):    64.0   Constant (CONST):     0.0  Real Counts = (DATA + CONST)*SF
Temporal Resolution: 1 hour
UTC Start Hour:     0.0
DATA FILE IS PREPARED BY IZMIRAN (ftp://cr0.izmiran.rssi.ru/Cosray!/FTP_NM/C/)  
 Updated by IZMIRAN on 20010409                         
Monthly Average:  8646.3
Updated (YYYY MM DD): 2013 12 12
*******************************************************************************************
ID     YYYY MM DD 1     0     1     2     3     4     5     6     7     8     9    10    11
ID     YYYY MM DD 2    12    13    14    15    16    17    18    19    20    21    22    23
*******************************************************************************************
TBILIS 1995 06 01 1  8572  8581  8586  8604  8580  8578  8630  8598  8616  8597  8615  8601
TBILIS 1995 06 01 2  8674  8694  8720  8693  8659  8665  8608  8606  8610  8584  8556  8572
TBILIS 1995 06 02 1  8581  8603  8582  8589  8586  8577  8555  8580  8593  8618  8611  8640
TBILIS 1995 06 02 2  8661  8661  8660  8648  8638  8653  8616  8609  8578  8592  8562  8571
TBILIS 1995 06 03 1  8539  8563  8545  8568  8554  8624  8642  8567  8596  8653  8591  8629
TBILIS 1995 06 03 2  8648  8653  8649  8610  8631  8668  8611  8632  8632  8640  8619  8658
TBILIS 1995 06 04 1  8612  8603  8598  8600  8596  8604  8637  8623  8605  8601  8608  8606
TBILIS 1995 06 04 2  8597  8596  8597  8639  8631  8649  8647  8644  8636  8674  8665  8667
TBILIS 1995 06 05 1  8649  8611  8595  8647  8619  8619  8624  8650  8621  8647  8593  8638
TBILIS 1995 06 05 2  8594  8639  8630  8665  8658  8670  8674  8668  8679  8696  8656  8705
TBILIS 1995 06 06 1  8641  8657  8672  8653  8652  8679  8630  8653  8649  8654  8652  8668
TBILIS 1995 06 06 2  8677  8645  8693  8710  8741  8722  8687  8685  8719  8711  8710  8712
TBILIS 1995 06 07 1  8692  8697  8686  8666  8647  8679  8651  8657  8590  8620  8624  8662
TBILIS 1995 06 07 2  8657  8666  8659  8678  8672  8712  8661  8688  8685  8668  8683  8728
TBILIS 1995 06 08 1  8696  8673  8690  8702  8709  8650  8666  8682  8660  8657  8673  8674
TBILIS 1995 06 08 2  8681  8666  8704  8676  8705  8673  8745  8703  8710  8682  8712  8675
TBILIS 1995 06 09 1  8754  8708  8696  8700  8699  8724  8714  8686  8713  8678  8744  8667
TBILIS 1995 06 09 2  8647  8626  8657  8626  8614  8613  8632  8650  8632  8619  8616  8593
TBILIS 1995 06 10 1  8614  8617  8620  8638  8706 99999 99999  8659  8663  8651  8664  8693
TBILIS 1995 06 10 2  8637  8588  8587  8596  8611  8580  8623  8616  8575  8552  8544  8565
TBILIS 1995 06 11 1  8569  8614  8683  8681  8733  8755  8693  8691  8669  8686  8685  8690
TBILIS 1995 06 11 2  8636  8628  8657  8674  8652  8655  8631  8640  8608  8602  8641  8679
TBILIS 1995 06 12 1  8679  8655  8670  8631  8658  8697  8646  8631  8701  8638  8635  8639
TBILIS 1995 06 12 2  8620  8639  8628  8694  8669  8675  8589  8624  8579  8579  8621  8639
TBILIS 1995 06 13 1  8637  8712  8700  8661  8686  8669  8683  8687  8629  8633  8622  8645
TBILIS 1995 06 13 2 99999 99999  8713  8669  8680  8669  8610  8633  8651  8598  8596  8595
TBILIS 1995 06 14 1  8620  8626  8642  8625  8690  8719  8638  8666  8680  8628  8615  8623
TBILIS 1995 06 14 2  8678  8672  8718  8709  8704  8694  8693  8695  8690  8702  8712  8657
TBILIS 1995 06 15 1  8686  8688  8689  8707  8665  8648  8642  8681  8652  8638  8689  8632
TBILIS 1995 06 15 2  8644  8677  8637  8706  8696  8667  8669  8662  8649  8632  8610  8651
TBILIS 1995 06 16 1  8645  8634  8635  8665  8652  8636  8633  8625  8614  8610  8596  8627
TBILIS 1995 06 16 2  8679  8698  8702  8701  8707  8696  8681  8653  8634  8699  8698  8640
TBILIS 1995 06 17 1  8624  8647  8631  8635  8570  8608  8625  8622  8621  8615  8629  8635
TBILIS 1995 06 17 2  8647  8659  8669  8662  8666  8668  8654  8658  8654  8656  8645  8652
TBILIS 1995 06 18 1  8612  8585  8590  8625  8614  8618  8628  8645  8621  8647  8668  8661
TBILIS 1995 06 18 2  8709  8712  8701  8711  8700  8712  8678  8657  8670  8668  8673  8649
TBILIS 1995 06 19 1  8681  8665  8620  8613  8581  8620  8634  8620  8632  8665  8688  8634
TBILIS 1995 06 19 2  8672  8737  8672  8698  8685  8712  8711  8723  8660  8641  8655  8653
TBILIS 1995 06 20 1  8592  8607  8624  8600  8607  8600  8674  8634  8629  8682  8675  8710
TBILIS 1995 06 20 2  8654  8672  8696  8645  8703  8701  8718  8686  8592  8621  8636  8589
TBILIS 1995 06 21 1  8628  8591  8599  8622  8615  8627 99999 99999 99999 99999 99999 99999
TBILIS 1995 06 21 2 99999  8688  8670  8655  8648  8705  8684  8583  8657  8659  8681  8605
TBILIS 1995 06 22 1  8654  8657  8629  8603  8616  8623  8680  8707  8652  8650  8627 99999
TBILIS 1995 06 22 2 99999  8694  8767  8711  8725  8750  8679  8637  8629  8671  8652  8654
TBILIS 1995 06 23 1  8665  8630  8625  8627  8599  8644  8646  8700  8711  8667  8658  8659
TBILIS 1995 06 23 2  8629  8626  8620  8687  8678  8666  8654  8663  8636  8599  8714  8656
TBILIS 1995 06 24 1  8659  8640  8615  8662  8621  8612  8676  8628  8656  8673  8631  8615
TBILIS 1995 06 24 2  8654  8644  8675  8667  8716  8624  8681  8674  8652  8636  8664  8615
TBILIS 1995 06 25 1  8620  8666  8623  8606  8574  8610  8651  8578  8611  8597  8607  8604
TBILIS 1995 06 25 2  8616  8691  8711  8659  8698  8720  8712  8687  8667  8668  8617  8596
TBILIS 1995 06 26 1  8617  8590  8593  8598  8633  8625  8575  8607  8620  8644  8686  8686
TBILIS 1995 06 26 2  8668  8699  8657  8663  8681  8659  8616  8621  8616  8599  8605  8668
TBILIS 1995 06 27 1  8648  8613  8627  8619  8591  8630  8717  8691  8666  8656  8678  8663
TBILIS 1995 06 27 2  8667  8674  8691  8711  8689  8668  8703  8668 99999 99999 99999 99999
TBILIS 1995 06 28 1 99999 99999 99999 99999 99999  8637  8694  8722  8638  8635  8649  8710
TBILIS 1995 06 28 2  8735  8657 99999 99999 99999  8723  8697  8738  8615  8557  8589  8588
TBILIS 1995 06 29 1  8632  8610  8559  8583  8590  8615  8605  8580  8572  8535  8597  8585
TBILIS 1995 06 29 2  8625  8608  8579  8586  8592  8599  8606  8612  8596  8605  8602  8613
TBILIS 1995 06 30 1  8621  8618  8626  8630  8627  8636  8628  8618  8571  8610  8609  8612
TBILIS 1995 06 30 2  8565 99999  8545  8620  8663  8633  8590  8637  8639  8610  8638  8622
TBILIS 1995 06 31 1 99999 99999 99999 99999 99999 99999 99999 99999 99999 99999 99999 99999
TBILIS 1995 06 31 2 99999 99999 99999 99999 99999 99999 99999 99999 99999 99999 99999 99999
Cosmic-Ray Neutron Monitor Data (Hourly, Pressure-Corrected and Scale-Adjusted Counts)
Collections: WDC for Cosmic Rays, Solar-Terrestrial Environment Laboratory, Nagoya Univ.
Data Access: http://center.stelab.nagoya-u.ac.jp/WDCCR/index.html
Project: ICSU WDC
Citation: WDC for Cosmic Rays, Solar-Terrestrial Environment Laboratory, Nagoya University
Station ID: TBILIS
Station:  TBILISI,GIORGIA,INSTITUT GEOPHYSIKY (IG), GIORGIAN ACADEMY OF SCIENCES,GIORGIA 
Instrument:  18 NM-64 NEUTRON MONITOR, CORRECTED FOR PRESSURE TO 950.0  MB,COEF.=-0.690 %/MB
Latitude (deg.):   41.72  Longitude (deg.):   44.80  Altitude (m):  510.00
Cut-Off Rigidity (GV):    6.91
Year: 1995  Month:   7
Scaling Factor (SF):    64.0   Constant (CONST):     0.0  Real Counts = (DATA + CONST)*SF
Temporal Resolution: 1 hour
UTC Start Hour:     0.0
DATA FILE IS PREPARED BY IZMIRAN (ftp://cr0.izmiran.rssi.ru/Cosray!/FTP_NM/C/)  
 Updated by IZMIRAN on 20001101                         
Monthly Average:  8621.2
Updated (YYYY MM DD): 2013 12 12
*******************************************************************************************
ID     YYYY MM DD 1     0     1     2     3     4     5     6     7     8     9    10    11
ID     YYYY MM DD 2    12    13    14    15    16    17    18    19    20    21    22    23
*******************************************************************************************
TBILIS 1995 07 01 1  8675  8637  8647  8620  8597  8594  8601  8678  8610  8627  8596  8601
TBILIS 1995 07 01 2  8609  8655  8660  8679  8695  8627  8648  8654  8615  8616  8606  8597
TBILIS 1995 07 02 1  8629  8625  8592  8622  8611  8616  8614  8649  8628  8650  8609  8616
TBILIS 1995 07 02 2  8625  8639  8680  8702  8693  8646  8644  8617  8616  8652  8646  8617
TBILIS 1995 07 03 1  8650  8611  8632  8584  8595  8613  8572  8552  8578  8566  8525  8554
TBILIS 1995 07 03 2  8560  8596  8621  8633  8619  8623  8685  8629  8546  8587  8557  8583
TBILIS 1995 07 04 1  8558  8569  8590  8564  8580  8560  8598  8564  8558  8539  8568  8565
TBILIS 1995 07 04 2  8551  8650  8630  8579  8612  8661  8647  8683  8643  8646  8647  8634
TBILIS 1995 07 05 1  8644  8674  8674  8630  8629  8673  8632  8660  8624  8623  8578  8646
TBILIS 1995 07 05 2  8685  8676  8683  8713  8729  8675  8707  8700  8648  8658  8676  8639
TBILIS 1995 07 06 1  8661  8702  8664  8702  8661  8682  8650  8651  8626  8616  8625  8629
TBILIS 1995 07 06 2  8648  8679  8714  8684  8663  8704  8712  8664  8669  8664  8675  8697
TBILIS 1995 07 07 1  8666  8658  8654  8623  8648  8690  8650  8625  8627  8626  8631  8648
TBILIS 1995 07 07 2  8650  8664  8646  8676  8704  8693  8681  8710  8676  8660  8703  8682
TBILIS 1995 07 08 1  8654  8659  8643  8639  8634  8637  8639  8644  8649  8648 99999 99999
TBILIS 1995 07 08 2 99999 99999 99999 99999 99999 99999 99999 99999 99999 99999 99999 99999
TBILIS 1995 07 09 1 99999 99999 99999 99999 99999 99999 99999 99999 99999 99999 99999 99999
TBILIS 1995 07 09 2 99999 99999 99999 99999 99999  8698  8719  8686  8702  8671  8633  8650
TBILIS 1995 07 10 1  8639  8639  8598  8633  8625  8597  8589  8616  8636  8623  8595  8626
TBILIS 1995 07 10 2  8681  8698  8732  8755  8743  8736 99999 99999  8704  8691  8698  8679
TBILIS 1995 07 11 1  8686  8691  8663  8645  8636  8645  8684  8641  8623  8675  8632  8631
TBILIS 1995 07 11 2  8625  8694  8702  8668  8719  8683  8654  8681  8655  8666  8649  8657
TBILIS 1995 07 12 1  8629  8605  8616  8626  8588  8588  8567  8550  8564  8576  8598  8628
TBILIS 1995 07 12 2  8621  8665  8645  8637  8684  8692  8671  8660  8644  8646  8630  8620
TBILIS 1995 07 13 1  8620  8633  8637 99999  8581  8561  8574  8539  8560  8580  8571  8580
TBILIS 1995 07 13 2  8578  8570  8578  8611  8602  8567  8594  8580  8538  8513  8577  8552
TBILIS 1995 07 14 1  8582  8561  8595  8583  8555  8578  8547  8565  8568  8576  8581  8553
TBILIS 1995 07 14 2  8590  8604  8602  8558  8607  8574  8580  8559  8589  8604  8588  8601
TBILIS 1995 07 15 1  8579  8571  8543  8581  8562  8558  8597  8588  8624  8641  8649  8666
TBILIS 1995 07 15 2  8687  8697  8705  8669  8638  8663  8630  8611  8592  8625  8606  8613
TBILIS 1995 07 16 1  8584  8603  8603  8613  8645  8626  8569  8617  8630  8607  8600  8665
TBILIS 1995 07 16 2  8601  8639  8706  8751  8737  8688  8658  8611  8603  8598  8618  8641
TBILIS 1995 07 17 1  8631  8641  8625  8588  8600  8607  8619  8619  8627  8616  8648  8707
TBILIS 1995 07 17 2  8663  8658  8641  8654  8706  8665  8606  8628  8618  8616  8614  8612
TBILIS 1995 07 18 1  8607  8614  8676  8622  8575  8577  8595  8609  8626  8643  8636  8638
TBILIS 1995 07 18 2  8651  8620  8658  8677  8667  8652  8607  8648  8618  8626  8568  8548
TBILIS 1995 07 19 1  8590  8573  8591  8584  8580  8582  8596  8611  8630  8644  8646  8607
TBILIS 1995 07 19 2  8611  8576  8613  8602  8612  8610  8562  8564  8534  8553  8539  8565
TBILIS 1995 07 20 1  8616  8596  8555  8523  8596  8572  8557  8543  8577  8548  8587  8621
TBILIS 1995 07 20 2  8641  8640  8678  8710  8685  8667  8654  8663  8638  8627  8650  8623
TBILIS 1995 07 21 1  8619  8604  8638  8596  8614  8567  8602  8607  8612  8655  8658 99999
TBILIS 1995 07 21 2 99999 99999 99999 99999 99999 99999 99999 99999 99999 99999 99999 99999
TBILIS 1995 07 22 1 99999 99999 99999 99999 99999  8573  8623  8575  8632  8583  8592  8573
TBILIS 1995 07 22 2  8564  8574  8622  8667  8673  8673  8644  8607  8689  8685  8675  8627
TBILIS 1995 07 23 1  8664  8623  8609  8640  8626  8592  8593  8611  8626  8594  8566  8565
TBILIS 1995 07 23 2  8571  8575  8584  8613  8690  8647  8687  8673  8658  8671  8613  8657
TBILIS 1995 07 24 1  8609  8594  8607  8602  8584  8637  8647  8628  8609  8592  8623  8702
TBILIS 1995 07 24 2  8654  8660  8670  8682  8685  8677  8683  8597  8606  8650  8646  8575
TBILIS 1995 07 25 1  8583  8586  8588  8553  8571  8574  8570  8576  8581  8570  8587  8617
TBILIS 1995 07 25 2  8627  8655  8661  8688  8664  8670  8671  8662  8636  8621  8648  8583
TBILIS 1995 07 26 1  8640  8649  8627  8628  8598  8630  8610  8595  8585  8579  8573  8620
TBILIS 1995 07 26 2  8648  8608  8663  8657  8588  8564  8558  8610  8538  8570  8539  8574
TBILIS 1995 07 27 1  8579  8572  8603  8587  8583  8569  8601  8574  8580  8610  8606  8551
TBILIS 1995 07 27 2  8572  8606  8604  8653  8662  8630  8627  8625  8648  8573  8598  8606
TBILIS 1995 07 28 1  8624  8608  8638  8624  8658  8647  8659  8660  8600  8615  8598  8593
TBILIS 1995 07 28 2  8596  8602  8637  8637  8603  8640  8578  8574  8568  8519  8592  8554
TBILIS 1995 07 29 1  8593  8589  8620  8622  8633  8641  8629  8593  8550  8628  8614  8624
TBILIS 1995 07 29 2  8632  8616  8582  8604  8616  8603  8556  8581  8543  8609  8611  8569
TBILIS 1995 07 30 1  8624  8616  8596  8602  8577  8567  8567  8537  8504  8565  8577  8565
TBILIS 1995 07 30 2  8598  8596  8615  8620  8641  8562  8567  8576  8574  8593  8650  8617
TBILIS 1995 07 31 1  8611  8602  8609  8618 99999 99999 99999 99999 99999  8596  8574  8597
TBILIS 1995 07 31 2  8612  8619  8617  8610  8597  8608  8578  8588  8592  8559  8536  8586
Cosmic-Ray Neutron Monitor Data (Hourly, Pressure-Corrected and Scale-Adjusted Counts)
Collections: WDC for Cosmic Rays, Solar-Terrestrial Environment Laboratory, Nagoya Univ.
Data Access: http://center.stelab.nagoya-u.ac.jp/WDCCR/index.html
Project: ICSU WDC
Citation: WDC for Cosmic Rays, Solar-Terrestrial Environment Laboratory, Nagoya University
Station ID: TBILIS
Station:  TBILISI,GIORGIA,INSTITUT GEOPHYSIKY (IG), GIORGIAN ACADEMY OF SCIENCES,GIORGIA 
Instrument:  18 NM-64 NEUTRON MONITOR, CORRECTED FOR PRESSURE TO 950.0  MB,COEF.=-0.690 %/MB
Latitude (deg.):   41.72  Longitude (deg.):   44.80  Altitude (m):  510.00
Cut-Off Rigidity (GV):    6.91
Year: 1995  Month:   8
Scaling Factor (SF):    64.0   Constant (CONST):     0.0  Real Counts = (DATA + CONST)*SF
Temporal Resolution: 1 hour
UTC Start Hour:     0.0
DATA FILE IS PREPARED BY IZMIRAN (ftp://cr0.izmiran.rssi.ru/Cosray!/FTP_NM/C/)  
Large noises are removed by WDC for Cosmic Rays         
Monthly Average:  8645.1
Updated (YYYY MM DD): 2013 12 12
*******************************************************************************************
ID     YYYY MM DD 1     0     1     2     3     4     5     6     7     8     9    10    11
ID     YYYY MM DD 2    12    13    14    15    16    17    18    19    20    21    22    23
*******************************************************************************************
TBILIS 1995 08 01 1  8620  8597  8594  8605  8612  8593  8572  8562  8597  8660  8589  8627
TBILIS 1995 08 01 2  8636  8624  8642  8638  8652  8655  8607  8628  8577  8579  8615  8572
TBILIS 1995 08 02 1  8566  8591  8600  8546  8609  8619  8550  8580  8569  8556  8579  8600
TBILIS 1995 08 02 2  8611  8620  8708  8704  8682  8664  8631  8650  8621  8596  8630  8629
TBILIS 1995 08 03 1  8620  8633  8603  8606  8587  8611  8633  8635  8666  8649  8663  8725
TBILIS 1995 08 03 2  8748  8741  8721  8780  8773  8737  8752  8785  8756  8763  8719  8701
TBILIS 1995 08 04 1  8693  8658  8663  8658  8660  8621  8639  8624  8631 99999 99999 99999
TBILIS 1995 08 04 2 99999 99999 99999 99999 99999  8712  8705  8693  8702  8687  8667  8645
TBILIS 1995 08 05 1  8639  8613  8628  8628  8645  8627  8588  8628  8616  8660  8657  8656
TBILIS 1995 08 05 2  8693  8694  8716  8707  8695  8652  8625  8638  8610  8625  8633  8647
TBILIS 1995 08 06 1  8661  8631  8636  8614  8621  8617  8636  8583  8592  8633  8624  8621
TBILIS 1995 08 06 2  8647  8681  8714  8687  8717  8701  8669  8691  8671  8680  8687  8656
TBILIS 1995 08 07 1  8720  8692  8685  8687  8643  8607  8579  8577  8581  8540  8542  8548
TBILIS 1995 08 07 2  8541  8467  8473  8466  8453  8401  8446  8451  8458  8444  8477  8491
TBILIS 1995 08 08 1  8501  8481  8503  8551  8590  8566  8563  8605  8604  8568  8605  8605
TBILIS 1995 08 08 2  8630  8585  8655  8683  8649  8577  8635  8650  8670  8656  8653  8593
TBILIS 1995 08 09 1  8619  8621  8600  8612  8612  8575  8574  8581  8628  8627  8624  8619
TBILIS 1995 08 09 2  8625  8625  8645  8670  8682  8690  8668  8640  8595  8617  8624  8621
TBILIS 1995 08 10 1  8622  8623  8635  8584  8569  8572  8578  8567  8618  8625  8623  8599
TBILIS 1995 08 10 2 99999 99999 99999  8629  8681  8638  8615  8662  8624  8614  8649  8623
TBILIS 1995 08 11 1  8568  8598  8598  8563  8551  8548  8606 99999 99999 99999 99999 99999
TBILIS 1995 08 11 2 99999 99999 99999  8699  8736  8687  8666  8678  8655  8638  8681  8653
TBILIS 1995 08 12 1  8652  8654  8666  8628  8638  8663 99999 99999 99999  8644  8687  8663
TBILIS 1995 08 12 2  8694  8668  8749  8725  8710  8724  8666  8652  8642  8661  8606  8584
TBILIS 1995 08 13 1  8626  8627  8570  8600  8627  8610  8650  8609  8649  8630  8614  8630
TBILIS 1995 08 13 2  8614  8635  8691  8650  8599  8581  8580  8616  8534  8558  8577  8555
TBILIS 1995 08 14 1  8547  8561  8568  8528  8518 99999 99999 99999 99999 99999 99999  8643
TBILIS 1995 08 14 2  8593  8625  8648  8655  8650  8646  8640  8622  8600  8569  8580  8560
TBILIS 1995 08 15 1  8605  8617  8619  8640  8629  8639  8664  8669  8622  8667 99999 99999
TBILIS 1995 08 15 2  8614  8613  8642  8640  8650  8624  8613  8614  8571  8600  8581  8593
TBILIS 1995 08 16 1  8568  8597  8593  8639  8610  8670  8625  8594  8594  8594  8617  8580
TBILIS 1995 08 16 2  8597  8631  8633  8635  8668  8659  8631  8598  8654  8662  8646  8584
TBILIS 1995 08 17 1  8633  8663  8632  8625  8602  8570  8582  8586  8558  8618  8574  8569
TBILIS 1995 08 17 2 99999  8660  8649  8693  8715  8682  8686  8704  8645  8635  8622  8585
TBILIS 1995 08 18 1  8626  8587  8625  8609  8591 99999 99999 99999  8519  8576  8587  8596
TBILIS 1995 08 18 2  8610  8648  8646  8708  8722  8679  8670  8598  8589  8586  8582  8612
TBILIS 1995 08 19 1  8627  8631  8646  8625  8628  8658  8636  8620  8570  8579  8572  8575
TBILIS 1995 08 19 2  8633  8667  8668  8667  8655  8646  8679  8641  8599  8639  8610  8641
TBILIS 1995 08 20 1  8621  8619  8625  8625 99999 99999 99999 99999  8541  8582  8589 99999
TBILIS 1995 08 20 2 99999 99999 99999 99999 99999  8699  8662  8688  8705  8625  8561  8607
TBILIS 1995 08 21 1  8636  8654  8641  8660 99999 99999 99999 99999 99999 99999 99999 99999
TBILIS 1995 08 21 2  8680  8681  8711  8697  8712  8672  8670  8666  8663  8622  8685  8650
TBILIS 1995 08 22 1  8697  8704  8722  8718  8735  8762  8691  8740  8670  8681  8769  8760
TBILIS 1995 08 22 2  8704  8682  8748  8724  8739  8655  8689  8675  8628  8679  8729  8699
TBILIS 1995 08 23 1  8705  8696  8700  8679  8715  8697  8706  8686  8668  8633  8629  8691
TBILIS 1995 08 23 2  8676  8683  8747  8758  8704  8650  8712  8663  8641  8648  8650  8676
TBILIS 1995 08 24 1  8680  8659  8665  8683  8653  8630  8640  8622  8617  8652  8613  8615
TBILIS 1995 08 24 2  8675  8649  8647  8712  8697  8658  8623  8652  8660  8659  8633  8602
TBILIS 1995 08 25 1  8599  8636  8623  8603  8617  8616  8633  8602  8630  8639  8628  8593
TBILIS 1995 08 25 2  8635  8649  8687  8757  8687  8667  8697  8598  8625  8623  8617  8615
TBILIS 1995 08 26 1  8623  8611  8624  8595  8567  8525  8560  8554  8575  8610  8619  8653
TBILIS 1995 08 26 2  8661  8677  8732  8739  8735  8669  8661  8687  8676  8670  8657  8635
TBILIS 1995 08 27 1  8639  8635  8635  8661  8590  8630  8577  8619  8677  8646  8653  8662
TBILIS 1995 08 27 2  8716  8724  8757  8756  8751  8729  8748  8759  8737  8726  8687  8694
TBILIS 1995 08 28 1  8623  8618  8634  8647 99999 99999 99999  8580  8617  8615  8600  8617
TBILIS 1995 08 28 2  8688  8698  8714  8774  8790  8731  8721  8716  8691  8693  8641  8674
TBILIS 1995 08 29 1  8662  8692  8677  8633  8629  8633  8634  8645  8655  8667  8675  8655
TBILIS 1995 08 29 2  8746  8763  8762  8789  8778  8737  8758  8813  8747  8731  8712  8733
TBILIS 1995 08 30 1  8708  8711  8708  8647  8652  8652  8661  8659  8656  8691  8689  8733
TBILIS 1995 08 30 2  8744  8761  8816  8772  8768  8778  8810  8747  8738  8750  8778  8741
TBILIS 1995 08 31 1  8737  8736  8720  8686  8645  8650  8640  8662  8675  8677  8697  8750
TBILIS 1995 08 31 2  8730  8724  8729  8788  8773  8742  8677  8735  8688  8703  8674  8654
Cosmic-Ray Neutron Monitor Data (Hourly, Pressure-Corrected and Scale-Adjusted Counts)
Collections: WDC for Cosmic Rays, Solar-Terrestrial Environment Laboratory, Nagoya Univ.
Data Access: http://center.stelab.nagoya-u.ac.jp/WDCCR/index.html
Project: ICSU WDC
Citation: WDC for Cosmic Rays, Solar-Terrestrial Environment Laboratory, Nagoya University
Station ID: TBILIS
Station:  TBILISI,GIORGIA,INSTITUT GEOPHYSIKY (IG), GIORGIAN ACADEMY OF SCIENCES,GIORGIA 
Instrument:  18 NM-64 NEUTRON MONITOR, CORRECTED FOR PRESSURE TO 950.0  MB,COEF.=-0.690 %/MB
Latitude (deg.):   41.72  Longitude (deg.):   44.80  Altitude (m):  510.00
Cut-Off Rigidity (GV):    6.91
Year: 1995  Month:   9
Scaling Factor (SF):    64.0   Constant (CONST):     0.0  Real Counts = (DATA + CONST)*SF
Temporal Resolution: 1 hour
UTC Start Hour:     0.0
DATA FILE IS PREPARED BY IZMIRAN (ftp://cr0.izmiran.rssi.ru/Cosray!/FTP_NM/C/)  
 Updated by IZMIRAN on 20010409                         
Monthly Average:  8649.8
Updated (YYYY MM DD): 2013 12 12
*******************************************************************************************
ID     YYYY MM DD 1     0     1     2     3     4     5     6     7     8     9    10    11
ID     YYYY MM DD 2    12    13    14    15    16    17    18    19    20    21    22    23
*******************************************************************************************
TBILIS 1995 09 01 1  8616  8624  8643  8645  8629  8596  8603  8560  8560  8600  8598  8625
TBILIS 1995 09 01 2  8644  8672  8674  8717  8691  8684  8672  8669  8686  8670  8722  8679
TBILIS 1995 09 02 1  8708  8668  8637  8660  8603  8610  8592  8611  8588  8636  8641  8664
TBILIS 1995 09 02 2  8662  8701  8740  8781  8727  8729  8741  8731  8684  8698  8724  8683
TBILIS 1995 09 03 1  8653  8688  8651  8623  8561  8604  8600  8599  8596  8639  8681  8688
TBILIS 1995 09 03 2  8745  8778  8779  8794  8781  8782  8818  8774  8791  8748  8726  8716
TBILIS 1995 09 04 1  8686  8681  8656  8642  8660  8637  8645  8644  8672  8696  8674  8714
TBILIS 1995 09 04 2  8715  8726  8781  8821  8767  8783  8750  8770  8769  8731  8711  8678
TBILIS 1995 09 05 1  8676  8669  8686  8670  8675  8641  8644  8669  8670  8675  8732  8751
TBILIS 1995 09 05 2  8791  8784  8753  8774  8787  8763  8750  8723  8714  8663  8666  8662
TBILIS 1995 09 06 1  8695  8670  8686  8660  8663  8633  8658  8679  8691  8683  8678  8652
TBILIS 1995 09 06 2  8637  8658  8685  8726  8744  8683  8687  8632  8664  8635  8677  8652
TBILIS 1995 09 07 1  8633  8624  8576  8560  8531  8544  8495  8551  8546  8581  8596  8620
TBILIS 1995 09 07 2  8619  8652  8643  8716  8685  8634  8641  8631  8582  8569  8552  8533
TBILIS 1995 09 08 1  8552  8532  8542  8479  8555  8545  8533  8546  8676  8698  8675  8681
TBILIS 1995 09 08 2  8694  8716  8748  8786  8784  8766  8742  8669  8706  8639  8607  8646
TBILIS 1995 09 09 1  8583  8626 99999 99999 99999 99999 99999 99999 99999 99999 99999 99999
TBILIS 1995 09 09 2 99999 99999  8746  8758  8761  8766  8654  8607  8622  8576  8575  8615
TBILIS 1995 09 10 1  8603  8535  8591  8582  8574  8565  8587  8597  8575  8615  8611  8632
TBILIS 1995 09 10 2  8632  8644  8638  8698  8660  8633  8615  8649  8630  8582  8614  8578
TBILIS 1995 09 11 1  8557  8552  8588  8572  8592  8597  8563  8572  8618  8632  8670  8645
TBILIS 1995 09 11 2  8639  8662  8695  8711  8708  8669  8656  8674  8661  8634  8598  8608
TBILIS 1995 09 12 1  8574  8570  8569  8590  8574  8604  8590  8566  8592  8599  8612  8627
TBILIS 1995 09 12 2  8627  8624  8656  8664  8611  8587  8622  8613  8588  8597  8564  8533
TBILIS 1995 09 13 1  8552  8564  8596  8567  8571  8603  8592  8580  8611  8613  8649  8654
TBILIS 1995 09 13 2  8616  8635  8667  8695  8685  8646  8635  8642  8603  8602  8631  8594
TBILIS 1995 09 14 1  8608  8625  8597  8606  8616  8591  8568  8592  8567  8568  8598  8623
TBILIS 1995 09 14 2  8618  8637  8742  8710  8695  8701  8690  8690  8701  8670  8689  8659
TBILIS 1995 09 15 1  8662  8676  8659  8633  8614  8640  8664  8639  8685  8662  8638  8656
TBILIS 1995 09 15 2  8631  8673  8671  8658  8651  8652  8632  8572  8603  8575  8589  8590
TBILIS 1995 09 16 1  8536  8570  8581  8583  8557  8584  8563  8559  8614  8599  8606  8655
TBILIS 1995 09 16 2  8654  8707  8671  8674  8680  8678  8661  8633  8686  8641  8696  8692
TBILIS 1995 09 17 1  8654  8671  8646  8632  8609  8649  8584  8642  8701  8727  8789  8761
TBILIS 1995 09 17 2  8726  8644  8679  8640  8650  8655  8642  8670  8650  8641  8661  8684
TBILIS 1995 09 18 1  8695  8682  8680  8623  8564  8606  8564  8540  8533  8564  8600  8587
TBILIS 1995 09 18 2  8613  8640  8666  8671  8600  8603  8591  8640  8644  8639  8662  8672
TBILIS 1995 09 19 1  8675  8656  8648  8639  8658  8610  8583  8634  8658  8678  8670  8673
TBILIS 1995 09 19 2  8679  8735  8725  8749  8753  8749  8732  8779  8726  8697  8691  8695
TBILIS 1995 09 20 1  8720  8659  8674  8617  8628  8597  8608  8615  8622  8659  8668  8694
TBILIS 1995 09 20 2  8723  8701  8719  8778  8742  8717  8714 99999 99999 99999 99999 99999
TBILIS 1995 09 21 1 99999 99999 99999 99999 99999  8578  8558  8598  8475  8496  8541  8562
TBILIS 1995 09 21 2  8535  8590  8590  8650  8611  8600  8615  8605  8567  8560  8560  8530
TBILIS 1995 09 22 1  8572  8553  8575  8548  8597  8583  8586  8582  8589  8561  8570  8615
TBILIS 1995 09 22 2  8600  8662  8654  8664  8644  8639  8620  8598  8584  8594  8577  8607
TBILIS 1995 09 23 1  8618  8597  8591  8595  8590  8574  8579  8582  8568  8597  8597  8616
TBILIS 1995 09 23 2  8658  8718  8698  8709  8707  8720  8619 99999 99999 99999 99999 99999
TBILIS 1995 09 24 1 99999 99999 99999 99999 99999 99999  8620  8599  8614  8612  8651  8665
TBILIS 1995 09 24 2  8617  8633  8638  8594  8674  8668  8664  8670  8611  8630  8606  8593
TBILIS 1995 09 25 1  8590  8622  8581  8581  8634  8607  8609  8594 99999 99999 99999  8643
TBILIS 1995 09 25 2  8710  8780  8714  8700  8747  8716  8738  8696  8722  8711  8672  8726
TBILIS 1995 09 26 1  8704  8729  8721  8694  8668  8622  8616  8615  8595  8626  8647  8670
TBILIS 1995 09 26 2  8666  8706  8722  8713  8674  8666  8661  8608  8614  8626  8633  8543
TBILIS 1995 09 27 1  8603  8635  8626  8604  8606  8632  8582  8622  8596  8573  8638  8665
TBILIS 1995 09 27 2  8708  8711  8687  8721  8775  8813  8812  8794 99999 99999 99999 99999
TBILIS 1995 09 28 1 99999  8692  8673  8668  8656  8618  8660  8654  8660  8683  8709  8727
TBILIS 1995 09 28 2  8744  8760  8745  8781  8753  8711  8725  8696  8716  8727  8716  8709
TBILIS 1995 09 29 1  8729  8691  8715  8698  8698  8671  8676  8695  8659  8699  8709  8718
TBILIS 1995 09 29 2  8660  8635  8659  8670  8680  8655  8650  8686  8655  8666  8627  8642
TBILIS 1995 09 30 1  8633  8636  8629  8664  8633  8636  8625  8636  8597  8629  8668  8635
TBILIS 1995 09 30 2  8672  8696  8686  8714  8719  8670  8662  8679  8681  8656  8690  8709
TBILIS 1995 09 31 1 99999 99999 99999 99999 99999 99999 99999 99999 99999 99999 99999 99999
TBILIS 1995 09 31 2 99999 99999 99999 99999 99999 99999 99999 99999 99999 99999 99999 99999
Cosmic-Ray Neutron Monitor Data (Hourly, Pressure-Corrected and Scale-Adjusted Counts)
Collections: WDC for Cosmic Rays, Solar-Terrestrial Environment Laboratory, Nagoya Univ.
Data Access: http://center.stelab.nagoya-u.ac.jp/WDCCR/index.html
Project: ICSU WDC
Citation: WDC for Cosmic Rays, Solar-Terrestrial Environment Laboratory, Nagoya University
Station ID: TBILIS
Station:  TBILISI,GIORGIA,INSTITUT GEOPHYSIKY (IG), GIORGIAN ACADEMY OF SCIENCES,GIORGIA 
Instrument:  18 NM-64 NEUTRON MONITOR, CORRECTED FOR PRESSURE TO 950.0  MB,COEF.=-0.690 %/MB
Latitude (deg.):   41.72  Longitude (deg.):   44.80  Altitude (m):  510.00
Cut-Off Rigidity (GV):    6.91
Year: 1995  Month:  10
Scaling Factor (SF):    64.0   Constant (CONST):     0.0  Real Counts = (DATA + CONST)*SF
Temporal Resolution: 1 hour
UTC Start Hour:     0.0
DATA FILE IS PREPARED BY IZMIRAN (ftp://cr0.izmiran.rssi.ru/Cosray!/FTP_NM/C/)  
 Updated by IZMIRAN on 20001101                         
Monthly Average:  8693.7
Updated (YYYY MM DD): 2013 12 12
*******************************************************************************************
ID     YYYY MM DD 1     0     1     2     3     4     5     6     7     8     9    10    11
ID     YYYY MM DD 2    12    13    14    15    16    17    18    19    20    21    22    23
*******************************************************************************************
TBILIS 1995 10 01 1  8731  8720  8736  8727  8691  8718  8709  8703  8700  8692  8698  8721
TBILIS 1995 10 01 2  8753  8753  8744  8736  8769  8774  8758  8762  8696  8722  8727  8741
TBILIS 1995 10 02 1  8720  8757  8747  8742  8693  8717  8717  8682  8668  8735  8728  8682
TBILIS 1995 10 02 2  8724  8771  8736  8773  8705  8816  8769  8750  8759  8763  8778  8778
TBILIS 1995 10 03 1  8777  8783  8754  8718  8718  8700  8717  8719  8723  8717  8723  8664
TBILIS 1995 10 03 2  8725  8776  8796  8764  8788  8799  8759  8829  8722  8662  8684  8693
TBILIS 1995 10 04 1  8739  8767  8727  8742  8703  8697  8684  8679  8733  8764  8780  8778
TBILIS 1995 10 04 2  8739  8722  8690  8715  8650  8726  8685  8648  8633  8661  8633  8639
TBILIS 1995 10 05 1  8672  8678  8664  8680  8676  8657  8648  8623  8630  8617  8672  8652
TBILIS 1995 10 05 2  8732  8699  8717  8665  8660  8661  8623  8644 99999 99999 99999 99999
TBILIS 1995 10 06 1 99999 99999 99999 99999 99999 99999 99999 99999 99999 99999 99999 99999
TBILIS 1995 10 06 2 99999 99999 99999 99999 99999 99999 99999 99999 99999 99999 99999 99999
TBILIS 1995 10 07 1  8668  8683  8681  8672 99999 99999 99999  8677  8670  8628  8698  8706
TBILIS 1995 10 07 2  8712  8697  8685  8711  8683  8646  8648  8664  8678  8708  8696  8672
TBILIS 1995 10 08 1  8620  8625  8666  8645  8648  8654  8660  8669  8669  8665  8605  8685
TBILIS 1995 10 08 2  8706  8660  8705  8747  8714  8691  8731  8666  8652  8642  8647  8649
TBILIS 1995 10 09 1  8632  8623  8646  8629  8621  8641  8621  8624  8669  8653  8683  8700
TBILIS 1995 10 09 2  8693  8730  8716  8692  8675  8708  8696  8683  8680  8680  8661  8676
TBILIS 1995 10 10 1  8690  8690  8689  8677  8667  8648  8652  8655  8660  8649  8648  8633
TBILIS 1995 10 10 2  8668  8685  8692  8664  8698  8705  8658  8656  8618  8653  8648  8659
TBILIS 1995 10 11 1  8638  8618  8598  8649  8651  8631  8645  8597  8603  8617  8630  8631
TBILIS 1995 10 11 2  8636  8686  8713  8663  8646  8643  8646  8643  8637  8761  8675  8715
TBILIS 1995 10 12 1  8706  8696  8671  8698  8700  8700  8659  8705  8730  8735  8648  8688
TBILIS 1995 10 12 2  8739  8772  8716  8745  8732  8700  8721  8722  8706  8711  8677  8710
TBILIS 1995 10 13 1  8692  8753  8728  8747  8691  8671  8684  8702  8676  8694  8682  8703
TBILIS 1995 10 13 2  8705  8727  8744  8796  8808  8764  8794  8767  8763  8747  8739  8737
TBILIS 1995 10 14 1  8752  8714  8722  8710  8728  8693  8678  8713  8712  8711  8785  8738
TBILIS 1995 10 14 2  8788  8811  8802  8814  8827  8822  8818  8788  8792  8775  8773  8768
TBILIS 1995 10 15 1  8752  8766  8726  8727  8680  8712  8683  8687  8678  8713  8735  8742
TBILIS 1995 10 15 2  8721  8711  8707  8716  8783  8728  8750  8776  8719  8773  8734  8744
TBILIS 1995 10 16 1  8726  8729  8690  8743  8689  8658  8688  8693  8655  8679  8727  8754
TBILIS 1995 10 16 2  8722  8677  8708  8723  8755  8778  8757  8754  8757  8759  8803  8757
TBILIS 1995 10 17 1  8728  8730  8686  8688  8665  8666  8656  8663  8630  8585  8615  8615
TBILIS 1995 10 17 2  8664  8622  8639  8657  8627  8596  8537  8518 99999 99999 99999 99999
TBILIS 1995 10 18 1 99999 99999 99999  8603  8644  8611  8592  8568  8577  8563  8602  8595
TBILIS 1995 10 18 2  8630  8642  8660  8628  8611  8608  8599  8606  8625  8705  8703  8701
TBILIS 1995 10 19 1  8713  8715  8707  8700  8695  8699  8696  8675  8684  8702  8753  8698
TBILIS 1995 10 19 2  8699  8724  8717  8715  8768  8769  8716  8662  8643  8606  8655  8644
TBILIS 1995 10 20 1  8672  8676  8629  8663  8719  8697  8674  8622  8639  8637  8679  8646
TBILIS 1995 10 20 2  8662  8681  8704  8654  8654  8659  8654  8634  8663  8621  8623  8606
TBILIS 1995 10 21 1  8642  8658  8661  8712  8648  8618  8611  8608  8630  8667  8667  8659
TBILIS 1995 10 21 2  8701  8733  8666  8681  8720  8658  8675  8657  8687  8650  8666  8655
TBILIS 1995 10 22 1  8706  8648  8689  8688  8632  8612  8650  8647  8615  8628  8683  8695
TBILIS 1995 10 22 2  8728  8719  8724  8749  8721  8712  8703  8670  8683  8705  8655  8631
TBILIS 1995 10 23 1  8622  8638  8645  8692  8685  8642  8645  8653  8629  8683  8719  8737
TBILIS 1995 10 23 2  8736  8758  8741  8758  8753  8758  8752  8755  8778  8737  8716  8685
TBILIS 1995 10 24 1  8689  8691  8629  8662  8672  8646  8669  8654  8597  8652  8636  8667
TBILIS 1995 10 24 2  8659  8672  8697  8725  8692  8686  8692  8674  8714  8693  8647  8695
TBILIS 1995 10 25 1  8719  8689  8678  8723  8776  8732  8732  8730  8722  8638  8705  8707
TBILIS 1995 10 25 2  8708  8781  8781  8730  8747  8771  8787  8758  8748  8766  8753  8756
TBILIS 1995 10 26 1  8755  8721  8741  8774  8743  8712  8694  8695  8702  8684  8711  8687
TBILIS 1995 10 26 2  8643 99999 99999 99999 99999  8716  8682  8678  8665  8645  8648  8668
TBILIS 1995 10 27 1  8641  8652  8685  8726  8717  8716  8710  8728  8705  8681  8684  8705
TBILIS 1995 10 27 2  8701  8723  8736  8732  8731  8722  8730  8722  8745  8740  8728  8707
TBILIS 1995 10 28 1  8732  8700  8728  8690  8717  8640  8672  8665  8694  8665  8664  8674
TBILIS 1995 10 28 2  8714  8713  8753  8724  8729  8694  8657  8704  8715  8711  8668  8651
TBILIS 1995 10 29 1  8677  8686  8710  8741  8716  8689  8662  8651  8661  8685  8732  8718
TBILIS 1995 10 29 2  8695  8701  8737  8718  8679  8715  8714  8676  8685 99999 99999 99999
TBILIS 1995 10 30 1 99999 99999 99999 99999 99999 99999 99999  8664  8632  8648  8642  8658
TBILIS 1995 10 30 2  8680  8753  8781  8773  8740  8757  8731  8726  8690  8675  8609  8660
TBILIS 1995 10 31 1  8676  8695  8669  8644  8640  8609  8655  8696  8655  8649  8654  8670
TBILIS 1995 10 31 2  8701  8664  8648  8645  8665  8713  8672  8681  8665  8721  8682  8692
Cosmic-Ray Neutron Monitor Data (Hourly, Pressure-Corrected and Scale-Adjusted Counts)
Collections: WDC for Cosmic Rays, Solar-Terrestrial Environment Laboratory, Nagoya Univ.
Data Access: http://center.stelab.nagoya-u.ac.jp/WDCCR/index.html
Project: ICSU WDC
Citation: WDC for Cosmic Rays, Solar-Terrestrial Environment Laboratory, Nagoya University
Station ID: TBILIS
Station:  TBILISI,GIORGIA,INSTITUT GEOPHYSIKY (IG), GIORGIAN ACADEMY OF SCIENCES,GIORGIA 
Instrument:  18 NM-64 NEUTRON MONITOR, CORRECTED FOR PRESSURE TO 950.0  MB,COEF.=-0.690 %/MB
Latitude (deg.):   41.72  Longitude (deg.):   44.80  Altitude (m):  510.00
Cut-Off Rigidity (GV):    6.91
Year: 1995  Month:  11
Scaling Factor (SF):    64.0   Constant (CONST):     0.0  Real Counts = (DATA + CONST)*SF
Temporal Resolution: 1 hour
UTC Start Hour:     0.0
DATA FILE IS PREPARED BY IZMIRAN (ftp://cr0.izmiran.rssi.ru/Cosray!/FTP_NM/C/)  
 Updated by IZMIRAN on 20010321                         
Monthly Average:  8687.6
Updated (YYYY MM DD): 2013 12 12
*******************************************************************************************
ID     YYYY MM DD 1     0     1     2     3     4     5     6     7     8     9    10    11
ID     YYYY MM DD 2    12    13    14    15    16    17    18    19    20    21    22    23
*******************************************************************************************
TBILIS 1995 11 01 1  8679  8679  8663  8671  8662  8658  8640  8608 99999 99999 99999 99999
TBILIS 1995 11 01 2 99999 99999 99999 99999 99999 99999 99999 99999 99999 99999 99999 99999
TBILIS 1995 11 02 1 99999 99999 99999 99999 99999 99999 99999 99999 99999 99999 99999 99999
TBILIS 1995 11 02 2 99999 99999 99999 99999 99999 99999 99999 99999 99999 99999 99999 99999
TBILIS 1995 11 03 1 99999 99999 99999 99999 99999 99999 99999 99999 99999 99999 99999 99999
TBILIS 1995 11 03 2 99999 99999 99999 99999 99999 99999 99999 99999 99999 99999 99999 99999
TBILIS 1995 11 04 1 99999 99999 99999 99999 99999 99999 99999 99999 99999 99999 99999 99999
TBILIS 1995 11 04 2 99999 99999  8647  8676  8666  8644  8641  8710  8662  8681  8659  8627
TBILIS 1995 11 05 1  8663  8678  8647  8685  8656  8613  8628  8575  8638  8665  8672  8708
TBILIS 1995 11 05 2  8625  8614  8695  8667  8696  8675  8684  8654  8705  8722  8658  8658
TBILIS 1995 11 06 1  8674  8676  8656  8701  8691  8659  8656  8668  8670  8646  8680  8705
TBILIS 1995 11 06 2  8707  8720  8707  8696  8668  8748  8728  8722  8735  8693  8731  8735
TBILIS 1995 11 07 1  8736  8735  8754  8729  8708  8669  8691  8695  8687  8708  8747  8696
TBILIS 1995 11 07 2  8693  8669  8751  8707  8724  8754  8757  8737 99999 99999 99999 99999
TBILIS 1995 11 08 1 99999 99999 99999 99999 99999 99999 99999 99999 99999 99999 99999  8736
TBILIS 1995 11 08 2  8700  8708  8755  8708  8715  8721  8729  8750  8746  8743  8719  8723
TBILIS 1995 11 09 1  8680  8644  8662  8716  8663  8626  8659  8673  8658  8684  8716  8712
TBILIS 1995 11 09 2  8751  8755  8723  8750  8759  8721  8713  8732 99999 99999 99999 99999
TBILIS 1995 11 10 1 99999 99999 99999 99999 99999 99999 99999  8638  8641  8645  8648  8647
TBILIS 1995 11 10 2  8664  8704  8699  8702  8686  8708  8697  8702  8703 99999 99999 99999
TBILIS 1995 11 11 1 99999 99999 99999 99999 99999 99999 99999 99999 99999 99999 99999 99999
TBILIS 1995 11 11 2 99999 99999 99999 99999 99999 99999 99999 99999 99999 99999 99999  8663
TBILIS 1995 11 12 1  8674  8661  8687  8707  8698  8691 99999 99999 99999 99999 99999 99999
TBILIS 1995 11 12 2 99999 99999 99999 99999 99999 99999 99999 99999 99999 99999 99999 99999
TBILIS 1995 11 13 1 99999 99999 99999 99999 99999 99999 99999  8637  8637  8657  8698  8660
TBILIS 1995 11 13 2  8675  8635  8676  8699  8684  8713  8722  8712  8686  8669  8602  8596
TBILIS 1995 11 14 1  8692  8642  8632 99999 99999 99999 99999 99999 99999 99999 99999 99999
TBILIS 1995 11 14 2 99999 99999 99999 99999 99999 99999 99999 99999 99999 99999 99999 99999
TBILIS 1995 11 15 1 99999 99999 99999 99999 99999 99999 99999 99999 99999 99999 99999 99999
TBILIS 1995 11 15 2 99999 99999 99999 99999  8645  8642  8618  8601  8622  8632  8619  8629
TBILIS 1995 11 16 1  8669  8681  8673  8667  8653  8648  8652  8634  8660  8661  8638  8676
TBILIS 1995 11 16 2  8671  8669  8665  8722  8692  8672  8697 99999 99999 99999  8653  8691
TBILIS 1995 11 17 1  8659  8686  8697  8693  8680  8663  8643  8621  8601  8629  8634  8618
TBILIS 1995 11 17 2  8662  8633  8640  8609  8660  8647  8609  8641  8672  8691  8695  8666
TBILIS 1995 11 18 1  8656 99999 99999 99999 99999 99999 99999 99999 99999 99999 99999 99999
TBILIS 1995 11 18 2 99999 99999 99999 99999 99999 99999 99999 99999 99999 99999 99999 99999
TBILIS 1995 11 19 1 99999 99999 99999 99999 99999 99999 99999 99999 99999  8758  8747  8735
TBILIS 1995 11 19 2  8745  8739  8738  8745  8786  8755  8766 99999 99999  8772 99999 99999
TBILIS 1995 11 20 1  8769  8762  8757  8755  8731  8719  8706  8697 99999 99999 99999  8690
TBILIS 1995 11 20 2  8701  8720  8737  8731  8738  8746  8749  8753  8757  8763  8769  8754
TBILIS 1995 11 21 1  8748  8699  8732  8792  8738  8717  8703  8708  8697  8704  8772  8794
TBILIS 1995 11 21 2  8774  8758  8736  8722  8714  8746  8715  8692  8725  8697  8695  8690
TBILIS 1995 11 22 1  8693  8699  8728  8717  8687  8667  8674  8676  8717  8695  8696  8697
TBILIS 1995 11 22 2 99999 99999 99999  8710  8744  8756  8689  8737 99999 99999 99999 99999
TBILIS 1995 11 23 1 99999 99999 99999  8688  8702  8706 99999 99999 99999 99999 99999 99999
TBILIS 1995 11 23 2 99999 99999 99999  8731  8737  8670  8656  8674  8740  8769  8797  8742
TBILIS 1995 11 24 1  8670  8664  8723  8786  8750 99999 99999 99999 99999 99999 99999 99999
TBILIS 1995 11 24 2 99999 99999 99999 99999 99999 99999 99999 99999 99999 99999 99999 99999
TBILIS 1995 11 25 1 99999 99999 99999 99999 99999 99999 99999 99999 99999 99999 99999 99999
TBILIS 1995 11 25 2 99999 99999 99999 99999 99999 99999 99999 99999  8712  8765  8733  8755
TBILIS 1995 11 26 1  8712  8633  8673  8714  8714  8659  8685  8693  8663  8648  8667  8717
TBILIS 1995 11 26 2  8688  8684  8718  8710  8669  8678  8699  8705  8655  8687  8656  8646
TBILIS 1995 11 27 1  8651  8681  8655  8667  8643  8641  8657  8639  8608  8651  8685  8705
TBILIS 1995 11 27 2  8676  8699  8671  8662  8687  8698  8692  8678  8707  8693  8679  8690
TBILIS 1995 11 28 1  8698  8669  8649  8681  8636  8634 99999 99999 99999 99999 99999 99999
TBILIS 1995 11 28 2  8648  8610  8638  8643  8642  8660  8633  8629  8626  8655  8669  8613
TBILIS 1995 11 29 1  8600  8579  8631  8626  8595  8601  8608  8612  8664  8690  8671  8664
TBILIS 1995 11 29 2  8687  8664  8643  8658  8638  8648  8655  8655 99999 99999 99999  8658
TBILIS 1995 11 30 1  8669  8699  8676  8724  8689  8688 99999 99999 99999  8778  8768  8761
TBILIS 1995 11 30 2  8772  8752  8684  8694  8698  8695  8699  8687 99999 99999 99999 99999
TBILIS 1995 11 31 1 99999 99999 99999 99999 99999 99999 99999 99999 99999 99999 99999 99999
TBILIS 1995 11 31 2 99999 99999 99999 99999 99999 99999 99999 99999 99999 99999 99999 99999
Cosmic-Ray Neutron Monitor Data (Hourly, Pressure-Corrected and Scale-Adjusted Counts)
Collections: WDC for Cosmic Rays, Solar-Terrestrial Environment Laboratory, Nagoya Univ.
Data Access: http://center.stelab.nagoya-u.ac.jp/WDCCR/index.html
Project: ICSU WDC
Citation: WDC for Cosmic Rays, Solar-Terrestrial Environment Laboratory, Nagoya University
Station ID: TBILIS
Station:  TBILISI,GIORGIA,INSTITUT GEOPHYSIKY (IG), GIORGIAN ACADEMY OF SCIENCES,GIORGIA 
Instrument:  18 NM-64 NEUTRON MONITOR, CORRECTED FOR PRESSURE TO 950.0  MB,COEF.=-0.690 %/MB
Latitude (deg.):   41.72  Longitude (deg.):   44.80  Altitude (m):  510.00
Cut-Off Rigidity (GV):    6.91
Year: 1995  Month:  12
Scaling Factor (SF):    64.0   Constant (CONST):     0.0  Real Counts = (DATA + CONST)*SF
Temporal Resolution: 1 hour
UTC Start Hour:     0.0
DATA FILE IS PREPARED BY IZMIRAN (ftp://cr0.izmiran.rssi.ru/Cosray!/FTP_NM/C/)  
 Updated by IZMIRAN on 20001101                         
Monthly Average:  8674.0
Updated (YYYY MM DD): 2013 12 12
*******************************************************************************************
ID     YYYY MM DD 1     0     1     2     3     4     5     6     7     8     9    10    11
ID     YYYY MM DD 2    12    13    14    15    16    17    18    19    20    21    22    23
*******************************************************************************************
TBILIS 1995 12 01 1 99999 99999 99999 99999 99999 99999 99999 99999 99999 99999 99999 99999
TBILIS 1995 12 01 2 99999 99999 99999 99999 99999 99999 99999 99999 99999 99999 99999 99999
TBILIS 1995 12 02 1 99999 99999 99999 99999 99999 99999 99999 99999 99999 99999 99999 99999
TBILIS 1995 12 02 2 99999 99999 99999 99999 99999 99999 99999 99999 99999 99999 99999 99999
TBILIS 1995 12 03 1 99999 99999 99999 99999 99999 99999 99999 99999 99999 99999 99999 99999
TBILIS 1995 12 03 2 99999 99999 99999 99999  8740  8754  8717  8735  8717  8708  8728  8718
TBILIS 1995 12 04 1  8734  8771  8739  8719  8718  8696  8660  8665  8681  8677  8706  8705
TBILIS 1995 12 04 2  8706  8652  8665  8697  8724  8729  8724  8728 99999 99999 99999 99999
TBILIS 1995 12 05 1 99999 99999 99999 99999 99999 99999  8710  8665  8653  8683  8655  8656
TBILIS 1995 12 05 2  8688  8697  8717  8717  8699  8715  8707  8716  8717  8706  8702  8726
TBILIS 1995 12 06 1  8703  8702  8710  8730  8728  8738  8726  8701  8706  8732  8735  8724
TBILIS 1995 12 06 2  8737  8710  8715  8743  8760  8753  8711  8726 99999 99999  8710  8692
TBILIS 1995 12 07 1  8700  8686  8719  8682  8721  8687  8679  8670  8691  8708  8711  8725
TBILIS 1995 12 07 2  8741  8783  8751  8734  8759  8789  8747  8765 99999 99999 99999 99999
TBILIS 1995 12 08 1 99999 99999 99999 99999  8668 99999 99999 99999 99999 99999 99999 99999
TBILIS 1995 12 08 2  8670  8670  8663  8664  8683  8702  8724  8721  8716  8674  8699  8718
TBILIS 1995 12 09 1 99999 99999  8713  8712  8713 99999 99999 99999 99999 99999 99999 99999
TBILIS 1995 12 09 2 99999 99999 99999 99999 99999 99999 99999 99999 99999 99999 99999 99999
TBILIS 1995 12 10 1 99999 99999 99999 99999 99999 99999 99999 99999 99999 99999 99999 99999
TBILIS 1995 12 10 2 99999 99999 99999 99999 99999 99999 99999 99999 99999 99999 99999 99999
TBILIS 1995 12 11 1 99999 99999 99999 99999 99999 99999 99999 99999 99999 99999 99999 99999
TBILIS 1995 12 11 2 99999  8638  8662  8702  8687  8729  8732  8690  8694  8671  8679  8722
TBILIS 1995 12 12 1  8723  8708  8736  8719  8737 99999 99999 99999 99999 99999 99999 99999
TBILIS 1995 12 12 2 99999 99999 99999 99999 99999 99999 99999 99999 99999 99999 99999 99999
TBILIS 1995 12 13 1 99999 99999 99999 99999 99999 99999 99999 99999 99999 99999 99999 99999
TBILIS 1995 12 13 2 99999 99999 99999 99999 99999 99999  8681  8677  8656  8615  8679  8644
TBILIS 1995 12 14 1  8627  8633  8647  8638  8638  8609  8617  8642  8609  8597  8666  8645
TBILIS 1995 12 14 2  8652  8640  8647  8625  8627  8591  8633  8625  8611  8629  8644  8631
TBILIS 1995 12 15 1  8618  8667  8628  8686  8657 99999 99999 99999 99999 99999 99999  8612
TBILIS 1995 12 15 2  8631  8624  8603  8663  8725  8744  8707  8724  8705  8682  8700  8668
TBILIS 1995 12 16 1  8627  8661  8726  8685  8676  8680  8621  8648  8698  8651 99999 99999
TBILIS 1995 12 16 2 99999 99999 99999 99999 99999 99999 99999 99999 99999 99999 99999 99999
TBILIS 1995 12 17 1 99999 99999 99999 99999 99999 99999 99999 99999 99999 99999 99999 99999
TBILIS 1995 12 17 2 99999 99999 99999 99999 99999 99999 99999 99999 99999 99999 99999 99999
TBILIS 1995 12 18 1 99999 99999 99999 99999 99999 99999 99999 99999 99999 99999 99999 99999
TBILIS 1995 12 18 2 99999 99999 99999 99999 99999 99999 99999 99999 99999 99999 99999 99999
TBILIS 1995 12 19 1 99999 99999 99999 99999 99999 99999 99999 99999 99999 99999 99999 99999
TBILIS 1995 12 19 2 99999 99999 99999 99999 99999 99999 99999 99999 99999 99999 99999 99999
TBILIS 1995 12 20 1 99999 99999 99999 99999 99999  8645  8649  8666  8661  8655  8654  8666
TBILIS 1995 12 20 2  8644  8655  8645  8649  8690  8662  8653  8645 99999 99999 99999 99999
TBILIS 1995 12 21 1 99999 99999 99999 99999 99999 99999 99999 99999 99999 99999 99999 99999
TBILIS 1995 12 21 2 99999 99999 99999 99999 99999 99999 99999 99999 99999 99999 99999 99999
TBILIS 1995 12 22 1 99999 99999 99999 99999 99999 99999 99999 99999 99999 99999 99999 99999
TBILIS 1995 12 22 2 99999 99999 99999 99999 99999  8704  8690  8740  8697  8691  8727  8711
TBILIS 1995 12 23 1  8711  8698  8665  8708 99999 99999 99999 99999 99999 99999 99999 99999
TBILIS 1995 12 23 2 99999 99999 99999 99999 99999 99999 99999 99999 99999 99999 99999 99999
TBILIS 1995 12 24 1 99999 99999 99999 99999 99999 99999 99999 99999 99999 99999 99999 99999
TBILIS 1995 12 24 2 99999 99999 99999 99999 99999 99999 99999 99999  8640  8629  8642  8654
TBILIS 1995 12 25 1  8664  8665  8621  8617  8584  8567  8537  8567  8589  8617  8602  8633
TBILIS 1995 12 25 2  8646 99999 99999 99999 99999 99999 99999 99999 99999 99999 99999 99999
TBILIS 1995 12 26 1 99999 99999 99999 99999 99999 99999 99999 99999 99999 99999 99999 99999
TBILIS 1995 12 26 2 99999 99999 99999 99999 99999 99999 99999 99999 99999 99999 99999 99999
TBILIS 1995 12 27 1 99999 99999 99999 99999 99999 99999 99999 99999 99999 99999 99999 99999
TBILIS 1995 12 27 2 99999 99999 99999 99999 99999 99999 99999 99999 99999 99999 99999 99999
TBILIS 1995 12 28 1 99999 99999 99999 99999 99999 99999 99999 99999 99999 99999 99999 99999
TBILIS 1995 12 28 2 99999 99999 99999 99999 99999 99999  8587  8542  8566  8615  8617  8626
TBILIS 1995 12 29 1  8640  8600  8605  8623  8610  8591  8593  8669  8637  8665  8636  8648
TBILIS 1995 12 29 2  8611  8608  8628  8622  8617  8629  8628  8621  8613  8621  8614  8615
TBILIS 1995 12 30 1  8589  8615  8625  8633  8616 99999 99999 99999 99999 99999 99999 99999
TBILIS 1995 12 30 2 99999 99999 99999 99999 99999 99999 99999 99999 99999 99999 99999 99999
TBILIS 1995 12 31 1 99999 99999 99999 99999 99999 99999 99999 99999 99999 99999 99999 99999
TBILIS 1995 12 31 2 99999 99999 99999 99999 99999 99999 99999 99999 99999 99999 99999 99999
