Cosmic-Ray Neutron Monitor Data (Hourly, Pressure-Corrected and Scale-Adjusted Counts)
Collections: WDC for Cosmic Rays, Solar-Terrestrial Environment Laboratory, Nagoya Univ.
Data Access: http://center.stelab.nagoya-u.ac.jp/WDCCR/index.html
Project: ICSU WDC
Citation: WDC for Cosmic Rays, Solar-Terrestrial Environment Laboratory, Nagoya University
Station ID: TBILIS
Station:  TBILISI,GIORGIA,INSTITUT GEOPHYSIKY (IG), GIORGIAN ACADEMY OF SCIENCES,GIORGIA 
Instrument:  18 NM-64 NEUTRON MONITOR, CORRECTED FOR PRESSURE TO 965 MB   ,COEF.=-0.690 %/MB
Latitude (deg.):   41.72  Longitude (deg.):   44.80  Altitude (m):  510.00
Cut-Off Rigidity (GV):    6.73
Year: 1998  Month:   1
Scaling Factor (SF):    64.0   Constant (CONST):     0.0  Real Counts = (DATA + CONST)*SF
Temporal Resolution: 1 hour
UTC Start Hour:     0.0
                         FILE IS PREPARED IN IZMIRAN                            
                                                        
Monthly Average:  8714.7
Updated (YYYY MM DD): 2003 10 20
*******************************************************************************************
ID     YYYY MM DD 1     0     1     2     3     4     5     6     7     8     9    10    11
ID     YYYY MM DD 2    12    13    14    15    16    17    18    19    20    21    22    23
*******************************************************************************************
TBILIS 1998 01 01 1  8699  8687  8691  8654  8652  8647  8639  8628  8687  8658  8666  8668
TBILIS 1998 01 01 2  8661  8630  8643  8633  8660  8628  8647  8628  8669  8642  8647  8669
TBILIS 1998 01 02 1  8676  8643  8634  8625  8642  8630  8681  8673  8689  8683  8687  8695
TBILIS 1998 01 02 2  8746  8717  8699  8676  8693  8692  8689  8676  8670  8694  8679  8688
TBILIS 1998 01 03 1  8663  8653  8648  8695  8703  8701  8721  8727  8771  8756  8724  8728
TBILIS 1998 01 03 2  8714  8720  8713  8690  8688  8692  8700  8704  8674  8686  8716  8694
TBILIS 1998 01 04 1  8721  8695  8762  8723  8725  8682  8697  8692  8727  8735  8702  8743
TBILIS 1998 01 04 2  8751  8770  8740  8721  8716  8716  8763  8737  8759  8761  8774  8771
TBILIS 1998 01 05 1  8765  8768  8787  8786  8786  8767  8754  8785  8755  8790  8781  8755
TBILIS 1998 01 05 2  8769  8729  8733  8747  8769  8754  8763  8764  8762  8745  8738  8725
TBILIS 1998 01 06 1  8707  8733  8706  8679  8703  8733  8738  8766  8765  8743  8737  8779
TBILIS 1998 01 06 2  8774  8773  8783  8761  8805  8796  8785  8772  8758  8782  8778  8783
TBILIS 1998 01 07 1  8771  8776  8756  8758  8768  8797  8745  8746  8775  8778  8727  8748
TBILIS 1998 01 07 2  8687  8731  8706  8717  8721  8707  8733  8705  8694  8734  8749  8702
TBILIS 1998 01 08 1  8681  8672  8656  8687  8668  8728  8682  8682  8709  8742  8697  8711
TBILIS 1998 01 08 2  8697  8700  8682  8723  8711  8741  8738  8725  8742  8718  8699  8759
TBILIS 1998 01 09 1  8687  8724  8716  8725  8692  8739  8688  8726  8767  8782  8806  8790
TBILIS 1998 01 09 2  8752  8747  8781  8706  8772  8748  8758  8739  8733  8715  8754  8721
TBILIS 1998 01 10 1  8715  8726  8725  8724  8742  8732  8732  8702  8714  8729  8734  8734
TBILIS 1998 01 10 2  8738  8727  8730  8730  8750  8729  8773  8736  8748  8738  8695  8704
TBILIS 1998 01 11 1  8696  8771  8741  8722  8749  8716  8794  8746  8749  8729  8750  8747
TBILIS 1998 01 11 2  8725  8748  8732  8767  8745  8700  8738  8714  8708  8722  8733  8725
TBILIS 1998 01 12 1  8732  8710  8730  8713  8697  8737  8729  8709  8696  8734 99999 99999
TBILIS 1998 01 12 2 99999  8752  8729  8739  8754  8776  8768  8777  8782  8786  8761  8779
TBILIS 1998 01 13 1 99999 99999 99999  8786  8722  8737  8773  8778  8775  8768  8762  8760
TBILIS 1998 01 13 2  8778  8772  8754  8765  8757  8751  8736  8747  8754  8729  8758  8733
TBILIS 1998 01 14 1  8740  8751  8722  8707  8725  8709  8741  8733  8747  8722  8727  8750
TBILIS 1998 01 14 2  8766  8769  8735  8779  8751  8756  8767  8773  8829  8791  8753  8763
TBILIS 1998 01 15 1  8784  8758  8719  8743  8719  8713  8744  8795  8790  8799  8804  8786
TBILIS 1998 01 15 2  8783  8724  8689  8759  8727  8755  8752  8765  8780  8803  8784  8733
TBILIS 1998 01 16 1  8799  8755  8781  8737  8728  8726  8745  8762  8721  8725  8696  8704
TBILIS 1998 01 16 2  8705  8682  8668  8654  8687  8755  8791  8801  8797  8800  8780  8779
TBILIS 1998 01 17 1  8782  8778  8773  8796  8753  8743  8694  8661  8680  8675  8672  8705
TBILIS 1998 01 17 2  8656  8723  8677  8708  8688  8734  8724  8780  8765  8764  8762  8786
TBILIS 1998 01 18 1  8800  8786  8785  8773  8779  8760  8755  8751  8771  8771  8760  8738
TBILIS 1998 01 18 2  8738  8775  8747  8757  8741  8761  8711  8681  8718  8708  8719  8733
TBILIS 1998 01 19 1  8752  8752  8696  8679  8719  8702  8688  8640  8665  8730  8661  8692
TBILIS 1998 01 19 2  8716  8688  8661  8700  8679  8688  8688  8720  8673  8657  8644  8665
TBILIS 1998 01 20 1  8643  8641  8640  8686  8678  8659  8654  8665  8673  8678  8689  8664
TBILIS 1998 01 20 2  8689  8675  8708  8732  8740  8749  8724  8731  8702  8696  8680  8684
TBILIS 1998 01 21 1  8681  8683  8676  8670  8672  8690  8715  8740  8720  8725  8719  8700
TBILIS 1998 01 21 2  8677  8702  8708  8701  8716  8721  8721  8716  8716  8722  8707  8709
TBILIS 1998 01 22 1  8666  8670  8623  8668  8668  8618  8631  8692  8690  8683  8716  8776
TBILIS 1998 01 22 2  8652  8691  8708  8703  8717  8761  8769  8781  8782  8732  8699  8690
TBILIS 1998 01 23 1  8692  8671  8700  8667  8676  8685  8668  8713  8680  8696  8697  8716
TBILIS 1998 01 23 2  8724  8707  8700  8688  8673  8677  8746  8680  8709  8695  8663  8646
TBILIS 1998 01 24 1  8640  8620  8627  8639  8645  8632  8648  8600  8643  8665  8691  8719
TBILIS 1998 01 24 2  8709  8670  8660  8660  8669  8647  8616  8672  8640  8671  8683  8697
TBILIS 1998 01 25 1  8657  8680  8672  8646  8660  8662  8666  8663  8672  8668  8713  8683
TBILIS 1998 01 25 2  8695  8677  8705  8688  8753  8759  8759  8750  8736  8738  8719  8719
TBILIS 1998 01 26 1  8726  8770  8740  8731  8726  8739  8772  8779  8790  8751  8773  8763
TBILIS 1998 01 26 2  8819  8749  8742  8749  8726  8693  8667  8718  8676  8678  8638  8707
TBILIS 1998 01 27 1  8680  8675  8713  8661  8648  8670  8650  8679  8729  8747  8772  8752
TBILIS 1998 01 27 2  8748  8743  8731  8758  8769  8749  8774  8763  8761  8756  8726  8693
TBILIS 1998 01 28 1  8710  8678  8701  8732  8708  8697  8710  8727  8767  8784  8786  8683
TBILIS 1998 01 28 2  8644  8685  8677  8656  8656  8660  8657  8638  8642  8628  8635  8637
TBILIS 1998 01 29 1  8625  8648  8632  8649  8609  8697  8641  8647  8648  8713  8645  8639
TBILIS 1998 01 29 2  8563  8616  8578  8587  8565  8585  8554  8548  8585  8574  8547  8565
TBILIS 1998 01 30 1  8582 99999 99999 99999 99999  8598  8616  8628  8630  8639  8651  8671
TBILIS 1998 01 30 2  8686  8730  8707  8693  8677  8734  8670  8728  8722  8697  8714  8729
TBILIS 1998 01 31 1  8719 99999 99999 99999 99999  8706  8740  8764  8736  8752  8766  8746
TBILIS 1998 01 31 2  8754  8687  8779  8760  8734  8754  8741  8738  8726  8732  8743 99999
Cosmic-Ray Neutron Monitor Data (Hourly, Pressure-Corrected and Scale-Adjusted Counts)
Collections: WDC for Cosmic Rays, Solar-Terrestrial Environment Laboratory, Nagoya Univ.
Data Access: http://center.stelab.nagoya-u.ac.jp/WDCCR/index.html
Project: ICSU WDC
Citation: WDC for Cosmic Rays, Solar-Terrestrial Environment Laboratory, Nagoya University
Station ID: TBILIS
Station:  TBILISI,GIORGIA,INSTITUT GEOPHYSIKY (IG), GIORGIAN ACADEMY OF SCIENCES,GIORGIA 
Instrument:  18 NM-64 NEUTRON MONITOR, CORRECTED FOR PRESSURE TO 965 MB   ,COEF.=-0.690 %/MB
Latitude (deg.):   41.72  Longitude (deg.):   44.80  Altitude (m):  510.00
Cut-Off Rigidity (GV):    6.73
Year: 1998  Month:   2
Scaling Factor (SF):    64.0   Constant (CONST):     0.0  Real Counts = (DATA + CONST)*SF
Temporal Resolution: 1 hour
UTC Start Hour:     0.0
                         FILE IS PREPARED IN IZMIRAN                            
                                                        
Monthly Average:  8738.6
Updated (YYYY MM DD): 2003 10 20
*******************************************************************************************
ID     YYYY MM DD 1     0     1     2     3     4     5     6     7     8     9    10    11
ID     YYYY MM DD 2    12    13    14    15    16    17    18    19    20    21    22    23
*******************************************************************************************
TBILIS 1998 02 01 1 99999 99999 99999 99999  8684  8692  8753  8689  8719  8700 99999  8728
TBILIS 1998 02 01 2  8687  8701  8685  8697  8682  8671  8694  8707  8715  8692  8694  8725
TBILIS 1998 02 02 1  8665  8705  8703  8690  8716  8700  8705  8728  8741  8754  8725  8689
TBILIS 1998 02 02 2  8699  8737  8720  8759  8747  8767  8765  8735  8686  8698  8678  8675
TBILIS 1998 02 03 1  8652  8681  8677  8662  8641  8688  8728  8684  8747  8737  8722  8726
TBILIS 1998 02 03 2  8733  8670  8647  8688  8738  8698  8717  8666  8779  8708  8716  8743
TBILIS 1998 02 04 1  8705  8717  8770  8738  8686  8692  8696  8743  8732  8741  8725  8682
TBILIS 1998 02 04 2  8680  8667  8657 99999 99999 99999 99999 99999 99999 99999 99999 99999
TBILIS 1998 02 05 1 99999 99999 99999 99999  8691  8663  8681  8694  8668  8675  8681  8683
TBILIS 1998 02 05 2  8664  8676  8701  8745  8697  8716  8705  8734  8724  8716  8687  8724
TBILIS 1998 02 06 1  8679  8743  8689  8689  8741  8717  8716  8677  8664  8694  8710  8701
TBILIS 1998 02 06 2  8739  8669  8678  8764  8736  8784  8775  8796  8731  8768  8715  8758
TBILIS 1998 02 07 1  8761  8755  8750  8743  8750  8741  8689  8738  8771  8708  8699  8739
TBILIS 1998 02 07 2  8749  8743  8739  8730  8728  8724  8711  8725  8718  8753  8743  8754
TBILIS 1998 02 08 1  8738  8799  8748  8771  8756  8726  8740  8743  8723  8692  8752  8765
TBILIS 1998 02 08 2  8736  8717  8684  8700  8690  8726  8756  8732  8743  8699  8760  8747
TBILIS 1998 02 09 1  8753 99999 99999 99999 99999 99999  8716  8714  8765  8697  8707  8736
TBILIS 1998 02 09 2  8755  8761  8688  8689  8697  8709  8715  8707  8699  8686  8703  8672
TBILIS 1998 02 10 1  8693  8705  8671  8673  8694  8754  8740  8784  8786  8770  8770  8787
TBILIS 1998 02 10 2  8738  8757  8738  8746  8759  8743  8759  8773  8766  8782  8754  8744
TBILIS 1998 02 11 1  8776  8794  8772  8779  8760  8762  8770  8748  8783  8766  8793  8711
TBILIS 1998 02 11 2  8723  8803  8802  8755  8738  8767  8795  8797  8800  8775  8783  8831
TBILIS 1998 02 12 1  8784  8755  8803  8738  8719  8763  8755  8779  8785  8776  8846  8819
TBILIS 1998 02 12 2  8817  8836  8805  8786  8761  8782  8852  8777  8786  8786  8799  8838
TBILIS 1998 02 13 1  8829  8777  8842  8804  8770  8790  8744  8774  8790  8837  8863  8808
TBILIS 1998 02 13 2  8819  8885  8878  8886  8838  8857  8885  8862  8854  8850  8871  8847
TBILIS 1998 02 14 1  8812  8803  8828  8817  8776  8772  8755  8775  8771  8811  8840  8823
TBILIS 1998 02 14 2  8790  8855  8834  8771  8805  8807  8809  8795  8804  8777  8758  8793
TBILIS 1998 02 15 1  8815  8845  8822  8788  8824  8811  8777  8790  8817  8825  8791  8810
TBILIS 1998 02 15 2  8865  8802  8723  8792  8796  8779  8829  8808  8845  8795  8764  8788
TBILIS 1998 02 16 1 99999 99999 99999 99999 99999 99999 99999 99999 99999  8776  8790  8787
TBILIS 1998 02 16 2  8828  8824  8875  8874  8765  8783  8733  8738  8740  8727  8758  8768
TBILIS 1998 02 17 1  8774  8772  8770  8742  8745  8792  8766  8755  8719  8764  8745  8706
TBILIS 1998 02 17 2  8640  8724  8748  8691  8752  8740  8770  8733  8761  8752  8769  8790
TBILIS 1998 02 18 1  8724  8752  8719  8746  8708  8704  8724  8760  8724  8728  8735  8785
TBILIS 1998 02 18 2  8731  8751  8733  8656  8634  8656  8673  8752  8633  8697  8675  8643
TBILIS 1998 02 19 1  8689  8716  8688  8697  8703  8680  8697  8669  8703  8675  8715  8707
TBILIS 1998 02 19 2  8724  8708  8701  8716  8708  8693  8689  8695  8708  8702  8752  8714
TBILIS 1998 02 20 1  8724  8718 99999 99999 99999 99999  8703  8718  8743  8758  8796  8776
TBILIS 1998 02 20 2  8767  8769  8777  8720  8735  8701  8694  8675  8708  8727  8727  8711
TBILIS 1998 02 21 1  8689  8663  8676  8666  8678  8675  8734  8741  8742  8815  8833  8811
TBILIS 1998 02 21 2  8774  8745  8804  8768  8760  8713  8721  8735  8724  8713  8727  8763
TBILIS 1998 02 22 1  8804  8756  8731  8743  8730  8689  8731  8701  8686  8722  8782  8710
TBILIS 1998 02 22 2  8736  8727  8770  8721  8730  8776  8703  8731  8729  8723  8742  8667
TBILIS 1998 02 23 1  8648  8705  8685  8684  8707  8733  8714  8737  8773  8738  8774  8781
TBILIS 1998 02 23 2  8778  8774  8746  8774  8727  8713  8668  8653  8656  8721  8702  8725
TBILIS 1998 02 24 1  8695  8703  8723  8714  8697  8739  8700  8757  8756  8801  8820  8774
TBILIS 1998 02 24 2  8734  8740  8725  8743  8770  8737  8722  8774  8707  8698  8747  8713
TBILIS 1998 02 25 1  8719  8723  8750  8729  8697  8696  8710  8711  8744  8767  8792  8788
TBILIS 1998 02 25 2  8787  8769  8827  8756  8772  8730  8739  8722  8721  8685  8689  8690
TBILIS 1998 02 26 1  8681  8676  8690  8717  8709  8722  8714  8735  8759  8765  8746  8799
TBILIS 1998 02 26 2  8804  8778  8724  8712  8716  8679  8650  8726  8704  8694  8693  8714
TBILIS 1998 02 27 1  8708  8715  8720  8709  8698  8706  8722  8753  8758  8767  8756  8777
TBILIS 1998 02 27 2  8764  8786  8734  8698  8705  8723  8749  8721  8725  8719  8716  8737
TBILIS 1998 02 28 1  8741  8713  8707  8728  8748  8716  8691  8723  8700  8719  8645  8701
TBILIS 1998 02 28 2  8740  8744  8739  8713  8656  8736  8714  8635  8626  8631  8645  8630
TBILIS 1998 02 29 1 99999 99999 99999 99999 99999 99999 99999 99999 99999 99999 99999 99999
TBILIS 1998 02 29 2 99999 99999 99999 99999 99999 99999 99999 99999 99999 99999 99999 99999
TBILIS 1998 02 30 1 99999 99999 99999 99999 99999 99999 99999 99999 99999 99999 99999 99999
TBILIS 1998 02 30 2 99999 99999 99999 99999 99999 99999 99999 99999 99999 99999 99999 99999
TBILIS 1998 02 31 1 99999 99999 99999 99999 99999 99999 99999 99999 99999 99999 99999 99999
TBILIS 1998 02 31 2 99999 99999 99999 99999 99999 99999 99999 99999 99999 99999 99999 99999
Cosmic-Ray Neutron Monitor Data (Hourly, Pressure-Corrected and Scale-Adjusted Counts)
Collections: WDC for Cosmic Rays, Solar-Terrestrial Environment Laboratory, Nagoya Univ.
Data Access: http://center.stelab.nagoya-u.ac.jp/WDCCR/index.html
Project: ICSU WDC
Citation: WDC for Cosmic Rays, Solar-Terrestrial Environment Laboratory, Nagoya University
Station ID: TBILIS
Station:  TBILISI,GIORGIA,INSTITUT GEOPHYSIKY (IG), GIORGIAN ACADEMY OF SCIENCES,GIORGIA 
Instrument:  18 NM-64 NEUTRON MONITOR, CORRECTED FOR PRESSURE TO 965 MB   ,COEF.=-0.690 %/MB
Latitude (deg.):   41.72  Longitude (deg.):   44.80  Altitude (m):  510.00
Cut-Off Rigidity (GV):    6.73
Year: 1998  Month:   3
Scaling Factor (SF):    64.0   Constant (CONST):     0.0  Real Counts = (DATA + CONST)*SF
Temporal Resolution: 1 hour
UTC Start Hour:     0.0
                         FILE IS PREPARED IN IZMIRAN                            
                                                        
Monthly Average:  8789.4
Updated (YYYY MM DD): 2003 10 20
*******************************************************************************************
ID     YYYY MM DD 1     0     1     2     3     4     5     6     7     8     9    10    11
ID     YYYY MM DD 2    12    13    14    15    16    17    18    19    20    21    22    23
*******************************************************************************************
TBILIS 1998 03 01 1  8731  8735  8730  8720  8719  8728  8724  8722  8736  8741  8771  8783
TBILIS 1998 03 01 2  8791  8770  8765  8750  8731  8753  8776  8765  8757  8743  8734  8704
TBILIS 1998 03 02 1  8705  8716  8755  8746  8677  8709  8703  8748  8723  8722  8716  8735
TBILIS 1998 03 02 2  8763  8753  8781  8807  8816  8820  8845  8808  8797  8743  8768  8745
TBILIS 1998 03 03 1  8765  8745  8721  8745  8764  8708  8770  8795  8811  8777  8815  8791
TBILIS 1998 03 03 2  8805  8790  8858  8820  8835  8815  8810  8804  8744  8756  8797  8795
TBILIS 1998 03 04 1  8788  8725  8745  8743  8751  8801  8817  8852  8815  8817  8758  8835
TBILIS 1998 03 04 2  8801  8741  8760  8775  8795  8782  8819  8814  8803  8817  8825  8816
TBILIS 1998 03 05 1  8794  8775  8747  8763  8718  8699  8742  8748  8743  8773  8770  8760
TBILIS 1998 03 05 2  8745  8783  8779  8780  8778  8784  8785  8783  8783  8745  8713  8755
TBILIS 1998 03 06 1  8757  8708  8744  8687  8719  8727  8720  8677  8659  8725  8745  8694
TBILIS 1998 03 06 2  8733  8752  8707  8742  8763  8731  8725  8769  8707  8713  8726  8757
TBILIS 1998 03 07 1  8744  8784  8727  8744  8778  8727  8795  8743  8737  8788  8778  8782
TBILIS 1998 03 07 2  8743  8764  8775  8784  8777  8774  8779  8785  8743  8756  8715  8727
TBILIS 1998 03 08 1  8719  8738  8744  8746  8747  8750  8762  8743  8757  8792  8778  8770
TBILIS 1998 03 08 2  8790  8735  8744  8771  8766  8770  8775  8764  8762  8760  8768  8772
TBILIS 1998 03 09 1  8741  8737  8752  8702  8721  8743  8736  8771  8763  8794  8770  8797
TBILIS 1998 03 09 2  8786  8782  8806  8808  8840  8841  8835  8813  8830  8845  8816  8832
TBILIS 1998 03 10 1  8822  8795  8789  8834  8782  8805  8716  8725  8764  8781  8728  8775
TBILIS 1998 03 10 2  8810  8776  8748  8784  8876  8919  8948  8957  8904  8936  8905  8921
TBILIS 1998 03 11 1  8879  8866  8870  8901  8922  8800  8862  8878  8834  8857  8871  8842
TBILIS 1998 03 11 2  8851  8854  8848  8870  8849  8861  8847  8876  8836  8824  8824  8787
TBILIS 1998 03 12 1  8832  8826  8820  8859  8856  8856  8875  8919  8905  8826  8859  8877
TBILIS 1998 03 12 2  8906  8866  8864  8855  8835  8849  8799  8802  8813  8772  8801  8839
TBILIS 1998 03 13 1  8850  8830  8795  8806  8815  8791  8806  8847  8853  8861  8848  8845
TBILIS 1998 03 13 2  8860  8845  8833  8857  8860  8822  8842  8875  8821  8811  8796  8782
TBILIS 1998 03 14 1  8817  8788  8806  8838  8829  8829  8811  8879  8815  8875  8842  8840
TBILIS 1998 03 14 2  8841  8830  8863  8862  8860  8843  8871  8886  8904  8922  8867  8905
TBILIS 1998 03 15 1  8874  8890  8895  8852  8852  8849  8826  8865  8849  8825  8900  8892
TBILIS 1998 03 15 2  8909  8900  8889  8848  8814  8838  8841  8848  8828  8857  8834  8822
TBILIS 1998 03 16 1  8862  8851  8824  8836  8843  8824  8861  8828  8835  8844  8870  8877
TBILIS 1998 03 16 2  8894  8850  8893  8892  8892  8878  8884  8897  8912  8867  8902  8884
TBILIS 1998 03 17 1  8898  8842  8841  8817  8833  8834  8871  8889  8907  8908  8872  8895
TBILIS 1998 03 17 2  8860  8864  8854  8885  8867  8890  8877  8926  8863  8902  8897  8896
TBILIS 1998 03 18 1  8878  8890  8866  8875  8890  8884  8887  8880  8917  8923  8880  8891
TBILIS 1998 03 18 2  8908  8917  8906  8906  8946  8950  8913  8909  8904  8919  8912  8932
TBILIS 1998 03 19 1  8935  8901  8852  8826  8823  8805  8797  8767  8778  8816  8825  8849
TBILIS 1998 03 19 2  8866  8866  8825  8866  8836  8850  8904  8893  8830  8854  8800  8829
TBILIS 1998 03 20 1  8870  8834  8825  8821  8818  8826  8826  8828  8851  8846  8850  8852
TBILIS 1998 03 20 2  8839  8838  8840  8844  8851  8865  8876  8844  8847  8829  8839  8817
TBILIS 1998 03 21 1  8794  8810  8790  8765  8732  8796  8797  8760  8803  8862  8890  8888
TBILIS 1998 03 21 2  8938  8918  8918  8848  8808  8818  8827  8854  8853  8890  8867  8875
TBILIS 1998 03 22 1  8827  8804  8760  8728  8767  8790  8828  8868  8917  8924  8955  8966
TBILIS 1998 03 22 2  8825  8872  8851  8808  8782  8798  8776  8797  8782  8772  8767  8766
TBILIS 1998 03 23 1  8736  8723  8684  8716  8736  8731  8763  8755  8810  8780  8753  8792
TBILIS 1998 03 23 2  8787  8814  8814  8794  8813  8748  8771  8737  8783  8735  8729  8747
TBILIS 1998 03 24 1  8721  8730  8708  8758  8708  8650  8651  8677  8697  8691  8702  8720
TBILIS 1998 03 24 2  8729  8753  8776  8784  8732  8813  8783  8777  8725  8716  8718  8719
TBILIS 1998 03 25 1  8711  8708  8748  8770  8745  8741  8716  8701  8699  8681  8720  8750
TBILIS 1998 03 25 2  8734  8726  8684  8728  8717  8712  8744  8693  8672  8711  8704  8641
TBILIS 1998 03 26 1  8656  8638  8645  8654  8605  8656  8671  8657  8672  8677  8671  8700
TBILIS 1998 03 26 2  8725  8711  8732  8773  8717  8733  8719  8709  8708  8709  8704  8655
TBILIS 1998 03 27 1  8639  8650  8654  8672  8690  8646  8665  8628  8746  8646  8710  8703
TBILIS 1998 03 27 2  8679  8684  8684  8692  8646  8647  8653  8657  8648  8689  8640  8642
TBILIS 1998 03 28 1  8641  8620  8718  8716  8709  8651  8678  8670  8657  8665  8677  8708
TBILIS 1998 03 28 2  8716  8724  8719  8701  8724  8722  8708  8700  8723  8696  8711  8714
TBILIS 1998 03 29 1  8720  8699  8719  8711  8696  8686  8752  8729  8770  8733  8740  8746
TBILIS 1998 03 29 2  8775  8732  8768  8770  8763  8791  8798  8810  8804  8805  8773  8715
TBILIS 1998 03 30 1  8738  8733  8751  8780  8779  8786  8756  8718  8774  8773  8737  8757
TBILIS 1998 03 30 2  8750  8794  8794  8823  8796  8809  8823  8789  8790  8805  8761  8746
TBILIS 1998 03 31 1  8742  8737  8741  8749  8777  8767  8794  8801  8800  8741  8765  8751
TBILIS 1998 03 31 2  8736  8820  8839  8777  8802  8820  8786  8781  8786  8782  8783  8809
Cosmic-Ray Neutron Monitor Data (Hourly, Pressure-Corrected and Scale-Adjusted Counts)
Collections: WDC for Cosmic Rays, Solar-Terrestrial Environment Laboratory, Nagoya Univ.
Data Access: http://center.stelab.nagoya-u.ac.jp/WDCCR/index.html
Project: ICSU WDC
Citation: WDC for Cosmic Rays, Solar-Terrestrial Environment Laboratory, Nagoya University
Station ID: TBILIS
Station:  TBILISI,GIORGIA,INSTITUT GEOPHYSIKY (IG), GIORGIAN ACADEMY OF SCIENCES,GIORGIA 
Instrument:  18 NM-64 NEUTRON MONITOR, CORRECTED FOR PRESSURE TO 965 MB   ,COEF.=-0.690 %/MB
Latitude (deg.):   41.72  Longitude (deg.):   44.80  Altitude (m):  510.00
Cut-Off Rigidity (GV):    6.73
Year: 1998  Month:   4
Scaling Factor (SF):    64.0   Constant (CONST):     0.0  Real Counts = (DATA + CONST)*SF
Temporal Resolution: 1 hour
UTC Start Hour:     0.0
                         FILE IS PREPARED IN IZMIRAN                            
                                                        
Monthly Average:  8645.5
Updated (YYYY MM DD): 2003 10 20
*******************************************************************************************
ID     YYYY MM DD 1     0     1     2     3     4     5     6     7     8     9    10    11
ID     YYYY MM DD 2    12    13    14    15    16    17    18    19    20    21    22    23
*******************************************************************************************
TBILIS 1998 04 01 1  8878  8916  8875  8877  8877  8828  8873  8878  8895  8905  8912  8953
TBILIS 1998 04 01 2  8958  8996  8977  8993  8980  9046  8994  8986  8949  8929  8879  8874
TBILIS 1998 04 02 1  8871  8852  8848  8828  8825  8857  8874  8899  8852  8857  8883  8902
TBILIS 1998 04 02 2  8860  8877  8922  8953  8989  8933  8916  8892  8903  8839  8797  8807
TBILIS 1998 04 03 1  8846  8748  8733  8741  8701  8733  8736  8770  8751  8800  8795  8778
TBILIS 1998 04 03 2  8795  8794  8818  8805  8838  8785  8805  8821  8802  8759  8794  8759
TBILIS 1998 04 04 1  8747  8794  8738  8764  8772  8824  8844  8833  8863  8865  8946  8920
TBILIS 1998 04 04 2  8853  8917  8850  8850  8812  8761  8734  8710  8659  8623  8668  8652
TBILIS 1998 04 05 1  8646  8673  8690  8714  8740  8699  8642  8660  8663  8614  8629  8663
TBILIS 1998 04 05 2  8672  8689  8696  8716  8710  8619  8716  8722  8712  8674  8696  8702
TBILIS 1998 04 06 1  8706  8697  8739  8704  8678  8673  8673  8689  8714  8730  8710  8705
TBILIS 1998 04 06 2  8703  8713  8702  8724  8669  8687  8670  8688  8667  8737  8740  8746
TBILIS 1998 04 07 1  8677  8681  8648  8674  8634  8628  8625  8630  8655  8644  8666  8642
TBILIS 1998 04 07 2  8671  8666  8652  8713  8714  8696  8716  8736  8718  8724  8726  8712
TBILIS 1998 04 08 1  8696  8658  8718  8658  8595  8626  8584  8561  8620  8557  8568  8670
TBILIS 1998 04 08 2  8692  8674  8670  8690  8654  8651  8621  8647  8613  8589  8581  8577
TBILIS 1998 04 09 1  8578  8596  8635  8606  8592  8566  8554  8565  8580  8568  8572  8594
TBILIS 1998 04 09 2  8568  8567  8616  8635  8660  8618  8653  8615  8662  8652  8613  8648
TBILIS 1998 04 10 1  8628  8628  8586  8600  8656  8608  8539  8571  8540  8569  8558  8597
TBILIS 1998 04 10 2  8560  8573  8551  8610  8635  8646  8633  8694  8667  8683  8627  8576
TBILIS 1998 04 11 1  8584  8611  8662  8669  8612  8635  8570  8558  8619  8600  8586  8600
TBILIS 1998 04 11 2  8640  8616  8559  8620  8625  8619  8561  8620  8579  8655  8618  8644
TBILIS 1998 04 12 1  8656  8612  8603  8604  8597  8600  8593  8561  8579  8559  8551  8589
TBILIS 1998 04 12 2  8578  8602  8591  8617  8657  8654  8649  8637  8620  8625  8636  8644
TBILIS 1998 04 13 1  8602  8636  8599  8544  8603  8554  8535  8530  8558  8555  8569  8580
TBILIS 1998 04 13 2  8623  8617  8647  8640  8672  8658  8658  8636  8640  8630  8636  8664
TBILIS 1998 04 14 1  8616  8641  8628  8625  8560  8552  8570  8584  8562  8585  8562  8620
TBILIS 1998 04 14 2  8648  8621  8647  8676  8692  8690  8653  8677  8692  8708  8710  8640
TBILIS 1998 04 15 1  8652  8651  8647  8619  8605  8593  8562  8571  8593  8630  8593  8623
TBILIS 1998 04 15 2  8688  8617  8639  8653  8627  8628  8623  8681  8660  8628  8671  8694
TBILIS 1998 04 16 1  8611  8594  8638  8623  8638  8616  8582  8575  8593  8652  8558  8594
TBILIS 1998 04 16 2  8601  8601  8632  8643  8623  8623  8582  8598  8562  8582  8588  8587
TBILIS 1998 04 17 1  8631  8623  8601  8612  8611  8609  8595  8608  8628  8696  8699  8603
TBILIS 1998 04 17 2  8621  8613  8645  8623  8629  8574  8633  8592  8596  8587  8582  8542
TBILIS 1998 04 18 1  8566  8577  8570  8514  8468  8467  8494  8506  8509  8508  8531  8560
TBILIS 1998 04 18 2  8570  8581  8590  8583  8588  8566  8563  8581  8569  8558  8584  8545
TBILIS 1998 04 19 1  8584  8540  8552  8511  8512  8480  8457  8485  8517  8537  8552  8547
TBILIS 1998 04 19 2  8584  8547  8527  8547  8561  8571  8579  8587  8588  8608  8585  8570
TBILIS 1998 04 20 1  8549  8539  8542  8545  8584  8539  8568  8553  8578  8617  8499  8596
TBILIS 1998 04 20 2  8632  8608  8616  8527  8572  8506  8460  8454  8518  8527  8517  8494
TBILIS 1998 04 21 1  8507  8531  8517  8565  8534  8546  8504  8544  8594  8576  8613  8622
TBILIS 1998 04 21 2  8603  8636  8553  8636  8608  8605  8527  8547  8528  8555  8559  8565
TBILIS 1998 04 22 1  8588  8566  8584  8567  8579  8558  8582  8615  8597  8590  8601  8590
TBILIS 1998 04 22 2  8606  8635  8612  8607  8646  8682  8618  8633  8655  8608  8575  8639
TBILIS 1998 04 23 1  8573  8553  8604  8597  8613  8573  8604  8604  8608  8577  8586  8604
TBILIS 1998 04 23 2  8636  8610  8580  8638  8598  8573  8564  8574  8539  8556  8618  8590
TBILIS 1998 04 24 1  8594  8603  8628  8580  8611  8630  8635  8669  8674  8631  8665  8729
TBILIS 1998 04 24 2  8698  8694  8699  8673  8675  8640  8625  8636  8633  8622  8601  8606
TBILIS 1998 04 25 1  8642  8601  8640  8597  8577  8614  8590  8608  8661  8635  8670  8663
TBILIS 1998 04 25 2  8666  8645  8680  8694  8676  8623  8634  8642  8645  8624  8622  8632
TBILIS 1998 04 26 1  8632  8622  8620  8647  8629  8659  8654  8644  8674  8656  8652  8669
TBILIS 1998 04 26 2  8709  8712  8718  8723  8731  8711  8704  8689  8664  8663  8688  8683
TBILIS 1998 04 27 1  8643  8648  8649  8626  8626  8601  8594  8587  8581  8611  8634  8602
TBILIS 1998 04 27 2  8677  8671  8656  8689  8647  8630  8579  8671  8625  8600  8602  8654
TBILIS 1998 04 28 1  8653  8678  8622  8615  8646  8616  8561  8581  8599  8630  8591  8645
TBILIS 1998 04 28 2  8636  8630  8658  8687  8673  8667  8635  8643  8616  8602  8636  8614
TBILIS 1998 04 29 1  8599  8641  8563  8515  8532  8556  8523  8530  8605  8629  8654  8670
TBILIS 1998 04 29 2  8700  8622  8643  8707  8672  8615  8632  8662  8643  8607  8592  8602
TBILIS 1998 04 30 1  8593  8522  8526  8491  8463  8469  8488  8558  8527  8551  8537  8533
TBILIS 1998 04 30 2  8632  8552  8603  8616  8578  8589  8596  8551  8557  8534  8532  8527
TBILIS 1998 04 31 1 99999 99999 99999 99999 99999 99999 99999 99999 99999 99999 99999 99999
TBILIS 1998 04 31 2 99999 99999 99999 99999 99999 99999 99999 99999 99999 99999 99999 99999
Cosmic-Ray Neutron Monitor Data (Hourly, Pressure-Corrected and Scale-Adjusted Counts)
Collections: WDC for Cosmic Rays, Solar-Terrestrial Environment Laboratory, Nagoya Univ.
Data Access: http://center.stelab.nagoya-u.ac.jp/WDCCR/index.html
Project: ICSU WDC
Citation: WDC for Cosmic Rays, Solar-Terrestrial Environment Laboratory, Nagoya University
Station ID: TBILIS
Station:  TBILISI,GIORGIA,INSTITUT GEOPHYSIKY (IG), GIORGIAN ACADEMY OF SCIENCES,GIORGIA 
Instrument:  18 NM-64 NEUTRON MONITOR, CORRECTED FOR PRESSURE TO 965 MB   ,COEF.=-0.690 %/MB
Latitude (deg.):   41.72  Longitude (deg.):   44.80  Altitude (m):  510.00
Cut-Off Rigidity (GV):    6.73
Year: 1998  Month:   5
Scaling Factor (SF):    64.0   Constant (CONST):     0.0  Real Counts = (DATA + CONST)*SF
Temporal Resolution: 1 hour
UTC Start Hour:     0.0
                         FILE IS PREPARED IN IZMIRAN                            
                                                        
Monthly Average:  8582.1
Updated (YYYY MM DD): 2003 10 20
*******************************************************************************************
ID     YYYY MM DD 1     0     1     2     3     4     5     6     7     8     9    10    11
ID     YYYY MM DD 2    12    13    14    15    16    17    18    19    20    21    22    23
*******************************************************************************************
TBILIS 1998 05 01 1  8485  8481  8480  8433  8446  8477  8483  8493  8493  8500  8458  8509
TBILIS 1998 05 01 2  8507  8494  8490  8497  8511  8520  8548  8554  8502  8471  8413  8424
TBILIS 1998 05 02 1  8321  8347  8331  8326  8363  8352  8405  8378  8360  8250  8296  8297
TBILIS 1998 05 02 2  8327  8346  8320  8344  8335  8381  8361  8316  8297  8318  8360  8335
TBILIS 1998 05 03 1  8408  8404  8358  8350  8306  8317  8333  8344  8350  8371  8392  8390
TBILIS 1998 05 03 2  8349  8366  8432  8411  8390  8373  8373  8406  8429  8361  8408  8478
TBILIS 1998 05 04 1  8454  8485  8500  8550  8665  8598  8491  8462  8411  8349  8282  8312
TBILIS 1998 05 04 2  8387  8376  8361  8378  8372  8392  8404  8364  8353  8314  8361  8336
TBILIS 1998 05 05 1  8320  8344  8311  8284  8291  8271  8335  8343  8400  8466  8452  8459
TBILIS 1998 05 05 2  8459  8428  8512  8510  8505  8476  8482  8443  8495  8457  8443  8417
TBILIS 1998 05 06 1  8424  8425  8427  8423  8410  8406  8369  8401  8459  8470  8415  8477
TBILIS 1998 05 06 2  8517  8521  8525  8528  8502  8547  8467  8537  8462  8473  8470  8441
TBILIS 1998 05 07 1  8424  8469  8492  8492  8475  8459  8506  8474  8500  8516  8500  8531
TBILIS 1998 05 07 2  8537  8513  8513  8539  8493  8448  8463  8481  8464  8377  8446  8468
TBILIS 1998 05 08 1  8387  8468  8434  8479  8480  8555  8539  8566  8568  8560  8571  8622
TBILIS 1998 05 08 2  8647  8618  8579  8572  8599  8604  8539  8582  8576  8583  8510  8533
TBILIS 1998 05 09 1  8538  8534  8569  8569  8592  8604  8619  8609  8615  8624  8587  8606
TBILIS 1998 05 09 2  8588  8612  8608  8649  8637  8598  8640  8694  8680  8637  8637  8644
TBILIS 1998 05 10 1  8628  8619  8597  8577  8603  8617  8604  8700  8643  8637  8665  8688
TBILIS 1998 05 10 2  8643  8613  8638  8602  8620  8675  8667  8652  8638  8629  8632  8670
TBILIS 1998 05 11 1  8641  8630  8685  8689  8660  8641  8647  8626  8651  8663  8648  8649
TBILIS 1998 05 11 2  8660  8651  8720  8668  8671  8629  8622  8645  8606  8610  8618  8617
TBILIS 1998 05 12 1  8661  8654  8650  8641  8640  8602  8639  8633  8669  8681  8675  8720
TBILIS 1998 05 12 2  8662  8743  8731  8716  8715  8705  8740 99999 99999 99999 99999 99999
TBILIS 1998 05 13 1 99999 99999 99999 99999 99999  8672  8652  8647  8683  8697  8678  8726
TBILIS 1998 05 13 2  8743  8704  8759  8773  8774  8740  8727  8716  8679  8717  8697  8693
TBILIS 1998 05 14 1  8682  8743  8650  8667  8658  8651  8638  8664  8698  8724  8747  8794
TBILIS 1998 05 14 2  8793  8801  8805  8740  8797  8791  8717  8772  8734  8705  8698  8738
TBILIS 1998 05 15 1  8747  8694  8752  8785  8726  8756  8710  8722  8758  8727  8720  8718
TBILIS 1998 05 15 2  8740  8771  8772  8751  8800  8761  8706  8685  8662  8584  8579  8589
TBILIS 1998 05 16 1  8580  8586  8578  8595  8566  8582  8580  8581  8608  8622  8652  8685
TBILIS 1998 05 16 2  8653  8598  8646  8607  8540  8579  8552  8530  8590  8572  8573  8555
TBILIS 1998 05 17 1  8569  8564  8546  8563  8549  8566  8532  8554  8568  8553  8579  8603
TBILIS 1998 05 17 2  8607  8538  8561  8595  8564  8591  8556  8610  8563  8573  8519  8606
TBILIS 1998 05 18 1  8587  8598  8594  8613  8639  8615  8602  8600  8634  8589  8656  8665
TBILIS 1998 05 18 2  8599  8609  8573  8581  8607  8542  8547  8547  8565  8544  8557  8549
TBILIS 1998 05 19 1  8596  8586  8615  8647  8678  8688  8688  8648  8610  8703  8694  8649
TBILIS 1998 05 19 2  8607  8600  8638  8612  8678  8601  8600  8622  8619  8606  8611  8612
TBILIS 1998 05 20 1  8677  8649  8664  8648  8657  8573  8577  8592  8595  8559  8599  8553
TBILIS 1998 05 20 2  8590  8599  8645  8653  8657  8611  8623  8642  8621  8597  8580  8561
TBILIS 1998 05 21 1  8550  8589  8574  8580  8560  8521  8554  8605  8631  8598  8639  8618
TBILIS 1998 05 21 2  8635  8618  8628  8649  8673  8703  8641  8635  8629  8640  8655  8672
TBILIS 1998 05 22 1  8632  8631  8657  8593  8623  8575  8582  8610  8578  8607  8596  8567
TBILIS 1998 05 22 2  8545  8558  8554  8579  8525  8531  8469  8483  8476  8522  8525  8499
TBILIS 1998 05 23 1  8506  8510  8568  8539  8536  8506  8579  8565  8607  8594  8628  8599
TBILIS 1998 05 23 2  8635  8645  8688  8637  8696  8644  8596  8659  8642  8611  8599  8608
TBILIS 1998 05 24 1  8644  8594  8587  8555  8535  8538  8602  8562  8609  8596  8591  8616
TBILIS 1998 05 24 2  8670  8672  8666  8653  8638  8629  8633  8632  8625  8681  8625  8599
TBILIS 1998 05 25 1  8617  8625  8588  8585  8555  8551  8590  8602  8578  8682  8686  8674
TBILIS 1998 05 25 2  8655  8584  8698  8625  8686  8697  8680  8617  8656  8644  8668  8649
TBILIS 1998 05 26 1  8614  8673  8640  8646  8617  8631  8593  8614  8611  8616  8649  8668
TBILIS 1998 05 26 2  8650  8680  8626  8652  8683  8648  8674  8655  8621  8631  8612  8585
TBILIS 1998 05 27 1  8572  8628  8621  8569  8595  8589  8581  8559  8598  8570  8607  8641
TBILIS 1998 05 27 2  8622  8598  8584  8605  8632  8655  8607  8621  8606  8597  8596  8628
TBILIS 1998 05 28 1  8654  8655  8650  8631  8638  8662  8656  8698  8696  8682  8622  8655
TBILIS 1998 05 28 2  8617  8572  8672  8611  8632  8670  8639  8586  8596  8584  8615  8629
TBILIS 1998 05 29 1  8638  8618  8671  8675  8623  8601  8642  8662  8717  8705  8698  8715
TBILIS 1998 05 29 2  8704  8674  8715  8708  8721  8618  8626  8582  8654  8638  8635  8669
TBILIS 1998 05 30 1  8641  8609  8644  8667  8584  8592  8608  8604  8623  8645  8621  8664
TBILIS 1998 05 30 2  8660  8656  8656  8655  8609  8608  8580  8552  8556  8599  8572  8653
TBILIS 1998 05 31 1  8621  8640  8608  8615  8608  8605  8622  8636  8609  8675  8637  8689
TBILIS 1998 05 31 2  8664  8645  8665  8656  8660  8656  8697  8722  8680  8707  8709  8695
Cosmic-Ray Neutron Monitor Data (Hourly, Pressure-Corrected and Scale-Adjusted Counts)
Collections: WDC for Cosmic Rays, Solar-Terrestrial Environment Laboratory, Nagoya Univ.
Data Access: http://center.stelab.nagoya-u.ac.jp/WDCCR/index.html
Project: ICSU WDC
Citation: WDC for Cosmic Rays, Solar-Terrestrial Environment Laboratory, Nagoya University
Station ID: TBILIS
Station:  TBILISI,GIORGIA,INSTITUT GEOPHYSIKY (IG), GIORGIAN ACADEMY OF SCIENCES,GIORGIA 
Instrument:  18 NM-64 NEUTRON MONITOR, CORRECTED FOR PRESSURE TO 965 MB   ,COEF.=-0.690 %/MB
Latitude (deg.):   41.72  Longitude (deg.):   44.80  Altitude (m):  510.00
Cut-Off Rigidity (GV):    6.73
Year: 1998  Month:   6
Scaling Factor (SF):    64.0   Constant (CONST):     0.0  Real Counts = (DATA + CONST)*SF
Temporal Resolution: 1 hour
UTC Start Hour:     0.0
                         FILE IS PREPARED IN IZMIRAN                            
                                                        
Monthly Average:  8537.9
Updated (YYYY MM DD): 2003 10 20
*******************************************************************************************
ID     YYYY MM DD 1     0     1     2     3     4     5     6     7     8     9    10    11
ID     YYYY MM DD 2    12    13    14    15    16    17    18    19    20    21    22    23
*******************************************************************************************
TBILIS 1998 06 01 1  8616  8618  8580  8583  8567  8543  8579  8576  8544  8610  8578  8630
TBILIS 1998 06 01 2  8634  8618  8658  8617  8648  8623  8599  8583  8600  8585  8592  8611
TBILIS 1998 06 02 1  8618  8616  8612  8630  8675  8584  8615  8610  8628  8611  8599  8636
TBILIS 1998 06 02 2  8629  8625  8649  8643  8647  8667  8610  8619  8646  8596  8634  8654
TBILIS 1998 06 03 1  8632  8590  8571  8579  8566  8613  8586  8615  8582  8624  8630  8584
TBILIS 1998 06 03 2  8600  8687  8664  8664  8665  8680  8682  8573  8561  8585  8630  8595
TBILIS 1998 06 04 1  8629  8599  8635  8591  8591  8611  8598  8633  8622  8591  8638  8607
TBILIS 1998 06 04 2  8647  8618  8630  8590  8607  8582  8567  8575  8557  8564  8535  8579
TBILIS 1998 06 05 1  8567  8576  8542  8577  8562  8583  8518  8551  8574  8519  8557  8552
TBILIS 1998 06 05 2  8488  8503  8575  8583  8589  8561  8554  8562  8518  8540  8539  8523
TBILIS 1998 06 06 1  8520  8496  8557  8543  8478  8516  8486  8489  8495  8483  8500  8483
TBILIS 1998 06 06 2  8495  8501  8508  8519  8524  8510  8493  8477  8467  8474  8478  8517
TBILIS 1998 06 07 1  8515  8508  8471  8420  8396  8413  8478  8476  8476  8511  8519  8540
TBILIS 1998 06 07 2  8551  8506  8531  8566  8551  8514  8453  8448  8440  8520  8502  8476
TBILIS 1998 06 08 1  8519  8525  8487  8524  8518  8476  8506  8514  8485  8499  8462  8491
TBILIS 1998 06 08 2  8541  8504  8542  8532  8528  8568  8577  8583  8548  8512  8494  8547
TBILIS 1998 06 09 1  8559  8575  8570  8546  8517  8528  8547  8575  8604  8569  8585  8616
TBILIS 1998 06 09 2  8634  8618  8617  8593  8605  8600  8610  8638  8610  8615  8592  8590
TBILIS 1998 06 10 1  8628  8576  8599  8637  8572  8557  8535  8569  8574  8608  8609  8588
TBILIS 1998 06 10 2  8612  8606  8655  8633  8598  8607  8621  8588  8565  8580  8626  8604
TBILIS 1998 06 11 1  8639  8619  8654  8646  8644  8605  8622  8628  8648  8666  8678  8641
TBILIS 1998 06 11 2  8666  8614  8639  8680  8648  8626  8624  8623  8610  8610  8579  8569
TBILIS 1998 06 12 1  8557  8585  8563  8558  8588  8654  8582  8581  8529  8580  8568  8547
TBILIS 1998 06 12 2  8561  8577  8571  8535  8506  8498  8541  8551  8558  8567  8535  8514
TBILIS 1998 06 13 1  8528  8574  8599  8640  8628  8623  8606  8569  8508  8549  8514  8523
TBILIS 1998 06 13 2  8558  8524  8509  8515  8548  8520  8494  8505  8526  8588  8521  8578
TBILIS 1998 06 14 1  8580  8562  8525  8530  8467  8506  8526  8561  8577  8596  8570  8557
TBILIS 1998 06 14 2  8559  8562  8599  8632  8614  8567  8607  8581  8617  8558  8493  8486
TBILIS 1998 06 15 1  8504  8487  8444  8469  8526  8592  8596  8594  8609  8618  8617  8632
TBILIS 1998 06 15 2  8599  8608  8611  8580  8591  8532  8467  8474  8464  8455  8432  8448
TBILIS 1998 06 16 1  8453  8487  8444  8429  8473  8474  8557  8499  8503  8513  8558  8589
TBILIS 1998 06 16 2  8568  8613  8653  8517  8452  8458  8513  8454  8486  8488  8494  8532
TBILIS 1998 06 17 1  8502  8477  8476  8500  8524  8503  8508  8541  8563  8564  8479  8516
TBILIS 1998 06 17 2  8514  8551  8545  8552  8562  8575  8570  8553  8570  8497  8537  8571
TBILIS 1998 06 18 1  8491  8489  8480  8483  8497  8507  8507  8486  8504  8516  8537  8523
TBILIS 1998 06 18 2  8547  8560  8578  8567  8626  8576  8587  8559  8536  8540  8450  8531
TBILIS 1998 06 19 1  8498  8473  8491  8448  8438  8482  8478  8498  8545  8583  8580  8580
TBILIS 1998 06 19 2  8616  8597  8578  8589  8546  8542  8524  8550  8490  8457  8469  8461
TBILIS 1998 06 20 1  8482  8464  8442  8511  8482  8500  8537  8526  8497  8480  8511  8479
TBILIS 1998 06 20 2  8447  8479  8509  8530  8528  8530  8474  8471  8476  8426  8428  8422
TBILIS 1998 06 21 1  8389  8406  8399  8378  8354  8400  8469  8429  8470  8507  8522  8506
TBILIS 1998 06 21 2  8463  8508  8552  8579  8575  8565  8589  8532  8425  8360  8441  8470
TBILIS 1998 06 22 1  8447  8476  8454  8452  8442  8466  8464  8506  8456  8502  8515  8503
TBILIS 1998 06 22 2  8481  8511  8500  8561  8571  8557  8574  8532  8521  8470  8465  8427
TBILIS 1998 06 23 1  8476  8491  8451  8440  8472  8454  8437  8448  8467  8476  8485  8472
TBILIS 1998 06 23 2  8564  8559  8607  8540  8583  8567  8528  8495  8467  8521  8538  8563
TBILIS 1998 06 24 1  8551  8530  8538  8544  8516  8532  8504  8499  8487  8529  8515  8501
TBILIS 1998 06 24 2  8536  8543  8565  8603  8540  8561  8490  8538  8511  8500  8512  8524
TBILIS 1998 06 25 1  8515  8530  8480  8475  8454  8490  8460  8449  8424  8413  8427  8445
TBILIS 1998 06 25 2  8463  8480  8491  8503  8573  8542  8536  8471  8479  8503  8449  8447
TBILIS 1998 06 26 1  8495  8554  8512  8522  8534  8478  8500  8494  8498  8525  8528  8478
TBILIS 1998 06 26 2  8524  8558  8513  8535  8512  8575  8553  8502  8481  8446  8427  8405
TBILIS 1998 06 27 1  8428  8406  8410  8397  8453  8476  8496  8498  8506  8494  8541  8500
TBILIS 1998 06 27 2  8482  8501  8532  8498  8477  8482  8501  8448  8480  8453  8407  8371
TBILIS 1998 06 28 1  8420  8470  8418  8421  8431  8481  8529  8525  8530  8525  8518  8500
TBILIS 1998 06 28 2  8511  8511  8473  8498  8588  8509  8425  8472  8491  8519  8457  8498
TBILIS 1998 06 29 1  8530  8477  8433  8445  8503  8525  8552  8540  8562  8533  8547  8534
TBILIS 1998 06 29 2  8525  8533  8522  8524  8557  8611  8556  8562  8550  8543  8513  8476
TBILIS 1998 06 30 1  8493  8528  8516  8483  8501  8530  8521  8559  8583  8543  8555  8563
TBILIS 1998 06 30 2  8595  8588  8584  8611  8648  8639  8637  8632  8585  8562  8548  8564
TBILIS 1998 06 31 1 99999 99999 99999 99999 99999 99999 99999 99999 99999 99999 99999 99999
TBILIS 1998 06 31 2 99999 99999 99999 99999 99999 99999 99999 99999 99999 99999 99999 99999
Cosmic-Ray Neutron Monitor Data (Hourly, Pressure-Corrected and Scale-Adjusted Counts)
Collections: WDC for Cosmic Rays, Solar-Terrestrial Environment Laboratory, Nagoya Univ.
Data Access: http://center.stelab.nagoya-u.ac.jp/WDCCR/index.html
Project: ICSU WDC
Citation: WDC for Cosmic Rays, Solar-Terrestrial Environment Laboratory, Nagoya University
Station ID: TBILIS
Station:  TBILISI,GIORGIA,INSTITUT GEOPHYSIKY (IG), GIORGIAN ACADEMY OF SCIENCES,GIORGIA 
Instrument:  18 NM-64 NEUTRON MONITOR, CORRECTED FOR PRESSURE TO 965 MB   ,COEF.=-0.690 %/MB
Latitude (deg.):   41.72  Longitude (deg.):   44.80  Altitude (m):  510.00
Cut-Off Rigidity (GV):    6.73
Year: 1998  Month:   7
Scaling Factor (SF):    64.0   Constant (CONST):     0.0  Real Counts = (DATA + CONST)*SF
Temporal Resolution: 1 hour
UTC Start Hour:     0.0
                         FILE IS PREPARED IN IZMIRAN                            
                                                        
Monthly Average:  8601.5
Updated (YYYY MM DD): 2003 10 20
*******************************************************************************************
ID     YYYY MM DD 1     0     1     2     3     4     5     6     7     8     9    10    11
ID     YYYY MM DD 2    12    13    14    15    16    17    18    19    20    21    22    23
*******************************************************************************************
TBILIS 1998 07 01 1  8584  8573  8531  8551  8563  8605  8587  8603  8592  8609  8627  8659
TBILIS 1998 07 01 2  8655  8631  8637  8645  8649  8644  8585  8622  8615  8592  8564  8593
TBILIS 1998 07 02 1  8608  8618  8613  8624  8585  8603  8600  8626  8590  8637  8604  8586
TBILIS 1998 07 02 2  8576  8542  8529  8580  8530  8576  8574  8583  8507  8536  8539  8535
TBILIS 1998 07 03 1  8557  8559  8554  8516  8555  8546  8523  8568  8606  8562  8632  8632
TBILIS 1998 07 03 2  8608  8593  8619  8625  8598  8609  8572  8582  8557  8572  8570  8610
TBILIS 1998 07 04 1  8578  8572  8587  8564  8559  8566  8661  8681  8726  8677  8684  8657
TBILIS 1998 07 04 2  8655  8651  8621  8598  8646  8602  8583  8642  8662  8601  8556  8532
TBILIS 1998 07 05 1  8573  8596  8637  8627  8600  8659  8643  8641  8605  8631  8558  8601
TBILIS 1998 07 05 2  8539  8505  8460  8443  8408  8426  8399  8445  8476  8479  8448  8458
TBILIS 1998 07 06 1  8430  8423  8385  8450  8445  8417  8440  8458  8481  8526  8579  8575
TBILIS 1998 07 06 2  8583  8566  8539  8517  8488  8470  8465  8415  8453  8484  8472  8504
TBILIS 1998 07 07 1  8513  8531  8553  8591  8611  8598  8593  8606  8595  8588  8598  8580
TBILIS 1998 07 07 2  8572  8588  8563  8557  8575  8558  8496  8521  8550  8612  8643  8656
TBILIS 1998 07 08 1  8637  8637  8617  8674  8608  8649  8623  8620  8584  8616  8617  8636
TBILIS 1998 07 08 2  8622  8625  8628  8648  8675  8645  8643  8659  8630  8610  8637  8637
TBILIS 1998 07 09 1  8691  8666  8692  8646  8647  8681  8675  8640  8632  8642  8651  8652
TBILIS 1998 07 09 2  8669  8663  8705  8705  8705  8695  8733  8716  8720  8743  8743  8724
TBILIS 1998 07 10 1  8730  8684  8695  8714  8684  8621  8642  8658  8692  8667  8674  8646
TBILIS 1998 07 10 2  8645  8680  8688  8683  8661  8640  8642  8631  8631  8640  8590  8575
TBILIS 1998 07 11 1  8598  8583  8593  8592  8645  8617  8612  8553  8583  8599  8597  8629
TBILIS 1998 07 11 2  8550  8587  8591  8616  8573  8653  8640  8627  8587  8577  8581  8601
TBILIS 1998 07 12 1  8630  8642  8621  8638  8632  8631  8678  8573  8583  8585  8567  8544
TBILIS 1998 07 12 2  8512  8523  8505  8522  8498  8528  8519  8536  8542  8555  8576  8590
TBILIS 1998 07 13 1  8587  8583  8570  8552  8574  8576  8553  8528  8535  8575  8585  8566
TBILIS 1998 07 13 2  8552  8617  8599  8583  8615  8611  8626  8604  8640  8610  8600  8572
TBILIS 1998 07 14 1  8576  8592  8573  8634  8609  8590  8579  8566  8622  8597  8586  8574
TBILIS 1998 07 14 2  8583  8595  8547  8571  8586  8561  8537  8557  8555  8563  8559  8583
TBILIS 1998 07 15 1  8575  8620  8592  8580  8553  8575  8588  8581  8617  8646  8612  8641
TBILIS 1998 07 15 2  8629  8644  8613  8557  8599  8612  8610  8642  8594  8614  8618  8613
TBILIS 1998 07 16 1  8607  8610  8597  8608  8683  8597  8564  8627  8629  8604  8670  8677
TBILIS 1998 07 16 2  8662  8674  8638  8655  8652  8633  8674  8691  8649  8619  8611  8644
TBILIS 1998 07 17 1  8605  8627  8619  8620  8655  8631  8642  8644  8661  8679  8605  8644
TBILIS 1998 07 17 2  8676  8659  8619  8632  8619  8610  8613  8617  8634  8621  8627  8636
TBILIS 1998 07 18 1  8644  8628  8619  8634  8657  8650  8670  8646  8690  8647  8676  8667
TBILIS 1998 07 18 2  8681  8677  8652  8645  8637  8613  8610  8643  8630  8637  8632  8655
TBILIS 1998 07 19 1  8627  8615  8627  8629  8622  8615  8642  8622  8662  8677  8652  8646
TBILIS 1998 07 19 2  8624  8645  8692  8614  8631  8641  8615  8608  8596  8627  8631  8604
TBILIS 1998 07 20 1  8580  8610  8627  8601  8632  8623  8613  8601  8579  8595  8595  8582
TBILIS 1998 07 20 2  8605  8583  8629  8590  8631  8585  8601  8637  8610  8636  8591  8587
TBILIS 1998 07 21 1  8592  8590  8622  8582  8572  8569  8568  8592  8560  8579  8569  8585
TBILIS 1998 07 21 2  8608  8590  8633  8599  8582  8625  8604  8610  8614  8614  8628  8589
TBILIS 1998 07 22 1  8613  8654  8607  8596  8593  8611  8560  8569  8571  8609  8538  8534
TBILIS 1998 07 22 2  8566  8567  8572  8567  8623  8569  8535  8473  8568  8574  8579  8583
TBILIS 1998 07 23 1  8563  8538  8581  8574  8541  8621  8606  8612  8597  8600  8599  8622
TBILIS 1998 07 23 2  8616  8570  8564  8539  8526  8546  8554  8533  8579  8557  8573  8578
TBILIS 1998 07 24 1  8554  8563  8558  8555  8567  8570  8571  8569  8589  8633  8618  8636
TBILIS 1998 07 24 2  8615  8596  8593  8590  8608  8583  8573  8555  8565  8552  8546  8533
TBILIS 1998 07 25 1  8548  8583  8582  8550  8536  8542  8609  8638  8614  8603  8636  8645
TBILIS 1998 07 25 2  8597  8593  8569  8563  8576  8557  8579  8595  8594  8577  8531  8516
TBILIS 1998 07 26 1  8515  8519  8538  8525  8525  8555  8553  8568  8566  8563  8564  8563
TBILIS 1998 07 26 2  8560  8563  8550  8554  8566  8583  8562  8546  8559  8545  8565  8540
TBILIS 1998 07 27 1  8545  8560  8576  8587  8598  8618  8608  8596  8603  8607  8657  8661
TBILIS 1998 07 27 2  8636  8645  8662  8644  8641  8608  8625  8610  8640  8604  8588  8583
TBILIS 1998 07 28 1  8629  8608  8639  8627  8639  8615  8622  8639  8606  8638  8627  8660
TBILIS 1998 07 28 2  8627  8592  8578  8596  8588  8603  8550  8583  8629  8632  8621  8632
TBILIS 1998 07 29 1  8613  8624  8601  8656  8644  8674  8620  8647  8658  8619  8610  8628
TBILIS 1998 07 29 2  8635  8657  8642  8604  8628  8594  8599  8632  8650  8664  8628  8602
TBILIS 1998 07 30 1  8641  8626  8651  8664  8635  8637  8710  8685  8674  8667  8699  8739
TBILIS 1998 07 30 2  8701  8725  8720  8718  8712  8694  8628  8626  8650  8659  8668  8651
TBILIS 1998 07 31 1  8644  8635  8624  8637  8593  8624  8620  8604  8592  8631  8583  8624
TBILIS 1998 07 31 2  8665  8585  8558  8587  8576  8593  8628  8624  8583  8622  8586  8604
Cosmic-Ray Neutron Monitor Data (Hourly, Pressure-Corrected and Scale-Adjusted Counts)
Collections: WDC for Cosmic Rays, Solar-Terrestrial Environment Laboratory, Nagoya Univ.
Data Access: http://center.stelab.nagoya-u.ac.jp/WDCCR/index.html
Project: ICSU WDC
Citation: WDC for Cosmic Rays, Solar-Terrestrial Environment Laboratory, Nagoya University
Station ID: TBILIS
Station:  TBILISI,GIORGIA,INSTITUT GEOPHYSIKY (IG), GIORGIAN ACADEMY OF SCIENCES,GIORGIA 
Instrument:  18 NM-64 NEUTRON MONITOR, CORRECTED FOR PRESSURE TO 965 MB   ,COEF.=-0.690 %/MB
Latitude (deg.):   41.72  Longitude (deg.):   44.80  Altitude (m):  510.00
Cut-Off Rigidity (GV):    6.73
Year: 1998  Month:   8
Scaling Factor (SF):    64.0   Constant (CONST):     0.0  Real Counts = (DATA + CONST)*SF
Temporal Resolution: 1 hour
UTC Start Hour:     0.0
                         FILE IS PREPARED IN IZMIRAN                            
                                                        
Monthly Average:  8555.8
Updated (YYYY MM DD): 2003 10 20
*******************************************************************************************
ID     YYYY MM DD 1     0     1     2     3     4     5     6     7     8     9    10    11
ID     YYYY MM DD 2    12    13    14    15    16    17    18    19    20    21    22    23
*******************************************************************************************
TBILIS 1998 08 01 1  8610  8645  8602  8607  8641  8629  8636  8623  8607  8610  8653  8680
TBILIS 1998 08 01 2  8627  8632  8597  8605  8618  8646  8621  8641  8627  8616  8636  8633
TBILIS 1998 08 02 1  8617  8664  8587  8595  8594  8628  8569  8561  8553  8563  8629  8619
TBILIS 1998 08 02 2  8600  8618  8637  8623  8657  8623  8657  8628  8664  8661  8560  8623
TBILIS 1998 08 03 1  8608  8610  8594  8635  8640  8580  8601  8614  8664  8688  8682  8673
TBILIS 1998 08 03 2  8657  8666  8668  8663  8708  8694  8720  8736  8725  8688  8682  8662
TBILIS 1998 08 04 1  8652  8671  8640  8647  8626  8722  8680  8679  8688  8698  8748  8746
TBILIS 1998 08 04 2  8729  8741  8708  8683  8703  8654  8657  8651  8671  8668  8665  8651
TBILIS 1998 08 05 1  8637  8622  8616  8639  8621  8617  8623  8625  8628  8655  8691  8653
TBILIS 1998 08 05 2  8637  8626  8612  8573  8595  8532  8557  8569  8606  8596  8583  8585
TBILIS 1998 08 06 1  8586  8579  8609  8611  8635  8631  8638  8659  8668  8662  8676  8682
TBILIS 1998 08 06 2  8708  8704  8629  8656  8626  8627  8610  8586  8628  8637  8580  8623
TBILIS 1998 08 07 1  8606  8601  8606  8621  8618  8700  8642  8662  8649  8566  8720  8726
TBILIS 1998 08 07 2  8697  8697  8699  8692  8654  8676  8649  8635  8629  8632  8665  8708
TBILIS 1998 08 08 1  8661  8645  8626  8679  8650  8623  8610  8637  8626  8611  8646  8720
TBILIS 1998 08 08 2  8707  8694  8709  8709  8699  8700  8714  8704  8708  8706  8634  8632
TBILIS 1998 08 09 1  8667  8643  8647  8604  8590  8566  8581  8602  8607  8645  8652  8664
TBILIS 1998 08 09 2  8664  8707  8696  8682  8700  8673  8647  8659  8682  8685  8661  8671
TBILIS 1998 08 10 1  8634  8603  8537  8534  8564  8503  8528  8576  8576  8646  8664  8671
TBILIS 1998 08 10 2  8636  8619  8633  8660  8617  8603  8583  8548  8528  8568  8569  8544
TBILIS 1998 08 11 1  8542  8546  8580  8531  8507  8513  8505  8542  8530  8535  8568  8591
TBILIS 1998 08 11 2  8628  8650  8675  8638  8624  8602  8607  8571  8589  8605  8638  8613
TBILIS 1998 08 12 1  8639  8694  8676  8634  8640  8593  8607  8612  8596  8575  8664  8625
TBILIS 1998 08 12 2  8599  8561  8616  8605  8611  8595  8589  8587  8598  8583  8628  8648
TBILIS 1998 08 13 1  8627  8665  8617  8641  8619  8596  8605  8646  8615  8593  8609  8619
TBILIS 1998 08 13 2  8634  8672  8631  8630  8601  8590  8659  8637  8578  8602  8561  8558
TBILIS 1998 08 14 1  8597  8589  8585  8601  8577  8564  8583  8601  8634  8618  8684  8646
TBILIS 1998 08 14 2  8646  8648  8694  8728  8672  8665  8669  8689  8665  8659  8657  8638
TBILIS 1998 08 15 1  8576  8583  8631  8632  8589  8635  8593  8610  8624  8639  8644  8618
TBILIS 1998 08 15 2  8616  8631  8615  8655  8606  8588  8624  8581  8596  8585  8529  8523
TBILIS 1998 08 16 1  8588  8558  8570  8583  8623  8611  8548  8551  8583  8621  8599  8629
TBILIS 1998 08 16 2  8661  8662  8636  8607  8569  8565  8603  8588  8589  8569  8545  8574
TBILIS 1998 08 17 1  8550  8552  8544  8505  8521  8552  8578  8596  8617  8649  8641  8698
TBILIS 1998 08 17 2  8714  8679  8676  8631  8623  8593  8558  8596  8583  8589  8587  8580
TBILIS 1998 08 18 1  8572  8583  8572  8664  8661  8683  8641  8653  8650  8632  8655  8639
TBILIS 1998 08 18 2  8622  8613  8609  8648  8631  8594  8620  8616  8658  8629  8637  8634
TBILIS 1998 08 19 1  8625  8593  8560  8564  8575  8616  8594  8532  8544  8588  8567  8560
TBILIS 1998 08 19 2  8565  8567  8539  8599  8573  8611  8590  8594  8631  8635  8635  8619
TBILIS 1998 08 20 1  8597  8623  8631  8612  8626  8610  8623  8617  8608  8664  8679  8706
TBILIS 1998 08 20 2  8702  8715  8734  8720  8714  8689  8679  8694  8691  8664  8656  8652
TBILIS 1998 08 21 1  8673  8625  8624  8586  8596  8565  8540  8538  8550  8558  8563  8550
TBILIS 1998 08 21 2  8579  8545  8556  8547  8537  8543  8502  8583  8604  8563  8569  8572
TBILIS 1998 08 22 1  8592  8563  8572  8549  8561  8518  8507  8511  8549  8531  8544  8582
TBILIS 1998 08 22 2  8586  8561  8632  8590  8592  8554  8596  8607  8591  8565  8567  8554
TBILIS 1998 08 23 1  8530  8526  8509  8479  8484  8477  8433  8412  8389  8390  8359  8351
TBILIS 1998 08 23 2  8371  8385  8375  8396  8344  8314  8389  8384  8395  8379  8409  8388
TBILIS 1998 08 24 1  8381  8376  8359  8367  8372  8344  8373  8358  8381  8402  8389  8401
TBILIS 1998 08 24 2  8403  8406  8416  8370  8395  8354  8379  8405  8393  8411  8384  8366
TBILIS 1998 08 25 1  8388  8399  8410  8417  8403  8409  8392  8415  8413  8473  8479  8449
TBILIS 1998 08 25 2  8462  8444  8431  8419  8460  8406  8421  8446  8459  8434  8392  8360
TBILIS 1998 08 26 1  8390  8304  8299  8320  8368  8451  8486  8388  8398  8283  8321  8350
TBILIS 1998 08 26 2  8251  8127  8066  8056  7993  8074  8026  8048  8070  8055  8086  8166
TBILIS 1998 08 27 1  8256  8286  8325  8401  8377  8298  8337  8298  8316  8332  8353  8305
TBILIS 1998 08 27 2  8343  8299  8275  8239  8232  8227  8261  8264  8241  8244  8270  8300
TBILIS 1998 08 28 1  8259  8331  8274  8316  8353  8339  8342  8379  8373  8338  8386  8378
TBILIS 1998 08 28 2  8382  8387  8419  8391  8343  8374  8343  8369  8394  8367  8353  8389
TBILIS 1998 08 29 1  8350  8407  8394  8349  8411  8384  8381  8413  8440  8489  8499  8468
TBILIS 1998 08 29 2  8430  8468  8544  8486  8460  8419  8461  8417  8450  8473  8502  8438
TBILIS 1998 08 30 1  8470  8479  8479  8446  8487  8449  8511  8482  8496  8514  8514  8528
TBILIS 1998 08 30 2  8531  8479  8511  8520  8501  8475  8451  8465  8479  8470  8497  8503
TBILIS 1998 08 31 1  8476  8471  8530  8503  8483  8545  8645  8552  8637  8608  8587  8583
TBILIS 1998 08 31 2  8590  8570  8550  8586  8536  8524  8505  8537  8537  8516  8557  8557
Cosmic-Ray Neutron Monitor Data (Hourly, Pressure-Corrected and Scale-Adjusted Counts)
Collections: WDC for Cosmic Rays, Solar-Terrestrial Environment Laboratory, Nagoya Univ.
Data Access: http://center.stelab.nagoya-u.ac.jp/WDCCR/index.html
Project: ICSU WDC
Citation: WDC for Cosmic Rays, Solar-Terrestrial Environment Laboratory, Nagoya University
Station ID: TBILIS
Station:  TBILISI,GIORGIA,INSTITUT GEOPHYSIKY (IG), GIORGIAN ACADEMY OF SCIENCES,GIORGIA 
Instrument:  18 NM-64 NEUTRON MONITOR, CORRECTED FOR PRESSURE TO 965 MB   ,COEF.=-0.690 %/MB
Latitude (deg.):   41.72  Longitude (deg.):   44.80  Altitude (m):  510.00
Cut-Off Rigidity (GV):    6.73
Year: 1998  Month:   9
Scaling Factor (SF):    64.0   Constant (CONST):     0.0  Real Counts = (DATA + CONST)*SF
Temporal Resolution: 1 hour
UTC Start Hour:     0.0
                         FILE IS PREPARED IN IZMIRAN                            
                                                        
Monthly Average:  8611.7
Updated (YYYY MM DD): 2003 10 20
*******************************************************************************************
ID     YYYY MM DD 1     0     1     2     3     4     5     6     7     8     9    10    11
ID     YYYY MM DD 2    12    13    14    15    16    17    18    19    20    21    22    23
*******************************************************************************************
TBILIS 1998 09 01 1  8558  8565  8579  8571  8573  8552  8521  8527  8504  8490  8522  8503
TBILIS 1998 09 01 2  8564  8524  8551  8556  8573  8591  8553  8591  8592  8585  8562  8556
TBILIS 1998 09 02 1  8588  8575  8557  8558  8575  8554  8605  8575  8559  8547  8572  8588
TBILIS 1998 09 02 2  8600  8602  8583  8593  8566  8600  8635  8669  8632  8620  8655  8629
TBILIS 1998 09 03 1  8688  8733  8682  8687  8727  8618  8645  8634  8625  8587  8616  8643
TBILIS 1998 09 03 2  8607  8619  8643  8667  8646  8591  8596  8604  8638  8606  8627  8637
TBILIS 1998 09 04 1  8651  8654  8672  8663  8648  8637  8628  8637  8651  8636  8641  8610
TBILIS 1998 09 04 2  8615  8634  8604  8638  8581  8568  8613  8596  8622  8611  8620  8667
TBILIS 1998 09 05 1  8645  8645  8672  8667  8639  8632  8667  8670  8680  8692  8649  8669
TBILIS 1998 09 05 2  8643  8685  8675  8645  8667  8702  8680  8670  8673  8718  8698  8681
TBILIS 1998 09 06 1  8668  8710  8704  8729  8727  8770  8763  8754  8785  8760  8770  8797
TBILIS 1998 09 06 2  8764  8737  8749  8728  8719  8665  8682  8629  8607  8658  8651  8638
TBILIS 1998 09 07 1  8679  8650  8663  8650  8677  8682  8681  8665  8666  8668  8661  8667
TBILIS 1998 09 07 2  8683  8653  8657  8674  8639  8644  8667  8635  8588  8620  8604  8634
TBILIS 1998 09 08 1  8664  8634  8647  8633  8663  8689  8726  8726  8790  8833  8816  8835
TBILIS 1998 09 08 2  8861  8811  8764  8748  8688  8661  8688  8679  8691  8725  8735  8760
TBILIS 1998 09 09 1  8721  8725  8732  8695  8732  8738  8729  8714  8758  8745  8759  8726
TBILIS 1998 09 09 2  8736  8741  8720  8726  8701  8705  8664  8706  8656  8668  8702  8674
TBILIS 1998 09 10 1  8683  8658  8679  8696  8705  8707  8668  8685  8687  8688  8689  8692
TBILIS 1998 09 10 2  8723  8689  8713  8716  8671  8676  8682  8711  8748  8745  8754  8714
TBILIS 1998 09 11 1  8739  8720  8708  8696  8693  8683  8671  8684  8682  8682  8706  8658
TBILIS 1998 09 11 2  8670  8675  8689  8697  8703  8725  8706  8749  8753  8750  8709  8689
TBILIS 1998 09 12 1  8692  8736  8733  8730  8723  8695  8652  8683  8670  8742  8708  8703
TBILIS 1998 09 12 2  8733  8750  8786  8788  8766  8791  8817  8767  8770  8788  8771  8737
TBILIS 1998 09 13 1  8717  8727  8709  8724  8686  8678  8668  8717  8726  8758  8731  8757
TBILIS 1998 09 13 2  8763  8778  8781  8788  8772  8715  8778  8786  8781  8780  8747  8738
TBILIS 1998 09 14 1  8738  8714  8724  8675  8673  8663  8661  8649  8678  8708  8699  8669
TBILIS 1998 09 14 2  8713  8689  8676  8648  8658  8637  8630  8628  8628  8611  8591  8603
TBILIS 1998 09 15 1  8574  8556  8543  8592  8620  8589  8615  8670  8661  8638  8691  8696
TBILIS 1998 09 15 2  8719  8736  8726  8760  8755  8730  8734  8693  8724  8692  8723  8736
TBILIS 1998 09 16 1  8731  8712  8708  8691  8705  8697  8722  8705  8728  8727  8714  8747
TBILIS 1998 09 16 2  8737  8717  8746  8731  8706  8699  8681  8677  8656  8681  8645  8643
TBILIS 1998 09 17 1  8655  8629  8627  8637  8602  8608  8605  8578  8569  8591  8588  8615
TBILIS 1998 09 17 2  8622  8609  8599  8630  8592  8594  8614  8581  8566  8602  8506  8536
TBILIS 1998 09 18 1  8520  8479  8490  8576  8521  8500  8534  8528  8545  8557  8616  8577
TBILIS 1998 09 18 2  8630  8670  8652  8602  8634  8672  8621  8638  8609  8691  8676  8646
TBILIS 1998 09 19 1  8654  8673  8674  8644  8614  8598  8590  8584  8591  8589  8653  8655
TBILIS 1998 09 19 2  8645  8630  8627  8602  8589  8630  8610  8602  8632  8596  8629  8588
TBILIS 1998 09 20 1  8610  8582  8543  8540  8613  8544  8524  8568  8590  8594  8613  8584
TBILIS 1998 09 20 2  8565  8535  8574  8553  8566  8531  8515  8500  8524  8541  8518  8526
TBILIS 1998 09 21 1  8525  8568  8576  8577  8572  8556  8578  8575  8575  8583  8597  8601
TBILIS 1998 09 21 2  8606  8611  8586  8556  8562  8513  8510  8546  8531  8500  8560  8520
TBILIS 1998 09 22 1  8595  8584  8553  8537  8534  8569  8584  8586  8594  8636  8595  8580
TBILIS 1998 09 22 2  8556  8563  8533  8556  8584  8571  8601  8627  8586  8575  8581  8625
TBILIS 1998 09 23 1  8601  8600  8629  8634  8625  8623  8617  8607  8610  8633  8598  8632
TBILIS 1998 09 23 2  8640  8633  8623  8591  8600  8623  8637  8609  8561  8569  8536  8607
TBILIS 1998 09 24 1  8602  8622  8619  8672  8666  8659  8676  8719  8655  8671  8651  8650
TBILIS 1998 09 24 2  8645  8636  8609  8604  8578  8549  8541  8533  8568  8500  8462  8429
TBILIS 1998 09 25 1  8300  8275  8327  8465  8444  8439  8390  8386  8323  8341  8400  8334
TBILIS 1998 09 25 2  8278  8223  8241  8192  8113  8092  8145  8204  8210  8296  8257  8239
TBILIS 1998 09 26 1  8285  8345  8306  8331  8324  8382  8312  8308  8316  8268  8286  8345
TBILIS 1998 09 26 2  8373  8352  8410  8353  8378  8346  8357  8368  8344  8366  8402  8385
TBILIS 1998 09 27 1  8380  8390  8393  8378  8415  8408  8380  8397  8440  8445  8418  8458
TBILIS 1998 09 27 2  8454  8457  8441  8456  8450  8434  8442  8483  8456  8473  8484  8474
TBILIS 1998 09 28 1  8521  8502  8520  8521  8514  8514  8525  8488  8503  8478  8511  8548
TBILIS 1998 09 28 2  8548  8558  8510  8544  8544  8527  8508  8518  8521  8534  8530  8529
TBILIS 1998 09 29 1  8512  8588  8557  8578  8548  8564  8603  8572  8610  8611  8588  8605
TBILIS 1998 09 29 2  8639  8603  8604  8611  8619  8602  8649  8614  8602  8633  8634  8639
TBILIS 1998 09 30 1  8653  8612  8628  8623  8617  8602  8592  8600  8541  8567  8587  8607
TBILIS 1998 09 30 2  8629  8608  8621  8583  8612  8608  8679  8635  8658  8644  8676  8712
TBILIS 1998 09 31 1 99999 99999 99999 99999 99999 99999 99999 99999 99999 99999 99999 99999
TBILIS 1998 09 31 2 99999 99999 99999 99999 99999 99999 99999 99999 99999 99999 99999 99999
Cosmic-Ray Neutron Monitor Data (Hourly, Pressure-Corrected and Scale-Adjusted Counts)
Collections: WDC for Cosmic Rays, Solar-Terrestrial Environment Laboratory, Nagoya Univ.
Data Access: http://center.stelab.nagoya-u.ac.jp/WDCCR/index.html
Project: ICSU WDC
Citation: WDC for Cosmic Rays, Solar-Terrestrial Environment Laboratory, Nagoya University
Station ID: TBILIS
Station:  TBILISI,GIORGIA,INSTITUT GEOPHYSIKY (IG), GIORGIAN ACADEMY OF SCIENCES,GIORGIA 
Instrument:  18 NM-64 NEUTRON MONITOR, CORRECTED FOR PRESSURE TO 965 MB   ,COEF.=-0.690 %/MB
Latitude (deg.):   41.72  Longitude (deg.):   44.80  Altitude (m):  510.00
Cut-Off Rigidity (GV):    6.73
Year: 1998  Month:  10
Scaling Factor (SF):    64.0   Constant (CONST):     0.0  Real Counts = (DATA + CONST)*SF
Temporal Resolution: 1 hour
UTC Start Hour:     0.0
                         FILE IS PREPARED IN IZMIRAN                            
                                                        
Monthly Average:  8656.5
Updated (YYYY MM DD): 2003 10 20
*******************************************************************************************
ID     YYYY MM DD 1     0     1     2     3     4     5     6     7     8     9    10    11
ID     YYYY MM DD 2    12    13    14    15    16    17    18    19    20    21    22    23
*******************************************************************************************
TBILIS 1998 10 01 1  8678  8651  8660  8666  8676  8648  8616  8683  8682  8658  8661  8693
TBILIS 1998 10 01 2  8614  8621  8612  8618  8623  8623  8650  8606  8622  8561  8492  8502
TBILIS 1998 10 02 1  8516  8541  8586  8577  8581  8598  8604  8604  8635  8666  8643  8598
TBILIS 1998 10 02 2  8643  8595  8609  8621  8609  8549  8587  8607  8625  8605  8591  8596
TBILIS 1998 10 03 1  8609  8586  8616  8562  8582  8583  8591  8605  8643  8650  8628  8655
TBILIS 1998 10 03 2  8656  8638  8701  8641  8624  8641  8655  8612  8626  8608  8609  8635
TBILIS 1998 10 04 1  8619  8621  8604  8596  8575  8588  8577  8554  8604  8642  8687  8639
TBILIS 1998 10 04 2  8680  8696  8702  8709  8665  8682  8670  8672  8670  8624  8622  8645
TBILIS 1998 10 05 1  8638  8621  8590  8629  8598  8593  8631  8637  8639  8676  8700  8723
TBILIS 1998 10 05 2  8724  8680  8749  8724  8673  8710  8721  8750  8711  8733  8716  8697
TBILIS 1998 10 06 1  8691  8709  8689  8694  8678  8655  8673  8669  8689  8669  8680  8704
TBILIS 1998 10 06 2  8725  8760  8755  8737  8709  8726  8739  8737  8737  8725  8704  8743
TBILIS 1998 10 07 1  8743  8728  8706  8713  8709  8707  8700  8688  8706  8695  8747  8797
TBILIS 1998 10 07 2  8743  8732  8743  8727  8697  8709  8742  8725  8679  8705  8707  8681
TBILIS 1998 10 08 1  8733  8726  8684  8735  8723  8668  8739  8705  8716  8780  8740  8749
TBILIS 1998 10 08 2  8668  8678  8640  8613  8607  8629  8619  8609  8614  8621  8661  8667
TBILIS 1998 10 09 1  8629  8640  8629  8654  8633  8620  8636  8716  8675  8695  8693  8701
TBILIS 1998 10 09 2  8685  8656  8652  8636  8662  8696  8675  8723  8675  8695  8703  8717
TBILIS 1998 10 10 1  8709  8661  8657  8670  8649  8662  8643  8671  8655  8644  8643  8644
TBILIS 1998 10 10 2  8681  8684  8664  8683  8710  8656  8622  8666  8662  8634  8656  8666
TBILIS 1998 10 11 1  8574  8573  8598  8586  8611  8617  8598  8629  8605  8628  8643  8648
TBILIS 1998 10 11 2  8630  8651  8611  8647  8682  8681  8676  8700  8661  8663  8679  8678
TBILIS 1998 10 12 1  8682  8684  8667  8628  8599  8633  8674  8652  8639  8691  8664  8664
TBILIS 1998 10 12 2  8695  8691  8740  8697  8667  8678  8653  8688  8649  8622  8604  8632
TBILIS 1998 10 13 1  8643  8687  8684  8639  8660  8662  8678  8670  8639  8694  8715  8665
TBILIS 1998 10 13 2  8720  8742  8712  8712  8688  8682  8659  8658  8687  8620  8647  8649
TBILIS 1998 10 14 1  8636  8669  8668  8682  8643  8663  8656  8643  8699  8655  8676  8669
TBILIS 1998 10 14 2  8692  8672  8682  8646  8677  8698  8665  8690  8658  8650  8631  8653
TBILIS 1998 10 15 1  8672  8631  8673  8665  8655  8643  8626  8644  8648  8674  8676  8693
TBILIS 1998 10 15 2  8704  8684  8660  8673  8662  8648  8653  8605  8648  8645  8680  8690
TBILIS 1998 10 16 1  8653  8646  8633  8699  8678  8638  8659  8622  8607  8634  8684  8652
TBILIS 1998 10 16 2  8687  8672  8682  8669  8656  8641  8622  8666  8658  8607  8605  8577
TBILIS 1998 10 17 1  8569  8511  8519  8495  8529  8606  8616  8603  8675  8634  8678  8663
TBILIS 1998 10 17 2  8682  8657  8635  8624  8636  8659  8639  8642  8658  8636  8589  8536
TBILIS 1998 10 18 1  8583  8546  8552  8528  8475  8505  8559  8599  8573  8650  8666  8688
TBILIS 1998 10 18 2  8665  8690  8671  8675  8682  8683  8643  8632  8699  8582  8521  8563
TBILIS 1998 10 19 1  8553  8571  8549  8625  8673  8665  8671  8662  8610  8685  8659  8606
TBILIS 1998 10 19 2  8674  8706  8743  8698  8655  8611  8622  8623  8624  8647  8634  8616
TBILIS 1998 10 20 1  8617  8602  8603  8612  8595  8580  8573  8578  8562  8634  8643  8632
TBILIS 1998 10 20 2  8647  8635  8642  8586  8579  8597  8551  8558  8546  8567  8589  8602
TBILIS 1998 10 21 1  8586  8580  8590  8629  8629  8657  8636  8670  8703  8736  8694  8711
TBILIS 1998 10 21 2  8704  8681  8696  8685  8688  8693  8683  8680  8677  8670  8648  8629
TBILIS 1998 10 22 1  8639  8651  8640  8617  8630  8617  8586  8653  8641  8621  8637  8617
TBILIS 1998 10 22 2  8648  8629  8640  8605  8645  8645  8644  8641  8650  8615  8604  8616
TBILIS 1998 10 23 1  8600  8563  8588  8584  8607  8622  8639  8679  8667  8684  8662  8662
TBILIS 1998 10 23 2  8696  8668  8644  8568  8538  8493  8481  8474  8504  8489  8493  8580
TBILIS 1998 10 24 1  8595  8597  8576  8611  8607  8580  8614  8624  8605  8543  8546  8566
TBILIS 1998 10 24 2  8550  8593  8556  8537  8536  8524  8591  8548  8559  8580  8581  8609
TBILIS 1998 10 25 1  8649  8696  8640  8647  8599  8638  8670  8640  8629  8696  8718  8701
TBILIS 1998 10 25 2  8706  8712  8725  8711  8709  8705  8703  8716  8675  8706  8661  8669
TBILIS 1998 10 26 1  8691  8667  8681  8776  8748  8746  8708  8744  8732  8747  8685  8679
TBILIS 1998 10 26 2  8684  8705  8688  8727  8684  8651  8647  8654  8669  8680  8702  8709
TBILIS 1998 10 27 1  8732  8741  8763  8746  8704  8721  8696  8709  8729  8751  8756  8752
TBILIS 1998 10 27 2  8738  8753  8770  8720  8718  8735  8787  8764  8733  8739  8754  8771
TBILIS 1998 10 28 1  8722  8742  8739  8739  8726  8682  8682  8695  8709  8727  8727  8711
TBILIS 1998 10 28 2  8741  8727  8694  8654  8634  8626  8657  8661  8656  8708  8660  8632
TBILIS 1998 10 29 1  8669  8616  8664  8672  8656  8628  8692  8677  8669  8686  8704  8701
TBILIS 1998 10 29 2  8714  8683  8672  8679  8683  8673  8679  8695  8685  8696  8701  8690
TBILIS 1998 10 30 1  8669  8673  8657  8647  8674  8704  8687  8685  8739  8779  8756  8732
TBILIS 1998 10 30 2  8757  8744  8721  8709  8726  8704  8687  8729  8708  8719  8671  8668
TBILIS 1998 10 31 1  8709  8720  8673  8686  8673  8673  8705  8693  8690  8694  8682  8676
TBILIS 1998 10 31 2 99999 99999 99999 99999 99999 99999 99999 99999 99999 99999 99999 99999
Cosmic-Ray Neutron Monitor Data (Hourly, Pressure-Corrected and Scale-Adjusted Counts)
Collections: WDC for Cosmic Rays, Solar-Terrestrial Environment Laboratory, Nagoya Univ.
Data Access: http://center.stelab.nagoya-u.ac.jp/WDCCR/index.html
Project: ICSU WDC
Citation: WDC for Cosmic Rays, Solar-Terrestrial Environment Laboratory, Nagoya University
Station ID: TBILIS
Station:  TBILISI,GIORGIA,INSTITUT GEOPHYSIKY (IG), GIORGIAN ACADEMY OF SCIENCES,GIORGIA 
Instrument:  18 NM-64 NEUTRON MONITOR, CORRECTED FOR PRESSURE TO 965 MB   ,COEF.=-0.690 %/MB
Latitude (deg.):   41.72  Longitude (deg.):   44.80  Altitude (m):  510.00
Cut-Off Rigidity (GV):    6.73
Year: 1998  Month:  11
Scaling Factor (SF):    64.0   Constant (CONST):     0.0  Real Counts = (DATA + CONST)*SF
Temporal Resolution: 1 hour
UTC Start Hour:     0.0
                         FILE IS PREPARED IN IZMIRAN                            
                                                        
Monthly Average:  8658.3
Updated (YYYY MM DD): 2003 10 20
*******************************************************************************************
ID     YYYY MM DD 1     0     1     2     3     4     5     6     7     8     9    10    11
ID     YYYY MM DD 2    12    13    14    15    16    17    18    19    20    21    22    23
*******************************************************************************************
TBILIS 1998 11 01 1  8684  8696  8711  8676  8654  8674  8718  8711  8706  8742  8734  8762
TBILIS 1998 11 01 2  8715  8753  8732  8682  8695  8699  8674  8632  8708  8686  8732  8708
TBILIS 1998 11 02 1  8708  8708  8694  8666  8668  8730  8709  8634  8675  8664  8689  8730
TBILIS 1998 11 02 2  8695  8662  8662  8665  8686  8712  8719  8731  8748  8722  8734  8725
TBILIS 1998 11 03 1  8722  8720  8736  8707  8713  8709  8709  8749  8751  8763  8733  8771
TBILIS 1998 11 03 2  8731  8695  8660  8693  8690  8707  8699  8739  8781  8763  8775  8757
TBILIS 1998 11 04 1  8759  8773  8757  8763  8804  8790  8773  8765  8787  8780  8805  8807
TBILIS 1998 11 04 2  8785  8767  8766  8743  8787  8791  8797  8784  8760  8780  8792  8811
TBILIS 1998 11 05 1  8799  8806  8810  8812  8825  8874  8855  8800  8815  8841  8791  8769
TBILIS 1998 11 05 2  8780  8728  8746  8718  8724  8735  8762  8791  8790  8825  8765  8776
TBILIS 1998 11 06 1  8765  8728  8753  8754  8711  8728  8776  8771  8780  8731  8760  8761
TBILIS 1998 11 06 2  8752  8748  8752  8790  8814  8808  8818  8708  8791  8784  8777  8750
TBILIS 1998 11 07 1  8765  8738  8729  8677  8715  8710  8746  8743  8718  8696  8736  8716
TBILIS 1998 11 07 2  8723  8764  8766  8788  8761  8703  8722  8669  8696  8731  8745  8786
TBILIS 1998 11 08 1  8821  8800  8808  8909  9026  8962  8966  8990  9015  8883  8838  8699
TBILIS 1998 11 08 2  8476  8395  8406  8495  8469  8468  8489  8461  8486  8423  8435  8452
TBILIS 1998 11 09 1  8522  8462  8510  8509  8512  8531  8511  8570  8578  8598  8608  8654
TBILIS 1998 11 09 2  8655  8647  8611  8665  8584  8616  8669  8708  8620  8619  8615  8626
TBILIS 1998 11 10 1  8601  8607  8598  8571  8614  8606  8658  8599  8554  8647  8603  8587
TBILIS 1998 11 10 2  8572  8594  8605  8696  8651  8657  8593  8635  8604  8569  8636  8663
TBILIS 1998 11 11 1  8658  8605  8634  8650  8613  8602  8608  8580  8578  8603  8595  8586
TBILIS 1998 11 11 2  8544  8569  8578  8590  8566  8583  8559  8613  8604  8564  8635  8636
TBILIS 1998 11 12 1  8592  8615  8657  8600  8635  8606  8605  8608  8609  8609  8606  8620
TBILIS 1998 11 12 2  8612  8614  8603  8659  8644  8635  8618  8635  8611  8629  8607  8609
TBILIS 1998 11 13 1  8628  8615  8573  8557  8542  8533  8525  8509  8542  8571  8522  8554
TBILIS 1998 11 13 2  8641  8619  8643  8617  8663  8674  8730  8693  8669  8700  8647  8686
TBILIS 1998 11 14 1  8728  8685  8691  8664  8681  8645  8639  8596  8557  8529  8518  8491
TBILIS 1998 11 14 2  8519  8549  8582  8573  8498  8474  8460  8473  8491  8479  8509  8504
TBILIS 1998 11 15 1  8553  8469  8547  8554  8518  8499  8544  8519  8529  8532  8602  8597
TBILIS 1998 11 15 2  8567  8561  8561  8566  8592  8565  8587  8576  8630  8628  8581  8615
TBILIS 1998 11 16 1  8606  8587  8546  8535  8533  8535  8520  8575  8557  8574  8567  8550
TBILIS 1998 11 16 2  8540  8573  8573  8557  8576  8562  8600  8581  8593  8589  8564  8584
TBILIS 1998 11 17 1  8556  8552  8560  8571  8553  8579  8632  8637  8649  8641  8656  8649
TBILIS 1998 11 17 2  8640  8668  8666  8677  8685  8677  8688  8660  8604  8630  8581  8589
TBILIS 1998 11 18 1  8609  8590  8616  8621  8638  8607  8626  8660  8695  8664  8699  8668
TBILIS 1998 11 18 2  8654  8660  8663  8631  8645  8644  8682  8689  8691  8672  8678  8693
TBILIS 1998 11 19 1  8728  8667  8652  8675  8676  8663  8665  8746  8705  8738  8778  8731
TBILIS 1998 11 19 2  8684  8739  8712  8713  8674  8728  8722  8718  8687  8744  8696  8721
TBILIS 1998 11 20 1  8727  8720  8723  8748  8736  8732  8758  8736  8788  8722  8729  8748
TBILIS 1998 11 20 2  8712  8702  8694  8642  8642  8656  8673  8668  8653  8683  8666  8675
TBILIS 1998 11 21 1  8642  8659  8690  8740  8754  8760  8741  8749  8730  8746  8717  8707
TBILIS 1998 11 21 2  8719  8718  8785  8717  8721  8722  8738  8716  8718  8701  8725  8708
TBILIS 1998 11 22 1  8720  8731  8743  8796  8762  8765  8722  8762  8718  8697  8766  8740
TBILIS 1998 11 22 2  8749  8734  8722  8749  8710  8734  8735  8727  8745  8762  8749  8736
TBILIS 1998 11 23 1  8709  8739  8712  8699  8692  8702  8711  8710  8772  8770  8783  8755
TBILIS 1998 11 23 2  8752  8754  8748  8769  8702  8689  8692  8656  8656  8674  8681  8681
TBILIS 1998 11 24 1  8694  8689  8686  8665  8676  8662  8670  8608  8617  8664  8634  8642
TBILIS 1998 11 24 2  8700  8688  8669  8647  8664  8708  8698  8746  8680  8644  8689  8637
TBILIS 1998 11 25 1  8637  8651  8635  8615  8639  8662  8715  8748  8714  8755  8721  8739
TBILIS 1998 11 25 2  8733  8725  8688  8661  8684  8716  8685  8716  8704  8703  8701  8680
TBILIS 1998 11 26 1  8702  8669  8658  8639  8643  8587  8615  8654  8680  8661  8612  8617
TBILIS 1998 11 26 2  8602  8595  8574  8543  8581  8588  8619  8563  8557  8531  8519  8538
TBILIS 1998 11 27 1  8518  8525  8501  8492  8479  8510  8521  8569  8547  8553  8567  8593
TBILIS 1998 11 27 2  8593  8566  8618  8640  8590  8604  8618  8597  8589  8584  8543  8547
TBILIS 1998 11 28 1  8511  8563  8532  8549  8530  8508  8524  8540  8513  8574  8558  8534
TBILIS 1998 11 28 2  8554  8573  8572  8535  8572  8537  8555  8554  8570  8531  8581  8527
TBILIS 1998 11 29 1 99999 99999 99999  8510  8521 99999 99999 99999 99999 99999  8609  8604
TBILIS 1998 11 29 2  8647  8634  8644  8643  8660  8673  8623  8624  8602  8647  8652  8586
TBILIS 1998 11 30 1  8602  8629  8611  8574  8589  8569  8534  8545  8583  8581  8602  8539
TBILIS 1998 11 30 2  8568  8599  8613  8539  8569  8527  8545  8588  8608  8597  8624  8612
TBILIS 1998 11 31 1 99999 99999 99999 99999 99999 99999 99999 99999 99999 99999 99999 99999
TBILIS 1998 11 31 2 99999 99999 99999 99999 99999 99999 99999 99999 99999 99999 99999 99999
Cosmic-Ray Neutron Monitor Data (Hourly, Pressure-Corrected and Scale-Adjusted Counts)
Collections: WDC for Cosmic Rays, Solar-Terrestrial Environment Laboratory, Nagoya Univ.
Data Access: http://center.stelab.nagoya-u.ac.jp/WDCCR/index.html
Project: ICSU WDC
Citation: WDC for Cosmic Rays, Solar-Terrestrial Environment Laboratory, Nagoya University
Station ID: TBILIS
Station:  TBILISI,GIORGIA,INSTITUT GEOPHYSIKY (IG), GIORGIAN ACADEMY OF SCIENCES,GIORGIA 
Instrument:  18 NM-64 NEUTRON MONITOR, CORRECTED FOR PRESSURE TO 965 MB   ,COEF.=-0.690 %/MB
Latitude (deg.):   41.72  Longitude (deg.):   44.80  Altitude (m):  510.00
Cut-Off Rigidity (GV):    6.73
Year: 1998  Month:  12
Scaling Factor (SF):    64.0   Constant (CONST):     0.0  Real Counts = (DATA + CONST)*SF
Temporal Resolution: 1 hour
UTC Start Hour:     0.0
                         FILE IS PREPARED IN IZMIRAN                            
                                                        
Monthly Average:  8578.1
Updated (YYYY MM DD): 2003 10 20
*******************************************************************************************
ID     YYYY MM DD 1     0     1     2     3     4     5     6     7     8     9    10    11
ID     YYYY MM DD 2    12    13    14    15    16    17    18    19    20    21    22    23
*******************************************************************************************
TBILIS 1998 12 01 1  8622  8590  8611  8586  8555  8519  8492  8545  8553  8527  8557  8541
TBILIS 1998 12 01 2  8542  8564  8589  8523  8527  8532  8562  8514  8529  8544  8527  8538
TBILIS 1998 12 02 1  8535  8526  8499  8516  8515  8517  8486  8606  8580  8550  8552  8553
TBILIS 1998 12 02 2  8565  8559  8546  8528  8527  8524  8544  8520  8556  8569  8558  8563
TBILIS 1998 12 03 1  8568  8566  8570  8596  8577  8536  8540  8530  8504  8511  8548  8560
TBILIS 1998 12 03 2  8542  8513  8581  8548  8559  8606  8610  8595  8580  8614  8588  8637
TBILIS 1998 12 04 1  8616  8624  8609  8599  8567  8585  8530  8547  8581  8585  8657  8609
TBILIS 1998 12 04 2  8635  8639  8648  8671  8674  8665  8679  8634  8664  8657  8626  8579
TBILIS 1998 12 05 1  8587  8598  8575  8565  8536  8512  8525  8594  8565  8581  8585  8609
TBILIS 1998 12 05 2  8615  8608  8616  8591  8630  8636  8644  8591  8622  8624  8632  8623
TBILIS 1998 12 06 1  8640  8639  8660  8642  8633  8649  8600  8587  8606  8626  8576  8561
TBILIS 1998 12 06 2  8583  8608  8598  8595  8623  8589  8644  8638  8595  8630  8586  8604
TBILIS 1998 12 07 1  8635  8610  8604  8603  8613  8575  8568  8613  8629  8624  8565  8538
TBILIS 1998 12 07 2  8563  8564  8573  8595  8564  8545  8558  8557  8528  8591  8529  8569
TBILIS 1998 12 08 1  8556  8565  8585  8611  8647  8636  8618  8610  8600  8607  8623  8623
TBILIS 1998 12 08 2  8621  8675  8608  8593  8599  8637  8629  8636  8660  8665  8611  8615
TBILIS 1998 12 09 1  8639  8642  8608  8602  8595  8580  8597  8598  8669  8632  8654  8624
TBILIS 1998 12 09 2  8626  8645  8581  8619  8611  8608  8643  8647  8687  8688  8676  8693
TBILIS 1998 12 10 1  8701  8678  8647  8670  8677  8661  8656  8631  8690  8667  8659  8680
TBILIS 1998 12 10 2  8687  8600  8639  8678  8659  8684  8608  8635  8654  8681  8663  8763
TBILIS 1998 12 11 1  8727  8683  8773  8724  8741  8687  8620  8647  8706  8689  8661  8648
TBILIS 1998 12 11 2  8661  8662  8638  8629  8644  8586  8587  8617  8619  8644  8639  8577
TBILIS 1998 12 12 1  8570  8590  8608  8567  8555  8582  8567  8603  8641  8643  8687  8644
TBILIS 1998 12 12 2  8660  8613  8574  8567  8567  8559  8611  8613  8601  8586  8576  8580
TBILIS 1998 12 13 1  8554  8538  8514  8489  8526  8559  8488  8518  8517  8534  8556  8554
TBILIS 1998 12 13 2  8517  8485  8487  8451  8531  8526  8515  8507  8501  8502  8501  8476
TBILIS 1998 12 14 1  8468  8433  8417  8400  8419  8447  8428  8439  8481  8407  8452  8468
TBILIS 1998 12 14 2  8458  8468  8442  8436  8466  8482  8458  8445  8445  8443  8433  8419
TBILIS 1998 12 15 1  8446  8496  8495  8492  8462  8470  8461  8485  8502  8510  8567  8580
TBILIS 1998 12 15 2  8568  8615  8608  8624  8579  8544  8552  8537  8561  8530  8504  8456
TBILIS 1998 12 16 1  8531  8505  8522  8530  8564  8559  8549  8562  8573  8575  8616  8605
TBILIS 1998 12 16 2  8621  8614  8649  8588  8595  8586  8559  8659  8592  8625  8623  8618
TBILIS 1998 12 17 1  8655  8702  8692  8672  8683  8682  8715  8675  8672  8715  8653  8668
TBILIS 1998 12 17 2  8647  8635  8635  8664  8676  8652  8638  8674  8651  8706  8617  8621
TBILIS 1998 12 18 1  8627  8615  8627  8637  8630  8672  8718  8759  8786  8783  8793  8806
TBILIS 1998 12 18 2  8774  8774  8737  8693  8679  8693  8671  8648  8595  8581  8576  8563
TBILIS 1998 12 19 1  8564  8575  8581  8593  8601  8604  8607  8619  8675  8696  8694  8688
TBILIS 1998 12 19 2  8708  8691  8667  8657  8684  8704  8682  8636  8686  8684  8656  8684
TBILIS 1998 12 20 1  8662  8662  8639  8659  8638  8635  8653  8652  8697  8704  8696  8735
TBILIS 1998 12 20 2  8632  8647  8662  8690  8680  8719  8676  8664  8654  8645  8609  8574
TBILIS 1998 12 21 1  8623  8586  8619  8581  8594  8578  8585  8634  8654  8635  8611  8628
TBILIS 1998 12 21 2  8606  8623  8599  8589  8690  8643  8636  8619  8609  8600  8603  8521
TBILIS 1998 12 22 1  8517  8493  8494  8509  8493  8533  8535  8558  8565  8561  8555  8560
TBILIS 1998 12 22 2  8565  8538  8517  8500  8497  8476  8537  8500  8489  8473  8519  8512
TBILIS 1998 12 23 1  8524  8535  8534  8524  8478  8472  8499  8521  8567  8541  8587  8606
TBILIS 1998 12 23 2 99999 99999 99999 99999 99999 99999 99999 99999 99999 99999 99999 99999
TBILIS 1998 12 24 1 99999 99999 99999 99999 99999 99999 99999 99999 99999  8512  8507  8493
TBILIS 1998 12 24 2  8460 99999 99999 99999 99999 99999 99999 99999 99999 99999 99999 99999
TBILIS 1998 12 25 1 99999 99999 99999 99999 99999 99999 99999 99999 99999  8672  8656  8626
TBILIS 1998 12 25 2  8620  8591  8576  8563  8545  8487  8518  8478  8511  8499  8522  8500
TBILIS 1998 12 26 1  8538  8521  8553  8545  8560  8588  8519  8536  8567  8560  8516  8541
TBILIS 1998 12 26 2  8529  8549  8473  8397  8430  8394  8428  8405  8374  8402  8435  8368
TBILIS 1998 12 27 1  8448  8478  8438  8463  8472  8458  8477  8487  8477  8495  8500  8450
TBILIS 1998 12 27 2  8432  8463  8452  8411  8445  8410  8423  8443  8423  8446  8400  8421
TBILIS 1998 12 28 1  8443  8432  8475  8472  8474  8468  8464  8468  8472  8478  8492  8495
TBILIS 1998 12 28 2  8447  8456  8436  8444  8483  8496  8533  8549  8543  8491  8510  8492
TBILIS 1998 12 29 1  8479  8456  8471  8415  8448  8442  8473  8442  8551  8591  8650  8653
TBILIS 1998 12 29 2  8640  8655  8658  8631  8653  8660  8674  8692  8675  8667  8634  8645
TBILIS 1998 12 30 1  8659  8608  8645  8620  8670  8604  8619  8640  8604  8628  8610  8616
TBILIS 1998 12 30 2  8575  8555  8590  8538  8553  8566  8546  8520  8557  8592  8579  8527
TBILIS 1998 12 31 1  8568  8541  8542  8579  8535  8551  8516  8602  8600  8565  8589  8593
TBILIS 1998 12 31 2  8586  8555  8543  8542  8537  8531  8532  8515  8466  8473  8471  8479
