Cosmic-Ray Neutron Monitor Data (Hourly, Pressure-Corrected and Scale-Adjusted Counts)
Collections: WDC for Cosmic Rays, Solar-Terrestrial Environment Laboratory, Nagoya Univ.
Data Access: http://center.stelab.nagoya-u.ac.jp/WDCCR/index.html
Project: ICSU WDC
Citation: WDC for Cosmic Rays, Solar-Terrestrial Environment Laboratory, Nagoya University
Station ID: TBILIS
Station:  TBILISI,GIORGIA,INSTITUT GEOPHYSIKY (IG), GIORGIAN ACADEMY OF SCIENCES,GIORGIA 
Instrument:  18 NM-64 NEUTRON MONITOR, CORRECTED FOR PRESSURE TO 965 MB   ,COEF.=-0.690 %/MB
Latitude (deg.):   41.72  Longitude (deg.):   44.80  Altitude (m):  510.00
Cut-Off Rigidity (GV):    6.73
Year: 2005  Month:   1
Scaling Factor (SF):    64.0   Constant (CONST):     0.0  Real Counts = (DATA + CONST)*SF
Temporal Resolution: 1 hour
UTC Start Hour:     0.0
                         FILE IS PREPARED IN IZMIRAN                            
                                                        
Monthly Average:  8710.2
Updated (YYYY MM DD): 2007 02 01
*******************************************************************************************
ID     YYYY MM DD 1     0     1     2     3     4     5     6     7     8     9    10    11
ID     YYYY MM DD 2    12    13    14    15    16    17    18    19    20    21    22    23
*******************************************************************************************
TBILIS 2005 01 01 1  8816  8816  8822  8803  8833  8842  8889  8905  8892  8880  8923  8898
TBILIS 2005 01 01 2  8926  8905  8869  8896  8881  8876  8904  8871  8908  8881  8865  8910
TBILIS 2005 01 02 1  8861  8901  8862  8887  8860  8921  8867  8884  8977  8956  8970  8932
TBILIS 2005 01 02 2  8923  8920  8910  8929  8953  8956  8926  8916  8864  8879  8881  8808
TBILIS 2005 01 03 1  8807  8748  8776  8742  8763  8683  8665  8701  8681  8709  8715  8709
TBILIS 2005 01 03 2  8735  8731  8725  8658  8649  8639  8655  8578  8577  8538  8522  8511
TBILIS 2005 01 04 1  8539  8494  8509  8514  8535  8533  8634  8672  8694  8628  8618  8655
TBILIS 2005 01 04 2  8638  8602  8614  8603  8594  8579  8558  8551  8539  8550  8579  8584
TBILIS 2005 01 05 1  8577  8570  8611  8627  8611  8606  8625  8614  8644  8661  8702  8675
TBILIS 2005 01 05 2  8662  8640  8625  8639  8596  8582  8592  8623  8606  8651  8626  8629
TBILIS 2005 01 06 1  8640  8638  8644  8670  8659  8665  8643  8690  8705  8683  8715  8658
TBILIS 2005 01 06 2  8653  8691  8672  8687  8688  8712  8747  8698  8706  8717  8732  8764
TBILIS 2005 01 07 1  8734  8740  8720  8704  8713  8728  8791  8778  8804  8750  8749  8791
TBILIS 2005 01 07 2  8748  8738  8778  8821  8773  8790  8792  8735  8732  8726  8737  8716
TBILIS 2005 01 08 1  8787  8794  8838  8831  8833  8862  8812  8831  8840  8850  8846  8820
TBILIS 2005 01 08 2  8791  8749  8761  8746  8766  8738  8733  8720  8711  8694  8675  8687
TBILIS 2005 01 09 1  8687  8720  8732  8691  8713  8699  8705  8732  8719  8767  8796  8784
TBILIS 2005 01 09 2  8762  8736  8723  8711  8677  8657  8689  8682  8671  8686  8720  8690
TBILIS 2005 01 10 1  8748  8730  8726  8718  8687  8695  8698  8733  8761  8738  8780  8709
TBILIS 2005 01 10 2  8718  8697  8699  8684  8714  8748  8730  8730  8702  8746  8753  8771
TBILIS 2005 01 11 1  8774  8611  8789  8779  8768  8746  8753  8834  8838  8851  8850  8853
TBILIS 2005 01 11 2  8802  8813  8823  8827  8810  8764  8733  8698  8679  8716  8739  8735
TBILIS 2005 01 12 1  8720  8713  8688  8723  8730  8702  8795  8829  8854  8964  8993  9025
TBILIS 2005 01 12 2  8982  8959  8941  8917  8814  8867  8826  8804  8819  8776  8833  8792
TBILIS 2005 01 13 1  8816  8829  8880  8842  8823  8838  8822  8809  8844  8928  8893  8889
TBILIS 2005 01 13 2  8887  8891  8886  8852  8873  8830  8828  8814  8858  8831  8784  8840
TBILIS 2005 01 14 1  8795  8839  8831  8824  8803  8822  8883  8887  8914  8937  8920  8911
TBILIS 2005 01 14 2  8957  8961  8906  8913  8925  8878  8867  8901  8891  8880  8916  8868
TBILIS 2005 01 15 1  8899  8885  8896  8870  8914  8884  8909  8961  9017  8999  8997  8995
TBILIS 2005 01 15 2  8959  8981  8948  8916  8863  8927  8861  8909  8891  8874  8822  8839
TBILIS 2005 01 16 1  8829  8863  8841  8792  8835  8839  8921  8897  8872  8932  8935  8963
TBILIS 2005 01 16 2  8889  8883  8865  8853  8871  8878  8845  8860  8819  8852  8845  8880
TBILIS 2005 01 17 1  8941  8931  8895  8851  8855  8870  8912  8960  8950  8958  8941  8931
TBILIS 2005 01 17 2  8886  8770  8677  8550  8729  8666  8735  8694  8646  8634  8649  8763
TBILIS 2005 01 18 1  8740  8544  8477  8499  8515  8496  8388  8304  8223  8313  8388  8407
TBILIS 2005 01 18 2  8376  8375  8368  8274  8143  8104  8086  8071  8066  8070  7937  7809
TBILIS 2005 01 19 1  7795  7794  7807  7899  7891  7935  7968  8038  8032  8137  8106  8145
TBILIS 2005 01 19 2  8100  8085  8117  8088  8039  8012  7985  8029  8065  8069  8120  8084
TBILIS 2005 01 20 1  8165  8149  8205  8222  8197  8240  8244  8354  8283  8256  8283  8268
TBILIS 2005 01 20 2  8235  8226  8186  8254  8257  8284  8276  8287  8311  8322  8339  8329
TBILIS 2005 01 21 1  8337  8303  8362  8330  8302  8364  8369  8421  8500  8455  8471  8485
TBILIS 2005 01 21 2  8441  8494  8502  8539  8502  8467  8465  8214  8158  8251  8161  8011
TBILIS 2005 01 22 1  7998  7975  7950  7907  7918  7987  8009  8078  8180  8263  8362  8449
TBILIS 2005 01 22 2  8463  8481  8436  8453  8473  8469  8490  8491  8500  8478  8541  8516
TBILIS 2005 01 23 1  8566  8573  8588  8601  8649  8662  8675  8650  8729  8764  8771  8793
TBILIS 2005 01 23 2  8816  8820  8814  8771  8767  8717  8678  8713  8702  8722  8695  8721
TBILIS 2005 01 24 1  8694  8714  8731  8762  8765  8802  8818  8834  8810  8852  8826  8861
TBILIS 2005 01 24 2  8870  8832  8861  8867  8897  8848  8869  8805  8778  8812  8797  8787
TBILIS 2005 01 25 1  8813  8806  8807  8829  8818  8882  8836  8883  8858  8870  8858  8869
TBILIS 2005 01 25 2  8834  8880  8876  8851  8879  8860  8851  8855  8865  8827  8806  8817
TBILIS 2005 01 26 1  8794  8801  8812  8825  8854  8854  8842  8864  8918  8852  8868  8858
TBILIS 2005 01 26 2  8808  8911  8930  8946  8950  8925  8916  8883  8869  8867  8920  8842
TBILIS 2005 01 27 1  8822  8854  8854  8881  8834  8827  8822  8787  8881  8914  8924  8906
TBILIS 2005 01 27 2  8885  8912  8842  8848  8811  8798  8813  8795  8784  8793  8787  8760
TBILIS 2005 01 28 1  8788  8792  8788  8814  8782  8808  8811  8851  8895  8873  8872  8871
TBILIS 2005 01 28 2  8857  8882  8849  8863  8860  8819  8839  8818  8802  8792  8785  8806
TBILIS 2005 01 29 1  8765  8835  8794  8783  8815  8844  8830  8850  8825  8847  8843  8899
TBILIS 2005 01 29 2  8850  8864  8874  8917  8859  8882  8889  8882  8898  8841  8860  8830
TBILIS 2005 01 30 1  8842  8834  8846  8860  8886  8877  8879  8920  8972  8986  8981  8999
TBILIS 2005 01 30 2  8967  8950  8955  8934  8924  8926  8927  8910  8917  8887  8877  8836
TBILIS 2005 01 31 1  8808  8804  8820  8829  8821  8833  8853  8891  8912  8879  8878  8910
TBILIS 2005 01 31 2  8913  8919  8875  8895  8887  8850  8920  8846  8832  8854  8871  8838
Cosmic-Ray Neutron Monitor Data (Hourly, Pressure-Corrected and Scale-Adjusted Counts)
Collections: WDC for Cosmic Rays, Solar-Terrestrial Environment Laboratory, Nagoya Univ.
Data Access: http://center.stelab.nagoya-u.ac.jp/WDCCR/index.html
Project: ICSU WDC
Citation: WDC for Cosmic Rays, Solar-Terrestrial Environment Laboratory, Nagoya University
Station ID: TBILIS
Station:  TBILISI,GIORGIA,INSTITUT GEOPHYSIKY (IG), GIORGIAN ACADEMY OF SCIENCES,GIORGIA 
Instrument:  18 NM-64 NEUTRON MONITOR, CORRECTED FOR PRESSURE TO 965 MB   ,COEF.=-0.690 %/MB
Latitude (deg.):   41.72  Longitude (deg.):   44.80  Altitude (m):  510.00
Cut-Off Rigidity (GV):    6.73
Year: 2005  Month:   2
Scaling Factor (SF):    64.0   Constant (CONST):     0.0  Real Counts = (DATA + CONST)*SF
Temporal Resolution: 1 hour
UTC Start Hour:     0.0
                         FILE IS PREPARED IN IZMIRAN                            
                                                        
Monthly Average:  8904.7
Updated (YYYY MM DD): 2007 02 01
*******************************************************************************************
ID     YYYY MM DD 1     0     1     2     3     4     5     6     7     8     9    10    11
ID     YYYY MM DD 2    12    13    14    15    16    17    18    19    20    21    22    23
*******************************************************************************************
TBILIS 2005 02 01 1  8854  8875  8904  8861  8900  8913  8942  8911  8909  8941  8918  8947
TBILIS 2005 02 01 2  8953  8913  8920  8886  8891  8845  8856  8882  8853  8854  8826  8826
TBILIS 2005 02 02 1  8807  8812  8795  8821  8816  8861  8912  8934  8893  8916  8920  8907
TBILIS 2005 02 02 2  8920  8901  8916  8861  8852  8795  8839  8809  8817  8802  8813  8809
TBILIS 2005 02 03 1  8864  8864  8912  8950  8887  8900  8944  8867  9005  8961  8982  8941
TBILIS 2005 02 03 2  8922  8902  8887  8892  8906  8903  8873  8858  8868  8908  8913  8902
TBILIS 2005 02 04 1  8920  8914  8910  8908  8893  8906  8900  8917  8911  8900  8969  8987
TBILIS 2005 02 04 2  8924  8905  8908  8916  8948  8878  8869  8892  8868  8821  8852  8878
TBILIS 2005 02 05 1  8808  8829  8815  8871  8855  8838  8892  8921  8912  8925  8951  8918
TBILIS 2005 02 05 2  8932  8923  8904  8897  8911  8895  8880  8846  8877  8866  8870  8875
TBILIS 2005 02 06 1  8887  8914  8888  8867  8911  8927  8940  8946  8949  8952  8943  8960
TBILIS 2005 02 06 2  8951  8889  8914  8895  8861  8886  8913  8880  8857  8859  8855  8870
TBILIS 2005 02 07 1  8872  8876  8882  8881  8897  8890  8892  8893  8874  8833  8910  8898
TBILIS 2005 02 07 2  8937  8903  9001  8924  8904  8907  8913  8937  8912  8889  8956  8893
TBILIS 2005 02 08 1  8886  8856  8883  8889  8864  8903  8908  8952  8919  8950  8944  8979
TBILIS 2005 02 08 2  8982  8966  8937  8937  8942  8919  8879  8898  8885  8902  8885  8872
TBILIS 2005 02 09 1  8889  8852  8892  8888  8900  8865  8922  8935  8964  9001  9025  8995
TBILIS 2005 02 09 2  8984  8962  8931  8909  8903  8890  8897  8885  8855  8836  8852  8849
TBILIS 2005 02 10 1  8894  8883  8845  8850  8867  8848  8889  8900  8918  8934  8948  8942
TBILIS 2005 02 10 2  8888  8921  8891  8901  8929  8885  8869  8865  8836  8840  8830  8813
TBILIS 2005 02 11 1  8819  8790  8824  8807  8805  8805  8829  8836  8870  8919  8895  8900
TBILIS 2005 02 11 2  8913  8926  8922  8893  8893  8876  8894  8876  8871  8914  8889  8870
TBILIS 2005 02 12 1  8843  8854  8889  8866  8866  8866  8877  8908  8932  8946  8986  8925
TBILIS 2005 02 12 2  8936  8941  8961  8957  8896  8866  8960  8925  8944  8875  8901  8889
TBILIS 2005 02 13 1  8884  8912  8899  8900  8907  8896  8916  8936  8953  8967  8947  9005
TBILIS 2005 02 13 2  8995  9000  9011  8984  8990  9019  8967  8940  8945  8957  8939  8919
TBILIS 2005 02 14 1  8915  8904  8911  8890  8902  8889  8909  8908  8956  8970  9029  8969
TBILIS 2005 02 14 2  9053  9031  8976  8931  8910  8880  8889  8898  8847  8814  8813  8826
TBILIS 2005 02 15 1  8816  8865  8835  8865  8891  8894  8927  8904  8920  8948  8954  8942
TBILIS 2005 02 15 2  8912  8896  8916  8933  8945  8923  8908  8876  8914  8903  8895  8917
TBILIS 2005 02 16 1  8910  8920  8905  8907  8883  8882  8902  8930  8924  8954  8924  8948
TBILIS 2005 02 16 2  8874  8936  8902  8931  8984  8991  8988  8930  8939  8945  8950  8942
TBILIS 2005 02 17 1  8946  8972  8953  8942  8958  8937  8939  8920  8967  8942  8916  8947
TBILIS 2005 02 17 2  8917  8917  8904  8884  8941  8897  8914  8907  8945  8945  8962  8962
TBILIS 2005 02 18 1  9001  8959  8943  8960  8939  8918  8958  8926  8921  8907  8934  8934
TBILIS 2005 02 18 2  8883  8884  8903  8907  8877  8919  8884  8857  8894  8882  8849  8876
TBILIS 2005 02 19 1  8876  8851  8816  8809  8818  8820  8820  8825  8888  8909  8879  8904
TBILIS 2005 02 19 2  8901  8891  8950  8951  8909  8948  8911  8868  8905  8892  8850  8866
TBILIS 2005 02 20 1  8831  8829  8780  8849  8823  8860  8856  8919  8872  8897  8931  8924
TBILIS 2005 02 20 2  8858  8808  8818  8863  8834  8830  8841  8816  8839  8837  8860  8811
TBILIS 2005 02 21 1  8818  8812  8795  8771  8768  8830  8863  8900  8891  8908  8911  8927
TBILIS 2005 02 21 2  8892  8931  8909  8904  8884  8852  8869  8828  8868  8863  8849  8808
TBILIS 2005 02 22 1  8785  8812  8799  8825  8831  8843  8889  8895  8933  8943  8956  8931
TBILIS 2005 02 22 2  8946  8946  8932  8970  8941  8935  8957  8916  8925  8910  8914  8900
TBILIS 2005 02 23 1  8906  8926  8934  8975  8912  8933  8940  8958  8926  8931  8945  8973
TBILIS 2005 02 23 2  8966  8951  8915  8948  8910  8901  8909  8929  8896  8897  8901  8903
TBILIS 2005 02 24 1  8879  8845  8873  8843  8865  8898  8891  8940  8949  8965  8899  8927
TBILIS 2005 02 24 2  8925  8926  8899  8870  8874  8884  8870  8841  8871  8850  8843  8895
TBILIS 2005 02 25 1  8885  8889  8887  8875  8843  8861  8875  8902  8915  8920  8928  8955
TBILIS 2005 02 25 2  8946  8958  8952  8896  8915  8920  8940  8907  8918  8936  8874  8880
TBILIS 2005 02 26 1  8872  8833  8844  8854  8867  8833  8859  8908  8924  8942  8945  8972
TBILIS 2005 02 26 2  8913  8947  8943  8963  8955  8953  8932  8896  8913  8909  8906  8865
TBILIS 2005 02 27 1  8892  8878  8883  8910  8915  8912  8937  8994  9015  9023  8991  9005
TBILIS 2005 02 27 2  8932  8965  8980  8941  8945  8950  8940  8937  8948  8952  8954  8942
TBILIS 2005 02 28 1  8938  8952  8933  8970  8978  8966  9019  9027  9022  9106  9089  9061
TBILIS 2005 02 28 2  9019  8962  8949  8955  8938  8935  8952  8981  8941  8960  8972  8936
TBILIS 2005 02 29 1 99999 99999 99999 99999 99999 99999 99999 99999 99999 99999 99999 99999
TBILIS 2005 02 29 2 99999 99999 99999 99999 99999 99999 99999 99999 99999 99999 99999 99999
TBILIS 2005 02 30 1 99999 99999 99999 99999 99999 99999 99999 99999 99999 99999 99999 99999
TBILIS 2005 02 30 2 99999 99999 99999 99999 99999 99999 99999 99999 99999 99999 99999 99999
TBILIS 2005 02 31 1 99999 99999 99999 99999 99999 99999 99999 99999 99999 99999 99999 99999
TBILIS 2005 02 31 2 99999 99999 99999 99999 99999 99999 99999 99999 99999 99999 99999 99999
Cosmic-Ray Neutron Monitor Data (Hourly, Pressure-Corrected and Scale-Adjusted Counts)
Collections: WDC for Cosmic Rays, Solar-Terrestrial Environment Laboratory, Nagoya Univ.
Data Access: http://center.stelab.nagoya-u.ac.jp/WDCCR/index.html
Project: ICSU WDC
Citation: WDC for Cosmic Rays, Solar-Terrestrial Environment Laboratory, Nagoya University
Station ID: TBILIS
Station:  TBILISI,GIORGIA,INSTITUT GEOPHYSIKY (IG), GIORGIAN ACADEMY OF SCIENCES,GIORGIA 
Instrument:  18 NM-64 NEUTRON MONITOR, CORRECTED FOR PRESSURE TO 965 MB   ,COEF.=-0.690 %/MB
Latitude (deg.):   41.72  Longitude (deg.):   44.80  Altitude (m):  510.00
Cut-Off Rigidity (GV):    6.73
Year: 2005  Month:   3
Scaling Factor (SF):    64.0   Constant (CONST):     0.0  Real Counts = (DATA + CONST)*SF
Temporal Resolution: 1 hour
UTC Start Hour:     0.0
                         FILE IS PREPARED IN IZMIRAN                            
                                                        
Monthly Average:  8909.5
Updated (YYYY MM DD): 2007 02 01
*******************************************************************************************
ID     YYYY MM DD 1     0     1     2     3     4     5     6     7     8     9    10    11
ID     YYYY MM DD 2    12    13    14    15    16    17    18    19    20    21    22    23
*******************************************************************************************
TBILIS 2005 03 01 1  8945  8909  9008  8978  8977  8955  8961  8955  8981  8942  8984  9038
TBILIS 2005 03 01 2  8998  8997  8923  8969  8934  8916  8922  8926  8924  8883  8899  8926
TBILIS 2005 03 02 1  8941  8978  8974  8951  8980  8985  8984  8995  9004  8947  8973  8923
TBILIS 2005 03 02 2  9018  8941  8981  8981  8975  8987  8997  8987  8946  8930  8941  8940
TBILIS 2005 03 03 1  9027  9073  9024  9089  9007  9023  8998  9014  9010  9025  8978  9030
TBILIS 2005 03 03 2  9016  9015  8972  8950  8953  8923  8964  8938  8929  8962  8982  8969
TBILIS 2005 03 04 1  8989  8936  8917  8953  8958  8949  8950  9049  8988  9049  8998  9098
TBILIS 2005 03 04 2  8993  9035  8990  8999  8979  8991  8945  8932  8958  8978  8931  8929
TBILIS 2005 03 05 1  8906  8895  8865  8903  8880  8983  8985  8995  9028  8992  9035  9005
TBILIS 2005 03 05 2  8976  8955  8936  8935  8884  8874  8903  8882  8882  8864  8851  8871
TBILIS 2005 03 06 1  8851  8825  8867  8883  8861  8849  8860  8884  8973  8940  8967  8918
TBILIS 2005 03 06 2  8969  8964  8963  9009  9014  8952  8921  8925  8892  8892  8880  8931
TBILIS 2005 03 07 1  8920  8914  8897  8890  8919  8940  8929  8962  8966  8994  8943  8974
TBILIS 2005 03 07 2  8982  8988  8981  8950  8926  8941  8868  8876  8846  8852  8829  8789
TBILIS 2005 03 08 1  8812  8796  8821  8900  8911  8940  9008  9010  9018  9053  9057  9046
TBILIS 2005 03 08 2  9063  9033  9019  8979  8936  8948  8927  8937  8934  8920  8911  8943
TBILIS 2005 03 09 1  8899  8936  8918  8921  8906  8929  8930  8972  9002  9032  9054  8992
TBILIS 2005 03 09 2  8965  8913  8911  8915  8858  8928  8903  8920  8854  8902  8904  8939
TBILIS 2005 03 10 1  8905  8899  8887  8883  8894  8884  8897  8923  8917  8953  8954  8970
TBILIS 2005 03 10 2  8998  8971  8958  8975  8976  8963  8916  8934  8926  8946  8932  8915
TBILIS 2005 03 11 1  8964  8924  8906  8958  8948  8910  8935  8965  8977  8994  9009  9017
TBILIS 2005 03 11 2  9013  9012  9024  8973  8904  8941  8886  8887  8860  8843  8856  8860
TBILIS 2005 03 12 1  8844  8814  8794  8841  8824  8837  8844  8900  8921  8909  8936  8900
TBILIS 2005 03 12 2  8952  8923  8943  8936  8896  8915  8885  8921  8872  8871  8855  8838
TBILIS 2005 03 13 1  8851  8866  8831  8879  8862  8874  8904  8891  8932  8951  8935  8961
TBILIS 2005 03 13 2  8953  8949  8896  8848  8837  8838  8810  8804  8790  8786  8833  8862
TBILIS 2005 03 14 1  8837  8824  8889  8844  8876  8832  8898  8961  8962  9012  9009  9052
TBILIS 2005 03 14 2  9062  9090  9050  8991  8902  9009  8884  8909  8871  8885  8896  8849
TBILIS 2005 03 15 1  8838  8847  8798  8856  8901  8911  8938  9004  9022  8987  9030  9002
TBILIS 2005 03 15 2  8992  8954  8955  8966  8923  8881  8908  8840  8881  8892  8875  8866
TBILIS 2005 03 16 1  8862  8895  8905  8884  8948  8981  8986  9043  9023  9002  9041  9003
TBILIS 2005 03 16 2  8983  8944  9032  8949  8933  8923  8896  8906  8868  8827  8866  8858
TBILIS 2005 03 17 1  8885  8869  8851  8851  8860  8939  8998  8995  8992  8951  8997  8988
TBILIS 2005 03 17 2  8937  8975  8955  8926  8895  8925  8911  8905  8883  8898  8896  8933
TBILIS 2005 03 18 1  8939  8905  8917  8926  8897  8913  8953  8996  9041  9067  9002  9009
TBILIS 2005 03 18 2  9012  8963  8945  8899  8867  8878  8905  8898  8891  8901  8909  8933
TBILIS 2005 03 19 1  8948  8959  8935  8909  8885  8892  8950  8960  8951  8949  8953  8982
TBILIS 2005 03 19 2  8973  8991  9034  8968  8968  8982  8957  8975  8922  8977  8965  8990
TBILIS 2005 03 20 1  8951  8935  8888  8935  8912  8906  8886  8907  8843  8868  8928  8966
TBILIS 2005 03 20 2  8890  8893  8848  8874  8925  8935  8894  8932  8913  8861  8811  8813
TBILIS 2005 03 21 1  8788  8811  8834  8810  8841  8845  8865  8876  8870  8914  8914  8870
TBILIS 2005 03 21 2  8918  8921  8889  8913  8888  8875  8822  8837  8837  8838  8875  8889
TBILIS 2005 03 22 1  8871  8891  8884  8882  8880  8879  8908  8956  8955  8922  8914  8910
TBILIS 2005 03 22 2  8899  8902  8855  8851  8836  8857  8836  8852  8851  8851  8872  8874
TBILIS 2005 03 23 1  8885  8884  8879  8819  8853  8864  8873  8860  8928  8945  8951  8968
TBILIS 2005 03 23 2  8942  8918  8981  8920  8941  8937  8947  8974  8900  8950  8941  8951
TBILIS 2005 03 24 1  8921  8931  8979  8958  8956  8965  8988  9000  8980  8992  8965  9019
TBILIS 2005 03 24 2  9014  8954  8971  8961  8955  8917  8869  8881  8862  8870  8828  8805
TBILIS 2005 03 25 1  8777  8794  8779  8757  8762  8808  8810  8888  8887  8927  8893  8896
TBILIS 2005 03 25 2  8875  8865  8872  8837  8828  8796  8801  8737  8706  8734  8721  8729
TBILIS 2005 03 26 1  8723  8750  8755  8775  8728  8728  8764  8826  8838  8909  8930  8970
TBILIS 2005 03 26 2  8981  8928  8907  8883  8876  8868  8851  8857  8811  8779  8800  8841
TBILIS 2005 03 27 1  8789  8798  8805  8788  8852  8822  8808  8841  8895  8845  8891  8884
TBILIS 2005 03 27 2  8832  8881  8856  8868  8879  8811  8840  8830  8860  8870  8859  8826
TBILIS 2005 03 28 1  8850  8836  8857  8816  8830  8842  8897  8898  8892  8910  8910  8925
TBILIS 2005 03 28 2  8915  8879  8829  8791  8794  8795  8801  8802  8820  8853  8847  8827
TBILIS 2005 03 29 1  8840  8810  8827  8834  8895  8860  8870  8891  8861  8879  8821  8813
TBILIS 2005 03 29 2  8752  8731  8776  8755  8718  8741  8719  8733  8731  8767  8813  8837
TBILIS 2005 03 30 1  8841  8854  8863  8871  8877  8870  8900  8837  8877  8909  8905  8856
TBILIS 2005 03 30 2  8837  8882  8815  8832  8850  8828  8826  8829  8847  8849  8860  8875
TBILIS 2005 03 31 1  8872  8857  8912  8866  8861  8849  8905  8905  8955  8952  8964  8996
TBILIS 2005 03 31 2  8891  8890  8917  8901  8872  8876  8880  8868  8904  8946  8887  8880
Cosmic-Ray Neutron Monitor Data (Hourly, Pressure-Corrected and Scale-Adjusted Counts)
Collections: WDC for Cosmic Rays, Solar-Terrestrial Environment Laboratory, Nagoya Univ.
Data Access: http://center.stelab.nagoya-u.ac.jp/WDCCR/index.html
Project: ICSU WDC
Citation: WDC for Cosmic Rays, Solar-Terrestrial Environment Laboratory, Nagoya University
Station ID: TBILIS
Station:  TBILISI,GIORGIA,INSTITUT GEOPHYSIKY (IG), GIORGIAN ACADEMY OF SCIENCES,GIORGIA 
Instrument:  18 NM-64 NEUTRON MONITOR, CORRECTED FOR PRESSURE TO 965 MB   ,COEF.=-0.690 %/MB
Latitude (deg.):   41.72  Longitude (deg.):   44.80  Altitude (m):  510.00
Cut-Off Rigidity (GV):    6.73
Year: 2005  Month:   4
Scaling Factor (SF):    64.0   Constant (CONST):     0.0  Real Counts = (DATA + CONST)*SF
Temporal Resolution: 1 hour
UTC Start Hour:     0.0
                         FILE IS PREPARED IN IZMIRAN                            
                                                        
Monthly Average:  9012.0
Updated (YYYY MM DD): 2007 02 01
*******************************************************************************************
ID     YYYY MM DD 1     0     1     2     3     4     5     6     7     8     9    10    11
ID     YYYY MM DD 2    12    13    14    15    16    17    18    19    20    21    22    23
*******************************************************************************************
TBILIS 2005 04 01 1  8870  8840  8845  8868  8853  8845  8797  8816  8802  8816  8860  8823
TBILIS 2005 04 01 2  8828  8831  8816  8830  8840  8807  8850  8859  8834  8851  8823  8872
TBILIS 2005 04 02 1  8838  8839  8793  8853  8881  8862  8894  8898  8892  8874  8905  8921
TBILIS 2005 04 02 2  8869  8887  8897  8898  8904  8887  8907  8895  8916  8968  8925  8950
TBILIS 2005 04 03 1  8928  8887  8890  8909  8906  8910  8908  8942  8918  8899  8849  8893
TBILIS 2005 04 03 2  8919  8912  8889  8889  8867  8873  8903  8906  8911  8873  8910  8877
TBILIS 2005 04 04 1  8897  8912  8874  8878  8850  8851  8845  8937  8942  8868  8863  8871
TBILIS 2005 04 04 2  8876  8921  8914  8915  8961  8880  8864  8931  8894  8913  8867  8889
TBILIS 2005 04 05 1  8865  8837  8877  8920  8887  8885  8933  8964  8935  8973  8963  8994
TBILIS 2005 04 05 2  8963  8912  8954  8954  8966  8895  8893  8902  8883  8904  8868  8866
TBILIS 2005 04 06 1  8856  8881  8871  8878  8867  8907  8937  8962  8954  8916  8945  8916
TBILIS 2005 04 06 2  8975  8965  8940  8961  8900  8872  8913  8866  8882  8893  8874  8888
TBILIS 2005 04 07 1  8900  8877  8886  8905  8919  8931  8987  9013  9054  9043  9025  8991
TBILIS 2005 04 07 2  8978  8946  8978  8969  8954  8882  8823  8824  8868  8866  8856  8850
TBILIS 2005 04 08 1  8874  8902  8889  8828  8885  8867  8924  8930  8946  8995  8980  9008
TBILIS 2005 04 08 2  9012  8956  9003  8996  8943  8938  8956  8924  8927  8890  8955  8908
TBILIS 2005 04 09 1  8936  8910  8950  8958  8981  8977  8983  9012  9029  9051  9026  9052
TBILIS 2005 04 09 2  9053  9045  9046  9027  9034  9018  8990  8983  8955  8982  8953  8931
TBILIS 2005 04 10 1  8952  8932  8970  8998  9035  9055  9037  9052  9040  9048  8987  8982
TBILIS 2005 04 10 2  9014  8995  8999  8997  8961  8968  8928  8922  8904  8904  8936  8902
TBILIS 2005 04 11 1  8922  8914  8917  8925  8957  8947  8956  9001  9014  9059  8999  9039
TBILIS 2005 04 11 2  9022  9038  9045  9017  9008  9020  9018  8973  8982  8939  8903  8911
TBILIS 2005 04 12 1  8896  8935  8937  8936  8896  8987  9013  9042  9065  9088  9080  9086
TBILIS 2005 04 12 2  9131  9134  9120  9097  9087  9105  9079  9026  9065  9042  9035  9019
TBILIS 2005 04 13 1  8962  8991  8997  8959  8983  8979  8987  8997  9033  9051  9049  9054
TBILIS 2005 04 13 2  9075  9067  9056  9040  9018  9038  8992  9004  9004  8935  8956  8976
TBILIS 2005 04 14 1  8958  8978  8962  8959  9009  9087  9033  9067  9089  9088  9140  9119
TBILIS 2005 04 14 2  9082  9089  9097  9037  8991  8985  8972  8974  8995  8987  8973  9007
TBILIS 2005 04 15 1  8996  8981  9003  9033  9005  9014  9009  9077  9056  9037  9088  9090
TBILIS 2005 04 15 2  9121  9112  9119  9106  9072  9031  9058  8998  9057  9058  9011  9021
TBILIS 2005 04 16 1  9059  9053  9061  9058  9046  9085  9129  9106  9091  9161  9182  9192
TBILIS 2005 04 16 2  9178  9120  9175  9119  9093  9087  9106  9086  9099  9090  9075  9072
TBILIS 2005 04 17 1  9054  9075  9066  9020  9045  9054  9093  9108  9106  9134  9151  9109
TBILIS 2005 04 17 2  9147  9123  9095  9100  9117  9092  9109  9062  9086  9105  9094  9054
TBILIS 2005 04 18 1  9078  9089  9132  9102  9087  9091  9113  9085  9126  9153  9128  9136
TBILIS 2005 04 18 2  9159  9126  9107  9134  9114  9103  9081  9088  9083  9104  9073  9074
TBILIS 2005 04 19 1  9064  9046  9072  9071  9097  9080  9127  9152  9177  9244  9254  9229
TBILIS 2005 04 19 2  9213  9241  9168  9122  9066  9058  9057  9059  9102  9061  9057  9066
TBILIS 2005 04 20 1  9011  9029  9009  9017  9049  9068  9069  9122  9084  9095  9094  9134
TBILIS 2005 04 20 2  9127  9097  9079  9062  9006  9031  9001  8985  9045  9079  9064  9101
TBILIS 2005 04 21 1  9093  9068  9068  9075  9096  9101  9111  9143  9137  9126  9158  9167
TBILIS 2005 04 21 2  9143  9125  9109  9150  9158  9125  9044  9071  9040  9068  9040  9063
TBILIS 2005 04 22 1  9068  9068  9059  9096  9053  9101  9151  9132  9142  9164  9175  9159
TBILIS 2005 04 22 2  9132  9149  9106  9108  9106  9109  9100  9114  9099  9084  9079  9087
TBILIS 2005 04 23 1  9074  9075  9079  9034  9034  9035  9106  9033  9074  9074  9103  9081
TBILIS 2005 04 23 2  9062  9077  9062  9057  9046  9056  9052  9053  9071  9057  9046  9026
TBILIS 2005 04 24 1  9055  9025  9037  9001  9035  9019  9077  9088  9092  9096  9120  9145
TBILIS 2005 04 24 2  9120  9102  9105  9014  9057  8996  9019  9043  9000  8981  8977  8993
TBILIS 2005 04 25 1  8993  9000  9005  9000  8954  9015  8997  9048  9047  9026  9050  9070
TBILIS 2005 04 25 2  9039  9038  9022  9055  8994  8946  8971  8970  8964  8949  8986  8954
TBILIS 2005 04 26 1  8963  8991  8996  9007  8980  8972  9002  9031  9002  9081  9073  9062
TBILIS 2005 04 26 2  9060  9073  9082  9065  9039  9034  9070  9021  8988  9032  9013  9008
TBILIS 2005 04 27 1  8959  8966  8972  8953  8979  8984  9005  9037  9006  9004  9075  9075
TBILIS 2005 04 27 2  9063  9102  9070  9057  9048  9047  9084  9056  9037  9020  9032  8995
TBILIS 2005 04 28 1  9038  9022  8974  9002  9015  9022  9067  9080  9088  9127  9144  9165
TBILIS 2005 04 28 2  9122  9125  9114  9100  9060  9031  9032  9010  9013  8981  8972  8980
TBILIS 2005 04 29 1  8958  8985  8998  8984  9030  9031  9067  9101  9157  9075  9130  9107
TBILIS 2005 04 29 2  9117  9127  9127  9082  9088  9040  9055  9155  9111  9129  9120  9062
TBILIS 2005 04 30 1  9028  9048  9056  9034  9052  9092  9081  9102  9140  9118  9107  9128
TBILIS 2005 04 30 2  9115  9123  9110  9139  9090  9071  9037  9070  9038  9042  9052  9009
TBILIS 2005 04 31 1 99999 99999 99999 99999 99999 99999 99999 99999 99999 99999 99999 99999
TBILIS 2005 04 31 2 99999 99999 99999 99999 99999 99999 99999 99999 99999 99999 99999 99999
Cosmic-Ray Neutron Monitor Data (Hourly, Pressure-Corrected and Scale-Adjusted Counts)
Collections: WDC for Cosmic Rays, Solar-Terrestrial Environment Laboratory, Nagoya Univ.
Data Access: http://center.stelab.nagoya-u.ac.jp/WDCCR/index.html
Project: ICSU WDC
Citation: WDC for Cosmic Rays, Solar-Terrestrial Environment Laboratory, Nagoya University
Station ID: TBILIS
Station:  TBILISI,GIORGIA,INSTITUT GEOPHYSIKY (IG), GIORGIAN ACADEMY OF SCIENCES,GIORGIA 
Instrument:  18 NM-64 NEUTRON MONITOR, CORRECTED FOR PRESSURE TO 965 MB   ,COEF.=-0.690 %/MB
Latitude (deg.):   41.72  Longitude (deg.):   44.80  Altitude (m):  510.00
Cut-Off Rigidity (GV):    6.73
Year: 2005  Month:   5
Scaling Factor (SF):    64.0   Constant (CONST):     0.0  Real Counts = (DATA + CONST)*SF
Temporal Resolution: 1 hour
UTC Start Hour:     0.0
                         FILE IS PREPARED IN IZMIRAN                            
                                                        
Monthly Average:  9029.2
Updated (YYYY MM DD): 2007 02 01
*******************************************************************************************
ID     YYYY MM DD 1     0     1     2     3     4     5     6     7     8     9    10    11
ID     YYYY MM DD 2    12    13    14    15    16    17    18    19    20    21    22    23
*******************************************************************************************
TBILIS 2005 05 01 1  9039  9026  9033  9042  9048  9063  9078  9024  9034  9094  9086  9043
TBILIS 2005 05 01 2  9058  9037  9066  9050  9048  9017  8925  8939  8939  8903  8906  8906
TBILIS 2005 05 02 1  8864  8887  8891  8867  8824  8853  8840  8859  8886  8875  8905  8901
TBILIS 2005 05 02 2  8885  8893  8894  8880  8839  8851  8831  8869  8860  8913  8944  8902
TBILIS 2005 05 03 1  8929  8966  8965  8971  8957  8941  8990  9017  9058  9050  9081  9118
TBILIS 2005 05 03 2  9109  9110  9113  9055  9067  9228  9225  9171  9183  9184  9185  9187
TBILIS 2005 05 04 1  9173  9186  9156  9188  9116  9127  9128  9139  9140  9152  9133  9143
TBILIS 2005 05 04 2  9102  9090  9091  9028  9051  9029  9038  9003  9040  9043  9066  9052
TBILIS 2005 05 05 1  9039  9039  9043  9029  9025  9068  9036  9093  9075  9117  9118  9084
TBILIS 2005 05 05 2  9110  9149  9153  9094  9104  9095  9044  9010  8958  9043  9032  9051
TBILIS 2005 05 06 1  9029  9009  8994  8985  8980  9038  9016  9068  9087  9087  9093  9111
TBILIS 2005 05 06 2  9106  9056  9018  9014  8978  8955  8905  8930  8987  8964  8971  8978
TBILIS 2005 05 07 1  8937  8944  8928  8962  8952  8930  8962  8983  8999  9055  9067  9055
TBILIS 2005 05 07 2  9052  9064  9060  9043  9029  8991  8997  9034  9001  9037  9029  9005
TBILIS 2005 05 08 1  9012  9005  9050  9015  9016  9021  9025  9111  9123  9144  9138  9126
TBILIS 2005 05 08 2  9167  9167  9125  9146  9159  9128  9052  9003  8964  8969  8920  8900
TBILIS 2005 05 09 1  8886  8865  8824  8808  8795  8772  8833  8861  8828  8787  8901  8904
TBILIS 2005 05 09 2  8919  8926  8932  8989  8974  8971  8972  8947  8978  8963  8936  8876
TBILIS 2005 05 10 1  8807  8834  8854  8837  8888  8847  8858  8877  8920  8913  8938  8987
TBILIS 2005 05 10 2  8973  9000  8975  8959  8963  8910  8936  8890  8895  8903  8870  8852
TBILIS 2005 05 11 1  8831  8802  8803  8858  8875  8859  8879  8898  8895  8883  8923  8939
TBILIS 2005 05 11 2  8933  8928  8957  8970  8958  8977  8980  8944  8936  8949  8921  8956
TBILIS 2005 05 12 1  8923  8880  8926  8899  8867  8909  8888  8904  8915  8907  8920  8919
TBILIS 2005 05 12 2  9000  8995  9007  9035  9034  9048  9041  9073  9042  9045  9029  9065
TBILIS 2005 05 13 1  9040  9052  9082  9045  9036  9061  9056  9036  9015  9050  9052  9054
TBILIS 2005 05 13 2  9068  8995  9018  9068  8975  9009  9043  9051  9070  9134  9104  9071
TBILIS 2005 05 14 1  9057  9051  9052  9025  9029  9040  9034  9047  9052  9026  9063  9047
TBILIS 2005 05 14 2  9048  9069  9061  9061  9040  9044  9084  9075  9125  9127  9059  9023
TBILIS 2005 05 15 1  9046  9037  9028  8903  8918  8881  8716  8614  8629  8672  8645  8614
TBILIS 2005 05 15 2  8647  8657  8663  8665  8662  8676  8654  8619  8623  8576  8642  8652
TBILIS 2005 05 16 1  8715  8715  8708  8765  8802  8781  8675  8591  8589  8570  8584  8621
TBILIS 2005 05 16 2  8653  8685  8684  8678  8690  8710  8732  8733  8706  8675  8727  8749
TBILIS 2005 05 17 1  8736  8787  8721  8707  8702  8730  8773  8768  8755  8749  8763  8730
TBILIS 2005 05 17 2  8735  8710  8667  8680  8682  8653  8728  8720  8732  8746  8766  8800
TBILIS 2005 05 18 1  8785  8815  8810  8795  8806  8835  8856  8841  8879  8831  8825  8878
TBILIS 2005 05 18 2  8868  8863  8837  8854  8811  8839  8811  8784  8862  8880  8843  8815
TBILIS 2005 05 19 1  8868  8882  8883  8846  8836  8911  8922  8954  8982  8947  8970  8991
TBILIS 2005 05 19 2  8941  8854  8894  8875  8878  8867  8853  8858  8869  8904  8867  8896
TBILIS 2005 05 20 1  8917  8923  8896  8850  8860  8935  9020  9087  9122  9071  9021  8989
TBILIS 2005 05 20 2  8999  8976  8946  8930  8884  8895  8898  8901  8923  8908  8929  8960
TBILIS 2005 05 21 1  8914  8956  8895  8974  8932  8987  9005  8998  9056  9003  9041  9037
TBILIS 2005 05 21 2  9054  9071  9089  9072  9030  9027  9046  9039  8985  9024  9022  8985
TBILIS 2005 05 22 1  8993  8982  9029  8993  8984  9026  9077  9065  9084  9156  9126  9137
TBILIS 2005 05 22 2  9133  9134  9124  9131  9118  9052  9063  9097  9090  9126  9132  9097
TBILIS 2005 05 23 1  9082  9038  9056  9043  9019  9055  9079  9079  9109  9126  9160  9150
TBILIS 2005 05 23 2  9119  9118  9148  9158  9180  9181  9155  9115  9086  9120  9118  9086
TBILIS 2005 05 24 1  9062  9064  9026  9039  9064  9058  9067  9130  9134  9182  9197  9181
TBILIS 2005 05 24 2  9171  9192  9187  9203  9216  9230  9220  9173  9189  9183  9160  9162
TBILIS 2005 05 25 1  9171  9156  9122  9123  9117  9254  9180  9165  9155  9171  9194  9221
TBILIS 2005 05 25 2  9236  9217  9216  9216  9210  9188  9167  9193  9207  9208  9167  9226
TBILIS 2005 05 26 1  9173  9160  9148  9167  9185  9185  9243  9231  9261  9248  9292  9300
TBILIS 2005 05 26 2  9294  9297  9297  9290  9252  9231  9243  9238  9268  9284  9262  9257
TBILIS 2005 05 27 1  9235  9260  9195  9246  9224  9238  9270  9277  9253  9287  9279  9312
TBILIS 2005 05 27 2  9332  9344  9323  9295  9258  9271  9252  9257  9282  9280  9259  9248
TBILIS 2005 05 28 1  9238  9193  9226  9196  9239  9266  9288  9287  9313  9310  9331  9312
TBILIS 2005 05 28 2  9322  9338  9387  9328  9331  9325  9338  9340  9366  9338  9303  9304
TBILIS 2005 05 29 1  9273  9253  9301  9250  9289  9323  9370  9377  9407  9397  9371  9349
TBILIS 2005 05 29 2  9328  9297  9326  9297  9210  9199  9120  9128  9130  9095  9089  9130
TBILIS 2005 05 30 1  9070  9056  9070  9061  9129  9089  9131  9133  9189  9231  9215  9233
TBILIS 2005 05 30 2  9300  9313  9317  9269  9234  9275  9283  9241  9215  9224  9247  9273
TBILIS 2005 05 31 1  9277  9262  9336  9260  9292  9283  9280  9315  9270  9330  9292  9281
TBILIS 2005 05 31 2  9253  9280  9241  9250  9247  9241  9261  9215  9229  9233  9236  9270
Cosmic-Ray Neutron Monitor Data (Hourly, Pressure-Corrected and Scale-Adjusted Counts)
Collections: WDC for Cosmic Rays, Solar-Terrestrial Environment Laboratory, Nagoya Univ.
Data Access: http://center.stelab.nagoya-u.ac.jp/WDCCR/index.html
Project: ICSU WDC
Citation: WDC for Cosmic Rays, Solar-Terrestrial Environment Laboratory, Nagoya University
Station ID: TBILIS
Station:  TBILISI,GIORGIA,INSTITUT GEOPHYSIKY (IG), GIORGIAN ACADEMY OF SCIENCES,GIORGIA 
Instrument:  18 NM-64 NEUTRON MONITOR, CORRECTED FOR PRESSURE TO 965 MB   ,COEF.=-0.690 %/MB
Latitude (deg.):   41.72  Longitude (deg.):   44.80  Altitude (m):  510.00
Cut-Off Rigidity (GV):    6.73
Year: 2005  Month:   6
Scaling Factor (SF):    64.0   Constant (CONST):     0.0  Real Counts = (DATA + CONST)*SF
Temporal Resolution: 1 hour
UTC Start Hour:     0.0
                         FILE IS PREPARED IN IZMIRAN                            
                                                        
Monthly Average:  9237.1
Updated (YYYY MM DD): 2007 02 01
*******************************************************************************************
ID     YYYY MM DD 1     0     1     2     3     4     5     6     7     8     9    10    11
ID     YYYY MM DD 2    12    13    14    15    16    17    18    19    20    21    22    23
*******************************************************************************************
TBILIS 2005 06 01 1  9287  9260  9277  9256  9280  9266  9317  9291  9357  9382  9394  9390
TBILIS 2005 06 01 2  9410  9378  9339  9356  9315  9305  9340  9299  9288  9332  9323  9332
TBILIS 2005 06 02 1  9334  9318  9300  9245  9267  9298  9247  9255  9284  9309  9336  9307
TBILIS 2005 06 02 2  9271  9259  9250  9241  9230  9243  9207  9215  9154  9162  9193  9170
TBILIS 2005 06 03 1  9189  9184  9195  9193  9188  9184  9224  9246  9251  9299  9296  9294
TBILIS 2005 06 03 2  9289  9283  9253  9193  9171  9143  9189  9235  9196  9174  9171  9172
TBILIS 2005 06 04 1  9190  9190  9174  9176  9164  9113  9174  9215  9227  9238  9240  9220
TBILIS 2005 06 04 2  9203  9194  9216  9201  9247  9179  9185  9148  9173  9162  9146  9207
TBILIS 2005 06 05 1  9140  9190  9153  9136  9132  9163  9199  9204  9227  9204  9221  9220
TBILIS 2005 06 05 2  9206  9177  9178  9163  9181  9185  9170  9188  9208  9162  9196  9182
TBILIS 2005 06 06 1  9239  9180  9156  9187  9118  9045  9076  9152  9199  9251  9263  9196
TBILIS 2005 06 06 2  9236  9258  9207  9189  9168  9138  9130  9150  9110  9164  9184  9115
TBILIS 2005 06 07 1  9086  9086  9118  9109  9186  9146  9160  9149  9159  9215  9176  9168
TBILIS 2005 06 07 2  9110  9125  9216  9189  9191  9181  9190  9181  9174  9210  9179  9187
TBILIS 2005 06 08 1  9164  9167  9112  9060  9136  9144  9153  9149  9175  9174  9202  9172
TBILIS 2005 06 08 2  9153  9177  9167  9133  9148  9140  9211  9194  9163  9212  9200  9204
TBILIS 2005 06 09 1  9211  9195  9239  9222  9243  9231  9274  9241  9298  9272  9274  9232
TBILIS 2005 06 09 2  9228  9285  9292  9297  9322  9279  9238  9270  9228  9256  9309  9278
TBILIS 2005 06 10 1  9295  9286  9283  9237  9260  9268  9334  9317  9272  9316  9351  9305
TBILIS 2005 06 10 2  9330  9358  9352  9337  9311  9293  9307  9275  9348  9262  9240  9299
TBILIS 2005 06 11 1  9276  9282  9262  9254  9267  9311  9275  9316  9324  9363  9366  9390
TBILIS 2005 06 11 2  9375  9402  9390  9387  9365  9386  9383  9427  9360  9348  9354  9348
TBILIS 2005 06 12 1  9303  9329  9306  9319  9289  9368  9374  9421  9328  9391  9359  9321
TBILIS 2005 06 12 2  9274  9247  9237  9187  9190  9216  9245  9267  9351  9329  9312  9301
TBILIS 2005 06 13 1  9333  9308  9310  9307  9272  9323  9286  9311  9267  9253  9327  9315
TBILIS 2005 06 13 2  9302  9334  9327  9304  9284  9270  9252  9267  9233  9302  9274  9240
TBILIS 2005 06 14 1  9232  9223  9270  9268  9245  9210  9258  9281  9280  9285  9291  9285
TBILIS 2005 06 14 2  9282  9335  9304  9279  9265  9257  9239  9286  9311  9288  9295  9273
TBILIS 2005 06 15 1  9235  9245  9226  9256  9257  9215  9227  9212  9259  9259  9315  9295
TBILIS 2005 06 15 2  9342  9192  9143  9237  9192  9204  9218  9176  9199  9191  9178  9218
TBILIS 2005 06 16 1  9226  9170  9148  9167  9141  9203  9190  9162  9229  9200  9300  9303
TBILIS 2005 06 16 2  9283  9276  9241  9290  9188  9130  9075  9084  9119  9120  9131  9119
TBILIS 2005 06 17 1  9144  9168  9095  9071  9065  9136  9137  9173  9173  9202  9223  9232
TBILIS 2005 06 17 2  9211  9201  9214  9211  9220  9211  9147  9108  9119  9072  9099  9104
TBILIS 2005 06 18 1  9082  9099  9111  9116  9150  9197  9215  9204  9257  9264  9233  9279
TBILIS 2005 06 18 2  9268  9281  9246  9278  9289  9192  9243  9210  9190  9188  9196  9190
TBILIS 2005 06 19 1  9159  9185  9187  9197  9234  9250  9267  9285  9278  9303  9332  9363
TBILIS 2005 06 19 2  9368  9352  9331  9304  9387  9327  9258  9236  9260  9204  9205  9179
TBILIS 2005 06 20 1  9161  9175  9125  9197  9192  9241  9319  9377  9366  9399  9407  9406
TBILIS 2005 06 20 2  9404  9368  9375  9367  9347  9322  9279  9215  9226  9211  9197  9223
TBILIS 2005 06 21 1  9194  9259  9254  9246  9266  9259  9301  9315  9354  9331  9368  9341
TBILIS 2005 06 21 2  9341  9337  9281  9291  9233  9180  9174  9209  9176  9206  9146  9180
TBILIS 2005 06 22 1  9192  9193  9223  9236  9232  9228  9240  9230  9272  9250  9242  9255
TBILIS 2005 06 22 2  9219  9226  9185  9178  9099  9133  9090  9118  9136  9091  9083  9064
TBILIS 2005 06 23 1  9046  9089  9146  9118  9105  9147  9170  9213  9263  9298  9307  9300
TBILIS 2005 06 23 2  9335  9263  9270  9293  9245  9182  9153  9162  9190  9148  9174  9144
TBILIS 2005 06 24 1  9167  9092  9110  9119  9115  9130  9157  9167  9174  9201  9252  9245
TBILIS 2005 06 24 2  9239  9227  9246  9242  9226  9207  9156  9150  9124  9145  9189  9131
TBILIS 2005 06 25 1  9119  9098  9127  9109  9133  9175  9150  9189  9211  9187  9282  9259
TBILIS 2005 06 25 2  9280  9279  9243  9228  9260  9211  9216  9179  9222  9240  9176  9160
TBILIS 2005 06 26 1  9139  9172  9173  9162  9200  9166  9215  9229  9226  9208  9244  9264
TBILIS 2005 06 26 2  9228  9245  9268  9236  9232  9251  9206  9221  9177  9207  9236  9204
TBILIS 2005 06 27 1  9234  9213  9231  9248  9172  9189  9187  9226  9201  9230  9248  9248
TBILIS 2005 06 27 2  9251  9233  9211  9188  9209  9185  9262  9294  9341  9311  9325  9318
TBILIS 2005 06 28 1  9281  9306  9314  9244  9263  9274  9262  9335  9324  9319  9333  9337
TBILIS 2005 06 28 2  9331  9311  9287  9309  9291  9296  9322  9297  9312  9307  9248  9256
TBILIS 2005 06 29 1  9241  9253  9248  9254  9257  9305  9324  9309  9290  9315  9314  9310
TBILIS 2005 06 29 2  9282  9322  9303  9326  9268  9278  9287  9269  9307  9260  9278  9219
TBILIS 2005 06 30 1  9223  9188  9207  9240  9204  9240  9277  9252  9310  9294  9300  9317
TBILIS 2005 06 30 2  9302  9321  9346  9309  9353  9364  9361  9323  9346  9336  9308  9287
TBILIS 2005 06 31 1 99999 99999 99999 99999 99999 99999 99999 99999 99999 99999 99999 99999
TBILIS 2005 06 31 2 99999 99999 99999 99999 99999 99999 99999 99999 99999 99999 99999 99999
Cosmic-Ray Neutron Monitor Data (Hourly, Pressure-Corrected and Scale-Adjusted Counts)
Collections: WDC for Cosmic Rays, Solar-Terrestrial Environment Laboratory, Nagoya Univ.
Data Access: http://center.stelab.nagoya-u.ac.jp/WDCCR/index.html
Project: ICSU WDC
Citation: WDC for Cosmic Rays, Solar-Terrestrial Environment Laboratory, Nagoya University
Station ID: TBILIS
Station:  TBILISI,GIORGIA,INSTITUT GEOPHYSIKY (IG), GIORGIAN ACADEMY OF SCIENCES,GIORGIA 
Instrument:  18 NM-64 NEUTRON MONITOR, CORRECTED FOR PRESSURE TO 965 MB   ,COEF.=-0.690 %/MB
Latitude (deg.):   41.72  Longitude (deg.):   44.80  Altitude (m):  510.00
Cut-Off Rigidity (GV):    6.73
Year: 2005  Month:   7
Scaling Factor (SF):    64.0   Constant (CONST):     0.0  Real Counts = (DATA + CONST)*SF
Temporal Resolution: 1 hour
UTC Start Hour:     0.0
                         FILE IS PREPARED IN IZMIRAN                            
                                                        
Monthly Average:  9194.2
Updated (YYYY MM DD): 2007 02 01
*******************************************************************************************
ID     YYYY MM DD 1     0     1     2     3     4     5     6     7     8     9    10    11
ID     YYYY MM DD 2    12    13    14    15    16    17    18    19    20    21    22    23
*******************************************************************************************
TBILIS 2005 07 01 1  9261  9250  9265  9260  9275  9313  9353  9369  9373  9393  9402  9410
TBILIS 2005 07 01 2  9368  9398  9368  9345  9342  9385  9392  9436  9441  9396  9370  9384
TBILIS 2005 07 02 1  9289  9319  9305  9315  9365  9420  9414  9423  9472  9456  9457  9444
TBILIS 2005 07 02 2  9419  9492  9448  9427  9476  9431  9439  9472  9421  9410  9425  9408
TBILIS 2005 07 03 1  9374  9399  9354  9364  9416  9443  9420  9419  9473  9483  9437  9483
TBILIS 2005 07 03 2  9472  9506  9494  9497  9519  9508  9500  9503  9498  9495  9484  9482
TBILIS 2005 07 04 1  9465  9452  9432  9459  9434  9482  9489  9485  9501  9522  9507  9513
TBILIS 2005 07 04 2  9534  9534  9524  9500  9469  9467  9505  9463  9386  9403  9424  9456
TBILIS 2005 07 05 1  9413  9402  9392  9395  9433  9397  9462  9505  9483  9538  9546  9577
TBILIS 2005 07 05 2  9551  9540  9487  9526  9539  9565  9521  9541  9539  9577  9487  9469
TBILIS 2005 07 06 1  9466  9415  9468  9450  9443  9455  9519  9492  9531  9575  9561  9599
TBILIS 2005 07 06 2  9560  9566  9532  9530  9523  9521  9506  9489  9480  9478  9458  9493
TBILIS 2005 07 07 1  9491  9439  9484  9441  9433  9447  9488  9451  9483  9477  9491  9513
TBILIS 2005 07 07 2  9529  9555  9572  9554  9564  9545  9514  9546  9493  9491  9426  9428
TBILIS 2005 07 08 1  9416  9433  9432  9458  9444  9410  9451  9473  9526  9522  9529  9508
TBILIS 2005 07 08 2  9532  9544  9546  9584  9574  9560  9559  9535  9542  9503  9506  9483
TBILIS 2005 07 09 1  9414  9453  9465  9409  9394  9406  9470  9495  9532  9537  9549  9564
TBILIS 2005 07 09 2  9516  9583  9579  9561  9606  9587  9565  9539  9606  9608  9549  9566
TBILIS 2005 07 10 1  9555  9584  9545  9575  9567  9524  9541  9551  9548  9554  9550  9499
TBILIS 2005 07 10 2  9490  9545  9530  9532  9475  9444  9470  9476  9509  9439  9451  9451
TBILIS 2005 07 11 1  9416  9418  9431  9436  9429  9415  9435  9386  9370  9344  9373  9411
TBILIS 2005 07 11 2  9430  9488  9474  9447  9501  9484  9468  9452  9431  9436  9413  9384
TBILIS 2005 07 12 1  9422  9384  9410  9440  9463  9508  9472  9488  9510  9498  9511  9525
TBILIS 2005 07 12 2  9470  9415  9351  9373  9390  9374  9377  9317  9344  9347  9319  9293
TBILIS 2005 07 13 1  9290  9269  9259  9260  9218  9177  9164  9226  9248  9257  9306  9299
TBILIS 2005 07 13 2  9295  9321  9293  9320  9320  9284  9319  9304  9280  9259  9272  9269
TBILIS 2005 07 14 1  9251  9216  9219  9245  9284  9294  9294  9263  9260  9313  9326  9331
TBILIS 2005 07 14 2  9342  9327  9387  9338  9356  9303  9276  9231  9231  9242  9231  9225
TBILIS 2005 07 15 1  9207  9244  9223  9222  9224  9196  9205  9224  9275  9277  9333  9276
TBILIS 2005 07 15 2  9313  9303  9298  9317  9328  9334  9363  9355  9298  9274  9259  9233
TBILIS 2005 07 16 1  9154  9137  9099  9060  9026  9018  8999  9015  8991  8987  8937  8946
TBILIS 2005 07 16 2  8961  8960  8901  8922  8935  8858  8748  8687  8655  8599  8566  8470
TBILIS 2005 07 17 1  8468  8452  8406  8436  8571  8673  8769  8817  8870  8933  8984  8965
TBILIS 2005 07 17 2  8834  8866  8852  8756  8500  8406  8427  8362  8387  8336  8388  8443
TBILIS 2005 07 18 1  8446  8464  8449  8478  8505  8503  8547  8546  8565  8612  8645  8646
TBILIS 2005 07 18 2  8660  8684  8698  8674  8683  8705  8703  8720  8732  8715  8633  8587
TBILIS 2005 07 19 1  8579  8585  8603  8620  8639  8623  8662  8667  8655  8656  8702  8729
TBILIS 2005 07 19 2  8790  8814  8811  8810  8795  8768  8729  8759  8759  8794  8751  8773
TBILIS 2005 07 20 1  8798  8756  8744  8737  8790  8901  8874  8869  8879  8923  8944  8917
TBILIS 2005 07 20 2  9015  9045  9055  8977  9036  9000  9027  8970  8993  8994  9012  9005
TBILIS 2005 07 21 1  9034  9066  9060  9038  9030  9050  9032  9058  9049  9061  9078  9100
TBILIS 2005 07 21 2  9112  9127  9129  9137  9146  9121  9075  9031  9063  9034  9012  9023
TBILIS 2005 07 22 1  9022  9013  8976  9000  9000  9015  9055  9071  9131  9111  9133  9144
TBILIS 2005 07 22 2  9148  9173  9201  9197  9184  9193  9147  9126  9106  9046  9036  9043
TBILIS 2005 07 23 1  9054  9009  9024  8981  9036  9039  9063  9117  9065  9107  9088  9056
TBILIS 2005 07 23 2  9124  9113  9160  9134  9132  9062  9066  9020  8960  9006  9013  8993
TBILIS 2005 07 24 1  9042  9002  9006  9015  9046  9075  9105  9127  9129  9115  9098  9090
TBILIS 2005 07 24 2  9043  9022  9097  9060  9042  8904  8973  8977  8998  9014  8992  8993
TBILIS 2005 07 25 1  9027  8999  8994  9007  9003  9048  9103  9144  9121  9153  9190  9193
TBILIS 2005 07 25 2  9195  9189  9206  9153  9136  9117  9100  9132  9098  9054  9050  9042
TBILIS 2005 07 26 1  9070  9036  9039  9058  9106  9122  9121  9179  9218  9172  9180  9202
TBILIS 2005 07 26 2  9191  9223  9240  9218  9190  9136  9112  9085  9047  9048  9040  9034
TBILIS 2005 07 27 1  9037  9053  9026  9029  9052  9167  9112  9178  9169  9173  9199  9153
TBILIS 2005 07 27 2  9153  9187  9156  9199  9147  9118  9140  9138  9174  9122  9091  9039
TBILIS 2005 07 28 1  9035  9051  9028  9023  9081  9085  9069  9014  9012  8959  8947  8988
TBILIS 2005 07 28 2  9011  9021  9048  9102  9115  9135  9131  9123  9102  9044  9027  9019
TBILIS 2005 07 29 1  8964  8932  8894  8895  8969  9021  8976  8980  8979  8980  8923  8899
TBILIS 2005 07 29 2  8861  8922  9027  9113  9162  9166  9156  9111  9143  9119  9101  9044
TBILIS 2005 07 30 1  9110  9085  9087  9032  9069  9093  9077  9076  9067  9065  9085  9096
TBILIS 2005 07 30 2  9108  9093  9151  9125  9121  9100  9099  9085  9084  9074  9056  9049
TBILIS 2005 07 31 1  9031  9025  9034  9022  9046  9013  9068  9060  9113  9075  9068  9073
TBILIS 2005 07 31 2  9085  9097  9067  9080  9112  9087  9103  9090  9067  9060  9094  9073
Cosmic-Ray Neutron Monitor Data (Hourly, Pressure-Corrected and Scale-Adjusted Counts)
Collections: WDC for Cosmic Rays, Solar-Terrestrial Environment Laboratory, Nagoya Univ.
Data Access: http://center.stelab.nagoya-u.ac.jp/WDCCR/index.html
Project: ICSU WDC
Citation: WDC for Cosmic Rays, Solar-Terrestrial Environment Laboratory, Nagoya University
Station ID: TBILIS
Station:  TBILISI,GIORGIA,INSTITUT GEOPHYSIKY (IG), GIORGIAN ACADEMY OF SCIENCES,GIORGIA 
Instrument:  18 NM-64 NEUTRON MONITOR, CORRECTED FOR PRESSURE TO 965 MB   ,COEF.=-0.690 %/MB
Latitude (deg.):   41.72  Longitude (deg.):   44.80  Altitude (m):  510.00
Cut-Off Rigidity (GV):    6.73
Year: 2005  Month:   8
Scaling Factor (SF):    64.0   Constant (CONST):     0.0  Real Counts = (DATA + CONST)*SF
Temporal Resolution: 1 hour
UTC Start Hour:     0.0
                         FILE IS PREPARED IN IZMIRAN                            
                                                        
Monthly Average:  8997.1
Updated (YYYY MM DD): 2007 02 01
*******************************************************************************************
ID     YYYY MM DD 1     0     1     2     3     4     5     6     7     8     9    10    11
ID     YYYY MM DD 2    12    13    14    15    16    17    18    19    20    21    22    23
*******************************************************************************************
TBILIS 2005 08 01 1  9032  9076  9035  9001  8987  8979  8954  8953  8984  9057  9127  9082
TBILIS 2005 08 01 2  9049  9076  9050  9033  9000  8996  8996  8974  9001  8977  8986  8954
TBILIS 2005 08 02 1  8955  8961  8991  9033  8962  8948  8988  9050  9015  9055  9102  9021
TBILIS 2005 08 02 2  9043  9056  9061  9003  9014  8982  8942  8922  8913  8913  8879  8928
TBILIS 2005 08 03 1  8957  8895  8949  8934  8959  8951  8907  8980  9039  8991  9020  9022
TBILIS 2005 08 03 2  9078  9063  9002  9020  8937  8976  8973  9008  9022  8957  8952  8980
TBILIS 2005 08 04 1  8988  8983  8976  9026  8956  8981  8960  9013  9032  9039  9032  9072
TBILIS 2005 08 04 2  9033  9073  9039  9008  9107  9039  8987  9031  8969  9032  8989  9023
TBILIS 2005 08 05 1  8982  8897  8935  8956  8977  8923  8945  8924  8967  8995  8972  8945
TBILIS 2005 08 05 2  8972  8918  8974  8949  8930  8893  8972  8981  8948  8943  8979  8951
TBILIS 2005 08 06 1  8918  8938  8953  8955  8901  8884  8915  8908  8943  8916  8930  8897
TBILIS 2005 08 06 2  8880  8841  8868  8852  8867  8877  8865  8888  8847  8856  8884  8859
TBILIS 2005 08 07 1  8856  8817  8796  8786  8811  8843  8832  8831  8842  8855  8821  8810
TBILIS 2005 08 07 2  8824  8871  8895  8838  8834  8899  8846  8833  8856  8846  8865  8843
TBILIS 2005 08 08 1  8855  8867  8876  8858  8871  8874  8865  8843  8878  8834  8914  8890
TBILIS 2005 08 08 2  8922  8915  8935  8938  8847  8887  8933  8891  8878  8958  8901  8874
TBILIS 2005 08 09 1  8859  8877  8846  8920  8900  8875  8884  8924  8904  8879  8906  8912
TBILIS 2005 08 09 2  8936  8960  8912  8983  8978  8962  8957  8986  8958  8963  8914  8896
TBILIS 2005 08 10 1  8912  8894  8890  8911  8896  8868  8885  8873  8842  8915  8930  8927
TBILIS 2005 08 10 2  8910  8962  8972  8997  8989  8949  8976  9006  8995  8937  8958  8994
TBILIS 2005 08 11 1  8911  8914  8939  8915  8923  8956  8903  8868  8887  8895  8931  8951
TBILIS 2005 08 11 2  8930  8916  8947  8945  8952  8940  8999  8947  8983  8918  8913  8910
TBILIS 2005 08 12 1  8895  8881  8861  8861  8870  8903  8889  8861  8853  8878  8928  8918
TBILIS 2005 08 12 2  8916  8968  8920  8937  8963  8954  8956  8914  8875  8910  8897  8909
TBILIS 2005 08 13 1  8892  8947  8955  8925  8938  8938  9001  8947  8966  8932  8964  9012
TBILIS 2005 08 13 2  8957  8910  8913  8992  9028  8971  8914  8916  8895  8888  8918  8870
TBILIS 2005 08 14 1  8903  8896  8897  8896  8896  8879  8880  8933  8914  8923  8901  8946
TBILIS 2005 08 14 2  8900  8930  8976  8966  8964  9000  8975  8968  8933  8962  8957  8944
TBILIS 2005 08 15 1  8961  8917  8949  8920  8930  8892  8922  8929  8889  8938  8956  8948
TBILIS 2005 08 15 2  8935  8956  8948  8954  8960  8988  9017  8962  9003  8962  8981  8971
TBILIS 2005 08 16 1  8918  8897  8890  8879  8897  8927  8919  8901  8911  8939  8916  8958
TBILIS 2005 08 16 2  8970  9005  9054  9031  9059  9030  9012  8998  8971  8925  8903  8896
TBILIS 2005 08 17 1  8940  8942  8990  8942  8954  9024  8982  9051  8970  9017  9047  9078
TBILIS 2005 08 17 2  9070  9114  9063  9136  9080  9091  9065  9065  9034  8958  8949  8966
TBILIS 2005 08 18 1  8909  8946  8903  8973  9008  9022  9041  9097  9065  9021  9078  9080
TBILIS 2005 08 18 2  9087  9123  9100  9124  9119  9181  9114  9024  9029  9041  9053  8990
TBILIS 2005 08 19 1  8998  9051  9052  9076  9046  9077  9045  9118  9059  9084  9112  9120
TBILIS 2005 08 19 2  9144  9119  9067  9102  9085  9104  9072  9045  9051  9089  9038  8986
TBILIS 2005 08 20 1  9001  9070  8971  9047  9014  9043  9079  9051  9065  9081  9088  9087
TBILIS 2005 08 20 2  9091  9116  9148  9138  9149  9148  9163  9103  9094  9135  9095  9101
TBILIS 2005 08 21 1  9111  9064  9025  9097  9036  9077  9113  9074  9029  9098  9163  9239
TBILIS 2005 08 21 2  9215  9102  9077  9110  9108  9145  9115  9044  9062  9085  9054  9023
TBILIS 2005 08 22 1  9023  9014  9007  9021  9070  9156  9103  9040  9018  9047  9074  9072
TBILIS 2005 08 22 2  9081  9089  9122  9061  9098  9094  9083  9075  9059  9054  9029  9032
TBILIS 2005 08 23 1  9106  9061  9078  9064  9071  9036  9132  9112  9172  9123  9119  9136
TBILIS 2005 08 23 2  9174  9167  9176  9204  9169  9187  9148  9125  9078  9132  9086  9076
TBILIS 2005 08 24 1  9088  9135  9102  9118  9073  9121  9129  9139  9129  9087  9098  9070
TBILIS 2005 08 24 2  9040  9065  9151  9143  9158  9113  9071  9030  9020  8952  8907  8874
TBILIS 2005 08 25 1  8858  8893  8885  8904  8940  8983  8948  8966  8923  8928  8904  8912
TBILIS 2005 08 25 2  8919  8922  8902  8967  8981  9010  9031  9030  8971  9030  9037  9022
TBILIS 2005 08 26 1  9051  9047  9058  9065  9067  9060  9088  9097  9090  9077  9038  9051
TBILIS 2005 08 26 2  9044  9073  9079  9072  9075  9092  9072  9013  9004  8954  8937  8937
TBILIS 2005 08 27 1  8963  9008  9054  9018  9051  9003  9054  9036  9026  9031  9007  9055
TBILIS 2005 08 27 2  9043  9064  9058  9018  9059  9080  9050  9005  9016  9000  8928  8956
TBILIS 2005 08 28 1  8918  8976  8901  8987  8970  9009  9031  9036  9030  9089  9014  9071
TBILIS 2005 08 28 2  9092  9126  9097  9134  9095  9120  9059  9083  9031  9085  9022  8991
TBILIS 2005 08 29 1  8984  9020  9029  8984  9065  9064  9123  9083  9060  9128  9077  9099
TBILIS 2005 08 29 2  9128  9125  9159  9182  9158  9156  9109  9142  9117  9045  9025  9028
TBILIS 2005 08 30 1  9022  9003  9004  8963  9021  9061  9057  9063  9032  9086  9078  9125
TBILIS 2005 08 30 2  9154  9142  9122  9156  9109  9095  9036  9064  8994  9029  8973  8979
TBILIS 2005 08 31 1  8994  9018  9020  8972  9009  8983  9064  9077  9069  9038  9068  9060
TBILIS 2005 08 31 2  9069  9069  9089  9129  9212  9214  9162  9181  9213  9143  9072  9090
Cosmic-Ray Neutron Monitor Data (Hourly, Pressure-Corrected and Scale-Adjusted Counts)
Collections: WDC for Cosmic Rays, Solar-Terrestrial Environment Laboratory, Nagoya Univ.
Data Access: http://center.stelab.nagoya-u.ac.jp/WDCCR/index.html
Project: ICSU WDC
Citation: WDC for Cosmic Rays, Solar-Terrestrial Environment Laboratory, Nagoya University
Station ID: TBILIS
Station:  TBILISI,GIORGIA,INSTITUT GEOPHYSIKY (IG), GIORGIAN ACADEMY OF SCIENCES,GIORGIA 
Instrument:  18 NM-64 NEUTRON MONITOR, CORRECTED FOR PRESSURE TO 965 MB   ,COEF.=-0.690 %/MB
Latitude (deg.):   41.72  Longitude (deg.):   44.80  Altitude (m):  510.00
Cut-Off Rigidity (GV):    6.73
Year: 2005  Month:   9
Scaling Factor (SF):    64.0   Constant (CONST):     0.0  Real Counts = (DATA + CONST)*SF
Temporal Resolution: 1 hour
UTC Start Hour:     0.0
                         FILE IS PREPARED IN IZMIRAN                            
                                                        
Monthly Average:  8626.6
Updated (YYYY MM DD): 2007 02 01
*******************************************************************************************
ID     YYYY MM DD 1     0     1     2     3     4     5     6     7     8     9    10    11
ID     YYYY MM DD 2    12    13    14    15    16    17    18    19    20    21    22    23
*******************************************************************************************
TBILIS 2005 09 01 1  8806  8832  8864  8827  8840  8823  8869  8817  8830  8825  8829  8841
TBILIS 2005 09 01 2  8892  8879  8891  8921  8911  8892  8889  8882  8830  8805  8834  8801
TBILIS 2005 09 02 1  8794  8836  8790  8816  8846  8867  8826  8828  8845  8903  8895  8867
TBILIS 2005 09 02 2  8881  8890  8882  8852  8813  8811  8757  8769  8715  8659  8675  8659
TBILIS 2005 09 03 1  8667  8664  8654  8709  8728  8727  8751  8716  8705  8746  8749  8755
TBILIS 2005 09 03 2  8783  8818  8788  8792  8797  8771  8700  8729  8704  8691  8691  8665
TBILIS 2005 09 04 1  8657  8677  8641  8681  8707  8713  8753  8797  8771  8774  8747  8783
TBILIS 2005 09 04 2  8786  8831  8816  8798  8822  8771  8731  8769  8701  8671  8675  8700
TBILIS 2005 09 05 1  8663  8720  8696  8719  8694  8713  8721  8786  8746  8757  8827  8823
TBILIS 2005 09 05 2  8854  8845  8853  8780  8813  8826  8828  8725  8686  8700  8697  8686
TBILIS 2005 09 06 1  8716  8708  8729  8652  8646  8724  8718  8721  8694  8740  8767  8745
TBILIS 2005 09 06 2  8763  8797  8816  8865  8851  8863  8817  8797  8825  8782  8713  8718
TBILIS 2005 09 07 1  8684  8661  8647  8643  8668  8742  8703  8713  8732  8732  8757  8783
TBILIS 2005 09 07 2  8792  8808  8806  8833  8847  8815  8843  8807  8764  8742  8672  8691
TBILIS 2005 09 08 1  8668  8644  8697  8698  8743  8746  8812  8800  8850  8834  8821  8843
TBILIS 2005 09 08 2  8840  8818  8842  8810  8881  8881  8839  8763  8785  8735  8670  8702
TBILIS 2005 09 09 1  8679  8656  8672  8694  8726  8706  8749  8743  8757  8771  8779  8819
TBILIS 2005 09 09 2  8892  8906  8877  8872  8893  8908  8900  8867  8786  8764  8746  8672
TBILIS 2005 09 10 1  8641  8612  8649  8718  8685  8655  8716  8696  8712  8742  8752  8795
TBILIS 2005 09 10 2  8807  8754  8767  8770  8809  8779  8793  8794  8764  8743  8745  8741
TBILIS 2005 09 11 1  8687  8629  8507  8407  8356  8300  8192  8074  7970  8031  8103  8116
TBILIS 2005 09 11 2  8100  8151  8147  8194  8240  8262  8193  8228  8170  8130  8147  8154
TBILIS 2005 09 12 1  8152  8128  8161  8177  8185  8234  8207  8202  8154  8105  8102  8145
TBILIS 2005 09 12 2  8176  8198  8209  8181  8156  8071  8027  7941  7961  7995  7992  7946
TBILIS 2005 09 13 1  7891  7910  7919  7963  8008  8013  7999  8002  8033  8085  8114  8165
TBILIS 2005 09 13 2  8165  8198  8230  8234  8228  8185  8123  8068  8042  8047  8074  8068
TBILIS 2005 09 14 1  8138  8114  8126  8124  8091  8138  8105  8112  8125  8158  8197  8227
TBILIS 2005 09 14 2  8268  8310  8286  8315  8316  8345  8329  8288  8292  8323  8295  8296
TBILIS 2005 09 15 1  8295  8289  8321  8303  8268  8250  8174  8168  8176  8186  8154  8197
TBILIS 2005 09 15 2  8167  8128  8100  8165  8199  8233  8146  8081  8051  8010  7998  8038
TBILIS 2005 09 16 1  8044  8027  8083  8158  8202  8249  8289  8309  8323  8331  8358  8322
TBILIS 2005 09 16 2  8399  8373  8369  8452  8443  8405  8357  8312  8326  8337  8321  8315
TBILIS 2005 09 17 1  8297  8350  8304  8356  8335  8357  8371  8395  8407  8418  8464  8461
TBILIS 2005 09 17 2  8491  8471  8494  8487  8500  8485  8470  8513  8448  8403  8417  8426
TBILIS 2005 09 18 1  8478  8483  8500  8516  8520  8537  8557  8528  8569  8596  8601  8598
TBILIS 2005 09 18 2  8632  8627  8659  8649  8632  8607  8612  8577  8611  8539  8525  8542
TBILIS 2005 09 19 1  8521  8541  8570  8585  8577  8593  8600  8613  8638  8656  8618  8661
TBILIS 2005 09 19 2  8669  8655  8667  8665  8662  8670  8673  8606  8619  8623  8593  8605
TBILIS 2005 09 20 1  8574  8592  8626  8603  8611  8662  8637  8708  8675  8678  8712  8730
TBILIS 2005 09 20 2  8740  8768  8746  8769  8796  8790  8782  8770  8757  8727  8736  8707
TBILIS 2005 09 21 1  8665  8702  8726  8727  8748  8766  8751  8685  8681  8623  8637  8577
TBILIS 2005 09 21 2  8584  8609  8573  8571  8748  8745  8777  8762  8730  8719  8728  8682
TBILIS 2005 09 22 1  8681  8684  8691  8717  8747  8699  8746  8749  8756  8722  8724  8743
TBILIS 2005 09 22 2  8790  8791  8772  8836  8858  8748  8752  8727  8775  8618  8637  8673
TBILIS 2005 09 23 1  8698  8688  8708  8686  8702  8689  8724  8736  8723  8696  8701  8725
TBILIS 2005 09 23 2  8714  8751  8722  8771  8758  8743  8675  8708  8682  8710  8695  8689
TBILIS 2005 09 24 1  8712  8751  8706  8746  8733  8760  8713  8772  8785  8786  8773  8768
TBILIS 2005 09 24 2  8800  8797  8816  8828  8826  8796  8722  8747  8718  8717  8742  8736
TBILIS 2005 09 25 1  8737  8770  8740  8744  8766  8777  8824  8784  8771  8751  8743  8755
TBILIS 2005 09 25 2  8817  8812  8836  8804  8811  8758  8707  8666  8674  8681  8749  8704
TBILIS 2005 09 26 1  8709  8707  8766  8758  8749  8747  8785  8728  8756  8740  8719  8796
TBILIS 2005 09 26 2  8831  8844  8872  8823  8813  8827  8801  8801  8766  8754  8763  8747
TBILIS 2005 09 27 1  8761  8749  8771  8779  8746  8724  8752  8758  8774  8799  8843  8871
TBILIS 2005 09 27 2  8886  8882  8956  8950  8916  8874  8898  8865  8782  8808  8805  8804
TBILIS 2005 09 28 1  8803  8793  8812  8798  8799  8781  8808  8791  8750  8760  8803  8785
TBILIS 2005 09 28 2  8865  8881  8894  8945  8964  8928  8864  8845  8870  8822  8835  8844
TBILIS 2005 09 29 1  8804  8807  8770  8806  8816  8824  8860  8783  8783  8747  8826  8809
TBILIS 2005 09 29 2  8826  8905  8879  8873  8867  8896  8885  8817  8783  8778  8769  8734
TBILIS 2005 09 30 1  8755  8739  8708  8764  8771  8772  8778  8773  8765  8767  8772  8787
TBILIS 2005 09 30 2  8789  8825  8873  8849  8888  8819  8788  8734  8750  8745  8749  8703
TBILIS 2005 09 31 1 99999 99999 99999 99999 99999 99999 99999 99999 99999 99999 99999 99999
TBILIS 2005 09 31 2 99999 99999 99999 99999 99999 99999 99999 99999 99999 99999 99999 99999
Cosmic-Ray Neutron Monitor Data (Hourly, Pressure-Corrected and Scale-Adjusted Counts)
Collections: WDC for Cosmic Rays, Solar-Terrestrial Environment Laboratory, Nagoya Univ.
Data Access: http://center.stelab.nagoya-u.ac.jp/WDCCR/index.html
Project: ICSU WDC
Citation: WDC for Cosmic Rays, Solar-Terrestrial Environment Laboratory, Nagoya University
Station ID: TBILIS
Station:  TBILISI,GIORGIA,INSTITUT GEOPHYSIKY (IG), GIORGIAN ACADEMY OF SCIENCES,GIORGIA 
Instrument:  18 NM-64 NEUTRON MONITOR, CORRECTED FOR PRESSURE TO 965 MB   ,COEF.=-0.690 %/MB
Latitude (deg.):   41.72  Longitude (deg.):   44.80  Altitude (m):  510.00
Cut-Off Rigidity (GV):    6.73
Year: 2005  Month:  10
Scaling Factor (SF):    64.0   Constant (CONST):     0.0  Real Counts = (DATA + CONST)*SF
Temporal Resolution: 1 hour
UTC Start Hour:     0.0
                         FILE IS PREPARED IN IZMIRAN                            
                                                        
Monthly Average:  8848.0
Updated (YYYY MM DD): 2007 02 01
*******************************************************************************************
ID     YYYY MM DD 1     0     1     2     3     4     5     6     7     8     9    10    11
ID     YYYY MM DD 2    12    13    14    15    16    17    18    19    20    21    22    23
*******************************************************************************************
TBILIS 2005 10 01 1  8685  8701  8689  8686  8705  8762  8768  8800  8774  8765  8790  8827
TBILIS 2005 10 01 2  8879  8881  8903  8836  8860  8825  8812  8797  8794  8803  8754  8785
TBILIS 2005 10 02 1  8730  8740  8765  8743  8738  8764  8784  8773  8780  8769  8760  8797
TBILIS 2005 10 02 2  8759  8813  8832  8859  8880  8842  8762  8761  8762  8733  8745  8743
TBILIS 2005 10 03 1  8774  8792  8823  8811  8842  8820  8837  8814  8809  8795  8781  8798
TBILIS 2005 10 03 2  8817  8831  8889  8882  8915  8974  8889  8897  8900  8922  8890  8892
TBILIS 2005 10 04 1  8946  8938  8958  8902  8880  8900  8883  8858  8858  8900  8869  8844
TBILIS 2005 10 04 2  8927  8918  8930  8912  8903  8894  8899  8830  8853  8862  8849  8858
TBILIS 2005 10 05 1  8847  8872  8865  8815  8850  8884  8897  8865  8897  8889  8920  8929
TBILIS 2005 10 05 2  8924  8924  8953  8940  8899  8936  8939  8900  8893  8878  8893  8846
TBILIS 2005 10 06 1  8893  8828  8879  8866  8884  8852  8886  8902  8894  8876  8930  8957
TBILIS 2005 10 06 2  8900  8906  8926  8944  8917  8902  8900  8897  8842  8853  8835  8832
TBILIS 2005 10 07 1  8823  8871  8840  8847  8868  8846  8831  8953  8932  8958  8939  8942
TBILIS 2005 10 07 2  8900  8951  8940  8948  8960  8852  8868  8830  8843  8849  8871  8903
TBILIS 2005 10 08 1  8864  8808  8767  8804  8810  8799  8831  8880  8882  8884  8907  8898
TBILIS 2005 10 08 2  8916  8902  8918  8884  8844  8857  8825  8846  8839  8812  8855  8815
TBILIS 2005 10 09 1  8833  8831  8847  8855  8876  8866  8855  8885  8857  8794  8823  8829
TBILIS 2005 10 09 2  8839  8842  8839  8865  8809  8805  8770  8791  8703  8733  8728  8755
TBILIS 2005 10 10 1  8742  8732  8722  8768  8753  8762  8780  8726  8739  8755  8780  8802
TBILIS 2005 10 10 2  8804  8775  8772  8760  8804  8748  8764  8734  8719  8697  8710  8698
TBILIS 2005 10 11 1  8729  8709  8749  8754  8754  8751  8731  8773  8744  8709  8733  8726
TBILIS 2005 10 11 2  8750  8755  8780  8798  8775  8803  8756  8749  8727  8655  8671  8647
TBILIS 2005 10 12 1  8644  8683  8667  8689  8650  8709  8729  8729  8752  8760  8768  8837
TBILIS 2005 10 12 2  8777  8766  8841  8853  8824  8777  8812  8802  8758  8787  8767  8740
TBILIS 2005 10 13 1  8726  8783  8707  8720  8779  8737  8780  8744  8719  8761  8848  8851
TBILIS 2005 10 13 2  8806  8823  8764  8774  8765  8721  8748  8784  8737  8741  8739  8719
TBILIS 2005 10 14 1  8741  8717  8756  8749  8758  8767  8728  8763  8773  8778  8799  8770
TBILIS 2005 10 14 2  8727  8802  8796  8820  8789  8746  8716  8728  8694  8673  8681  8744
TBILIS 2005 10 15 1  8751  8800  8786  8800  8777  8798  8791  8809  8797  8771  8791  8899
TBILIS 2005 10 15 2  8820  8828  8833  8891  8873  8875  8938  8926  8915  8808  8795  8784
TBILIS 2005 10 16 1  8818  8806  8777  8797  8774  8777  8827  8824  8818  8837  8856  8868
TBILIS 2005 10 16 2  8857  8899  8995  8922  8957  8918  8886  8845  8805  8784  8716  8682
TBILIS 2005 10 17 1  8705  8714  8712  8710  8783  8814  8833  8884  8894  8916  8932  8919
TBILIS 2005 10 17 2  8825  8885  8891  8868  8876  8797  8774  8764  8808  8799  8829  8817
TBILIS 2005 10 18 1  8820  8832  8783  8803  8858  8858  8816  8836  8844  8864  8869  8894
TBILIS 2005 10 18 2  8867  8887  8882  8854  8845  8885  8848  8849  8863  8886  8847  8788
TBILIS 2005 10 19 1  8812  8819  8846  8826  8824  8848  8831  8825  8846  8837  8837  8869
TBILIS 2005 10 19 2  8882  8889  8881  8861  8870  8874  8895  8944  8929  8935  8961  8933
TBILIS 2005 10 20 1  8871  8848  8886  8887  8898  8923  8942  8881  8876  8902  8928  9012
TBILIS 2005 10 20 2  8981  9002  9034  9022  8962  8944  8950  8927  8942  8941  8956  8915
TBILIS 2005 10 21 1  8889  8892  8901  8890  8912  8920  8897  8906  8949  8944  8966  8960
TBILIS 2005 10 21 2  9003  9011  9012  9003  8936  8939  8919  8916  8867  8868  8854  8830
TBILIS 2005 10 22 1  8892  8862  8821  8845  8864  8877  8830  8837  8875  8862  8865  8905
TBILIS 2005 10 22 2  8922  8984  8969  8989  8939  8940  8893  8926  8860  8947  8888  8821
TBILIS 2005 10 23 1  8859  8817  8828  8833  8875  8855  8872  8844  8800  8841  8862  8853
TBILIS 2005 10 23 2  8891  8890  8887  8919  8880  8896  8853  8799  8834  8817  8845  8767
TBILIS 2005 10 24 1  8803  8801  8770  8805  8844  8770  8756  8807  8772  8792  8864  8884
TBILIS 2005 10 24 2  8906  8871  8887  8888  8896  8842  8879  8839  8879  8883  8834  8824
TBILIS 2005 10 25 1  8846  8914  8787  8821  8805  8824  8843  8853  8842  8881  8904  8914
TBILIS 2005 10 25 2  8937  8922  8976  8963  8975  8975  8978  8992  8984  8944  8885  8864
TBILIS 2005 10 26 1  8854  8864  8855  8849  8860  8900  8839  8839  8862  8849  8891  8868
TBILIS 2005 10 26 2  8925  8972  8946  8932  8941  8917  8885  8863  8880  8862  8821  8780
TBILIS 2005 10 27 1  8837  8869  8842  8872  8883  8841  8846  8791  8834  8829  8905  8893
TBILIS 2005 10 27 2  8924  8931  8918  8916  8915  8931  8881  8851  8801  8823  8787  8774
TBILIS 2005 10 28 1  8782  8836  8867  8872  8910  8916  8872  8903  8947  8930  8926  8944
TBILIS 2005 10 28 2  8959  8977  8989  8978  9006  8997  8974  8915  8914  8904  8841  8847
TBILIS 2005 10 29 1  8847  8852  8861  8888  8879  8899  8918  8913  8909  8880  8899  8957
TBILIS 2005 10 29 2  8964  8928  8968  8977  8971  8911  8898  8888  8897  8865  8845  8824
TBILIS 2005 10 30 1  8796  8808  8817  8808  8848  8891  8908  8855  8858  8852  8874  8930
TBILIS 2005 10 30 2  8943  8992  8994  8985  8940  8917  8858  8921  8915  8942  8937  8968
TBILIS 2005 10 31 1  9016  8970  8958  8939  8877  8867  8860  8867  8839  8818  8786  8798
TBILIS 2005 10 31 2  8813  8829  8900  8867  8917  8926  8878  8956  8918  8877  8887  8832
Cosmic-Ray Neutron Monitor Data (Hourly, Pressure-Corrected and Scale-Adjusted Counts)
Collections: WDC for Cosmic Rays, Solar-Terrestrial Environment Laboratory, Nagoya Univ.
Data Access: http://center.stelab.nagoya-u.ac.jp/WDCCR/index.html
Project: ICSU WDC
Citation: WDC for Cosmic Rays, Solar-Terrestrial Environment Laboratory, Nagoya University
Station ID: TBILIS
Station:  TBILISI,GIORGIA,INSTITUT GEOPHYSIKY (IG), GIORGIAN ACADEMY OF SCIENCES,GIORGIA 
Instrument:  18 NM-64 NEUTRON MONITOR, CORRECTED FOR PRESSURE TO 965 MB   ,COEF.=-0.690 %/MB
Latitude (deg.):   41.72  Longitude (deg.):   44.80  Altitude (m):  510.00
Cut-Off Rigidity (GV):    6.73
Year: 2005  Month:  11
Scaling Factor (SF):    64.0   Constant (CONST):     0.0  Real Counts = (DATA + CONST)*SF
Temporal Resolution: 1 hour
UTC Start Hour:     0.0
                         FILE IS PREPARED IN IZMIRAN                            
                                                        
Monthly Average:  8881.8
Updated (YYYY MM DD): 2007 02 01
*******************************************************************************************
ID     YYYY MM DD 1     0     1     2     3     4     5     6     7     8     9    10    11
ID     YYYY MM DD 2    12    13    14    15    16    17    18    19    20    21    22    23
*******************************************************************************************
TBILIS 2005 11 01 1  8835  8880  8841  8847  8869  8887  8912  8878  8922  8889  8872  8874
TBILIS 2005 11 01 2  8911  8874  8904  8968  8906  8868  8839  8801  8796  8827  8813  8765
TBILIS 2005 11 02 1  8814  8787  8813  8836  8870  8882  8895  8851  8837  8822  8827  8849
TBILIS 2005 11 02 2  8914  8852  8877  8854  8866  8825  8819  8792  8719  8721  8686  8660
TBILIS 2005 11 03 1  8650  8696  8718  8714  8791  8757  8789  8807  8789  8805  8809  8870
TBILIS 2005 11 03 2  8877  8889  8902  8870  8825  8798  8803  8845  8807  8811  8764  8770
TBILIS 2005 11 04 1  8794  8765  8791  8804  8812  8891  8979  8889  8862  8918  8914  8929
TBILIS 2005 11 04 2  8942  8930  8919  8945  8957  8970  8949  8874  8873  8860  8864  8886
TBILIS 2005 11 05 1  8861  8873  8854  8867  8889  8887  8915  8928  8981  8989  9004  8981
TBILIS 2005 11 05 2  8941  8943  8932  8928  8917  8943  8894  8855  8896  8891  8872  8851
TBILIS 2005 11 06 1  8881  8877  8868  8858  8856  8822  8838  8891  8888  8922  8923  8886
TBILIS 2005 11 06 2  8848  8851  8885  8867  8824  8830  8813  8793  8766  8739  8745  8780
TBILIS 2005 11 07 1  8750  8716  8765  8771  8813  8807  8834  8889  8901  8886  8911  8929
TBILIS 2005 11 07 2  8890  8845  8864  8858  8874  8857  8838  8864  8806  8811  8823  8844
TBILIS 2005 11 08 1  8854  8799  8811  8850  8850  8870  8889  8920  8902  8924  8885  8913
TBILIS 2005 11 08 2  8917  8903  8882  8858  8852  8863  8849  8849  8852  8862  8855  8840
TBILIS 2005 11 09 1  8869  8889  8847  8865  8858  8879  8884  8914  8909  8918  8896  8919
TBILIS 2005 11 09 2  8898  8882  8881  8832  8902  8870  8868  8901  8866  8857  8917  8856
TBILIS 2005 11 10 1  8857  8917  8882  8922  8904  8924  8914  8913  8911  8923  8919  8906
TBILIS 2005 11 10 2  8905  8882  8888  8893  8821  8833  8874  8875  8856  8825  8852  8816
TBILIS 2005 11 11 1  8844  8831  8837  8878  8871  8858  8923  8907  8907  8909  8909  8865
TBILIS 2005 11 11 2  8911  8879  8904  8881  8860  8859  8870  8853  8834  8839  8812  8830
TBILIS 2005 11 12 1  8861  8812  8860  8867  8858  8849  8913  8941  8927  8998  8949  8993
TBILIS 2005 11 12 2  8986  8983  8962  8931  8941  8930  8906  8928  8909  8895  8888  8887
TBILIS 2005 11 13 1  8871  8849  8871  8926  8879  8924  8861  8869  8908  8933  8952  8958
TBILIS 2005 11 13 2  9003  8928  8939  8996  8968  8948  8915  8908  8881  8861  8854  8872
TBILIS 2005 11 14 1  8844  8857  8859  8866  8910  8910  8926  8964  8961  8958  9014  8960
TBILIS 2005 11 14 2  8963  8984  8991  8912  8951  8936  8933  8910  8914  8904  8867  8884
TBILIS 2005 11 15 1  8913  8907  8896  8902  8883  8887  8933  8933  8915  8982  8931  8965
TBILIS 2005 11 15 2  8944  8899  8908  8913  8904  8850  8868  8832  8838  8828  8847  8857
TBILIS 2005 11 16 1  8854  8871  8834  8864  8874  8896  8898  8888  8894  8921  8902  8941
TBILIS 2005 11 16 2  8929  8922  8942  8887  8894  8855  8892  8913  8902  8925  8873  8866
TBILIS 2005 11 17 1  8891  8878  8854  8881  8861  8884  8915  8947  8992  8962  8946  8938
TBILIS 2005 11 17 2  8882  8907  8894  8831  8881  8845  8833  8812  8835  8807  8823  8776
TBILIS 2005 11 18 1  8763  8790  8809  8842  8820  8855  8896  8949  8940  8933  8954  8960
TBILIS 2005 11 18 2  8956  8924  8908  8936  8894  8947  8893  8885  8859  8833  8826  8852
TBILIS 2005 11 19 1  8859  8851  8898  8871  8928  8896  8940  8903  8956  8923  8928  8903
TBILIS 2005 11 19 2  8873  8879  8855  8885  8900  8885  8832  8858  8807  8819  8821  8798
TBILIS 2005 11 20 1  8762  8775  8759  8777  8750  8808  8887  8873  8906  8948  8957  8932
TBILIS 2005 11 20 2  8926  8923  8922  8902  8908  8921  8923  8878  8827  8859  8878  8848
TBILIS 2005 11 21 1  8846  8836  8822  8883  8886  8905  8919  8957  8938  8934  8941  8914
TBILIS 2005 11 21 2  8907  8933  8915  8902  8922  8917  8896  8855  8850  8879  8875  8901
TBILIS 2005 11 22 1  8916  8898  8878  8823  8852  8822  8815  8858  8892  8912  8919  8944
TBILIS 2005 11 22 2  8955  8940  8927  8929  8948  8916  8891  8936  8956  8982  8976  8965
TBILIS 2005 11 23 1  8898  8904  8913  8927  8941  8925  8923  8907  8906  8927  8877  8909
TBILIS 2005 11 23 2  8889  8874  8830  8773  8837  8839  8842  8784  8791  8822  8795  8852
TBILIS 2005 11 24 1  8848  8881  8891  8864  8937  8953  8915  8949  8913  8928  8979  8924
TBILIS 2005 11 24 2  8956  8945  8908  8884  8886  8880  8834  8822  8826  8817  8848  8812
TBILIS 2005 11 25 1  8822  8860  8847  8876  8835  8848  8875  8880  8896  8941  8921  8899
TBILIS 2005 11 25 2  8912  8877  8903  8884  8866  8896  8862  8866  8913  8868  8849  8901
TBILIS 2005 11 26 1  8901  8887  8898  8902  8869  8893  8842  8889  8847  8888  8917  8916
TBILIS 2005 11 26 2  8905  8882  8886  8870  8885  8886  8889  8883  8869  8865  8842  8807
TBILIS 2005 11 27 1  8795  8794  8843  8867  8828  8828  8867  8877  8900  8928  8891  8910
TBILIS 2005 11 27 2  8910  8915  8885  8895  8911  8949  8900  8930  8878  8860  8852  8836
TBILIS 2005 11 28 1  8849  8903  8862  8904  8862  8897  8925  8992  8958  8947  8949  8928
TBILIS 2005 11 28 2  8954  8921  8939  8899  8968  8941  8963  8916  8876  8867  8876  8865
TBILIS 2005 11 29 1  8886  8885  8900  8870  8861  8877  8905  8909  8944  8990  8987  8988
TBILIS 2005 11 29 2  8961  8980  8968  8965  8965  8957  8977  8957  8932  8945  8955  8870
TBILIS 2005 11 30 1  8804  8845  8907  8929  8852  8875  8890  8929  8901  8937  8919  8923
TBILIS 2005 11 30 2  8957  8955  8902  8879  8892  8864  8857  8835  8829  8835  8813  8727
TBILIS 2005 11 31 1 99999 99999 99999 99999 99999 99999 99999 99999 99999 99999 99999 99999
TBILIS 2005 11 31 2 99999 99999 99999 99999 99999 99999 99999 99999 99999 99999 99999 99999
Cosmic-Ray Neutron Monitor Data (Hourly, Pressure-Corrected and Scale-Adjusted Counts)
Collections: WDC for Cosmic Rays, Solar-Terrestrial Environment Laboratory, Nagoya Univ.
Data Access: http://center.stelab.nagoya-u.ac.jp/WDCCR/index.html
Project: ICSU WDC
Citation: WDC for Cosmic Rays, Solar-Terrestrial Environment Laboratory, Nagoya University
Station ID: TBILIS
Station:  TBILISI,GIORGIA,INSTITUT GEOPHYSIKY (IG), GIORGIAN ACADEMY OF SCIENCES,GIORGIA 
Instrument:  18 NM-64 NEUTRON MONITOR, CORRECTED FOR PRESSURE TO 965 MB   ,COEF.=-0.690 %/MB
Latitude (deg.):   41.72  Longitude (deg.):   44.80  Altitude (m):  510.00
Cut-Off Rigidity (GV):    6.73
Year: 2005  Month:  12
Scaling Factor (SF):    64.0   Constant (CONST):     0.0  Real Counts = (DATA + CONST)*SF
Temporal Resolution: 1 hour
UTC Start Hour:     0.0
                         FILE IS PREPARED IN IZMIRAN                            
                                                        
Monthly Average:  8874.6
Updated (YYYY MM DD): 2007 02 01
*******************************************************************************************
ID     YYYY MM DD 1     0     1     2     3     4     5     6     7     8     9    10    11
ID     YYYY MM DD 2    12    13    14    15    16    17    18    19    20    21    22    23
*******************************************************************************************
TBILIS 2005 12 01 1  8765  8793  8815  8820  8831  8849  8866  8925  8904  8942  8947  8955
TBILIS 2005 12 01 2  8944  8919  8900  8881  8855  8882  8837  8836  8871  8862  8818  8878
TBILIS 2005 12 02 1  8859  8876  8873  8888  8855  8908  8945  8904  8928  8932  8961  8927
TBILIS 2005 12 02 2  8970  8917  8922  8914  8906  8885  8895  8872  8862  8859  8832  8825
TBILIS 2005 12 03 1  8831  8816  8782  8824  8823  8847  8878  8877  8879  8915  8922  8882
TBILIS 2005 12 03 2  8842  8839  8810  8812  8766  8778  8793  8784  8824  8841  8808  8781
TBILIS 2005 12 04 1  8750  8724  8744  8755  8768  8739  8818  8853  8875  8858  8866  8864
TBILIS 2005 12 04 2  8866  8798  8799  8815  8822  8781  8795  8814  8805  8851  8776  8775
TBILIS 2005 12 05 1  8762  8786  8842  8830  8829  8859  8903  8900  8933  8960  8930  8967
TBILIS 2005 12 05 2  8911  8906  8881  8857  8930  8855  8856  8845  8866  8866  8841  8823
TBILIS 2005 12 06 1  8829  8837  8853  8885  8904  8875  8870  8890  8950  8900  8918  8936
TBILIS 2005 12 06 2  8888  8898  8858  8832  8728  8708  8750  8707  8736  8796  8744  8733
TBILIS 2005 12 07 1  8759  8774  8741  8768  8788  8827  8848  8851  8859  8859  8876  8834
TBILIS 2005 12 07 2  8842  8804  8848  8854  8850  8862  8852  8810  8827  8792  8813  8819
TBILIS 2005 12 08 1  8885  8871  8835  8877  8884  8901  8886  8915  8935  8969  9004  8994
TBILIS 2005 12 08 2  8997  8988  8939  8927  8875  8907  8909  8900  8924  8935  8872  8887
TBILIS 2005 12 09 1  8904  8929  8960  8953  8936  8956  8907  8899  8910  8920  8903  8937
TBILIS 2005 12 09 2  8910  8906  8917  8840  8835  8829  8850  8813  8868  8902  8908  8937
TBILIS 2005 12 10 1  8890  8908  8914  8949  8932  8937  8940  8917  8896  8923  8869  8857
TBILIS 2005 12 10 2  8929  8852  8818  8864  8767  8810  8794  8789  8790  8787  8765  8769
TBILIS 2005 12 11 1  8727  8770  8835  8860  8868  8885  8877  8875  8930  8958  8975  8968
TBILIS 2005 12 11 2  8927  8918  8905  8908  8926  8933  8966  8897  8919  8844  8856  8864
TBILIS 2005 12 12 1  8861  8866  8840  8824  8889  8838  8846  8872  8935  8929  8930  8902
TBILIS 2005 12 12 2  8942  8914  8859  8893  8901  8902  8865  8886  8880  8876  8901  8848
TBILIS 2005 12 13 1  8858  8903  8874  8850  8875  8862  8919  8902  8943  9004  8942  8939
TBILIS 2005 12 13 2  8906  8905  8916  8918  8898  8938  8915  8929  8904  8898  8887  8854
TBILIS 2005 12 14 1  8884  8859  8857  8856  8849  8903  8921  8931  8940  8943  8961  8983
TBILIS 2005 12 14 2  8959  8893  8943  8923  8889  8935  8897  8875  8931  8844  8840  8799
TBILIS 2005 12 15 1  8818  8829  8844  8828  8811  8844  8880  8905  8910  8920  8965  9004
TBILIS 2005 12 15 2  8984  9019  8995  8973  8931  8930  8921  8916  8821  8848  8833  8863
TBILIS 2005 12 16 1  8852  8830  8855  8857  8836  8886  8902  8910  8984  9022  9000  8969
TBILIS 2005 12 16 2  8974  8962  9030  9008  8968  8992  8921  8912  8943  8861  8867  8856
TBILIS 2005 12 17 1  8857  8904  8863  8891  8949  8914  8946  8902  8905  8872  8910  8853
TBILIS 2005 12 17 2  8819  8862  8868  8854  8835  8836  8833  8849  8848  8824  8789  8803
TBILIS 2005 12 18 1  8795  8804  8857  8824  8825  8839  8837  8856  8854  8876  8863  8823
TBILIS 2005 12 18 2  8829  8857  8833  8856  8841  8808  8829  8823  8835  8822  8801  8782
TBILIS 2005 12 19 1  8800  8811  8792  8847  8837  8812  8903  8885  8867  8950  8912  8910
TBILIS 2005 12 19 2  8907  8917  8957  8900  8898  8952  8969  8898  8940  8932  8873  8892
TBILIS 2005 12 20 1  8861  8884  8894  8887  8885  8855  8841  8826  8843  8879  8885  8929
TBILIS 2005 12 20 2  8868  8908  8850  8872  8858  8898  8878  8864  8892  8904  8896  8912
TBILIS 2005 12 21 1  8827  8844  8816  8843  8847  8856  8882  8886  8869  8892  8884  8880
TBILIS 2005 12 21 2  8890  8909  8920  8940  8941  8924  8909  8859  8863  8832  8848  8845
TBILIS 2005 12 22 1  8838  8892  8908  8863  8859  8850  8859  8853  8894  8880  8908  8910
TBILIS 2005 12 22 2  8865  8885  8895  8859  8859  8855  8875  8864  8879  8914  8872  8899
TBILIS 2005 12 23 1  8928  8930  8929  8921  8919  8944  8904  8921  8881  8926  8943  8930
TBILIS 2005 12 23 2  8939  8932  8940  8946  8953  8908  8909  8913  8872  8846  8869  8895
TBILIS 2005 12 24 1  8895  8915  8893  8838  8840  8869  8874  8905  8949  8906  8922  8906
TBILIS 2005 12 24 2  8933  8905  8907  8888  8891  8877  8841  8864  8877  8891  8896  8862
TBILIS 2005 12 25 1  8893  8869  8888  8867  8886  8861  8879  8866  8869  8872  8899  8911
TBILIS 2005 12 25 2  8889  8934  8950  8934  8946  8959  8918  8959  8927  8926  8925  8976
TBILIS 2005 12 26 1  8962  8896  8938  8927  8941  8972  8947  8966  8978  8955  8990  8991
TBILIS 2005 12 26 2  9008  8927  8900  8912  8906  8871  8880  8869  8859  8903  8886  8908
TBILIS 2005 12 27 1  8880  8859  8853  8859  8876  8895  8886  8942  8916  8908  8911  8929
TBILIS 2005 12 27 2  8919  8891  8892  8929  8923  8922  8894  8804  8840  8829  8823  8778
TBILIS 2005 12 28 1  8785  8804  8765  8791  8794  8823  8862  8828  8870  8914  8927  8942
TBILIS 2005 12 28 2  8955  8916  8926  8913  8863  8861  8858  8817  8831  8856  8826  8813
TBILIS 2005 12 29 1  8769  8834  8833  8806  8790  8829  8849  8844  8872  8908  8937  8904
TBILIS 2005 12 29 2  8893  8891  8856  8821  8802  8801  8785  8806  8821  8804  8800  8817
TBILIS 2005 12 30 1  8759  8789  8789  8759  8761  8839  8841  8828  8862  8904  8910  8869
TBILIS 2005 12 30 2  8858  8852  8881  8842  8838  8804  8799  8772  8805  8768  8769  8768
TBILIS 2005 12 31 1  8822  8821  8849  8863  8846  8900  8905  8903  8906  8883  8837  8842
TBILIS 2005 12 31 2  8810  8792  8777  8786  8853  8855  8825  8827  8846  8823  8843  8784
