Cosmic-Ray Neutron Monitor Data (Hourly, Pressure-Corrected and Scale-Adjusted Counts)
Collections: WDC for Cosmic Rays, Solar-Terrestrial Environment Laboratory, Nagoya Univ.
Data Access: http://center.stelab.nagoya-u.ac.jp/WDCCR/index.html
Project: ICSU WDC
Citation: WDC for Cosmic Rays, Solar-Terrestrial Environment Laboratory, Nagoya University
Station ID: TBILIS
Station:  TBILISI,GIORGIA,INSTITUT GEOPHYSIKY (IG), GIORGIAN ACADEMY OF SCIENCES,GIORGIA 
Instrument:  18 NM-64 NEUTRON MONITOR, CORRECTED FOR PRESSURE TO 965 MB   ,COEF.=-0.690 %/MB
Latitude (deg.):   41.72  Longitude (deg.):   44.80  Altitude (m):  510.00
Cut-Off Rigidity (GV):    6.73
Year: 2003  Month:   1
Scaling Factor (SF):    64.0   Constant (CONST):     0.0  Real Counts = (DATA + CONST)*SF
Temporal Resolution: 1 hour
UTC Start Hour:     0.0
                         FILE IS PREPARED IN IZMIRAN                            
                                                        
Monthly Average:  8561.1
Updated (YYYY MM DD): 2004 11 17
*******************************************************************************************
ID     YYYY MM DD 1     0     1     2     3     4     5     6     7     8     9    10    11
ID     YYYY MM DD 2    12    13    14    15    16    17    18    19    20    21    22    23
*******************************************************************************************
TBILIS 2003 01 01 1  8540  8545  8500  8524  8499  8501  8552  8582  8568  8577  8569  8551
TBILIS 2003 01 01 2  8534  8549  8571  8544  8563  8553  8569  8584  8576  8579  8569  8549
TBILIS 2003 01 02 1  8528  8567  8559  8541  8521  8575  8536  8577  8623  8655  8641  8635
TBILIS 2003 01 02 2  8606  8617  8613  8624  8631  8617  8656  8575  8566  8559  8564  8528
TBILIS 2003 01 03 1  8531  8536  8542  8525  8547  8532  8513  8521  8552  8574  8573  8565
TBILIS 2003 01 03 2  8555  8548  8540  8559  8557  8588  8577  8571  8597  8575  8566  8550
TBILIS 2003 01 04 1  8548  8535  8562  8574  8563  8551  8553  8582  8604 99999 99999 99999
TBILIS 2003 01 04 2 99999 99999 99999  8573  8580  8581  8643  8614  8564  8591  8591  8562
TBILIS 2003 01 05 1  8554  8578  8591  8567  8582  8555  8566  8575  8586  8611  8596  8593
TBILIS 2003 01 05 2  8588  8558  8561  8574  8520  8546  8541  8542  8551  8514  8510  8506
TBILIS 2003 01 06 1  8515  8519  8521  8504  8525  8538  8530  8589  8563  8576  8593  8533
TBILIS 2003 01 06 2  8570  8628  8547  8562  8574  8603  8599  8571  8562  8602  8572  8541
TBILIS 2003 01 07 1  8579  8578  8571  8582  8549  8566  8613  8562  8567  8525  8437  8473
TBILIS 2003 01 07 2  8556  8569  8544  8578  8603  8644  8584  8614  8570  8572  8580  8595
TBILIS 2003 01 08 1  8604  8603  8585  8555  8597  8581  8583  8548  8587  8597  8609  8626
TBILIS 2003 01 08 2  8611  8605  8596  8619  8644  8649  8640  8635  8676  8681  8668  8638
TBILIS 2003 01 09 1  8658  8638  8629  8612  8590  8566  8592  8596  8581  8589  8648  8633
TBILIS 2003 01 09 2  8654  8631  8588  8546  8558  8503  8492  8550  8458  8459  8458  8459
TBILIS 2003 01 10 1  8430  8393  8398  8426  8418  8446  8396  8415  8473  8523  8480  8449
TBILIS 2003 01 10 2  8474  8470  8447  8503  8522  8503  8486  8500  8523  8481  8506  8473
TBILIS 2003 01 11 1  8498  8513  8527  8524  8543  8516  8496  8548  8562  8583  8602  8571
TBILIS 2003 01 11 2  8582  8553  8615  8573  8585  8589  8591  8589  8554  8562  8536  8535
TBILIS 2003 01 12 1  8555  8520  8550  8531  8525  8517  8624  8595  8562  8558  8567  8557
TBILIS 2003 01 12 2  8572  8587  8612  8635  8606  8590  8635  8591  8594  8597  8550  8549
TBILIS 2003 01 13 1  8543  8577  8571  8543  8568  8546  8573  8560  8628  8595  8634  8592
TBILIS 2003 01 13 2  8603  8663  8669  8615  8635  8613  8610  8611  8563  8563  8603  8568
TBILIS 2003 01 14 1  8541  8579  8569  8584  8588  8595  8557  8574  8609  8601  8624  8567
TBILIS 2003 01 14 2  8585  8565  8543  8600  8578  8555  8554  8549  8512  8551  8534  8504
TBILIS 2003 01 15 1  8534  8511  8499  8546  8583  8562  8563  8595  8674  8639  8625  8641
TBILIS 2003 01 15 2  8634  8612  8625  8616  8646  8609  8599  8624  8598  8623  8596  8573
TBILIS 2003 01 16 1  8601  8637  8615  8626  8568  8613  8578  8593  8670  8708  8648  8652
TBILIS 2003 01 16 2  8681  8679  8667  8652  8583  8638  8607  8649  8655  8626  8611  8638
TBILIS 2003 01 17 1  8634  8666  8633  8625  8610  8594  8652  8653  8653  8688  8699  8728
TBILIS 2003 01 17 2  8734  8719  8710  8748  8739  8732  8686  8685  8651  8708  8674  8639
TBILIS 2003 01 18 1  8664  8650  8642  8644  8638  8645  8646  8619  8634  8642  8659  8650
TBILIS 2003 01 18 2  8691  8688  8651  8621  8623  8633  8663  8661  8565  8617  8565  8564
TBILIS 2003 01 19 1  8541  8565  8555  8540  8571  8583  8575  8550  8543  8542  8573  8622
TBILIS 2003 01 19 2  8635  8652  8704  8714  8683  8684  8689  8704  8686  8683  8690  8699
TBILIS 2003 01 20 1  8693  8701  8733  8739  8732  8708  8642  8603  8597  8590  8584  8609
TBILIS 2003 01 20 2  8584  8540  8604  8643  8665  8671  8680  8649  8595  8621  8586  8595
TBILIS 2003 01 21 1  8632  8610  8631  8580  8562  8587  8631  8585  8581  8604  8602  8582
TBILIS 2003 01 21 2  8537  8533  8573  8592  8596  8598  8543  8558  8583  8572  8569  8591
TBILIS 2003 01 22 1  8549  8558  8530  8489  8510  8527  8535  8475  8492  8465  8492  8459
TBILIS 2003 01 22 2  8427  8450  8542  8554  8554  8532  8569  8536  8515  8489  8494  8545
TBILIS 2003 01 23 1  8518  8493  8503  8519  8531  8539  8495  8475  8509  8522  8509  8493
TBILIS 2003 01 23 2  8535  8497  8529  8543  8567  8541  8546  8525  8534  8516  8510  8466
TBILIS 2003 01 24 1  8501  8469  8502  8473  8459  8421  8434  8455  8496  8521  8528  8476
TBILIS 2003 01 24 2  8501  8541  8511  8503  8491  8486  8503  8490  8473  8504  8468  8489
TBILIS 2003 01 25 1  8504  8489  8487  8465  8448  8479  8468  8506  8509  8504  8457  8438
TBILIS 2003 01 25 2  8520  8506  8520  8516  8506  8510  8540  8543  8556  8580  8558  8579
TBILIS 2003 01 26 1  8563  8545  8555  8568  8570  8551  8562  8574  8539  8459  8402  8435
TBILIS 2003 01 26 2  8504  8519  8571  8539  8580  8575  8528  8517  8488  8453  8450  8440
TBILIS 2003 01 27 1  8435  8472  8475  8462  8465  8425  8410  8391  8369  8362  8372  8347
TBILIS 2003 01 27 2  8384  8366  8361  8380  8441  8454  8466  8488  8486  8513  8512  8550
TBILIS 2003 01 28 1  8508  8539  8465  8507  8501  8491  8464  8493  8515  8481  8488  8437
TBILIS 2003 01 28 2  8470  8467  8494  8467  8508  8530  8552  8570  8549  8515  8529  8498
TBILIS 2003 01 29 1  8522  8527  8523  8513  8474  8520  8512  8512  8546  8525  8553  8522
TBILIS 2003 01 29 2  8482  8470  8482  8488  8504  8537  8504  8527  8550  8563  8545  8609
TBILIS 2003 01 30 1  8569  8555  8503  8507  8523  8519  8570  8542  8561  8581  8553  8548
TBILIS 2003 01 30 2  8523  8548 99999 99999 99999 99999 99999 99999 99999 99999 99999 99999
TBILIS 2003 01 31 1 99999 99999 99999 99999 99999 99999 99999 99999 99999 99999  8531  8510
TBILIS 2003 01 31 2  8563  8562  8528  8543  8572  8589  8585  8554  8520  8550  8526  8583
Cosmic-Ray Neutron Monitor Data (Hourly, Pressure-Corrected and Scale-Adjusted Counts)
Collections: WDC for Cosmic Rays, Solar-Terrestrial Environment Laboratory, Nagoya Univ.
Data Access: http://center.stelab.nagoya-u.ac.jp/WDCCR/index.html
Project: ICSU WDC
Citation: WDC for Cosmic Rays, Solar-Terrestrial Environment Laboratory, Nagoya University
Station ID: TBILIS
Station:  TBILISI,GIORGIA,INSTITUT GEOPHYSIKY (IG), GIORGIAN ACADEMY OF SCIENCES,GIORGIA 
Instrument:  18 NM-64 NEUTRON MONITOR, CORRECTED FOR PRESSURE TO 965 MB   ,COEF.=-0.690 %/MB
Latitude (deg.):   41.72  Longitude (deg.):   44.80  Altitude (m):  510.00
Cut-Off Rigidity (GV):    6.73
Year: 2003  Month:   2
Scaling Factor (SF):    64.0   Constant (CONST):     0.0  Real Counts = (DATA + CONST)*SF
Temporal Resolution: 1 hour
UTC Start Hour:     0.0
                         FILE IS PREPARED IN IZMIRAN                            
                                                        
Monthly Average:  8608.4
Updated (YYYY MM DD): 2004 11 17
*******************************************************************************************
ID     YYYY MM DD 1     0     1     2     3     4     5     6     7     8     9    10    11
ID     YYYY MM DD 2    12    13    14    15    16    17    18    19    20    21    22    23
*******************************************************************************************
TBILIS 2003 02 01 1  8617  8579  8575  8599  8611  8630  8668  8688  8671  8693  8687  8644
TBILIS 2003 02 01 2  8655  8589  8578  8613  8564  8569  8490  8454  8421  8453  8484  8454
TBILIS 2003 02 02 1  8505  8460  8448  8472  8394  8396  8428  8446  8414  8438  8491  8462
TBILIS 2003 02 02 2  8462  8498  8532  8533  8600  8586  8580  8610  8599  8607  8537  8483
TBILIS 2003 02 03 1  8527  8477  8486  8474  8500  8519  8495  8453  8451  8454  8506  8495
TBILIS 2003 02 03 2  8498  8527  8558  8574  8551  8549  8526  8563  8564  8579  8526  8534
TBILIS 2003 02 04 1  8490  8540  8567  8552  8595  8622  8602  8625  8708  8694  8691  8692
TBILIS 2003 02 04 2  8660  8652  8655  8591  8610  8613  8637  8584  8626  8632  8585  8574
TBILIS 2003 02 05 1  8593  8575  8617  8616  8569  8585  8601  8613  8591  8621  8637  8626
TBILIS 2003 02 05 2  8648  8583  8644  8639  8596  8610  8630  8628  8608  8576  8576  8577
TBILIS 2003 02 06 1  8542  8545  8554  8546  8549  8581  8600  8630  8602  8659  8670  8667
TBILIS 2003 02 06 2  8694  8701  8690  8710  8723  8736  8759  8730  8724  8729  8729  8725
TBILIS 2003 02 07 1  8709  8702  8679  8678  8658  8656  8641  8678  8696  8696  8671  8704
TBILIS 2003 02 07 2  8742  8718  8682  8714  8695  8713  8735  8720  8731  8718  8728  8703
TBILIS 2003 02 08 1  8700  8739  8713  8725  8721  8689  8684  8713  8719  8729  8695  8719
TBILIS 2003 02 08 2  8750  8752  8748  8729  8732  8763  8754  8735  8704  8664  8695  8689
TBILIS 2003 02 09 1  8685  8671  8680  8701  8684  8708  8713  8767  8782  8781  8796  8781
TBILIS 2003 02 09 2  8800  8763  8797  8829  8786  8808  8818  8808  8776  8790  8767  8783
TBILIS 2003 02 10 1  8743  8778  8755  8715  8702  8713  8727  8695  8711  8761  8789  8745
TBILIS 2003 02 10 2  8712  8701  8722  8725  8733  8720  8711  8663  8639  8668  8655  8643
TBILIS 2003 02 11 1  8641  8643  8589  8580  8601  8567  8615  8598  8623  8623  8649  8682
TBILIS 2003 02 11 2  8700  8711  8687  8690  8736  8727  8714  8656  8672  8667  8608  8651
TBILIS 2003 02 12 1  8599  8567  8571  8581  8552  8598  8575  8601  8603  8618  8600  8631
TBILIS 2003 02 12 2  8656  8642  8616  8577  8615  8620  8631  8614  8596  8650  8598  8675
TBILIS 2003 02 13 1  8678  8670  8621  8621  8617  8572  8594  8583  8588  8572  8558  8579
TBILIS 2003 02 13 2  8590  8598  8607  8629  8620  8635  8607  8620  8623  8632  8683  8688
TBILIS 2003 02 14 1  8685  8681  8673  8657  8668  8618  8588  8588  8590  8615  8596  8605
TBILIS 2003 02 14 2  8652  8627  8612  8594  8580  8578  8524  8527  8508  8524  8511  8528
TBILIS 2003 02 15 1  8490  8553  8499  8524  8529  8542  8576  8550  8593  8608  8641  8637
TBILIS 2003 02 15 2  8639  8626  8621  8606  8603  8590  8588  8574  8544  8540  8561  8542
TBILIS 2003 02 16 1  8563  8574  8576  8537  8569  8579  8619  8589  8599  8596  8590  8645
TBILIS 2003 02 16 2  8641  8650  8629  8565  8577  8596  8567  8586  8546  8567  8536  8532
TBILIS 2003 02 17 1  8555  8533  8525  8542  8518  8549  8561  8510  8560  8538  8596  8620
TBILIS 2003 02 17 2  8564  8598  8583  8605  8571  8590  8560  8545  8545  8513  8485  8523
TBILIS 2003 02 18 1  8531  8552  8542  8575  8519  8482  8417  8417  8411  8484  8527  8552
TBILIS 2003 02 18 2  8538  8500  8511  8528  8548  8550  8496  8489  8539  8560  8534  8538
TBILIS 2003 02 19 1  8528  8504  8478  8524  8495  8436  8451  8424  8468  8497  8484  8494
TBILIS 2003 02 19 2  8493  8480  8505 99999 99999 99999 99999 99999 99999 99999 99999 99999
TBILIS 2003 02 20 1 99999 99999 99999 99999 99999 99999 99999 99999 99999 99999 99999 99999
TBILIS 2003 02 20 2 99999  8583  8587  8589  8604  8565  8514  8526  8518  8513  8504  8503
TBILIS 2003 02 21 1  8525  8537  8518  8535  8519  8440  8461  8471  8442  8468  8488  8511
TBILIS 2003 02 21 2  8561  8525  8503  8521  8551  8576  8540  8591  8599  8625  8632  8615
TBILIS 2003 02 22 1  8592  8612  8605  8548  8479  8452  8481  8463  8448  8518  8526  8506
TBILIS 2003 02 22 2  8492  8537  8551  8489  8488  8491  8446  8465  8466 99999 99999 99999
TBILIS 2003 02 23 1 99999 99999 99999 99999 99999  8529  8490  8521  8519  8519  8546  8569
TBILIS 2003 02 23 2  8571  8605  8630  8579  8576  8584  8608  8549  8557  8558  8562  8562
TBILIS 2003 02 24 1  8613  8650  8641  8669  8631  8604  8582  8586  8595  8605  8560  8576
TBILIS 2003 02 24 2  8603  8601  8627  8600  8623  8630  8641  8677  8692  8678  8681  8604
TBILIS 2003 02 25 1  8637  8592  8648  8610  8621  8618  8644  8632  8638  8667  8663  8650
TBILIS 2003 02 25 2  8682  8646  8596  8550  8591  8574  8590  8579  8557  8577  8561  8580
TBILIS 2003 02 26 1  8577  8595  8595  8669  8628  8600  8565  8600  8623  8656  8718  8701
TBILIS 2003 02 26 2  8711  8716  8664  8616  8620  8620  8603  8636  8601  8602  8639  8622
TBILIS 2003 02 27 1  8649  8651  8684  8645  8655  8674  8704  8702  8711  8730  8747  8775
TBILIS 2003 02 27 2  8780  8727  8739  8691  8692  8695  8718  8689  8667  8702  8668  8626
TBILIS 2003 02 28 1  8645  8641  8630  8626  8629  8620  8659  8686  8687  8697  8689  8694
TBILIS 2003 02 28 2  8718  8673  8680  8653  8639  8665  8670  8694  8683  8670  8661  8683
TBILIS 2003 02 29 1 99999 99999 99999 99999 99999 99999 99999 99999 99999 99999 99999 99999
TBILIS 2003 02 29 2 99999 99999 99999 99999 99999 99999 99999 99999 99999 99999 99999 99999
TBILIS 2003 02 30 1 99999 99999 99999 99999 99999 99999 99999 99999 99999 99999 99999 99999
TBILIS 2003 02 30 2 99999 99999 99999 99999 99999 99999 99999 99999 99999 99999 99999 99999
TBILIS 2003 02 31 1 99999 99999 99999 99999 99999 99999 99999 99999 99999 99999 99999 99999
TBILIS 2003 02 31 2 99999 99999 99999 99999 99999 99999 99999 99999 99999 99999 99999 99999
Cosmic-Ray Neutron Monitor Data (Hourly, Pressure-Corrected and Scale-Adjusted Counts)
Collections: WDC for Cosmic Rays, Solar-Terrestrial Environment Laboratory, Nagoya Univ.
Data Access: http://center.stelab.nagoya-u.ac.jp/WDCCR/index.html
Project: ICSU WDC
Citation: WDC for Cosmic Rays, Solar-Terrestrial Environment Laboratory, Nagoya University
Station ID: TBILIS
Station:  TBILISI,GIORGIA,INSTITUT GEOPHYSIKY (IG), GIORGIAN ACADEMY OF SCIENCES,GIORGIA 
Instrument:  18 NM-64 NEUTRON MONITOR, CORRECTED FOR PRESSURE TO 965 MB   ,COEF.=-0.690 %/MB
Latitude (deg.):   41.72  Longitude (deg.):   44.80  Altitude (m):  510.00
Cut-Off Rigidity (GV):    6.73
Year: 2003  Month:   3
Scaling Factor (SF):    64.0   Constant (CONST):     0.0  Real Counts = (DATA + CONST)*SF
Temporal Resolution: 1 hour
UTC Start Hour:     0.0
                         FILE IS PREPARED IN IZMIRAN                            
                                                        
Monthly Average:  8632.4
Updated (YYYY MM DD): 2004 11 17
*******************************************************************************************
ID     YYYY MM DD 1     0     1     2     3     4     5     6     7     8     9    10    11
ID     YYYY MM DD 2    12    13    14    15    16    17    18    19    20    21    22    23
*******************************************************************************************
TBILIS 2003 03 01 1  8672  8645  8660  8710  8685  8687  8702  8724  8746  8729  8782  8749
TBILIS 2003 03 01 2  8737  8703  8650  8679  8704  8665  8634  8657  8674  8650  8637  8693
TBILIS 2003 03 02 1  8633  8670  8676  8626  8679  8664  8688  8720  8751  8751  8745  8739
TBILIS 2003 03 02 2  8711  8727  8750  8738  8689  8678  8706  8688  8710  8684  8691  8683
TBILIS 2003 03 03 1  8632  8661  8678  8631  8703  8640  8646  8683  8702  8714  8716  8721
TBILIS 2003 03 03 2  8704  8680  8681  8723  8761  8773  8749  8722  8710  8697  8695  8650
TBILIS 2003 03 04 1  8686  8685  8706  8701  8672  8673  8662  8697  8668  8675  8701  8719
TBILIS 2003 03 04 2  8707  8704  8675  8590  8611  8578  8511  8566  8541  8558  8577  8590
TBILIS 2003 03 05 1  8612  8644  8633  8588  8605  8603  8634  8626  8658  8645  8673  8662
TBILIS 2003 03 05 2  8661  8662  8654  8665  8684  8632  8656  8657  8642  8665  8675  8631
TBILIS 2003 03 06 1  8626  8669  8678  8675  8640  8638  8667  8638  8663  8674  8691  8706
TBILIS 2003 03 06 2  8705  8684  8749  8739  8759  8740  8758  8759  8792  8819  8808  8831
TBILIS 2003 03 07 1  8822  8837  8827  8837  8846  8760  8713  8692  8696  8725  8776  8780
TBILIS 2003 03 07 2  8759  8817  8789  8744  8747  8765  8788  8834  8851  8823  8812  8844
TBILIS 2003 03 08 1  8777  8752  8744  8757  8741  8738  8763  8727  8710  8698  8688  8700
TBILIS 2003 03 08 2  8701  8685  8680  8699  8693  8685  8657  8665  8645  8622  8625  8607
TBILIS 2003 03 09 1  8632  8652  8654  8617  8640  8612  8619  8626  8623  8644  8627  8631
TBILIS 2003 03 09 2  8655  8607  8664  8655  8644  8702  8733  8675  8728  8722  8677  8637
TBILIS 2003 03 10 1  8685  8642  8696  8631  8638  8618  8606  8631  8512  8624  8631  8648
TBILIS 2003 03 10 2  8673  8658  8647  8685  8649  8657  8663  8722  8710  8727  8697  8708
TBILIS 2003 03 11 1  8685  8696  8660  8698  8661  8660  8676  8635  8650  8685  8702  8651
TBILIS 2003 03 11 2  8626  8602  8626  8631  8590  8620  8602  8603  8606  8613  8636  8646
TBILIS 2003 03 12 1  8602  8620  8636  8623  8639  8621  8616  8589  8604  8607  8663  8691
TBILIS 2003 03 12 2  8666  8661  8621  8643  8613  8572  8632  8629  8652  8632  8644  8664
TBILIS 2003 03 13 1  8673  8688  8673  8681  8677  8668  8617  8599  8609  8598  8600  8609
TBILIS 2003 03 13 2  8613  8618  8595  8592  8616  8585  8590  8577  8561  8549  8561  8585
TBILIS 2003 03 14 1  8550  8580  8560  8562  8572  8567  8542  8566  8616  8646  8633  8666
TBILIS 2003 03 14 2  8694  8691  8702  8627  8596  8613  8619  8633  8619  8562  8547  8540
TBILIS 2003 03 15 1  8567  8559  8557  8553  8552  8562  8554  8564  8560  8596  8560  8538
TBILIS 2003 03 15 2  8510  8543  8548  8544  8555  8586  8559  8566  8593  8561  8544  8563
TBILIS 2003 03 16 1  8561  8555  8527  8504  8504  8518  8536  8587  8552  8549  8489  8580
TBILIS 2003 03 16 2  8591  8609  8615  8547  8535  8565  8571  8581  8596  8614  8620  8576
TBILIS 2003 03 17 1  8579  8565  8581  8550  8572  8574  8546  8587  8592  8597  8601  8626
TBILIS 2003 03 17 2  8662  8605  8663  8654  8645  8605  8585  8575  8587  8575  8605  8673
TBILIS 2003 03 18 1  8698  8649  8643  8656  8662  8618  8662  8679  8661  8646  8633  8673
TBILIS 2003 03 18 2  8678  8645  8661  8658  8691  8693  8646  8634  8624  8632  8640  8607
TBILIS 2003 03 19 1  8631  8624  8606  8580  8565  8620  8624  8590  8558  8575  8577  8581
TBILIS 2003 03 19 2  8634  8654  8601  8609  8621  8592  8552  8599  8591  8632  8601  8617
TBILIS 2003 03 20 1  8615  8636  8657  8638  8602  8558  8558  8509  8516  8455  8430  8463
TBILIS 2003 03 20 2  8441  8456  8439  8465  8425  8514  8465  8479  8510  8538  8531  8471
TBILIS 2003 03 21 1  8451  8453  8514  8466  8507  8586  8580  8573  8565  8623  8665  8633
TBILIS 2003 03 21 2  8618  8654  8651  8634  8599  8575  8581  8550  8543  8577  8561  8581
TBILIS 2003 03 22 1  8602  8595  8627  8585  8583  8579  8622  8608  8667  8681  8671  8682
TBILIS 2003 03 22 2  8637  8590  8603  8594  8552  8551  8596  8567  8558  8570  8572  8572
TBILIS 2003 03 23 1  8577  8564  8581  8559  8586  8580  8577  8665  8711  8705  8717  8698
TBILIS 2003 03 23 2  8686  8681  8687  8690  8641  8635  8619  8605  8628  8603  8631  8594
TBILIS 2003 03 24 1  8612  8566  8639  8604  8592  8603  8632  8590  8611  8617  8610  8625
TBILIS 2003 03 24 2  8618  8658  8607  8621  8666  8651  8632  8667  8648  8662  8664  8670
TBILIS 2003 03 25 1  8652  8680  8689  8683  8644  8599  8610  8666  8654  8644  8620  8643
TBILIS 2003 03 25 2  8654  8635  8662  8677  8652  8694  8696  8701  8712  8734  8749  8709
TBILIS 2003 03 26 1  8694  8726  8693  8695  8680  8724  8666  8640  8588  8632  8657  8636
TBILIS 2003 03 26 2  8694  8620  8624  8661  8686  8728  8707  8682  8655  8677  8621  8586
TBILIS 2003 03 27 1  8557  8606  8548  8592  8505  8517  8519  8499  8522  8551  8587 99999
TBILIS 2003 03 27 2 99999 99999 99999 99999 99999 99999 99999 99999 99999 99999 99999 99999
TBILIS 2003 03 28 1 99999 99999 99999 99999 99999 99999 99999 99999 99999 99999 99999  8642
TBILIS 2003 03 28 2  8624  8639  8625  8599  8624  8593  8560  8606  8586  8666  8653  8658
TBILIS 2003 03 29 1  8648  8624  8584  8570  8584  8570  8549  8548  8612  8560  8588  8618
TBILIS 2003 03 29 2  8573  8644  8625  8597  8619  8614  8635  8628  8592  8564  8564  8585
TBILIS 2003 03 30 1  8579  8630  8576  8580  8615  8578  8580  8547  8575  8593  8589  8587
TBILIS 2003 03 30 2  8570  8554  8535  8587  8645  8665  8596  8563  8541  8539  8615  8619
TBILIS 2003 03 31 1  8593  8588  8557  8565  8525  8518  8511  8530  8502  8545  8534  8579
TBILIS 2003 03 31 2  8559  8573  8583  8609  8601  8573  8539  8596  8609  8635  8616  8592
Cosmic-Ray Neutron Monitor Data (Hourly, Pressure-Corrected and Scale-Adjusted Counts)
Collections: WDC for Cosmic Rays, Solar-Terrestrial Environment Laboratory, Nagoya Univ.
Data Access: http://center.stelab.nagoya-u.ac.jp/WDCCR/index.html
Project: ICSU WDC
Citation: WDC for Cosmic Rays, Solar-Terrestrial Environment Laboratory, Nagoya University
Station ID: TBILIS
Station:  TBILISI,GIORGIA,INSTITUT GEOPHYSIKY (IG), GIORGIAN ACADEMY OF SCIENCES,GIORGIA 
Instrument:  18 NM-64 NEUTRON MONITOR, CORRECTED FOR PRESSURE TO 965 MB   ,COEF.=-0.690 %/MB
Latitude (deg.):   41.72  Longitude (deg.):   44.80  Altitude (m):  510.00
Cut-Off Rigidity (GV):    6.73
Year: 2003  Month:   4
Scaling Factor (SF):    64.0   Constant (CONST):     0.0  Real Counts = (DATA + CONST)*SF
Temporal Resolution: 1 hour
UTC Start Hour:     0.0
                         FILE IS PREPARED IN IZMIRAN                            
                                                        
Monthly Average:  8590.0
Updated (YYYY MM DD): 2004 11 17
*******************************************************************************************
ID     YYYY MM DD 1     0     1     2     3     4     5     6     7     8     9    10    11
ID     YYYY MM DD 2    12    13    14    15    16    17    18    19    20    21    22    23
*******************************************************************************************
TBILIS 2003 04 01 1  8646  8632  8583  8580  8598  8570  8585  8600  8560  8542  8563  8568
TBILIS 2003 04 01 2  8567  8542  8562  8583  8542  8559  8568  8553  8530  8525  8529  8547
TBILIS 2003 04 02 1  8533  8531  8549  8551  8582  8594  8588  8566  8554  8547  8614  8635
TBILIS 2003 04 02 2  8689  8637  8634  8625  8651  8602  8580  8560  8556  8594  8564  8558
TBILIS 2003 04 03 1  8551  8550  8566  8570  8575  8582  8532  8564  8582  8565  8572  8546
TBILIS 2003 04 03 2  8579  8555  8564  8591  8593  8569  8562 99999 99999 99999 99999 99999
TBILIS 2003 04 04 1 99999 99999 99999 99999 99999 99999 99999 99999 99999 99999 99999  8633
TBILIS 2003 04 04 2  8654  8639  8650  8690  8671  8657  8627  8616  8597  8630  8651  8646
TBILIS 2003 04 05 1  8643  8613  8618  8619  8604  8579  8591  8588  8582  8582  8529  8557
TBILIS 2003 04 05 2  8566  8568  8575  8594  8631  8582  8619  8620  8628  8591  8604  8627
TBILIS 2003 04 06 1  8551  8570  8538  8599  8610  8618  8623  8586  8571  8556  8563  8541
TBILIS 2003 04 06 2  8549  8610  8597  8562  8577  8584  8584  8565  8591  8577  8572  8580
TBILIS 2003 04 07 1  8538  8531  8537  8478  8538  8595  8612  8617  8625  8623  8637  8647
TBILIS 2003 04 07 2  8605  8603  8573  8605  8626  8563  8511  8560  8524  8466  8478  8491
TBILIS 2003 04 08 1  8448  8461  8476  8532  8544  8546  8597  8616  8706  8657  8714  8630
TBILIS 2003 04 08 2  8655  8690  8699  8714  8709  8702  8706  8695  8707  8705  8704  8649
TBILIS 2003 04 09 1  8646  8621  8673  8686  8676  8633  8638  8600  8579  8550  8615  8627
TBILIS 2003 04 09 2  8650  8618  8623  8616  8613  8602  8582  8568  8530  8508  8491  8467
TBILIS 2003 04 10 1  8481  8451  8441  8420  8464  8495  8515  8519  8573  8527  8550  8536
TBILIS 2003 04 10 2  8563  8533  8529  8496  8475  8485  8430  8450  8447  8446  8460  8430
TBILIS 2003 04 11 1  8409  8450  8450  8467  8469  8448  8467  8499  8491  8508  8538  8566
TBILIS 2003 04 11 2  8541  8517  8517  8583  8535  8580  8552  8546  8559  8527  8535  8550
TBILIS 2003 04 12 1  8543  8537  8531  8545  8497  8522  8507  8519  8526  8526  8517  8497
TBILIS 2003 04 12 2  8492  8463  8512  8501  8496  8528  8521  8555  8561  8531  8508  8497
TBILIS 2003 04 13 1  8501  8509  8525  8521  8549  8548  8536  8512  8587  8570  8550  8577
TBILIS 2003 04 13 2  8589  8570  8561  8548  8556  8513  8546  8517  8519  8477  8504  8489
TBILIS 2003 04 14 1  8509  8499  8503  8548  8562  8507  8511  8488  8454  8493  8500  8505
TBILIS 2003 04 14 2  8534  8516  8510  8498  8432  8431  8437  8370 99999 99999 99999 99999
TBILIS 2003 04 15 1 99999 99999 99999 99999  8469  8489  8529  8533  8551  8563  8551  8610
TBILIS 2003 04 15 2  8605  8563  8584  8545  8556  8500  8537  8534  8527  8542  8523  8512
TBILIS 2003 04 16 1  8528  8517  8522  8525  8543  8528  8563  8563  8589  8598  8635  8618
TBILIS 2003 04 16 2  8675  8625  8619  8636  8676  8652  8648  8627  8612  8623  8644  8602
TBILIS 2003 04 17 1  8602  8596  8617  8624  8611  8637  8648  8705  8693  8668  8697  8662
TBILIS 2003 04 17 2  8716  8668  8670  8664  8662  8647  8657  8691  8666  8637  8647  8671
TBILIS 2003 04 18 1  8675  8702  8688  8707  8667  8660  8662  8629  8641  8593  8642  8639
TBILIS 2003 04 18 2  8618  8642  8649  8668  8667  8627  8633  8657  8651  8642  8670  8669
TBILIS 2003 04 19 1  8656  8686  8659  8678  8617  8630  8616  8655  8592  8641  8650  8620
TBILIS 2003 04 19 2  8596  8594  8574  8632  8620  8678  8662  8689  8711  8727  8763  8749
TBILIS 2003 04 20 1  8728  8718  8703  8713  8666  8645  8597  8624  8659  8608  8608  8606
TBILIS 2003 04 20 2  8635  8601  8643  8633  8663  8702  8635  8648  8702  8620  8643  8689
TBILIS 2003 04 21 1  8670  8690  8686  8687  8671  8618  8669  8671  8659  8668  8638  8644
TBILIS 2003 04 21 2  8633  8633  8642  8671  8638  8642  8617  8642  8626  8634  8653  8654
TBILIS 2003 04 22 1  8622  8643  8608  8600  8579  8608  8603  8603  8609  8600  8598  8644
TBILIS 2003 04 22 2  8643  8612  8629  8647  8657  8623  8583  8613  8575  8585  8612  8548
TBILIS 2003 04 23 1  8559  8591  8607  8608  8568  8575  8576  8620  8617  8624  8633  8607
TBILIS 2003 04 23 2  8615  8649  8653  8636  8656  8716  8684  8662  8647  8695  8641  8695
TBILIS 2003 04 24 1  8652  8683  8689  8645  8646  8618  8624  8612  8656  8595  8613  8608
TBILIS 2003 04 24 2  8614  8565  8589  8599  8570  8582  8552  8535  8547  8484  8502  8515
TBILIS 2003 04 25 1  8510  8470  8471  8453  8470  8485  8465  8427  8432  8478  8525  8564
TBILIS 2003 04 25 2  8559  8545  8560  8541  8516  8553  8571  8537  8560  8592  8602  8619
TBILIS 2003 04 26 1  8645  8596  8626  8602  8605  8587  8648  8670  8664  8683  8683  8691
TBILIS 2003 04 26 2  8696  8696  8705  8676  8651  8674  8620  8612  8643  8610  8637  8608
TBILIS 2003 04 27 1  8573  8531  8532  8522  8561  8593  8569  8545  8542  8580  8549  8578
TBILIS 2003 04 27 2  8588  8566  8592  8631  8632  8635  8631  8631  8611  8581  8584  8608
TBILIS 2003 04 28 1  8579  8535  8590  8583  8575  8616  8612  8660  8679  8728  8744  8696
TBILIS 2003 04 28 2  8692  8698  8691  8660  8659  8637  8582  8555  8622  8541  8566  8551
TBILIS 2003 04 29 1  8562  8557  8561  8538  8570  8574  8580  8644  8624  8645  8612  8655
TBILIS 2003 04 29 2  8613  8655  8615  8605  8638  8613  8610  8621  8618  8564  8600  8530
TBILIS 2003 04 30 1  8593  8615  8584  8588  8570  8556  8548  8546  8605  8633  8628  8636
TBILIS 2003 04 30 2  8627  8611  8611  8596  8588  8586  8585  8572  8549  8546  8525  8504
TBILIS 2003 04 31 1 99999 99999 99999 99999 99999 99999 99999 99999 99999 99999 99999 99999
TBILIS 2003 04 31 2 99999 99999 99999 99999 99999 99999 99999 99999 99999 99999 99999 99999
Cosmic-Ray Neutron Monitor Data (Hourly, Pressure-Corrected and Scale-Adjusted Counts)
Collections: WDC for Cosmic Rays, Solar-Terrestrial Environment Laboratory, Nagoya Univ.
Data Access: http://center.stelab.nagoya-u.ac.jp/WDCCR/index.html
Project: ICSU WDC
Citation: WDC for Cosmic Rays, Solar-Terrestrial Environment Laboratory, Nagoya University
Station ID: TBILIS
Station:  TBILISI,GIORGIA,INSTITUT GEOPHYSIKY (IG), GIORGIAN ACADEMY OF SCIENCES,GIORGIA 
Instrument:  18 NM-64 NEUTRON MONITOR, CORRECTED FOR PRESSURE TO 965 MB   ,COEF.=-0.690 %/MB
Latitude (deg.):   41.72  Longitude (deg.):   44.80  Altitude (m):  510.00
Cut-Off Rigidity (GV):    6.73
Year: 2003  Month:   5
Scaling Factor (SF):    64.0   Constant (CONST):     0.0  Real Counts = (DATA + CONST)*SF
Temporal Resolution: 1 hour
UTC Start Hour:     0.0
                         FILE IS PREPARED IN IZMIRAN                            
                                                        
Monthly Average:  8558.1
Updated (YYYY MM DD): 2004 11 17
*******************************************************************************************
ID     YYYY MM DD 1     0     1     2     3     4     5     6     7     8     9    10    11
ID     YYYY MM DD 2    12    13    14    15    16    17    18    19    20    21    22    23
*******************************************************************************************
TBILIS 2003 05 01 1  8536  8536  8518  8506  8533  8526  8545  8522  8553  8588  8602  8582
TBILIS 2003 05 01 2  8604  8597  8605  8608  8682  8719  8650  8637  8617  8609  8594  8609
TBILIS 2003 05 02 1  8578  8577  8565  8565  8544  8519  8504  8532  8521  8579  8558  8575
TBILIS 2003 05 02 2  8573  8594  8567  8576  8548  8580  8558  8519  8554  8572  8550  8569
TBILIS 2003 05 03 1  8561  8566  8515  8539  8521  8536  8551  8559  8608  8620  8555  8586
TBILIS 2003 05 03 2  8587  8592  8626  8631  8597  8589  8574  8578  8567  8574  8555  8605
TBILIS 2003 05 04 1  8601  8629  8585  8615  8637  8610  8634  8640  8629  8644  8620  8672
TBILIS 2003 05 04 2  8646  8645  8650  8678  8661  8663  8651  8675  8647  8628  8619  8608
TBILIS 2003 05 05 1  8590  8632  8626  8611  8572  8575  8560  8577  8588  8542  8579  8589
TBILIS 2003 05 05 2  8579  8536  8551  8613  8567  8504  8512  8501  8529  8555  8532  8572
TBILIS 2003 05 06 1  8529  8542  8508  8504  8508  8491  8511  8512  8544  8521  8576  8579
TBILIS 2003 05 06 2  8566  8564  8514  8570  8577  8559  8572  8566  8514  8528  8573  8549
TBILIS 2003 05 07 1  8501  8546  8533  8555  8568  8583  8568  8536  8578  8605  8612  8578
TBILIS 2003 05 07 2  8598  8555  8565  8553  8556  8544  8485  8500  8486  8478  8471  8499
TBILIS 2003 05 08 1  8487  8490  8502  8456  8468  8484  8506  8533  8602  8575  8615  8632
TBILIS 2003 05 08 2  8591  8561  8553  8524  8576  8547  8521  8569  8514  8520  8501  8527
TBILIS 2003 05 09 1  8496  8485  8446  8464  8548  8579  8545  8567  8505  8520  8532  8525
TBILIS 2003 05 09 2  8604  8575  8513  8419  8384  8449  8444  8399  8461  8434  8463  8491
TBILIS 2003 05 10 1  8501  8512  8526  8536  8538  8523  8576  8554  8556  8598  8580  8603
TBILIS 2003 05 10 2  8582  8581  8553  8587  8545  8514  8502  8510  8528  8489  8524  8482
TBILIS 2003 05 11 1  8487  8500  8490  8468  8449  8423  8423  8414  8434  8418  8450  8510
TBILIS 2003 05 11 2  8531  8536  8544  8529  8506  8516  8484  8516  8523  8524  8513  8564
TBILIS 2003 05 12 1  8539  8538  8558  8557  8548  8574  8568  8565  8629  8612  8620  8659
TBILIS 2003 05 12 2  8682  8681  8619  8568  8554  8538  8523  8533  8506  8505  8514  8491
TBILIS 2003 05 13 1  8532  8550  8570  8540  8600  8639  8628  8669  8656  8700  8680  8692
TBILIS 2003 05 13 2  8663  8658  8650  8640  8642  8600  8591  8585  8584  8543  8563  8519
TBILIS 2003 05 14 1  8557  8545  8597  8570  8572  8565  8600  8656  8656  8664  8643  8698
TBILIS 2003 05 14 2  8676  8677  8739  8739  8708  8737  8717  8690  8650  8649  8606  8620
TBILIS 2003 05 15 1  8574  8634  8624  8626  8624  8670  8648  8669  8677  8670  8673  8678
TBILIS 2003 05 15 2  8687  8699  8700  8686  8683  8680  8637  8639  8617  8647  8637  8628
TBILIS 2003 05 16 1  8613  8638  8627  8602  8635  8621  8615  8622  8647  8653  8633  8662
TBILIS 2003 05 16 2  8652  8631  8677  8668  8647  8656  8669  8679  8660  8673  8683  8678
TBILIS 2003 05 17 1  8642  8633  8651  8665  8662  8688  8736  8689  8718  8693  8694  8735
TBILIS 2003 05 17 2  8723  8690  8662  8695  8656  8646  8631  8673  8699  8684  8645  8622
TBILIS 2003 05 18 1  8596  8671  8637  8663  8621  8631  8639  8652  8634  8628  8643  8627
TBILIS 2003 05 18 2  8623  8604  8594  8604  8603  8650  8674  8672  8678  8660  8659  8703
TBILIS 2003 05 19 1  8694  8668  8703  8681  8655  8661  8650  8639  8651  8643  8663  8656
TBILIS 2003 05 19 2  8648  8632  8677  8658  8656  8637  8589  8619  8572  8596  8608  8627
TBILIS 2003 05 20 1  8590  8609  8588  8571  8582  8588  8617  8619  8660  8674  8691  8653
TBILIS 2003 05 20 2  8655  8657  8638  8659  8627  8625  8603  8588  8573  8570  8585  8592
TBILIS 2003 05 21 1  8548  8643  8626  8622  8613  8614  8631  8618  8597  8625  8640  8596
TBILIS 2003 05 21 2  8600  8657  8658  8697  8654  8681  8685  8638  8633  8631  8604  8611
TBILIS 2003 05 22 1  8612  8568  8565  8572  8572  8605  8572  8544  8566  8597  8631  8633
TBILIS 2003 05 22 2  8612  8642  8690  8640  8606  8582  8588  8557  8524  8531  8532  8499
TBILIS 2003 05 23 1  8525  8526  8550  8549  8591  8586  8654  8628  8629  8614  8626  8650
TBILIS 2003 05 23 2  8670  8664  8638  8604  8641  8597  8629  8587  8588  8591  8578  8598
TBILIS 2003 05 24 1  8597  8617  8604  8599  8602  8636  8662  8666  8681  8638  8667  8636
TBILIS 2003 05 24 2  8650  8679  8682  8680  8682  8719  8675  8661  8648  8622  8608  8583
TBILIS 2003 05 25 1  8591  8591  8581  8566  8573  8562  8585  8624  8603  8611  8650  8626
TBILIS 2003 05 25 2  8581  8619  8622  8617  8593  8596  8611  8610  8562  8551  8578  8576
TBILIS 2003 05 26 1  8586  8552  8559  8517  8549  8545  8524  8548  8540  8539  8600  8587
TBILIS 2003 05 26 2  8614  8655  8649  8604  8593  8599  8565  8553  8582  8530  8522  8520
TBILIS 2003 05 27 1  8554  8506  8520  8540  8519  8486  8539  8547  8552  8549  8573  8581
TBILIS 2003 05 27 2  8590  8571  8580  8538  8546  8522  8502 99999 99999 99999 99999 99999
TBILIS 2003 05 28 1 99999 99999 99999 99999 99999 99999 99999 99999 99999 99999 99999 99999
TBILIS 2003 05 28 2 99999  8548  8560  8533  8516  8520  8493  8508  8504  8503  8506  8461
TBILIS 2003 05 29 1  8498  8494  8483  8505  8512  8570  8608  8576  8578  8572  8564  8557
TBILIS 2003 05 29 2  8544  8531  8480  8529  8544  8534  8498  8507  8457  8462  8431  8373
TBILIS 2003 05 30 1  8332  8297  8237  8179  8174  8192  8118  8162  8123  8151  8134  8126
TBILIS 2003 05 30 2  8156  8108  8234  8225  8221  8186  8142  8128  8104  8081  8031  8064
TBILIS 2003 05 31 1  8100  8147  8168  8116  8166  8207  8184  8181  8205  8182  8149  8164
TBILIS 2003 05 31 2  8141  8163  8156  8118  8041  8114  8096  8067  8086  8075  8085  8040
Cosmic-Ray Neutron Monitor Data (Hourly, Pressure-Corrected and Scale-Adjusted Counts)
Collections: WDC for Cosmic Rays, Solar-Terrestrial Environment Laboratory, Nagoya Univ.
Data Access: http://center.stelab.nagoya-u.ac.jp/WDCCR/index.html
Project: ICSU WDC
Citation: WDC for Cosmic Rays, Solar-Terrestrial Environment Laboratory, Nagoya University
Station ID: TBILIS
Station:  TBILISI,GIORGIA,INSTITUT GEOPHYSIKY (IG), GIORGIAN ACADEMY OF SCIENCES,GIORGIA 
Instrument:  18 NM-64 NEUTRON MONITOR, CORRECTED FOR PRESSURE TO 965 MB   ,COEF.=-0.690 %/MB
Latitude (deg.):   41.72  Longitude (deg.):   44.80  Altitude (m):  510.00
Cut-Off Rigidity (GV):    6.73
Year: 2003  Month:   6
Scaling Factor (SF):    64.0   Constant (CONST):     0.0  Real Counts = (DATA + CONST)*SF
Temporal Resolution: 1 hour
UTC Start Hour:     0.0
                         FILE IS PREPARED IN IZMIRAN                            
                                                        
Monthly Average:  8408.8
Updated (YYYY MM DD): 2004 11 17
*******************************************************************************************
ID     YYYY MM DD 1     0     1     2     3     4     5     6     7     8     9    10    11
ID     YYYY MM DD 2    12    13    14    15    16    17    18    19    20    21    22    23
*******************************************************************************************
TBILIS 2003 06 01 1  8073  8095  8115  8093  8111  8059  8125  8140  8211  8213  8251  8251
TBILIS 2003 06 01 2  8245  8234  8258  8197  8210  8217  8142  8214  8191  8178  8140  8143
TBILIS 2003 06 02 1  8165  8212  8246  8226  8207  8207  8246  8310  8328  8380  8379  8387
TBILIS 2003 06 02 2  8397  8358  8383  8347  8332  8360  8358  8291  8306  8330  8282  8303
TBILIS 2003 06 03 1  8295  8318  8334  8368  8383  8419  8459  8438  8439  8474  8498  8523
TBILIS 2003 06 03 2  8488  8497  8505  8508  8464  8477  8491  8431  8401  8406  8380  8402
TBILIS 2003 06 04 1  8373  8360  8397  8370  8405  8396  8433  8432  8493  8469  8529  8514
TBILIS 2003 06 04 2  8543  8513  8493  8481  8471  8530  8454  8464  8419  8410  8411  8394
TBILIS 2003 06 05 1  8407  8355  8387  8387  8406  8434  8393  8433  8478  8466  8495  8526
TBILIS 2003 06 05 2  8483  8483  8467  8491  8433  8428  8417  8437  8454  8436  8405  8401
TBILIS 2003 06 06 1  8409  8387  8389  8362  8364  8422  8491  8482  8485  8495  8533  8501
TBILIS 2003 06 06 2  8490  8535  8530  8554  8504  8506  8512  8531  8459  8484  8477  8493
TBILIS 2003 06 07 1  8445  8457  8459  8458  8474  8481  8530  8537  8552  8524  8511  8540
TBILIS 2003 06 07 2  8499  8493  8457  8464  8455  8404  8382  8375  8341  8349  8322  8303
TBILIS 2003 06 08 1  8274  8333  8305  8330  8344  8384  8414  8454  8421  8390  8375  8389
TBILIS 2003 06 08 2  8402  8429  8424  8414  8481  8475  8456  8468  8426  8446  8433  8423
TBILIS 2003 06 09 1  8401  8375  8406  8426  8458  8457  8427  8421  8504  8487  8509  8517
TBILIS 2003 06 09 2  8489  8502  8496  8496  8507  8485  8453  8460  8435  8429  8441  8445
TBILIS 2003 06 10 1  8429  8425  8394  8410  8378  8393  8461  8507  8561  8498  8536  8522
TBILIS 2003 06 10 2  8509  8510  8512  8526  8502  8512  8498  8432  8442  8404  8454  8446
TBILIS 2003 06 11 1  8399  8454  8400  8405  8417  8464  8430  8453  8440  8434  8436  8448
TBILIS 2003 06 11 2  8471  8435  8400  8354  8397  8384  8401  8446  8440  8426  8459  8468
TBILIS 2003 06 12 1  8445  8448  8456  8434  8447  8418  8411  8419  8420  8431  8453  8446
TBILIS 2003 06 12 2  8493  8462  8508  8507  8506  8528  8511  8514  8513  8490  8453  8400
TBILIS 2003 06 13 1  8365  8414  8379  8408  8418  8458  8452  8468  8518  8536  8514  8509
TBILIS 2003 06 13 2  8536  8529  8546  8564  8567  8551  8540  8572  8508  8512  8451  8454
TBILIS 2003 06 14 1  8475  8464  8455  8440  8479  8525  8575  8594  8649  8612  8623  8609
TBILIS 2003 06 14 2  8604  8606  8562  8562  8562  8568  8584  8550  8562  8572  8531  8539
TBILIS 2003 06 15 1  8518  8546  8514  8522  8550  8542  8592  8620  8615  8603  8615  8576
TBILIS 2003 06 15 2  8614  8589  8582  8545  8568  8523  8534  8510  8477  8468  8451  8398
TBILIS 2003 06 16 1  8389  8345  8405  8385  8367  8378  8369  8386  8372  8393  8413  8439
TBILIS 2003 06 16 2  8418  8446  8468  8487  8449  8446  8443  8471  8436  8412  8369  8372
TBILIS 2003 06 17 1  8402  8387  8376  8389  8430  8447  8503  8515  8562  8564  8605  8636
TBILIS 2003 06 17 2  8635  8569  8576  8565  8501  8423  8417  8379  8382  8396  8408  8414
TBILIS 2003 06 18 1  8403  8385  8409  8391  8411  8489  8538  8536  8595  8671  8677  8628
TBILIS 2003 06 18 2  8621  8644  8644  8670  8686  8601  8542  8530  8526  8526  8488  8511
TBILIS 2003 06 19 1  8511  8503  8459  8475  8431  8391  8391  8373  8417  8434  8452  8492
TBILIS 2003 06 19 2  8505  8509  8505  8461  8428  8402  8379  8320  8329  8340  8391  8369
TBILIS 2003 06 20 1  8365  8378  8321  8315  8331  8366  8350  8336  8353  8393  8382  8373
TBILIS 2003 06 20 2  8359  8384  8390  8364  8366  8344  8313  8321  8316  8308  8327  8341
TBILIS 2003 06 21 1  8312  8264  8309  8285  8321  8311  8286  8341  8334  8289  8325  8325
TBILIS 2003 06 21 2  8314  8336  8356  8420  8459  8422  8371  8372  8388  8382  8414  8362
TBILIS 2003 06 22 1  8350  8337  8306  8283  8262  8262  8290  8311  8323  8342  8340  8377
TBILIS 2003 06 22 2  8343  8355  8290  8246  8268  8265  8322  8304  8250  8253  8280  8288
TBILIS 2003 06 23 1  8262  8194  8171  8196  8209  8188  8208  8200  8199  8249  8232  8272
TBILIS 2003 06 23 2  8274  8249  8233  8237  8243  8235  8202  8190  8186  8191  8180  8156
TBILIS 2003 06 24 1  8154  8196  8200  8175  8212  8219  8256  8308  8286  8265  8292  8322
TBILIS 2003 06 24 2  8327  8280  8291  8298  8268  8249  8265  8253  8232  8199  8201  8210
TBILIS 2003 06 25 1  8177  8173  8187  8202  8226  8240  8228  8246  8272  8283  8313  8310
TBILIS 2003 06 25 2  8319  8345  8319  8300  8335  8275  8216  8221  8216  8261  8278  8314
TBILIS 2003 06 26 1  8332  8349  8346  8387  8418  8433  8469  8468  8469  8504  8499  8482
TBILIS 2003 06 26 2  8428  8432  8445  8414  8397  8382  8354  8379  8346  8336  8371  8348
TBILIS 2003 06 27 1  8322  8314  8302  8319  8384  8407  8433  8475  8462  8438  8459  8480
TBILIS 2003 06 27 2  8424  8400  8475  8475  8463  8443  8452  8400  8413  8414  8454  8403
TBILIS 2003 06 28 1  8432  8413  8425  8409  8462  8434  8436  8413  8461  8449  8433  8420
TBILIS 2003 06 28 2  8482  8491  8486  8485  8426  8421  8394  8391  8391  8366  8361  8372
TBILIS 2003 06 29 1  8353  8363  8375  8414  8413  8446  8472  8486  8458  8518  8530  8512
TBILIS 2003 06 29 2  8515  8512  8451  8430  8425  8409  8431  8409  8373  8401  8346  8394
TBILIS 2003 06 30 1  8407  8386  8386  8375  8405  8437  8464  8474  8523  8523  8537  8496
TBILIS 2003 06 30 2  8498  8454  8533  8507  8506  8478  8465  8448  8439  8452  8411  8421
TBILIS 2003 06 31 1 99999 99999 99999 99999 99999 99999 99999 99999 99999 99999 99999 99999
TBILIS 2003 06 31 2 99999 99999 99999 99999 99999 99999 99999 99999 99999 99999 99999 99999
Cosmic-Ray Neutron Monitor Data (Hourly, Pressure-Corrected and Scale-Adjusted Counts)
Collections: WDC for Cosmic Rays, Solar-Terrestrial Environment Laboratory, Nagoya Univ.
Data Access: http://center.stelab.nagoya-u.ac.jp/WDCCR/index.html
Project: ICSU WDC
Citation: WDC for Cosmic Rays, Solar-Terrestrial Environment Laboratory, Nagoya University
Station ID: TBILIS
Station:  TBILISI,GIORGIA,INSTITUT GEOPHYSIKY (IG), GIORGIAN ACADEMY OF SCIENCES,GIORGIA 
Instrument:  18 NM-64 NEUTRON MONITOR, CORRECTED FOR PRESSURE TO 965 MB   ,COEF.=-0.690 %/MB
Latitude (deg.):   41.72  Longitude (deg.):   44.80  Altitude (m):  510.00
Cut-Off Rigidity (GV):    6.73
Year: 2003  Month:   7
Scaling Factor (SF):    64.0   Constant (CONST):     0.0  Real Counts = (DATA + CONST)*SF
Temporal Resolution: 1 hour
UTC Start Hour:     0.0
                         FILE IS PREPARED IN IZMIRAN                            
                                                        
Monthly Average:  8561.8
Updated (YYYY MM DD): 2004 11 17
*******************************************************************************************
ID     YYYY MM DD 1     0     1     2     3     4     5     6     7     8     9    10    11
ID     YYYY MM DD 2    12    13    14    15    16    17    18    19    20    21    22    23
*******************************************************************************************
TBILIS 2003 07 01 1  8437  8444  8454  8471  8484  8492  8521  8554  8554  8524  8556  8591
TBILIS 2003 07 01 2  8530  8505  8530  8512  8576  8522  8501  8542  8517  8516  8505  8471
TBILIS 2003 07 02 1  8512  8503  8500  8504  8510  8506  8509  8487  8505  8526  8537  8519
TBILIS 2003 07 02 2  8527  8528  8507  8474  8483  8511  8476  8481  8516  8483  8440  8425
TBILIS 2003 07 03 1  8415  8453  8444  8436  8452  8434  8516  8493  8495  8543  8516  8535
TBILIS 2003 07 03 2  8520  8557  8518  8506  8514  8513  8523  8487  8469  8434  8449  8440
TBILIS 2003 07 04 1  8426  8439  8448  8427  8434  8470  8498  8495  8545  8527  8501  8527
TBILIS 2003 07 04 2  8539  8477  8550  8531  8515  8515  8526  8494  8488  8460  8490  8478
TBILIS 2003 07 05 1  8484  8486  8473  8515  8532  8541  8564  8540  8584  8604  8587  8637
TBILIS 2003 07 05 2  8599  8625  8578  8628  8597  8580  8617  8568  8562  8546  8547  8541
TBILIS 2003 07 06 1  8539  8563  8544  8572  8576  8530  8572  8590  8606  8578  8589  8574
TBILIS 2003 07 06 2  8569  8548  8558  8558  8540  8499  8489  8462  8468  8451  8484  8474
TBILIS 2003 07 07 1  8481  8528  8537  8495  8536  8572  8615  8603  8629  8618  8619  8631
TBILIS 2003 07 07 2  8636  8620  8594  8609  8586  8599  8505  8515  8505  8524  8508  8566
TBILIS 2003 07 08 1  8555  8561  8570  8531  8555  8533  8566  8538  8592  8584  8575  8588
TBILIS 2003 07 08 2  8587  8587  8591  8586  8577  8634  8629  8624  8616  8614  8614  8646
TBILIS 2003 07 09 1  8610  8632  8619  8572  8599  8622  8602  8601  8598  8555  8544  8567
TBILIS 2003 07 09 2  8548  8550  8542  8599  8567  8579  8592  8569  8562  8542  8507  8483
TBILIS 2003 07 10 1  8448  8456  8479  8559  8504  8515  8501  8507  8527  8558  8536  8531
TBILIS 2003 07 10 2  8556  8558  8559  8589  8583  8593  8564  8592  8611  8597  8597  8619
TBILIS 2003 07 11 1  8577  8548  8540  8536  8505  8509  8519  8538  8600  8629  8622  8625
TBILIS 2003 07 11 2  8669  8630  8672  8631  8654  8666  8645  8672  8605  8580  8534  8496
TBILIS 2003 07 12 1  8502  8498  8480  8502  8521  8574  8553  8608  8603  8624  8593  8559
TBILIS 2003 07 12 2  8597  8549  8565  8587  8587  8570  8590  8576  8522  8498  8494  8482
TBILIS 2003 07 13 1  8476  8475  8495  8481  8482  8505  8509  8516  8560  8602  8637  8566
TBILIS 2003 07 13 2  8582  8574  8576  8554  8597  8552  8544  8528  8508  8531  8519  8479
TBILIS 2003 07 14 1  8500  8470  8446  8506  8474  8521  8522  8548  8538  8589  8571  8569
TBILIS 2003 07 14 2  8550  8546  8509  8478  8509  8508  8507  8507  8462  8459  8410  8427
TBILIS 2003 07 15 1  8380  8409  8438  8436  8469  8489  8486  8501  8497  8484  8538  8546
TBILIS 2003 07 15 2  8558  8552  8545  8563  8534  8523  8530  8539  8541  8504  8483  8477
TBILIS 2003 07 16 1  8431  8422  8446  8449  8492  8545  8551  8599  8571  8608  8601  8665
TBILIS 2003 07 16 2  8643  8621  8632  8598  8604  8603  8558  8531  8509  8470  8484  8549
TBILIS 2003 07 17 1  8561  8568  8603  8603  8613  8561  8593  8574  8617  8692  8648  8638
TBILIS 2003 07 17 2  8610  8628  8569  8540  8461  8486  8452  8507  8503  8517  8499  8526
TBILIS 2003 07 18 1  8600  8559  8579  8616  8597  8617  8614  8635  8595  8611  8675  8634
TBILIS 2003 07 18 2  8643  8650  8612  8619  8573  8604  8569  8535  8547  8524  8534  8528
TBILIS 2003 07 19 1  8560  8519  8533  8548  8547  8558  8604  8595  8601  8629  8609  8608
TBILIS 2003 07 19 2  8605  8610  8578  8592  8629  8575  8550  8552  8527  8499  8512  8525
TBILIS 2003 07 20 1  8495  8522  8541  8561  8629  8613  8647  8629  8654  8606  8631  8606
TBILIS 2003 07 20 2  8601  8575  8557  8589  8577  8561  8552  8556  8569  8542  8547  8522
TBILIS 2003 07 21 1  8532  8554  8577  8564  8576  8597  8606  8620  8628  8633  8653  8642
TBILIS 2003 07 21 2  8604  8610  8647  8611  8588  8587  8584  8556  8566  8546  8557  8548
TBILIS 2003 07 22 1  8503  8540  8536  8548  8559  8594  8607  8554  8609  8634  8611  8629
TBILIS 2003 07 22 2  8635  8650  8607  8582  8590  8588  8573  8583  8601  8567  8563  8572
TBILIS 2003 07 23 1  8553  8581  8591  8605  8599  8602  8570  8582  8586  8589  8651  8645
TBILIS 2003 07 23 2  8619  8609  8617  8663  8611  8586  8571  8587  8637  8622  8644  8602
TBILIS 2003 07 24 1  8624  8577  8573  8568  8552  8584  8617  8657  8613  8617  8597  8575
TBILIS 2003 07 24 2  8597  8563  8579  8601  8625  8623  8649  8637  8620  8636  8642  8619
TBILIS 2003 07 25 1  8610  8634  8623  8610  8634  8630  8641  8669  8664  8651  8653  8670
TBILIS 2003 07 25 2  8681  8699  8691  8648  8677  8668  8592  8618  8590  8583  8562  8529
TBILIS 2003 07 26 1  8544  8534  8537  8509  8529  8522  8547  8543  8613  8674  8675  8625
TBILIS 2003 07 26 2  8602  8595  8644  8644  8609  8610  8632  8654  8659  8531  8463  8471
TBILIS 2003 07 27 1  8482  8478  8488  8495  8545  8529  8560  8590  8577  8601  8623  8668
TBILIS 2003 07 27 2  8604  8615  8619  8573  8614  8570  8558  8562  8529  8498  8533  8496
TBILIS 2003 07 28 1  8460  8485  8468  8476  8508  8500  8526  8571  8597  8607  8613  8642
TBILIS 2003 07 28 2  8614  8653  8649  8623  8603  8574  8565  8562  8528  8532  8539  8553
TBILIS 2003 07 29 1  8537  8538  8543  8549  8570  8566  8600  8563  8604  8659  8643  8633
TBILIS 2003 07 29 2  8655  8616  8610  8605  8593  8621  8632  8603  8596  8565  8570  8588
TBILIS 2003 07 30 1  8562  8575  8547  8575  8572  8546  8570  8633  8619  8624  8631  8661
TBILIS 2003 07 30 2  8654  8641  8664  8651  8619  8608  8610  8637  8639  8600  8576  8583
TBILIS 2003 07 31 1  8554  8561  8562  8563  8557  8599  8614  8614  8634  8639  8650  8612
TBILIS 2003 07 31 2  8569  8609  8579  8580  8616  8560  8547  8565  8579  8564  8541  8524
Cosmic-Ray Neutron Monitor Data (Hourly, Pressure-Corrected and Scale-Adjusted Counts)
Collections: WDC for Cosmic Rays, Solar-Terrestrial Environment Laboratory, Nagoya Univ.
Data Access: http://center.stelab.nagoya-u.ac.jp/WDCCR/index.html
Project: ICSU WDC
Citation: WDC for Cosmic Rays, Solar-Terrestrial Environment Laboratory, Nagoya University
Station ID: TBILIS
Station:  TBILISI,GIORGIA,INSTITUT GEOPHYSIKY (IG), GIORGIAN ACADEMY OF SCIENCES,GIORGIA 
Instrument:  18 NM-64 NEUTRON MONITOR, CORRECTED FOR PRESSURE TO 965 MB   ,COEF.=-0.690 %/MB
Latitude (deg.):   41.72  Longitude (deg.):   44.80  Altitude (m):  510.00
Cut-Off Rigidity (GV):    6.73
Year: 2003  Month:   8
Scaling Factor (SF):    64.0   Constant (CONST):     0.0  Real Counts = (DATA + CONST)*SF
Temporal Resolution: 1 hour
UTC Start Hour:     0.0
                         FILE IS PREPARED IN IZMIRAN                            
                                                        
Monthly Average:  8598.8
Updated (YYYY MM DD): 2004 11 17
*******************************************************************************************
ID     YYYY MM DD 1     0     1     2     3     4     5     6     7     8     9    10    11
ID     YYYY MM DD 2    12    13    14    15    16    17    18    19    20    21    22    23
*******************************************************************************************
TBILIS 2003 08 01 1  8516  8541  8560  8548  8541  8592  8632  8611  8621  8614  8610  8624
TBILIS 2003 08 01 2  8586  8644  8603  8575  8585  8586  8610  8557  8558  8586  8580  8583
TBILIS 2003 08 02 1  8576  8581  8553  8560  8577  8596  8583  8578  8570  8601  8584  8562
TBILIS 2003 08 02 2  8578  8561  8590  8578  8542  8550  8496  8512  8471  8464  8479  8504
TBILIS 2003 08 03 1  8463  8485  8510  8548  8578  8586  8576  8592  8586  8611  8625  8618
TBILIS 2003 08 03 2  8629  8608  8626  8610  8585  8595  8618  8618  8632  8652  8633  8588
TBILIS 2003 08 04 1  8569  8575  8579  8581  8626  8616  8648  8633  8679  8661  8627  8656
TBILIS 2003 08 04 2  8657  8634  8616  8610  8655  8636  8605  8644  8599  8602  8624  8626
TBILIS 2003 08 05 1  8586  8634  8592  8595  8569  8585  8592  8602  8622  8605  8577  8596
TBILIS 2003 08 05 2  8556  8593  8577  8578  8588  8575  8545  8530  8557  8520  8524  8544
TBILIS 2003 08 06 1  8593  8598  8603  8597  8575  8601  8657  8612  8688  8638  8667  8685
TBILIS 2003 08 06 2  8689  8673  8632  8555  8554  8556  8601  8554  8594  8552  8540  8572
TBILIS 2003 08 07 1  8571  8567  8544  8619  8622  8622  8621  8624  8617  8609  8598  8613
TBILIS 2003 08 07 2  8599  8663  8624  8624  8630  8631  8624  8574  8552  8555  8516  8528
TBILIS 2003 08 08 1  8536  8526  8598  8557  8579  8624  8620  8605  8656  8686  8675  8643
TBILIS 2003 08 08 2  8640  8693  8672  8658  8620  8605  8590  8583  8595  8530  8572  8559
TBILIS 2003 08 09 1  8550  8535  8535  8532  8576  8592  8603  8610  8599  8676  8626  8639
TBILIS 2003 08 09 2  8660  8624  8630  8644  8632  8612  8620  8586  8557  8528  8545  8513
TBILIS 2003 08 10 1  8543  8545  8542  8545  8563  8572  8592  8563  8587  8603  8612  8608
TBILIS 2003 08 10 2  8558  8510  8542  8560  8555  8537  8529  8497  8508  8523  8491  8482
TBILIS 2003 08 11 1  8494  8482  8486  8518  8532  8545  8563  8589  8569  8565  8577  8580
TBILIS 2003 08 11 2  8513  8568  8547  8591  8572  8615  8619  8566  8546  8605  8534  8526
TBILIS 2003 08 12 1  8556  8520  8481  8546  8534  8557  8597  8576  8564  8643  8643  8631
TBILIS 2003 08 12 2  8606  8635  8671  8694  8656  8675  8655  8653  8658  8639  8681  8624
TBILIS 2003 08 13 1  8606  8627  8590  8597  8584  8580  8613  8596  8639  8607  8612  8605
TBILIS 2003 08 13 2  8574  8589  8606  8616  8629  8634  8650  8657  8656  8667  8640  8610
TBILIS 2003 08 14 1  8615  8634  8641  8610  8603  8660  8629  8636  8641  8648  8628  8629
TBILIS 2003 08 14 2  8652  8645  8663  8689  8671  8678  8705  8674  8685  8659  8601  8603
TBILIS 2003 08 15 1  8623  8620  8588  8620  8612  8597  8630  8629  8615  8613  8607  8621
TBILIS 2003 08 15 2  8636  8638  8612  8594  8581  8547  8572  8528  8530  8504  8513  8471
TBILIS 2003 08 16 1  8449  8485  8533  8515  8486  8531  8544  8565  8595  8603  8603  8591
TBILIS 2003 08 16 2  8615  8583  8581  8585  8611  8611  8589  8537  8590  8556  8535  8503
TBILIS 2003 08 17 1  8517  8500  8515  8508  8473  8486  8519  8556  8541  8651  8576  8607
TBILIS 2003 08 17 2  8610  8602  8540  8479  8432  8431  8406  8445  8451  8436  8480  8440
TBILIS 2003 08 18 1  8385  8390  8415  8409  8418  8437  8450  8474  8551  8575  8576  8606
TBILIS 2003 08 18 2  8630  8685  8652  8647  8608  8585  8624  8667  8609  8590  8587  8600
TBILIS 2003 08 19 1  8609  8567  8614  8605  8573  8578  8583  8600  8623  8586  8603  8589
TBILIS 2003 08 19 2  8584  8588  8614  8650  8629  8625  8645  8613  8631  8634  8652  8675
TBILIS 2003 08 20 1  8659  8669  8657  8680  8670  8663  8656  8667  8717  8676  8669  8660
TBILIS 2003 08 20 2  8684  8629  8639  8623  8626  8592  8604  8582  8534  8556  8532  8523
TBILIS 2003 08 21 1  8561  8553  8578  8580  8570  8635  8671  8689  8679  8693  8694  8690
TBILIS 2003 08 21 2  8699  8676  8657  8679  8651  8604  8616  8651  8593  8575  8543  8512
TBILIS 2003 08 22 1  8552  8545  8587  8586  8610  8669  8626  8655  8697  8706  8745  8710
TBILIS 2003 08 22 2  8707  8720  8700  8683  8661  8640  8634  8656  8613  8600  8587  8577
TBILIS 2003 08 23 1  8586  8536  8576  8576  8574  8591  8604  8636  8681  8675  8680  8692
TBILIS 2003 08 23 2  8731  8682  8699  8675  8593  8604  8584  8581  8596  8588  8603  8582
TBILIS 2003 08 24 1  8604  8592  8659  8658  8668  8692  8697  8700  8701  8686  8683  8705
TBILIS 2003 08 24 2  8705  8646  8680  8652  8648  8649  8642  8618  8594  8536  8590  8586
TBILIS 2003 08 25 1  8573  8582  8601  8591  8618  8550  8624  8605  8604  8669  8682  8717
TBILIS 2003 08 25 2  8692  8682  8665  8659  8637  8608  8569  8548  8550  8559  8569  8571
TBILIS 2003 08 26 1  8563  8574  8595  8577  8560  8557  8600  8667  8646  8646  8609  8613
TBILIS 2003 08 26 2  8602  8604  8589  8621  8614  8623  8593  8588  8617  8600  8593  8558
TBILIS 2003 08 27 1  8542  8576  8609  8619  8608  8651  8617  8683  8705  8711  8707  8663
TBILIS 2003 08 27 2  8698  8669  8675  8633  8676  8653  8623  8585  8622  8559  8600  8567
TBILIS 2003 08 28 1  8573  8583  8579  8612  8575  8605  8624  8614  8647  8685  8692  8693
TBILIS 2003 08 28 2  8682  8726  8696  8696  8650  8643  8628  8626  8646  8642  8608  8605
TBILIS 2003 08 29 1  8592  8614  8612  8646  8625  8611  8625  8624  8695  8657  8661  8670
TBILIS 2003 08 29 2  8634  8677  8689  8632  8635  8635  8636  8630  8636  8584  8563  8548
TBILIS 2003 08 30 1  8588  8565  8526  8564  8609  8633  8589  8624  8633  8625  8660  8651
TBILIS 2003 08 30 2  8679  8630  8622  8557  8567  8588  8576  8539  8504  8499  8525  8535
TBILIS 2003 08 31 1  8507  8497  8492  8478  8439  8517  8543  8555  8504  8584  8589  8648
TBILIS 2003 08 31 2  8626  8600  8645  8624  8611  8587  8576  8575  8538  8533  8515  8520
Cosmic-Ray Neutron Monitor Data (Hourly, Pressure-Corrected and Scale-Adjusted Counts)
Collections: WDC for Cosmic Rays, Solar-Terrestrial Environment Laboratory, Nagoya Univ.
Data Access: http://center.stelab.nagoya-u.ac.jp/WDCCR/index.html
Project: ICSU WDC
Citation: WDC for Cosmic Rays, Solar-Terrestrial Environment Laboratory, Nagoya University
Station ID: TBILIS
Station:  TBILISI,GIORGIA,INSTITUT GEOPHYSIKY (IG), GIORGIAN ACADEMY OF SCIENCES,GIORGIA 
Instrument:  18 NM-64 NEUTRON MONITOR, CORRECTED FOR PRESSURE TO 965 MB   ,COEF.=-0.690 %/MB
Latitude (deg.):   41.72  Longitude (deg.):   44.80  Altitude (m):  510.00
Cut-Off Rigidity (GV):    6.73
Year: 2003  Month:   9
Scaling Factor (SF):    64.0   Constant (CONST):     0.0  Real Counts = (DATA + CONST)*SF
Temporal Resolution: 1 hour
UTC Start Hour:     0.0
                         FILE IS PREPARED IN IZMIRAN                            
                                                        
Monthly Average:  8642.7
Updated (YYYY MM DD): 2004 11 17
*******************************************************************************************
ID     YYYY MM DD 1     0     1     2     3     4     5     6     7     8     9    10    11
ID     YYYY MM DD 2    12    13    14    15    16    17    18    19    20    21    22    23
*******************************************************************************************
TBILIS 2003 09 01 1  8501  8518  8487  8553  8584  8553  8586  8621  8608  8609  8628  8608
TBILIS 2003 09 01 2  8640  8622  8601  8613  8650  8648  8635  8606  8630  8581  8583  8570
TBILIS 2003 09 02 1  8564  8592  8574  8594  8592  8597  8625  8594  8639  8629  8640  8670
TBILIS 2003 09 02 2  8654  8682  8691  8699  8668  8626  8605  8614  8624  8612  8556  8556
TBILIS 2003 09 03 1  8586  8575  8541  8565  8568  8547  8570  8583  8612  8607  8612  8615
TBILIS 2003 09 03 2  8613  8591  8580  8586  8591  8596  8543  8565  8544  8533  8514  8519
TBILIS 2003 09 04 1  8476  8485  8516  8483  8520  8573  8569  8590  8660  8696  8658  8615
TBILIS 2003 09 04 2  8589  8592  8577  8576  8538  8529  8549  8532  8532  8550  8570  8561
TBILIS 2003 09 05 1  8553  8584  8561  8559  8584  8566  8576  8633  8655  8670  8687  8697
TBILIS 2003 09 05 2  8688  8694  8650  8647  8625  8654  8600  8620  8623  8594  8588  8612
TBILIS 2003 09 06 1  8596  8590  8563  8589  8593  8596  8648  8648  8647  8629  8647  8672
TBILIS 2003 09 06 2  8679  8668  8656  8647  8661  8677  8674  8709  8684  8661  8624  8623
TBILIS 2003 09 07 1  8594  8598  8596  8587  8613  8609  8604  8656  8692  8719  8740  8725
TBILIS 2003 09 07 2  8691  8726  8709  8697  8698  8683  8679  8668  8671  8644  8627  8647
TBILIS 2003 09 08 1  8590  8634  8640  8640  8641  8686  8612  8658  8640  8664  8665  8703
TBILIS 2003 09 08 2  8690  8707  8681  8674  8647  8632  8644  8623  8633  8628  8579  8589
TBILIS 2003 09 09 1  8613  8576  8583  8611  8598  8600  8656  8635  8630  8628  8639  8650
TBILIS 2003 09 09 2  8655  8661  8628  8616  8588  8603  8531  8543  8546  8583  8601  8568
TBILIS 2003 09 10 1  8605  8577  8546  8564  8601  8605  8657  8642  8686  8748  8706  8652
TBILIS 2003 09 10 2  8660  8647  8662  8616  8587  8593  8597  8571  8542  8547  8596  8553
TBILIS 2003 09 11 1  8604  8613  8592  8575  8549  8608  8628  8616  8609  8627  8628  8610
TBILIS 2003 09 11 2  8596  8590  8583  8586  8609  8616  8558  8543  8551  8489  8493  8500
TBILIS 2003 09 12 1  8445  8465  8500  8497  8504  8560  8531  8558  8543  8548  8575  8580
TBILIS 2003 09 12 2  8561  8598  8561  8573  8551  8546  8508  8518  8518  8498  8466  8475
TBILIS 2003 09 13 1  8488  8503  8503  8470  8500  8486  8510  8525  8521  8544  8519  8582
TBILIS 2003 09 13 2  8556  8547  8566  8597  8620  8631  8587  8605  8570  8592  8591  8568
TBILIS 2003 09 14 1  8561  8569  8553  8578  8577  8591  8567  8538  8549  8558  8549  8604
TBILIS 2003 09 14 2  8594  8577  8624  8627  8618  8600  8599  8574  8565  8561  8552  8549
TBILIS 2003 09 15 1  8548  8549  8581  8578  8554  8558  8591  8611  8633  8643  8618  8639
TBILIS 2003 09 15 2  8660  8645  8631  8650  8616  8601  8550  8539  8499  8520  8510  8530
TBILIS 2003 09 16 1  8579  8561  8591  8588  8623  8645  8637  8662  8695  8671  8649  8682
TBILIS 2003 09 16 2  8708  8720  8733  8725  8701  8682  8647  8603  8589  8582  8578  8536
TBILIS 2003 09 17 1  8551  8563  8565  8559  8553  8549  8551  8611  8595  8613  8651  8667
TBILIS 2003 09 17 2  8706  8691  8685  8667  8683  8641  8608  8578  8602  8617  8630  8613
TBILIS 2003 09 18 1  8589  8666  8639  8642  8635  8634  8599  8590  8602  8610  8588  8569
TBILIS 2003 09 18 2  8573  8550  8585  8629  8713  8600  8598  8591  8534  8599  8561  8580
TBILIS 2003 09 19 1  8593  8582  8569  8588  8551  8622  8638  8610  8641  8712  8649  8716
TBILIS 2003 09 19 2  8666  8693  8653  8628  8593  8628  8653  8628  8590  8612  8603  8614
TBILIS 2003 09 20 1  8586  8634  8558  8589  8655  8646  8676  8673  8676  8661  8711  8702
TBILIS 2003 09 20 2  8676  8710  8616  8612  8624  8611  8610  8620  8632  8584  8608  8574
TBILIS 2003 09 21 1  8583  8597  8625  8598  8597  8608  8663  8614  8681  8685  8750  8706
TBILIS 2003 09 21 2  8703  8671  8657  8706  8708  8613  8652  8602  8622  8632  8595  8589
TBILIS 2003 09 22 1  8589  8622  8641  8647  8617  8680  8638  8662  8664  8683  8648  8672
TBILIS 2003 09 22 2  8680  8703  8699  8699  8691  8646  8643  8640  8610  8634  8670  8664
TBILIS 2003 09 23 1  8607  8629  8634  8647  8682  8689  8709  8714  8786  8788  8754  8753
TBILIS 2003 09 23 2  8756  8724  8694  8697  8656  8661  8653  8671  8658  8692  8700  8631
TBILIS 2003 09 24 1  8673  8683  8692  8712  8714  8729  8756  8803  8760  8770  8775  8734
TBILIS 2003 09 24 2  8763  8794  8742  8729  8759  8785  8718  8714  8680  8632  8670  8709
TBILIS 2003 09 25 1  8613  8623  8630  8599  8629  8657  8620  8657  8658  8689  8682  8674
TBILIS 2003 09 25 2  8698  8713  8687  8735  8658  8733  8753  8680  8704  8692  8676  8685
TBILIS 2003 09 26 1  8666  8682  8706  8690  8709  8754  8754  8766  8772  8811  8808  8803
TBILIS 2003 09 26 2  8828  8777  8803  8795  8800  8811  8777  8796  8770  8744  8785  8778
TBILIS 2003 09 27 1  8784  8804  8828  8787  8826  8809  8853  8849  8808  8809  8785  8798
TBILIS 2003 09 27 2  8767  8777  8758  8745  8775  8736  8738  8767  8785  8755  8717  8749
TBILIS 2003 09 28 1  8756  8738  8782  8772  8743  8778  8816  8782  8785  8806  8840  8788
TBILIS 2003 09 28 2  8809  8809  8818  8835  8782  8738  8753  8745  8747  8722  8725  8673
TBILIS 2003 09 29 1  8683  8692  8689  8709  8711  8723  8727  8758  8763  8744  8817  8822
TBILIS 2003 09 29 2  8801  8835  8817  8836  8812  8820  8782  8788  8786  8762  8690  8711
TBILIS 2003 09 30 1  8712  8674  8679  8739  8682  8706  8690  8691  8738  8759  8756  8763
TBILIS 2003 09 30 2  8783  8805  8786  8808  8776  8736  8763  8701  8655  8641  8622  8597
TBILIS 2003 09 31 1 99999 99999 99999 99999 99999 99999 99999 99999 99999 99999 99999 99999
TBILIS 2003 09 31 2 99999 99999 99999 99999 99999 99999 99999 99999 99999 99999 99999 99999
Cosmic-Ray Neutron Monitor Data (Hourly, Pressure-Corrected and Scale-Adjusted Counts)
Collections: WDC for Cosmic Rays, Solar-Terrestrial Environment Laboratory, Nagoya Univ.
Data Access: http://center.stelab.nagoya-u.ac.jp/WDCCR/index.html
Project: ICSU WDC
Citation: WDC for Cosmic Rays, Solar-Terrestrial Environment Laboratory, Nagoya University
Station ID: TBILIS
Station:  TBILISI,GIORGIA,INSTITUT GEOPHYSIKY (IG), GIORGIAN ACADEMY OF SCIENCES,GIORGIA 
Instrument:  18 NM-64 NEUTRON MONITOR, CORRECTED FOR PRESSURE TO 965 MB   ,COEF.=-0.690 %/MB
Latitude (deg.):   41.72  Longitude (deg.):   44.80  Altitude (m):  510.00
Cut-Off Rigidity (GV):    6.73
Year: 2003  Month:  10
Scaling Factor (SF):    64.0   Constant (CONST):     0.0  Real Counts = (DATA + CONST)*SF
Temporal Resolution: 1 hour
UTC Start Hour:     0.0
                         FILE IS PREPARED IN IZMIRAN                            
                                                        
Monthly Average:  8471.5
Updated (YYYY MM DD): 2004 11 17
*******************************************************************************************
ID     YYYY MM DD 1     0     1     2     3     4     5     6     7     8     9    10    11
ID     YYYY MM DD 2    12    13    14    15    16    17    18    19    20    21    22    23
*******************************************************************************************
TBILIS 2003 10 01 1  8639  8649  8670  8675  8667  8684  8717  8705  8735  8723  8752  8755
TBILIS 2003 10 01 2  8757  8756  8768  8746  8671  8671  8693  8660  8663  8713  8700  8692
TBILIS 2003 10 02 1  8684  8716  8691  8779  8780  8776  8775  8787  8793  8784  8804  8826
TBILIS 2003 10 02 2  8833  8809  8781  8827  8768  8787  8738  8726  8729  8722  8705  8693
TBILIS 2003 10 03 1  8696  8711  8730  8751  8739  8767  8757  8775  8824  8819  8890  8803
TBILIS 2003 10 03 2  8817  8841  8805  8788  8805  8821  8759  8777  8789  8761  8700  8748
TBILIS 2003 10 04 1  8735  8763  8716  8701  8715  8697  8693  8727  8774  8791  8787  8782
TBILIS 2003 10 04 2  8761  8802  8723  8694  8712  8690  8690  8693  8709 99999 99999 99999
TBILIS 2003 10 05 1 99999 99999 99999  8651  8643  8650  8621  8667  8682  8736  8689  8734
TBILIS 2003 10 05 2  8749  8747  8729  8732  8673  8678  8671  8656  8641  8636  8651  8651
TBILIS 2003 10 06 1  8627  8640  8679  8650  8644  8645  8677  8667  8690  8709  8637  8696
TBILIS 2003 10 06 2  8692  8672  8644  8622  8597  8594  8614  8625  8599  8567  8539  8543
TBILIS 2003 10 07 1  8545  8569  8570  8560  8590  8624  8631  8639  8647  8637  8618  8674
TBILIS 2003 10 07 2  8648  8656  8630  8638  8647  8632  8619  8611  8641  8639  8620  8665
TBILIS 2003 10 08 1  8631  8619  8602  8604  8614  8640  8596  8552  8535  8514 99999 99999
TBILIS 2003 10 08 2 99999 99999 99999 99999 99999 99999 99999 99999 99999 99999 99999 99999
TBILIS 2003 10 09 1 99999 99999 99999 99999 99999 99999 99999 99999 99999 99999 99999 99999
TBILIS 2003 10 09 2 99999 99999 99999 99999 99999 99999 99999 99999 99999 99999 99999 99999
TBILIS 2003 10 10 1 99999 99999 99999 99999 99999 99999 99999 99999 99999 99999 99999 99999
TBILIS 2003 10 10 2 99999 99999 99999 99999 99999 99999 99999 99999 99999 99999 99999 99999
TBILIS 2003 10 11 1 99999 99999 99999 99999 99999 99999 99999 99999 99999 99999  8666  8653
TBILIS 2003 10 11 2  8667  8660  8675  8648  8648  8618  8656  8657  8626  8634  8644  8620
TBILIS 2003 10 12 1  8648  8649  8703  8702  8707  8711  8684  8718  8723  8706  8702  8729
TBILIS 2003 10 12 2  8697  8730  8745  8692  8750  8711  8676  8726  8730  8706  8666  8702
TBILIS 2003 10 13 1  8697  8719  8716  8716  8728  8716  8740  8716  8717  8699  8730  8685
TBILIS 2003 10 13 2  8710  8687  8721  8737  8747  8689  8698  8670  8687  8664  8683  8665
TBILIS 2003 10 14 1  8672  8620  8652  8652  8681  8696  8667  8670  8688  8660  8659  8716
TBILIS 2003 10 14 2  8718  8720  8674  8629  8676  8660  8645  8631  8619  8666  8691  8671
TBILIS 2003 10 15 1  8658  8623  8685  8668  8658  8677  8666  8639  8664  8683  8718  8732
TBILIS 2003 10 15 2  8671  8690  8751  8716  8665  8678  8709  8653  8659  8656  8629  8646
TBILIS 2003 10 16 1  8639  8643  8636  8615  8677  8640  8644  8712  8697  8743  8755  8708
TBILIS 2003 10 16 2  8723  8727  8698  8711  8681  8648  8667  8689  8655  8654  8622  8631
TBILIS 2003 10 17 1  8670  8688  8696  8750  8770  8699  8679  8738  8719  8711  8722  8745
TBILIS 2003 10 17 2  8725  8740  8766  8743  8755  8746  8719  8726  8749  8710  8714  8721
TBILIS 2003 10 18 1  8710  8693  8678  8693  8669  8626  8687  8682  8714  8783  8750  8720
TBILIS 2003 10 18 2  8723  8762  8710  8737  8729  8719  8708  8741  8687  8675  8701  8672
TBILIS 2003 10 19 1  8674  8680  8737  8719  8747  8703  8681  8725  8725  8714  8663  8699
TBILIS 2003 10 19 2  8740  8747  8697  8684  8703  8691  8675  8664  8704  8702  8700  8740
TBILIS 2003 10 20 1  8717  8722  8767  8722  8707  8706  8742  8746  8740  8799  8782  8772
TBILIS 2003 10 20 2  8772  8785  8744  8810  8777  8733  8773  8764  8840  8852  8803  8833
TBILIS 2003 10 21 1  8842  8840  8807  8812  8837  8793  8760  8770  8755  8739  8746  8757
TBILIS 2003 10 21 2  8786  8799  8761  8747  8772  8771  8798  8760  8750  8667  8604  8613
TBILIS 2003 10 22 1  8623  8626  8638  8629  8580  8660  8513  8513  8481  8457  8470  8412
TBILIS 2003 10 22 2  8362  8401  8358  8389  8426  8394  8371  8339  8343  8325  8285  8312
TBILIS 2003 10 23 1  8327  8318  8344  8363  8365  8332  8377  8389  8419  8404  8423  8400
TBILIS 2003 10 23 2  8421  8385  8375  8397  8368  8386  8397  8388  8388  8418  8473  8466
TBILIS 2003 10 24 1  8513  8454  8451  8507  8479  8500  8552  8546  8506  8512  8552  8574
TBILIS 2003 10 24 2  8552  8566  8518  8476  8461  8384  8430  8343  8333  8319  8204  8129
TBILIS 2003 10 25 1  8167  8255  8329  8311  8305  8284  8297  8334  8306  8287  8325  8298
TBILIS 2003 10 25 2  8258  8299  8307  8308  8252  8236  8224  8192  8164  8166  8167  8199
TBILIS 2003 10 26 1  8240  8259  8272  8249  8229  8243  8264  8294  8378  8357  8316  8355
TBILIS 2003 10 26 2  8332  8353  8362  8318  8300  8247  8280  8290  8310  8276  8280  8306
TBILIS 2003 10 27 1  8342  8310  8327  8356  8336  8353  8371  8427  8435  8423  8461  8478
TBILIS 2003 10 27 2  8448  8382  8425  8413  8373  8410  8342  8355  8364  8359  8249  8196
TBILIS 2003 10 28 1  8118  8109  8101  8181  8196  8274  8333  8361  8329  8306  8321  8368
TBILIS 2003 10 28 2  8349  8320  8262  8262  8287  8287  8291  8289  8302  8311  8279  8302
TBILIS 2003 10 29 1  8326  8370  8387  8350  8390  8463  8381  8295  8273  8081  8021  7779
TBILIS 2003 10 29 2  7606  7185  6973  6943  6999  6758  7017  7142  7149  7035  7048  7161
TBILIS 2003 10 30 1  7309  7235  7172  7170  7195  7165  7192  7261  7254  7235  7295  7282
TBILIS 2003 10 30 2  7287  7263  7265  7271  7264  7270  7203  7242  7182  7245  7314  7325
TBILIS 2003 10 31 1  7308  7248  7235  7235  7351  7342  7253  7210  7228  7239  7256  7032
TBILIS 2003 10 31 2  7032  7048  7038  7083  7163  7195  7201  7212  7262  7274  7316  7335
Cosmic-Ray Neutron Monitor Data (Hourly, Pressure-Corrected and Scale-Adjusted Counts)
Collections: WDC for Cosmic Rays, Solar-Terrestrial Environment Laboratory, Nagoya Univ.
Data Access: http://center.stelab.nagoya-u.ac.jp/WDCCR/index.html
Project: ICSU WDC
Citation: WDC for Cosmic Rays, Solar-Terrestrial Environment Laboratory, Nagoya University
Station ID: TBILIS
Station:  TBILISI,GIORGIA,INSTITUT GEOPHYSIKY (IG), GIORGIAN ACADEMY OF SCIENCES,GIORGIA 
Instrument:  18 NM-64 NEUTRON MONITOR, CORRECTED FOR PRESSURE TO 965 MB   ,COEF.=-0.690 %/MB
Latitude (deg.):   41.72  Longitude (deg.):   44.80  Altitude (m):  510.00
Cut-Off Rigidity (GV):    6.73
Year: 2003  Month:  11
Scaling Factor (SF):    64.0   Constant (CONST):     0.0  Real Counts = (DATA + CONST)*SF
Temporal Resolution: 1 hour
UTC Start Hour:     0.0
                         FILE IS PREPARED IN IZMIRAN                            
                                                        
Monthly Average:  8112.9
Updated (YYYY MM DD): 2004 11 17
*******************************************************************************************
ID     YYYY MM DD 1     0     1     2     3     4     5     6     7     8     9    10    11
ID     YYYY MM DD 2    12    13    14    15    16    17    18    19    20    21    22    23
*******************************************************************************************
TBILIS 2003 11 01 1  7328  7340  7323  7325  7312  7319  7347  7375  7323  7348  7341  7365
TBILIS 2003 11 01 2  7364  7395  7406  7407  7389  7469  7479  7548  7549  7546  7541  7583
TBILIS 2003 11 02 1  7607  7572  7599  7585  7565  7574  7608  7624  7614  7589  7623  7685
TBILIS 2003 11 02 2  7701  7714  7747  7755  7778  7807  7777  7743  7705  7728  7697  7716
TBILIS 2003 11 03 1  7772  7759  7832  7811  7811  7839  7851  7852  7893  7908  7957  7913
TBILIS 2003 11 03 2  7926  7959  7916  7929  7902  7887  7904  7875  7858  7852  7839  7862
TBILIS 2003 11 04 1  7874  7910  7891  7875  7908  8017  8005  8054  7987  8027  8067  8044
TBILIS 2003 11 04 2  8003  8014  7996  7914  7899  7891  7909  7900  7883  7923  7910  7895
TBILIS 2003 11 05 1  7919  7930  8004  8047  8011  8072  8098  8116  8152  8149  8218  8216
TBILIS 2003 11 05 2  8237  8192  8084  8080  8003  7968  8037  8026  8026  7985  8018  8034
TBILIS 2003 11 06 1  7992  7998  8007  8061  8119  8169  8121  8167  8150  8168  8131  8093
TBILIS 2003 11 06 2  8069  8033  8048  8055  8088  8085  8095  8057  8009  8000  7919  7909
TBILIS 2003 11 07 1  7934  7934  7952  7939  7948  7957  7943  7983  7988  7984  8042  8063
TBILIS 2003 11 07 2  8058  8048  8041  8041  8042  8015  7981  7972  8008  8014  8021  8012
TBILIS 2003 11 08 1  8028  8010  8061  8072  8051  8116  8096  8125  8185  8147  8136  8127
TBILIS 2003 11 08 2  8096  8068  8048  8047  8022  8003  8012  8024  8023  8062  8078  8066
TBILIS 2003 11 09 1  8106  8121  8100  8161  8149  8158  8180  8208  8220  8232  8318  8279
TBILIS 2003 11 09 2  8252  8313  8373  8288  8278  8238  8203  8237  8233  8249  8256  8272
TBILIS 2003 11 10 1  8300  8271  8301  8301  8309  8289  8257  8259  8280  8287  8337  8369
TBILIS 2003 11 10 2  8384  8330  8348  8342  8327  8331  8294  8291  8282  8245  8205  8232
TBILIS 2003 11 11 1  8231  8235  8213  8238  8243  8276  8269  8282  8294  8381  8345  8412
TBILIS 2003 11 11 2  8415  8419  8375  8416  8413  8396  8375  8382  8331  8334  8323  8342
TBILIS 2003 11 12 1  8326  8354  8402  8394  8395  8356  8295  8277  8287  8310  8295  8315
TBILIS 2003 11 12 2  8284  8245  8153  8162  8141  8169  8184  8146  8195  8171  8228  8251
TBILIS 2003 11 13 1  8283  8279  8359  8329  8392  8404  8400  8377  8351  8310  8371  8345
TBILIS 2003 11 13 2  8367  8371  8372  8354  8358  8377  8294  8331  8350  8291  8302  8283
TBILIS 2003 11 14 1  8324  8313  8303  8296  8314  8320  8317  8391  8407  8407  8419  8470
TBILIS 2003 11 14 2  8441  8418  8471  8439  8452  8371  8339  8361  8348  8393  8336  8365
TBILIS 2003 11 15 1  8340  8337  8311  8307  8311  8287  8310  8307  8342  8337  8314  8320
TBILIS 2003 11 15 2  8312  8306  8257  8260  8304  8245  8239  8218  8185  8167  8161  8143
TBILIS 2003 11 16 1  8129  8142  8113  8109  8142  8141  8145  8087  8072  8049  8028  8056
TBILIS 2003 11 16 2  8058  8068  8121  8138  8165  8199  8208  8188  8152  8132  8132  8135
TBILIS 2003 11 17 1  8077  8127  8131  8096  8075  8018  7977  7970  7980  8021  8000  8000
TBILIS 2003 11 17 2  7974  7999  8086  8083  8106  8132  8123  8117  8157  8137  8082  8059
TBILIS 2003 11 18 1  8055  8041  8033  8014  7996  7996  7994  7970  7974  8025  8033  8021
TBILIS 2003 11 18 2  8047  8081  8061  8043  8089  8082  8048  8084  8055  8102  8079  8054
TBILIS 2003 11 19 1  8057  8055  8077  8013  8017  8079  8065  8082  8106  8091  8124  8098
TBILIS 2003 11 19 2  8113  8121  8166  8181  8220  8187  8235  8244  8248  8232  8220  8251
TBILIS 2003 11 20 1  8212  8225  8224  8254  8286  8276  8282  8259  8248  8253  8234  8074
TBILIS 2003 11 20 2  8137  8180  8125  8176  8246  8360  8451  8500  8396  8448  8359  8317
TBILIS 2003 11 21 1  8324  8243  8146  8109  8077  8087  8136  8164  8254  8295  8283  8309
TBILIS 2003 11 21 2  8311  8335  8262  8275  8230  8246  8231  8233  8251  8186  8158  8118
TBILIS 2003 11 22 1  8119  8066  8094  8096  8121  8133  8168  8132  8147  8120  8107  8112
TBILIS 2003 11 22 2  8063  8027  8111  8084  8107  8053  8045  8078  8097  8066  8061  8024
TBILIS 2003 11 23 1  8030  8037  8077  8038  8069  8079  8089  8142  8140  8127  8116  8071
TBILIS 2003 11 23 2  8043  8066  8022  8020  8018  7981  8007  7986  7986  8008  7993  7981
TBILIS 2003 11 24 1  7964  7980  7979  7980  7949  7977  8010  8019  8022  8050  8033  8037
TBILIS 2003 11 24 2  8010  8003  8003  7995  7962  8026  7994  8036  8017  7997  8042  8042
TBILIS 2003 11 25 1  7993  8009  7994  7973  7947  8009  8013  8001  8019  8046  8050  8033
TBILIS 2003 11 25 2  8052  8046  8047  8044  8031  8056  8053  8033  8028  8033  8019  8029
TBILIS 2003 11 26 1  8039  8015  8035  8063  8024  8072  8089  8056  8076  8115  8112  8154
TBILIS 2003 11 26 2  8119  8142  8156  8142  8159  8173  8127  8137  8136  8170  8202  8136
TBILIS 2003 11 27 1  8139  8177  8164  8196  8185  8139  8111  8159  8163  8170  8184  8190
TBILIS 2003 11 27 2  8203  8259  8221  8233  8215  8245  8241  8203  8229  8218  8204  8197
TBILIS 2003 11 28 1  8236  8227  8230  8204  8226  8245  8214  8224  8236  8225  8243  8280
TBILIS 2003 11 28 2  8249  8286  8284  8254  8260  8219  8237  8229  8231  8215  8163  8193
TBILIS 2003 11 29 1  8198  8188  8204  8223  8232  8228  8278  8302  8332  8336  8322  8310
TBILIS 2003 11 29 2  8328  8345  8296  8352  8335  8317  8301  8316  8307  8302  8242  8245
TBILIS 2003 11 30 1  8233  8216  8241  8257  8239  8277  8292  8334  8341  8378  8373  8368
TBILIS 2003 11 30 2  8406  8419  8400  8426  8434  8396  8347  8345  8332  8315  8307  8291
TBILIS 2003 11 31 1 99999 99999 99999 99999 99999 99999 99999 99999 99999 99999 99999 99999
TBILIS 2003 11 31 2 99999 99999 99999 99999 99999 99999 99999 99999 99999 99999 99999 99999
Cosmic-Ray Neutron Monitor Data (Hourly, Pressure-Corrected and Scale-Adjusted Counts)
Collections: WDC for Cosmic Rays, Solar-Terrestrial Environment Laboratory, Nagoya Univ.
Data Access: http://center.stelab.nagoya-u.ac.jp/WDCCR/index.html
Project: ICSU WDC
Citation: WDC for Cosmic Rays, Solar-Terrestrial Environment Laboratory, Nagoya University
Station ID: TBILIS
Station:  TBILISI,GIORGIA,INSTITUT GEOPHYSIKY (IG), GIORGIAN ACADEMY OF SCIENCES,GIORGIA 
Instrument:  18 NM-64 NEUTRON MONITOR, CORRECTED FOR PRESSURE TO 965 MB   ,COEF.=-0.690 %/MB
Latitude (deg.):   41.72  Longitude (deg.):   44.80  Altitude (m):  510.00
Cut-Off Rigidity (GV):    6.73
Year: 2003  Month:  12
Scaling Factor (SF):    64.0   Constant (CONST):     0.0  Real Counts = (DATA + CONST)*SF
Temporal Resolution: 1 hour
UTC Start Hour:     0.0
                         FILE IS PREPARED IN IZMIRAN                            
                                                        
Monthly Average:  8368.3
Updated (YYYY MM DD): 2004 11 17
*******************************************************************************************
ID     YYYY MM DD 1     0     1     2     3     4     5     6     7     8     9    10    11
ID     YYYY MM DD 2    12    13    14    15    16    17    18    19    20    21    22    23
*******************************************************************************************
TBILIS 2003 12 01 1  8243  8272  8257  8279  8297  8290  8294  8295  8302  8289  8302  8238
TBILIS 2003 12 01 2  8258  8261  8212  8229  8289  8251  8241  8273  8270  8265  8238  8247
TBILIS 2003 12 02 1  8235  8203  8224  8231  8253  8303  8311  8326  8369  8353  8337  8314
TBILIS 2003 12 02 2  8340  8353  8379  8392  8350  8329  8285  8290  8297  8310  8261  8274
TBILIS 2003 12 03 1  8267  8281  8269  8293  8302  8259  8292  8298  8299  8319  8328  8308
TBILIS 2003 12 03 2  8335  8332  8302  8327  8318  8342  8318  8321  8295  8314  8258  8260
TBILIS 2003 12 04 1  8242  8212  8206  8233  8241  8278  8295  8317  8304  8324  8316  8295
TBILIS 2003 12 04 2  8298  8297  8352  8354  8358  8340  8351  8340  8339  8259  8248  8262
TBILIS 2003 12 05 1  8282  8299  8324  8300  8356  8348  8406  8399  8446  8449  8466  8459
TBILIS 2003 12 05 2  8430  8391  8423  8412  8453  8432  8408  8361  8358  8389  8295  8319
TBILIS 2003 12 06 1  8299  8332  8329  8286  8355  8378  8394  8442  8448  8461  8428  8458
TBILIS 2003 12 06 2  8438  8446  8480  8477  8471  8470  8459  8385  8412  8372  8382  8347
TBILIS 2003 12 07 1  8364  8377  8377  8397  8425  8427  8410  8446  8465  8415  8447  8460
TBILIS 2003 12 07 2  8460  8460  8402  8384  8390  8304  8366  8331  8316  8293  8290  8226
TBILIS 2003 12 08 1  8227  8277  8287  8267  8250  8261  8315  8318  8343  8338  8350  8368
TBILIS 2003 12 08 2  8364  8336  8356  8291  8328  8313  8346  8345  8322  8376  8354  8293
TBILIS 2003 12 09 1  8278  8315  8304  8300  8290  8302  8308  8329  8394  8353  8362  8387
TBILIS 2003 12 09 2  8356  8344  8321  8299  8311  8263  8251  8243  8235  8211  8295  8253
TBILIS 2003 12 10 1  8225  8229  8226  8253  8230  8168  8152  8206  8283  8324  8317  8331
TBILIS 2003 12 10 2  8347  8325  8327  8368  8336  8354  8348  8312  8342  8310  8290  8319
TBILIS 2003 12 11 1  8319  8340  8353  8353  8325  8304  8297  8345  8347  8358  8377  8340
TBILIS 2003 12 11 2  8343  8380  8340  8439  8368  8344  8321  8336  8314  8366  8384  8332
TBILIS 2003 12 12 1  8314  8321  8327  8319  8346  8363  8360  8346  8371  8376  8411  8421
TBILIS 2003 12 12 2  8401  8433  8387  8429  8406  8404  8378  8393  8334  8304  8327  8327
TBILIS 2003 12 13 1  8293  8316  8332  8310  8326  8301  8295  8334  8360  8351  8376  8376
TBILIS 2003 12 13 2  8329  8313  8268  8288  8240  8271  8266  8269  8223  8205  8214  8244
TBILIS 2003 12 14 1  8270  8249  8226  8277  8258  8249  8279  8291  8395  8346  8316  8336
TBILIS 2003 12 14 2  8349  8381  8353  8311  8348  8361  8407  8393  8348  8347  8331  8282
TBILIS 2003 12 15 1  8261  8305  8298  8265  8290  8328  8298  8340  8315  8285  8262  8197
TBILIS 2003 12 15 2  8145  8293  8314  8321  8334  8310  8279  8283  8316  8302  8280  8288
TBILIS 2003 12 16 1  8298  8281  8324  8299  8337  8315  8319  8327  8388  8388  8389  8391
TBILIS 2003 12 16 2  8369  8391  8370  8323  8363  8336  8312  8285  8317  8317  8293  8300
TBILIS 2003 12 17 1  8329  8324  8352  8311  8358  8376  8430  8413  8416  8479  8413  8331
TBILIS 2003 12 17 2  8380  8463  8490  8493  8491  8488  8488  8467  8491  8478  8488  8474
TBILIS 2003 12 18 1  8464  8462  8480  8490  8460  8431  8462  8475  8504  8492  8461  8499
TBILIS 2003 12 18 2  8481  8504  8450  8497  8465  8510  8505  8516  8483  8505  8447  8453
TBILIS 2003 12 19 1  8465  8462  8425  8459  8435  8469  8466  8452  8512  8570  8532  8551
TBILIS 2003 12 19 2  8531  8503  8466  8489  8451  8418  8438  8412  8395  8359  8371  8345
TBILIS 2003 12 20 1  8323  8356  8322  8340  8376  8408  8409  8436  8491  8438  8483  8471
TBILIS 2003 12 20 2  8451  8439  8414  8416  8401  8404  8372  8344  8337  8346  8337  8313
TBILIS 2003 12 21 1  8353  8336  8359  8364  8375  8355  8397  8371  8485  8502  8496  8379
TBILIS 2003 12 21 2  8381  8446  8423  8427  8417  8357  8330  8354  8279  8319  8326  8308
TBILIS 2003 12 22 1  8277  8301  8290  8321  8299  8351  8344  8477  8476  8465  8476  8424
TBILIS 2003 12 22 2  8414  8372  8370  8332  8352  8312  8362  8325  8299  8297  8288  8282
TBILIS 2003 12 23 1  8319  8340  8309  8319  8321  8372  8371  8338  8345  8374  8349  8338
TBILIS 2003 12 23 2  8233  8326  8364  8354  8342  8389  8341  8369  8358  8340  8317  8336
TBILIS 2003 12 24 1  8306  8301  8321  8316  8329  8387  8364  8318  8334  8313  8354  8306
TBILIS 2003 12 24 2  8292  8274  8332  8366  8352  8350  8361  8345  8331  8317  8320  8305
TBILIS 2003 12 25 1  8288  8299  8310  8329  8350  8315  8350  8375  8366  8325  8323  8312
TBILIS 2003 12 25 2  8331  8393  8389  8395  8365  8353  8335  8328  8310  8337  8342  8313
TBILIS 2003 12 26 1  8324  8315  8322  8323  8383  8408  8437  8467  8450  8480  8465  8413
TBILIS 2003 12 26 2  8438  8472  8475  8446  8445  8515  8543  8507  8501  8489  8488  8467
TBILIS 2003 12 27 1  8480  8486  8452  8444  8493  8507  8523  8528  8569  8551  8521  8505
TBILIS 2003 12 27 2  8551  8567  8557  8543  8535  8531  8495  8495  8448  8441  8472  8481
TBILIS 2003 12 28 1  8533  8520  8439  8437  8464  8487  8435  8410  8464  8496  8532  8437
TBILIS 2003 12 28 2  8405  8462  8450  8404  8378  8362  8362  8328  8333  8343  8345  8359
TBILIS 2003 12 29 1  8326  8365  8361  8356  8356  8329  8401  8381  8434  8379  8359  8404
TBILIS 2003 12 29 2  8377  8376  8390  8367  8387  8380  8374  8421  8394  8439  8412  8405
TBILIS 2003 12 30 1  8401  8412  8425  8371  8401  8426  8414  8425  8432  8407  8458  8439
TBILIS 2003 12 30 2  8473  8453  8446  8451  8447  8440  8504  8446  8441  8447  8432  8432
TBILIS 2003 12 31 1  8412  8434  8404  8413  8396  8430  8430  8490  8618  8592  8577  8609
TBILIS 2003 12 31 2  8585  8568  8570  8559  8569  8598  8583  8572  8586  8531  8562  8548
