Cosmic-Ray Neutron Monitor Data (Hourly, Pressure-Corrected and Scale-Adjusted Counts)
Collections: WDC for Cosmic Rays, Solar-Terrestrial Environment Laboratory, Nagoya Univ.
Data Access: http://center.stelab.nagoya-u.ac.jp/WDCCR/index.html
Project: ICSU WDC
Citation: WDC for Cosmic Rays, Solar-Terrestrial Environment Laboratory, Nagoya University
Station ID: TBILIS
Station:  TBILISI,GIORGIA,INSTITUT GEOPHYSIKY (IG), GIORGIAN ACADEMY OF SCIENCES,GIORGIA 
Instrument:  18 NM-64 NEUTRON MONITOR, CORRECTED FOR PRESSURE TO 965 MB   ,COEF.=-0.690 %/MB
Latitude (deg.):   41.72  Longitude (deg.):   44.80  Altitude (m):  510.00
Cut-Off Rigidity (GV):    6.73
Year: 2002  Month:   1
Scaling Factor (SF):    64.0   Constant (CONST):     0.0  Real Counts = (DATA + CONST)*SF
Temporal Resolution: 1 hour
UTC Start Hour:     0.0
                         FILE IS PREPARED IN IZMIRAN                            
                                                        
Monthly Average:  8556.9
Updated (YYYY MM DD): 2004 04 19
*******************************************************************************************
ID     YYYY MM DD 1     0     1     2     3     4     5     6     7     8     9    10    11
ID     YYYY MM DD 2    12    13    14    15    16    17    18    19    20    21    22    23
*******************************************************************************************
TBILIS 2002 01 01 1  8343  8353  8327  8311  8336  8346  8344  8360  8333  8376  8325  8356
TBILIS 2002 01 01 2  8406  8410  8416  8391  8415  8415  8395  8386  8370  8373  8377  8372
TBILIS 2002 01 02 1  8367  8369  8343  8343  8333  8327  8371  8344  8357  8368  8360  8322
TBILIS 2002 01 02 2  8380  8393  8407  8429  8433  8433  8392  8443  8408  8348  8310  8347
TBILIS 2002 01 03 1  8313  8289  8287  8326  8326  8311  8324  8360  8387  8402  8423  8437
TBILIS 2002 01 03 2  8420  8411  8401  8397  8429  8425  8365  8401  8407  8373  8405  8389
TBILIS 2002 01 04 1  8372  8337  8387  8387  8395  8386  8320  8332  8386  8441  8406  8381
TBILIS 2002 01 04 2  8397  8366  8384  8371  8384  8379  8398  8408  8422  8400  8411  8437
TBILIS 2002 01 05 1  8408  8418  8421  8420  8412  8424  8434  8482  8497  8451  8508  8460
TBILIS 2002 01 05 2  8476  8498  8476  8521  8509  8539  8526  8557  8567  8513  8513  8493
TBILIS 2002 01 06 1  8499  8484  8502  8527  8546  8513  8540  8580  8583  8510 99999 99999
TBILIS 2002 01 06 2 99999 99999 99999 99999 99999  8489  8490  8545  8516  8527  8505  8522
TBILIS 2002 01 07 1  8565  8522  8511  8556  8560  8539  8593  8606  8620  8606  8614  8613
TBILIS 2002 01 07 2  8563  8571  8559  8538  8579  8629  8644  8618  8599  8611  8603  8618
TBILIS 2002 01 08 1  8618  8598  8640  8592  8634  8633  8630  8592  8580  8592  8602  8581
TBILIS 2002 01 08 2  8512  8539  8569  8587  8610  8551  8595  8572  8555  8577  8589  8585
TBILIS 2002 01 09 1  8553  8536  8545  8567  8558  8538  8562  8639  8642  8644  8612  8610
TBILIS 2002 01 09 2  8606  8656  8654  8677  8645  8673  8649  8642  8653  8693  8686  8702
TBILIS 2002 01 10 1  8678  8673  8663  8658  8712  8711  8668  8653  8659  8697  8725  8752
TBILIS 2002 01 10 2  8771  8785  8781  8815  8763  8781  8746  8688  8636  8574  8479  8463
TBILIS 2002 01 11 1  8506  8478  8544  8480  8481  8496  8443  8422  8403  8427  8391  8367
TBILIS 2002 01 11 2  8403  8382  8442  8490  8533  8465  8456  8434  8445  8439  8456  8456
TBILIS 2002 01 12 1  8481  8454  8432  8442  8409  8407  8425  8397  8457  8441  8483  8470
TBILIS 2002 01 12 2  8496  8484  8469  8457  8445  8428  8463  8463  8462  8438  8424  8413
TBILIS 2002 01 13 1  8405  8421  8417  8431  8429  8426  8457  8448  8482  8491  8493  8451
TBILIS 2002 01 13 2  8474  8488  8432  8436  8436  8420  8419  8383  8422  8424  8389  8433
TBILIS 2002 01 14 1  8439  8412  8438  8424  8420  8440  8422  8465  8472  8532  8509  8488
TBILIS 2002 01 14 2  8515  8506  8495  8480  8468  8507  8505  8501  8511  8532  8528  8543
TBILIS 2002 01 15 1  8534  8564  8539  8580  8545  8536  8554  8526  8509  8524  8505  8525
TBILIS 2002 01 15 2  8543  8544  8533  8526  8515  8525  8516  8517  8521  8506  8547  8542
TBILIS 2002 01 16 1  8531  8588  8549  8568  8563  8541  8554  8545  8528  8538  8504  8551
TBILIS 2002 01 16 2  8539  8545  8544  8513  8566  8549  8561  8539  8623  8620  8581  8595
TBILIS 2002 01 17 1  8585  8580  8614  8582  8580  8572  8553  8586  8607  8560  8584  8595
TBILIS 2002 01 17 2  8592  8616  8622  8627  8624  8626  8656  8657  8648  8673  8634  8663
TBILIS 2002 01 18 1  8693  8685  8680  8679  8642  8641  8601  8644  8609  8629  8601  8605
TBILIS 2002 01 18 2  8616  8633  8635  8679  8706  8661  8690  8727  8690  8705  8675  8743
TBILIS 2002 01 19 1  8727  8678  8704  8648  8639  8676  8622  8622  8610  8631  8667  8609
TBILIS 2002 01 19 2  8629  8640  8657  8682  8714  8739  8729  8732  8756  8763  8754  8706
TBILIS 2002 01 20 1  8696  8684  8680  8626  8645  8625  8599  8663  8658  8664  8643  8615
TBILIS 2002 01 20 2  8623  8614  8658  8624  8644  8671  8654  8682  8667  8671  8655  8654
TBILIS 2002 01 21 1  8664  8644  8643  8613  8630  8580  8598  8600  8624  8640  8661  8659
TBILIS 2002 01 21 2  8634  8662  8633  8669  8673  8643  8691  8706  8709  8683  8691  8703
TBILIS 2002 01 22 1  8692  8678  8720  8725  8683  8717  8689  8689  8727  8709  8694  8684
TBILIS 2002 01 22 2  8720  8696  8659  8652  8705  8670  8649  8632  8650  8630  8618  8651
TBILIS 2002 01 23 1  8647  8615  8666  8650  8637  8632  8675  8678  8692  8690  8679  8660
TBILIS 2002 01 23 2  8656  8649  8600  8616  8601  8617  8641  8607  8623  8564  8547  8559
TBILIS 2002 01 24 1  8525  8557  8525  8541  8550  8564  8608  8648  8691  8688  8675  8710
TBILIS 2002 01 24 2  8688  8649  8661  8686  8646  8696  8656  8664  8632  8634  8618  8605
TBILIS 2002 01 25 1  8579  8567  8597  8609  8598  8614  8643  8677  8674  8676  8675  8697
TBILIS 2002 01 25 2  8689  8640  8660  8696  8698  8687  8694  8707  8692  8717  8703  8729
TBILIS 2002 01 26 1  8685  8696  8692  8710  8706  8716  8741  8734  8761  8728  8701  8700
TBILIS 2002 01 26 2  8731  8697  8730  8698  8731  8661  8602  8633  8679  8644  8634  8655
TBILIS 2002 01 27 1  8619  8611  8628  8616  8623  8632  8674  8678  8696  8707  8708  8740
TBILIS 2002 01 27 2  8732  8674  8681  8655  8695  8656  8643  8625  8593  8639  8608  8601
TBILIS 2002 01 28 1  8600  8597  8569  8578  8583  8560  8607  8584  8622  8601  8597  8602
TBILIS 2002 01 28 2  8565  8547  8551  8564  8528  8532  8516  8561  8563  8566  8615  8581
TBILIS 2002 01 29 1  8608  8567  8556  8536  8523  8500  8474  8473  8521  8589  8600  8574
TBILIS 2002 01 29 2  8563  8543  8522  8515  8475  8490  8497  8485  8503  8512  8505  8500
TBILIS 2002 01 30 1  8470  8479  8477  8469  8467  8421  8464  8438  8385  8454  8475  8486
TBILIS 2002 01 30 2  8512  8497  8471  8495  8518  8484  8500  8508  8540  8557  8510  8551
TBILIS 2002 01 31 1  8564  8555  8526  8527  8537  8524  8496  8526  8567  8548  8590  8608
TBILIS 2002 01 31 2  8602  8555  8567  8540  8537  8548  8584  8564  8592  8593  8604  8594
Cosmic-Ray Neutron Monitor Data (Hourly, Pressure-Corrected and Scale-Adjusted Counts)
Collections: WDC for Cosmic Rays, Solar-Terrestrial Environment Laboratory, Nagoya Univ.
Data Access: http://center.stelab.nagoya-u.ac.jp/WDCCR/index.html
Project: ICSU WDC
Citation: WDC for Cosmic Rays, Solar-Terrestrial Environment Laboratory, Nagoya University
Station ID: TBILIS
Station:  TBILISI,GIORGIA,INSTITUT GEOPHYSIKY (IG), GIORGIAN ACADEMY OF SCIENCES,GIORGIA 
Instrument:  18 NM-64 NEUTRON MONITOR, CORRECTED FOR PRESSURE TO 965 MB   ,COEF.=-0.690 %/MB
Latitude (deg.):   41.72  Longitude (deg.):   44.80  Altitude (m):  510.00
Cut-Off Rigidity (GV):    6.73
Year: 2002  Month:   2
Scaling Factor (SF):    64.0   Constant (CONST):     0.0  Real Counts = (DATA + CONST)*SF
Temporal Resolution: 1 hour
UTC Start Hour:     0.0
DATA FILE IS PREPARED BY IZMIRAN (ftp://cr0.izmiran.rssi.ru/Cosray!/FTP_NM/C/)  
 Updated by IZMIRAN on 20050225                         
Monthly Average:  8736.5
Updated (YYYY MM DD): 2013 12 12
*******************************************************************************************
ID     YYYY MM DD 1     0     1     2     3     4     5     6     7     8     9    10    11
ID     YYYY MM DD 2    12    13    14    15    16    17    18    19    20    21    22    23
*******************************************************************************************
TBILIS 2002 02 01 1  8503  8441  8443  8441  8443  8455  8517  8569  8565  8521  8519  8510
TBILIS 2002 02 01 2  8546  8533  8527  8561  8541  8533  8532  8558  8525  8583  8558  8559
TBILIS 2002 02 02 1  8587  8576  8487  8540  8575  8548  8551  8598  8639  8585  8597  8623
TBILIS 2002 02 02 2  8587  8601  8610  8558  8605  8607  8568  8576  8614  8566  8564  8574
TBILIS 2002 02 03 1  8611  8584  8621  8583  8614  8663  8654  8683  8644  8661  8662  8662
TBILIS 2002 02 03 2  8640  8609  8605  8597  8596  8563  8613  8594  8527  8609  8624  8629
TBILIS 2002 02 04 1  8643  8687  8631  8614  8626  8619  8631  8626  8646  8641  8643  8662
TBILIS 2002 02 04 2  8667  8652  8669  8646  8678  8671  8638  8657  8664  8694  8659  8645
TBILIS 2002 02 05 1  8683  8705  8696  8660  8708  8689  8654  8674  8649  8670  8661  8698
TBILIS 2002 02 05 2  8705  8662  8669  8644  8658  8635  8708  8708  8687  8689  8639  8639
TBILIS 2002 02 06 1  8611  8648  8665  8649  8637  8637  8654  8675  8719  8711  8748  8765
TBILIS 2002 02 06 2  8770  8728  8739  8776  8746  8774  8722  8752  8696  8709  8718  8683
TBILIS 2002 02 07 1  8745  8745  8714  8684  8733  8692  8717  8724  8716  8724  8732  8722
TBILIS 2002 02 07 2  8742  8721  8722  8742  8714  8692  8700  8697  8693  8687  8675  8659
TBILIS 2002 02 08 1  8656  8674  8675  8698  8693  8704  8678  8689  8717  8744  8734  8718
TBILIS 2002 02 08 2  8728  8740  8748  8762  8771  8738  8764  8766  8720  8728  8668  8725
TBILIS 2002 02 09 1  8692  8744  8747  8739  8712  8782  8776  8814  8827  8796  8811  8857
TBILIS 2002 02 09 2  8824  8819  8807  8795  8804  8805  8798  8828  8810  8795  8826  8792
TBILIS 2002 02 10 1  8779  8761  8766  8782  8778  8813  8818  8829  8846  8841  8827  8839
TBILIS 2002 02 10 2  8832  8833  8804  8762  8796  8820  8787  8799  8792  8861  8826  8777
TBILIS 2002 02 11 1  8768  8779  8798  8745  8775  8793  8743  8750  8794  8799  8833  8834
TBILIS 2002 02 11 2  8820  8849  8830  8789  8803  8831  8763  8819  8836  8825  8814  8827
TBILIS 2002 02 12 1  8837 99999 99999  8827  8819  8808  8793  8791  8845  8820  8834  8837
TBILIS 2002 02 12 2  8837  8820  8821  8819  8836  8803  8773  8720  8754  8715  8750 99999
TBILIS 2002 02 13 1 99999 99999 99999 99999 99999 99999 99999 99999 99999  8840  8832  8793
TBILIS 2002 02 13 2  8805  8815  8807  8812  8784  8826  8842  8812  8794  8828  8782  8785
TBILIS 2002 02 14 1  8746  8731  8778  8765  8770  8778  8782  8823  8813  8849  8845  8833
TBILIS 2002 02 14 2  8853  8813  8822  8846  8833  8851  8836  8766  8810  8766  8814  8792
TBILIS 2002 02 15 1  8795  8778  8781  8782  8786  8758  8793  8807  8782  8783  8831  8802
TBILIS 2002 02 15 2  8817  8813  8810  8797  8821  8820  8827  8812  8772  8885  8850  8802
TBILIS 2002 02 16 1  8810  8830  8812  8833  8860  8842  8792  8869  8844  8905  8909  8886
TBILIS 2002 02 16 2  8849  8870  8853  8892  8867  8845  8849  8833  8851  8805  8796  8809
TBILIS 2002 02 17 1  8832  8826  8825  8865  8846  8840  8905  8870  8873  8900  8909  8887
TBILIS 2002 02 17 2  8887  8731  8792  8771  8796  8771  8811  8780  8880  8835  8861  8862
TBILIS 2002 02 18 1  8848  8848  8853  8868  8880  8847  8876  8871  8820  8800  8822  8772
TBILIS 2002 02 18 2  8745  8801  8749  8783  8774  8775  8828  8825  8843  8793  8874  8889
TBILIS 2002 02 19 1  8827  8839  8775  8791  8824  8814  8787  8795  8847  8838  8826  8819
TBILIS 2002 02 19 2  8816  8801  8831  8817  8824  8872  8872  8875  8882  8824  8846  8880
TBILIS 2002 02 20 1  8863  8864  8851  8908  8913  8904  8902  8848  8850  8843  8875  8840
TBILIS 2002 02 20 2  8826  8774  8833  8791  8824  8804  8823  8811  8817  8830  8840  8840
TBILIS 2002 02 21 1  8805  8835  8797  8872  8799  8831  8860  8860  8879  8860  8862  8797
TBILIS 2002 02 21 2  8771  8748  8761  8749  8769  8808  8791  8782  8755  8734  8723  8710
TBILIS 2002 02 22 1  8710  8707  8686  8694  8709  8693  8760  8801  8770  8786  8791  8768
TBILIS 2002 02 22 2  8745  8735  8701  8708  8684  8697  8699  8692  8697  8698  8660  8649
TBILIS 2002 02 23 1  8664  8669  8714  8703  8652  8673  8686  8717  8676  8673  8670  8700
TBILIS 2002 02 23 2  8699  8677  8677  8642  8681  8681  8666  8692  8659  8677  8670  8658
TBILIS 2002 02 24 1  8678  8675  8653  8642  8630  8619  8636  8653  8681  8714  8719  8731
TBILIS 2002 02 24 2  8735  8737  8731  8730  8736  8700  8749  8718  8721  8724  8708  8709
TBILIS 2002 02 25 1  8694  8711  8718  8735  8735  8676  8682  8683  8743  8740  8744  8740
TBILIS 2002 02 25 2  8725  8716  8720  8725  8714  8712  8697  8731  8689  8706  8684  8719
TBILIS 2002 02 26 1  8719  8680  8676  8690  8678  8681  8686  8682  8692  8686  8716  8686
TBILIS 2002 02 26 2  8694  8670  8707  8683  8711  8678  8693  8703  8736  8713  8670  8679
TBILIS 2002 02 27 1  8625  8620  8648 99999 99999 99999 99999  8717  8725  8727  8721  8730
TBILIS 2002 02 27 2  8712  8709  8722  8715  8721  8727  8720  8658  8658  8671  8677  8678
TBILIS 2002 02 28 1  8649  8658  8689  8601  8635  8612  8652  8671  8675  8674  8669  8666
TBILIS 2002 02 28 2  8646  8657  8654  8648  8655  8673  8685  8706  8718  8722  8752  8764
TBILIS 2002 02 29 1 99999 99999 99999 99999 99999 99999 99999 99999 99999 99999 99999 99999
TBILIS 2002 02 29 2 99999 99999 99999 99999 99999 99999 99999 99999 99999 99999 99999 99999
TBILIS 2002 02 30 1 99999 99999 99999 99999 99999 99999 99999 99999 99999 99999 99999 99999
TBILIS 2002 02 30 2 99999 99999 99999 99999 99999 99999 99999 99999 99999 99999 99999 99999
TBILIS 2002 02 31 1 99999 99999 99999 99999 99999 99999 99999 99999 99999 99999 99999 99999
TBILIS 2002 02 31 2 99999 99999 99999 99999 99999 99999 99999 99999 99999 99999 99999 99999
Cosmic-Ray Neutron Monitor Data (Hourly, Pressure-Corrected and Scale-Adjusted Counts)
Collections: WDC for Cosmic Rays, Solar-Terrestrial Environment Laboratory, Nagoya Univ.
Data Access: http://center.stelab.nagoya-u.ac.jp/WDCCR/index.html
Project: ICSU WDC
Citation: WDC for Cosmic Rays, Solar-Terrestrial Environment Laboratory, Nagoya University
Station ID: TBILIS
Station:  TBILISI,GIORGIA,INSTITUT GEOPHYSIKY (IG), GIORGIAN ACADEMY OF SCIENCES,GIORGIA 
Instrument:  18 NM-64 NEUTRON MONITOR, CORRECTED FOR PRESSURE TO 965 MB   ,COEF.=-0.690 %/MB
Latitude (deg.):   41.72  Longitude (deg.):   44.80  Altitude (m):  510.00
Cut-Off Rigidity (GV):    6.73
Year: 2002  Month:   3
Scaling Factor (SF):    64.0   Constant (CONST):     0.0  Real Counts = (DATA + CONST)*SF
Temporal Resolution: 1 hour
UTC Start Hour:     0.0
DATA FILE IS PREPARED BY IZMIRAN (ftp://cr0.izmiran.rssi.ru/Cosray!/FTP_NM/C/)  
 Updated by IZMIRAN on 20050226                         
Monthly Average:  8688.1
Updated (YYYY MM DD): 2013 12 12
*******************************************************************************************
ID     YYYY MM DD 1     0     1     2     3     4     5     6     7     8     9    10    11
ID     YYYY MM DD 2    12    13    14    15    16    17    18    19    20    21    22    23
*******************************************************************************************
TBILIS 2002 03 01 1  8748  8772  8749  8692  8720  8716  8736  8756  8737  8702  8734  8730
TBILIS 2002 03 01 2  8735  8764  8733  8680  8688  8736  8728  8735  8764  8696  8691  8713
TBILIS 2002 03 02 1  8680  8680  8653  8650  8597  8598  8621  8652  8670  8697  8696  8692
TBILIS 2002 03 02 2  8700  8655  8680  8698  8692  8653  8684  8659  8682  8711  8741  8701
TBILIS 2002 03 03 1  8700  8692  8697  8684  8683  8690  8665  8654  8641  8696  8694  8726
TBILIS 2002 03 03 2  8742  8712  8721  8747  8720  8765  8723  8744  8759  8737  8769  8764
TBILIS 2002 03 04 1  8774  8798  8796  8799  8768  8773  8791  8785  8743  8747  8754  8720
TBILIS 2002 03 04 2  8791  8746  8773  8688  8697  8709  8735  8725  8690  8683  8672  8647
TBILIS 2002 03 05 1  8658  8662  8677  8682  8669  8744  8782  8778  8790  8753  8725  8752
TBILIS 2002 03 05 2  8770  8751  8739  8721  8728  8736  8760  8740  8694  8677  8754  8777
TBILIS 2002 03 06 1  8680  8684  8726  8648  8685  8680  8714  8744  8777  8782  8747  8736
TBILIS 2002 03 06 2  8769  8726  8731  8727  8748  8762  8758  8803  8757  8756  8787  8737
TBILIS 2002 03 07 1  8773  8760  8764  8743  8726  8719  8737  8730  8733  8724  8727  8731
TBILIS 2002 03 07 2  8749 99999 99999 99999 99999 99999 99999 99999 99999 99999 99999 99999
TBILIS 2002 03 08 1 99999 99999 99999 99999 99999 99999 99999 99999 99999 99999 99999 99999
TBILIS 2002 03 08 2 99999 99999 99999 99999 99999 99999  8822  8784  8772  8785  8774  8750
TBILIS 2002 03 09 1  8777  8776  8794  8788  8772  8748  8698  8735  8724  8791  8749  8750
TBILIS 2002 03 09 2  8741  8769  8755  8724  8788  8761  8769  8765  8754  8777  8794  8763
TBILIS 2002 03 10 1  8742  8753  8759  8749  8774  8790  8793  8803  8845  8831  8870  8882
TBILIS 2002 03 10 2  8875  8833  8821  8825  8845  8830  8817  8828  8814  8823  8862  8830
TBILIS 2002 03 11 1  8851  8806  8817  8799  8797  8786  8774  8766  8790  8807  8809  8836
TBILIS 2002 03 11 2  8795  8780  8807  8802  8817  8832  8832  8747  8752  8752  8746  8752
TBILIS 2002 03 12 1  8734  8767  8733  8700  8738  8697  8708  8715  8698  8681  8693  8706
TBILIS 2002 03 12 2  8760  8715  8725  8787  8680  8718  8776  8764  8744  8759  8758  8780
TBILIS 2002 03 13 1  8731  8784  8755  8716  8736  8774  8735  8758  8754  8725  8766  8780
TBILIS 2002 03 13 2  8729  8728  8751  8735  8790  8791  8806  8780  8765  8810  8803  8815
TBILIS 2002 03 14 1  8803  8786  8782  8813  8780  8781  8773  8750  8745  8743  8777  8821
TBILIS 2002 03 14 2  8815  8788  8791  8809  8853  8842  8849  8871  8842  8842  8851  8839
TBILIS 2002 03 15 1  8841  8820  8805  8819  8775  8769  8790  8803  8805  8810  8812  8756
TBILIS 2002 03 15 2  8735  8746  8766  8790  8779  8877  8832  8864  8799  8793  8769  8763
TBILIS 2002 03 16 1  8788  8753  8768  8751  8782  8764  8793  8809  8822  8790  8834  8841
TBILIS 2002 03 16 2  8823  8773  8801  8782  8788  8786  8775  8784  8858  8818  8833  8824
TBILIS 2002 03 17 1  8849  8804  8840  8805  8786  8775  8772  8776  8826  8811  8820  8816
TBILIS 2002 03 17 2  8799  8786  8782  8761  8776  8773  8803  8828  8853  8832  8826  8825
TBILIS 2002 03 18 1  8846  8849  8861  8792  8784  8769  8769  8784  8786  8734  8733  8749
TBILIS 2002 03 18 2  8756  8738  8787  8782  8781  8801  8786  8781  8734  8712  8693  8735
TBILIS 2002 03 19 1  8776  8744  8709  8681  8699  8706  8716  8637  8654  8636  8537  8561
TBILIS 2002 03 19 2  8553  8559  8562  8599  8589  8585  8592  8600  8642  8617  8586  8579
TBILIS 2002 03 20 1  8567  8567  8570  8663  8616  8640  8607  8658  8644  8636 99999 99999
TBILIS 2002 03 20 2 99999 99999 99999 99999 99999 99999 99999 99999 99999 99999 99999 99999
TBILIS 2002 03 21 1 99999 99999 99999 99999 99999 99999 99999 99999 99999 99999 99999 99999
TBILIS 2002 03 21 2 99999 99999 99999 99999  8557  8559  8544  8481  8496  8506  8522  8553
TBILIS 2002 03 22 1  8498  8522  8537  8509  8475  8527  8553  8599  8584  8612  8622  8647
TBILIS 2002 03 22 2  8601  8589  8563  8484  8464  8454  8415  8413  8450  8459  8443  8466
TBILIS 2002 03 23 1  8500  8535  8501  8532  8527  8515  8500  8489  8515  8511  8523  8473
TBILIS 2002 03 23 2  8526  8555  8526  8537  8495  8445  8438  8442  8446  8449  8438  8441
TBILIS 2002 03 24 1  8419  8421  8442  8401  8420  8470  8501  8569  8516  8576  8528  8493
TBILIS 2002 03 24 2  8461  8496  8479  8499  8541  8545  8497  8497  8524  8492  8446  8452
TBILIS 2002 03 25 1  8497  8483  8450  8469  8480  8451  8497  8489  8464  8511  8523  8521
TBILIS 2002 03 25 2  8512  8523  8502  8459  8470  8504  8473  8463  8483  8476  8487  8471
TBILIS 2002 03 26 1  8441  8460  8469  8449  8496  8486  8513  8549  8546  8601  8610  8635
TBILIS 2002 03 26 2  8642  8622  8591  8583  8524  8545  8528  8567  8553  8570  8576  8619
TBILIS 2002 03 27 1  8569  8602  8588  8556  8561  8548  8552  8566  8584  8672  8642  8629
TBILIS 2002 03 27 2  8613  8634  8618  8630  8627  8602  8602  8612  8622  8590  8615  8581
TBILIS 2002 03 28 1  8617  8601  8564  8608  8589  8603  8619  8622  8652  8657  8678  8653
TBILIS 2002 03 28 2  8642  8659  8671  8678  8659  8653  8681  8675  8660  8677  8675  8682
TBILIS 2002 03 29 1  8659  8645  8613  8621  8673  8685  8696  8667  8639  8680  8647  8679
TBILIS 2002 03 29 2  8652  8742  8749  8747  8753  8744  8741  8766  8750  8707  8673  8657
TBILIS 2002 03 30 1  8642  8665  8659  8676  8717  8736  8690  8654  8653  8671  8651  8671
TBILIS 2002 03 30 2  8741  8703  8706  8688  8685  8728  8733  8692  8671  8671  8634  8638
TBILIS 2002 03 31 1  8615  8640  8618  8631  8608  8621  8642  8664  8679  8694  8702  8689
TBILIS 2002 03 31 2  8688  8724  8689  8682  8722  8686  8680  8670  8613  8659  8637  8629
Cosmic-Ray Neutron Monitor Data (Hourly, Pressure-Corrected and Scale-Adjusted Counts)
Collections: WDC for Cosmic Rays, Solar-Terrestrial Environment Laboratory, Nagoya Univ.
Data Access: http://center.stelab.nagoya-u.ac.jp/WDCCR/index.html
Project: ICSU WDC
Citation: WDC for Cosmic Rays, Solar-Terrestrial Environment Laboratory, Nagoya University
Station ID: TBILIS
Station:  TBILISI,GIORGIA,INSTITUT GEOPHYSIKY (IG), GIORGIAN ACADEMY OF SCIENCES,GIORGIA 
Instrument:  18 NM-64 NEUTRON MONITOR, CORRECTED FOR PRESSURE TO 965 MB   ,COEF.=-0.690 %/MB
Latitude (deg.):   41.72  Longitude (deg.):   44.80  Altitude (m):  510.00
Cut-Off Rigidity (GV):    6.73
Year: 2002  Month:   4
Scaling Factor (SF):    64.0   Constant (CONST):     0.0  Real Counts = (DATA + CONST)*SF
Temporal Resolution: 1 hour
UTC Start Hour:     0.0
DATA FILE IS PREPARED BY IZMIRAN (ftp://cr0.izmiran.rssi.ru/Cosray!/FTP_NM/C/)  
 Updated by IZMIRAN on 20050228                         
Monthly Average:  8659.9
Updated (YYYY MM DD): 2013 12 12
*******************************************************************************************
ID     YYYY MM DD 1     0     1     2     3     4     5     6     7     8     9    10    11
ID     YYYY MM DD 2    12    13    14    15    16    17    18    19    20    21    22    23
*******************************************************************************************
TBILIS 2002 04 01 1  8583  8543  8541  8547  8554  8562  8570  8620  8614  8608  8607  8614
TBILIS 2002 04 01 2  8631  8643  8612  8608  8660  8608  8589  8613  8592  8625  8586  8598
TBILIS 2002 04 02 1  8604  8623  8604  8632  8607  8626  8631  8640  8639  8646  8652  8668
TBILIS 2002 04 02 2  8676  8644  8649  8678  8643  8674  8698  8665  8655  8683  8695  8688
TBILIS 2002 04 03 1  8695  8707  8670  8682  8659  8651  8597  8615  8632  8654  8652  8691
TBILIS 2002 04 03 2  8714  8678  8730  8714  8738  8738  8705  8731  8752  8685  8717  8707
TBILIS 2002 04 04 1  8700  8700  8731  8744  8729  8670  8699  8637  8682  8720  8710  8715
TBILIS 2002 04 04 2  8748  8741  8732  8742  8701  8744  8768  8726  8728  8720  8739  8722
TBILIS 2002 04 05 1  8685  8725  8732  8746  8704  8720  8701  8695  8698  8709  8695  8675
TBILIS 2002 04 05 2  8667  8688  8727  8692  8647  8645  8669  8666  8679  8664  8668  8661
TBILIS 2002 04 06 1  8623  8678  8657  8671  8693  8666  8670  8684  8658  8670  8701  8726
TBILIS 2002 04 06 2  8642  8693  8701  8722  8738  8721  8678  8698  8732  8719  8753  8712
TBILIS 2002 04 07 1  8716  8744  8756  8733  8739  8711  8725  8714  8749  8741  8746  8744
TBILIS 2002 04 07 2  8739  8743  8747  8743  8745  8736  8740  8737  8741  8745  8749  8730
TBILIS 2002 04 08 1  8702  8683  8679  8698  8706  8743  8751  8768  8792  8777  8779  8747
TBILIS 2002 04 08 2  8826  8835  8825  8808  8785  8788  8755  8744  8746  8720  8691  8670
TBILIS 2002 04 09 1  8662  8723  8734  8740  8740  8782  8805  8790  8802  8774  8809  8829
TBILIS 2002 04 09 2  8771  8736  8752  8781  8744  8753  8761  8694  8698  8708  8716  8709
TBILIS 2002 04 10 1  8717  8711  8717  8668  8665  8712  8719  8704  8711  8725  8789  8787
TBILIS 2002 04 10 2  8778  8749  8769  8772  8762  8743  8717  8717  8676  8696  8678  8688
TBILIS 2002 04 11 1  8671  8694  8719  8681  8720  8716  8691  8727  8691  8722  8725  8712
TBILIS 2002 04 11 2  8727  8734  8748  8722  8666  8702  8738  8649  8662  8668  8659  8613
TBILIS 2002 04 12 1  8648  8681  8648  8635  8644  8637  8639  8657  8614  8666  8680  8680
TBILIS 2002 04 12 2  8689  8681  8707  8713  8682  8664  8646  8671  8710  8680  8696  8704
TBILIS 2002 04 13 1  8707  8733  8709  8700  8695  8663  8703  8699  8736  8751  8807  8814
TBILIS 2002 04 13 2  8773  8826  8803  8823  8815  8809  8836  8807  8775  8802  8787  8788
TBILIS 2002 04 14 1  8782  8810  8808  8774  8748  8749  8736  8741  8759  8743  8738  8742
TBILIS 2002 04 14 2  8754  8739  8781  8812  8855  8811  8804  8796  8745  8765  8752  8733
TBILIS 2002 04 15 1  8722  8731  8727  8675  8688  8687  8683  8706  8725  8703  8757  8740
TBILIS 2002 04 15 2  8821  8775  8795  8778  8764  8781  8773  8765  8787  8778  8746  8719
TBILIS 2002 04 16 1  8727  8736  8708  8729  8725  8717  8715  8695  8737  8713  8742  8773
TBILIS 2002 04 16 2  8751  8738  8772  8799  8760  8755  8766  8739  8745  8733  8753  8751
TBILIS 2002 04 17 1  8771  8768  8735  8729  8726  8749  8774  8810  8843  8895  8890  8846
TBILIS 2002 04 17 2  8867  8750  8690  8639  8696  8748  8753  8773  8805  8793  8768  8735
TBILIS 2002 04 18 1  8735  8714  8698  8590  8641  8565  8463  8509  8507  8523  8601  8590
TBILIS 2002 04 18 2  8551  8545  8545  8541  8562  8562  8578  8585  8540  8570  8621  8655
TBILIS 2002 04 19 1  8657  8636  8623  8576  8626  8632  8638  8656  8665  8626  8621  8560
TBILIS 2002 04 19 2  8585  8585  8601  8597  8624  8608  8585  8581  8531  8549  8528  8539
TBILIS 2002 04 20 1  8590  8599  8469  8420  8470  8503  8512  8510  8509  8516  8546  8509
TBILIS 2002 04 20 2  8554  8586  8604  8549  8618  8581  8600  8568  8576  8592  8614  8563
TBILIS 2002 04 21 1  8566  8528  8511  8526  8536  8495  8530  8565  8539  8577  8608  8595
TBILIS 2002 04 21 2  8621  8582  8637  8589  8569  8600  8522  8531  8556  8527  8555  8536
TBILIS 2002 04 22 1  8542  8495  8465  8455  8454  8472  8510  8550  8593  8594  8586  8559
TBILIS 2002 04 22 2  8570  8617  8659  8596  8647  8612  8549 99999 99999 99999 99999 99999
TBILIS 2002 04 23 1 99999 99999 99999 99999 99999 99999 99999 99999  8593  8549  8590  8567
TBILIS 2002 04 23 2  8585  8630  8622  8651  8627  8589  8607  8596  8569  8562  8574  8611
TBILIS 2002 04 24 1  8534  8535  8514  8525  8517  8558  8557  8581  8612  8510  8581  8509
TBILIS 2002 04 24 2  8465  8491  8510  8500  8508  8555  8499  8484  8526  8510  8511  8534
TBILIS 2002 04 25 1  8530  8576  8524  8502  8448  8468  8487  8509  8514  8550  8544  8501
TBILIS 2002 04 25 2  8561  8552  8573  8576  8561  8550  8572  8554  8581  8597  8570  8568
TBILIS 2002 04 26 1  8565  8532  8547  8545  8532  8533  8529  8551  8575  8521  8572  8565
TBILIS 2002 04 26 2  8598  8603  8580  8565  8571  8555  8565  8538  8523  8567  8533  8527
TBILIS 2002 04 27 1  8545  8534  8541  8536  8535  8552  8508  8529  8556  8593  8608  8575
TBILIS 2002 04 27 2  8604  8610  8634  8612  8561  8579  8592  8606  8581  8573  8576  8566
TBILIS 2002 04 28 1  8540  8545  8583  8562  8610  8584  8592  8606  8661  8629  8651  8727
TBILIS 2002 04 28 2  8727  8694  8678  8645  8676  8676  8669  8643  8641  8600  8589  8642
TBILIS 2002 04 29 1  8615  8615  8643  8639  8620  8616  8609  8651  8651  8678  8710  8713
TBILIS 2002 04 29 2  8691  8758  8772  8713  8765  8724  8690  8658  8609  8578  8585  8572
TBILIS 2002 04 30 1  8563  8596  8560  8584  8626  8666  8670  8640  8658  8689  8739  8730
TBILIS 2002 04 30 2  8700  8722  8706  8739  8743  8745  8715  8658  8634  8677  8665  8662
TBILIS 2002 04 31 1 99999 99999 99999 99999 99999 99999 99999 99999 99999 99999 99999 99999
TBILIS 2002 04 31 2 99999 99999 99999 99999 99999 99999 99999 99999 99999 99999 99999 99999
Cosmic-Ray Neutron Monitor Data (Hourly, Pressure-Corrected and Scale-Adjusted Counts)
Collections: WDC for Cosmic Rays, Solar-Terrestrial Environment Laboratory, Nagoya Univ.
Data Access: http://center.stelab.nagoya-u.ac.jp/WDCCR/index.html
Project: ICSU WDC
Citation: WDC for Cosmic Rays, Solar-Terrestrial Environment Laboratory, Nagoya University
Station ID: TBILIS
Station:  TBILISI,GIORGIA,INSTITUT GEOPHYSIKY (IG), GIORGIAN ACADEMY OF SCIENCES,GIORGIA 
Instrument:  18 NM-64 NEUTRON MONITOR, CORRECTED FOR PRESSURE TO 965 MB   ,COEF.=-0.690 %/MB
Latitude (deg.):   41.72  Longitude (deg.):   44.80  Altitude (m):  510.00
Cut-Off Rigidity (GV):    6.73
Year: 2002  Month:   5
Scaling Factor (SF):    64.0   Constant (CONST):     0.0  Real Counts = (DATA + CONST)*SF
Temporal Resolution: 1 hour
UTC Start Hour:     0.0
DATA FILE IS PREPARED BY IZMIRAN (ftp://cr0.izmiran.rssi.ru/Cosray!/FTP_NM/C/)  
 Updated by IZMIRAN on 20050301                         
Monthly Average:  8683.3
Updated (YYYY MM DD): 2013 12 12
*******************************************************************************************
ID     YYYY MM DD 1     0     1     2     3     4     5     6     7     8     9    10    11
ID     YYYY MM DD 2    12    13    14    15    16    17    18    19    20    21    22    23
*******************************************************************************************
TBILIS 2002 05 01 1  8656  8648  8645  8643  8632  8684  8606  8643  8652  8689  8684  8759
TBILIS 2002 05 01 2  8795  8778  8809  8838  8838  8808  8764  8775  8785  8727  8734  8706
TBILIS 2002 05 02 1  8746  8749  8711  8727  8705  8694  8716  8755  8757  8793  8745  8788
TBILIS 2002 05 02 2  8766  8781  8799  8833  8829  8774  8768  8778  8726  8767  8704  8724
TBILIS 2002 05 03 1  8693  8727 99999  8723  8753  8673  8731  8712  8778  8767  8795  8794
TBILIS 2002 05 03 2  8804  8790  8810  8815  8783  8790  8778  8771  8744  8711  8695  8725
TBILIS 2002 05 04 1  8734  8718  8734  8753  8764  8749  8783  8818  8837  8853  8839  8858
TBILIS 2002 05 04 2  8821  8820  8824  8798  8806  8785  8774  8766  8752  8732  8777  8721
TBILIS 2002 05 05 1  8768  8753  8747  8723  8738  8733  8756  8802  8816  8802  8809  8857
TBILIS 2002 05 05 2  8820  8840  8804  8772  8797  8768  8748  8759  8745  8720  8697  8703
TBILIS 2002 05 06 1  8677  8652  8657  8677  8674  8698  8774  8784  8792  8844  8859  8882
TBILIS 2002 05 06 2  8856  8902  8899  8891  8870  8890  8877  8833  8827  8767  8743  8755
TBILIS 2002 05 07 1  8731  8735  8738  8725  8757  8778  8817  8845  8855  8843  8834  8849
TBILIS 2002 05 07 2  8839  8836  8857  8830  8873  8911  8811  8786  8783  8771  8782  8779
TBILIS 2002 05 08 1  8739  8730  8735  8725  8754  8717  8674  8681  8727  8720  8765  8806
TBILIS 2002 05 08 2  8790  8805  8755  8759  8729  8808  8810  8784  8748  8811  8765  8751
TBILIS 2002 05 09 1  8730  8704  8718  8689  8695  8748  8778  8784  8832  8801  8833  8851
TBILIS 2002 05 09 2  8847  8833  8792  8849  8817  8822  8763  8781  8740  8715  8728  8650
TBILIS 2002 05 10 1  8682  8680  8701  8669  8745  8765  8817  8828  8844  8839  8840  8840
TBILIS 2002 05 10 2  8820  8814  8744  8824  8774  8766  8758  8732  8710  8701  8658  8668
TBILIS 2002 05 11 1  8723  8694  8698  8649  8702  8697  8691  8662  8639  8642  8690  8679
TBILIS 2002 05 11 2  8652  8733  8716  8805  8749  8744  8773  8728  8688  8640  8621  8664
TBILIS 2002 05 12 1  8685  8620  8633  8624  8631  8656  8669  8721  8722  8737  8744  8722
TBILIS 2002 05 12 2  8729  8744  8753  8749  8693  8722  8707  8670  8682  8676  8672  8694
TBILIS 2002 05 13 1  8619  8626  8629  8611  8611  8597  8640  8608  8632  8617  8655  8632
TBILIS 2002 05 13 2  8679  8709  8689  8671  8743  8738  8709  8684  8734  8689  8627  8601
TBILIS 2002 05 14 1  8593  8564  8589  8649  8640  8678  8693  8799  8735  8740  8735  8750
TBILIS 2002 05 14 2  8730  8661  8653  8696  8715  8735  8709  8732  8749  8695  8678  8658
TBILIS 2002 05 15 1  8684  8646  8633  8619  8635  8641  8688  8665  8709  8701  8708  8721
TBILIS 2002 05 15 2  8694  8727  8713  8679  8672  8675  8646  8639  8652  8649  8647  8613
TBILIS 2002 05 16 1  8628  8637  8627  8632  8610  8606  8589  8583  8601  8629  8638  8623
TBILIS 2002 05 16 2  8639  8710  8647  8645  8615  8651  8660  8637  8670  8612  8627  8619
TBILIS 2002 05 17 1  8666  8660  8669  8751  8634  8630  8668  8665  8662  8622  8686  8671
TBILIS 2002 05 17 2  8653  8645  8668  8673  8676  8667  8682  8704  8715  8691  8689  8725
TBILIS 2002 05 18 1  8670  8692  8659  8679  8719  8714  8683  8665  8694  8726  8732  8737
TBILIS 2002 05 18 2  8725  8738  8697  8705  8738  8747  8783  8730  8686  8675  8636  8608
TBILIS 2002 05 19 1  8581  8574  8575  8574  8551  8563  8562  8548  8577  8573  8600  8585
TBILIS 2002 05 19 2  8608  8652  8652  8619  8626  8591  8602  8622  8616  8611  8596  8590
TBILIS 2002 05 20 1  8565  8556  8560  8497  8502  8523  8519  8493  8529  8563  8598  8590
TBILIS 2002 05 20 2 99999 99999 99999 99999 99999 99999 99999 99999 99999 99999 99999 99999
TBILIS 2002 05 21 1 99999 99999 99999 99999 99999 99999 99999 99999 99999 99999 99999 99999
TBILIS 2002 05 21 2 99999 99999 99999 99999 99999 99999 99999 99999 99999 99999 99999 99999
TBILIS 2002 05 22 1 99999 99999 99999 99999 99999 99999 99999 99999 99999 99999 99999 99999
TBILIS 2002 05 22 2 99999 99999 99999 99999 99999 99999 99999 99999 99999 99999 99999 99999
TBILIS 2002 05 23 1 99999 99999 99999 99999 99999 99999 99999 99999 99999 99999 99999 99999
TBILIS 2002 05 23 2 99999 99999 99999 99999 99999 99999 99999 99999 99999 99999 99999 99999
TBILIS 2002 05 24 1 99999 99999 99999 99999 99999 99999 99999 99999 99999  8449  8476  8541
TBILIS 2002 05 24 2  8583  8568  8558  8549  8548  8528  8535  8501  8525  8545  8584  8540
TBILIS 2002 05 25 1  8533  8507  8573  8537  8539  8595  8600  8610  8643 99999 99999 99999
TBILIS 2002 05 25 2 99999 99999 99999 99999 99999 99999 99999 99999 99999 99999 99999 99999
TBILIS 2002 05 26 1 99999 99999 99999 99999 99999  8558  8529  8539  8513  8553  8534  8603
TBILIS 2002 05 26 2  8629  8629  8655  8598  8617  8612  8622  8597  8620  8620  8606  8649
TBILIS 2002 05 27 1  8663  8627  8624  8621  8620  8664  8662  8612  8644  8623  8662  8632
TBILIS 2002 05 27 2  8595  8612  8685  8656  8649  8646  8610  8644  8614  8597  8596  8599
TBILIS 2002 05 28 1  8559  8549  8486  8513  8504  8506  8548  8552  8588  8617  8552  8596
TBILIS 2002 05 28 2  8615  8593  8641  8658  8626  8585  8555  8571  8554  8546  8562  8579
TBILIS 2002 05 29 1  8575  8599  8577  8566  8514  8529  8544  8556  8521  8527  8541  8545
TBILIS 2002 05 29 2  8560  8600  8595  8551  8503  8556  8533  8528  8560  8562  8555  8569
TBILIS 2002 05 30 1  8584  8569  8556  8538  8532  8540  8556  8538  8572  8550  8594  8635
TBILIS 2002 05 30 2  8586  8615  8588  8655  8606  8610  8609  8632  8634  8644  8629  8657
TBILIS 2002 05 31 1  8614  8624  8597  8614  8618  8570  8627  8660  8636  8654  8643  8635
TBILIS 2002 05 31 2  8665  8649  8711  8693  8711  8657  8668  8695  8731  8708  8703  8672
Cosmic-Ray Neutron Monitor Data (Hourly, Pressure-Corrected and Scale-Adjusted Counts)
Collections: WDC for Cosmic Rays, Solar-Terrestrial Environment Laboratory, Nagoya Univ.
Data Access: http://center.stelab.nagoya-u.ac.jp/WDCCR/index.html
Project: ICSU WDC
Citation: WDC for Cosmic Rays, Solar-Terrestrial Environment Laboratory, Nagoya University
Station ID: TBILIS
Station:  TBILISI,GIORGIA,INSTITUT GEOPHYSIKY (IG), GIORGIAN ACADEMY OF SCIENCES,GIORGIA 
Instrument:  18 NM-64 NEUTRON MONITOR, CORRECTED FOR PRESSURE TO 965 MB   ,COEF.=-0.690 %/MB
Latitude (deg.):   41.72  Longitude (deg.):   44.80  Altitude (m):  510.00
Cut-Off Rigidity (GV):    6.73
Year: 2002  Month:   6
Scaling Factor (SF):    64.0   Constant (CONST):     0.0  Real Counts = (DATA + CONST)*SF
Temporal Resolution: 1 hour
UTC Start Hour:     0.0
                         FILE IS PREPARED IN IZMIRAN                            
                                                        
Monthly Average:  8655.2
Updated (YYYY MM DD): 2004 04 19
*******************************************************************************************
ID     YYYY MM DD 1     0     1     2     3     4     5     6     7     8     9    10    11
ID     YYYY MM DD 2    12    13    14    15    16    17    18    19    20    21    22    23
*******************************************************************************************
TBILIS 2002 06 01 1  8674  8695  8666  8645  8647  8677  8681  8659  8632  8625  8648  8647
TBILIS 2002 06 01 2  8635  8633  8649  8640  8650  8626  8644  8689  8720  8677  8702  8743
TBILIS 2002 06 02 1  8696  8647  8648  8654  8660  8636  8665  8628  8648  8654  8662  8652
TBILIS 2002 06 02 2  8643  8665  8671  8668  8669  8660  8647  8647  8655  8628  8619  8596
TBILIS 2002 06 03 1  8611  8610  8578  8578  8570  8613  8643  8639  8680  8646  8648  8639
TBILIS 2002 06 03 2  8677  8645  8654  8635  8631  8641  8655  8631  8625  8616  8597  8615
TBILIS 2002 06 04 1  8621  8583  8578  8566  8607  8632  8609  8620  8615  8642  8644  8626
TBILIS 2002 06 04 2  8687  8672  8644  8660  8663  8633  8617  8647  8600  8603  8578  8611
TBILIS 2002 06 05 1  8605  8600  8601  8597  8578  8642  8641  8618  8607  8650  8644  8632
TBILIS 2002 06 05 2  8666  8651  8635  8630  8648  8653  8627  8644  8624  8631  8678  8642
TBILIS 2002 06 06 1  8617  8624  8626  8624  8612  8624  8561  8593  8578  8631  8641  8629
TBILIS 2002 06 06 2  8623  8669  8611  8588  8629  8615  8674  8645  8630  8618  8696  8664
TBILIS 2002 06 07 1  8603  8599  8576  8594  8623  8629  8640  8701  8682  8628  8629  8635
TBILIS 2002 06 07 2  8615  8647  8630  8602  8578  8593  8625  8651  8625  8615  8565  8568
TBILIS 2002 06 08 1  8562  8575  8610  8614  8553  8578  8542  8633  8602  8562  8579  8599
TBILIS 2002 06 08 2  8621  8623  8662  8652  8668  8656  8634  8643  8620  8651  8635  8624
TBILIS 2002 06 09 1  8638  8621  8613  8609  8618  8632  8654  8630  8695  8675  8680  8699
TBILIS 2002 06 09 2  8721  8747  8738  8697  8713  8717  8694  8703  8679  8681  8633  8626
TBILIS 2002 06 10 1  8616  8611  8616  8616  8610  8645  8660  8601  8673  8695  8696  8728
TBILIS 2002 06 10 2  8730  8728  8726  8736  8732  8690  8684  8661  8650  8616  8578  8570
TBILIS 2002 06 11 1  8560  8515  8523  8520  8516  8543  8571  8586  8598  8599  8630  8639
TBILIS 2002 06 11 2  8609  8631  8621  8604  8608  8563  8581  8556  8587  8553  8578  8543
TBILIS 2002 06 12 1  8536  8580  8562  8556  8597  8581  8596  8601  8609  8612  8600  8590
TBILIS 2002 06 12 2  8591  8611  8591  8634  8594  8631  8618  8574  8602  8586  8551  8552
TBILIS 2002 06 13 1  8559  8555  8570  8561  8576  8608  8622  8635  8659  8656  8623  8673
TBILIS 2002 06 13 2  8626  8675  8604  8612  8607  8613  8589  8593  8600  8608  8611  8599
TBILIS 2002 06 14 1  8568  8619  8583  8541  8589  8641  8670  8626  8661  8638  8654  8656
TBILIS 2002 06 14 2  8661  8635  8626  8673  8650  8619  8641  8632  8608  8643  8587  8638
TBILIS 2002 06 15 1  8590  8561  8553  8561 99999 99999 99999  8664  8665  8684  8654  8677
TBILIS 2002 06 15 2  8683  8658  8669  8660  8671  8646  8612  8621  8618  8625  8591  8558
TBILIS 2002 06 16 1  8609  8575  8606  8608  8589  8595  8673  8681  8694  8705  8737  8692
TBILIS 2002 06 16 2  8707  8753  8711  8699  8722  8726  8711  8698  8725  8707  8695  8731
TBILIS 2002 06 17 1  8702  8675  8642  8661  8679  8645  8706  8738  8722  8724  8742  8723
TBILIS 2002 06 17 2  8722  8738  8729  8752  8720  8705  8624  8622  8606  8629  8636  8667
TBILIS 2002 06 18 1  8637  8643  8697  8704  8665  8655  8654  8688  8699  8735  8690  8663
TBILIS 2002 06 18 2  8668  8615  8617  8602  8636  8650  8665  8687  8637  8660  8649  8617
TBILIS 2002 06 19 1  8599  8571  8594  8597  8623  8631  8575  8627  8634  8618  8625  8661
TBILIS 2002 06 19 2  8652  8616  8631  8642  8608  8621  8621  8634  8600  8627  8626  8610
TBILIS 2002 06 20 1  8642  8666  8644  8599  8605  8616  8585  8607  8681  8618  8657  8690
TBILIS 2002 06 20 2  8656  8687  8652  8649  8647  8654  8615  8627  8650  8652  8663  8634
TBILIS 2002 06 21 1  8633  8654  8636  8675  8652  8656  8617  8622  8625  8626  8614  8598
TBILIS 2002 06 21 2  8591  8572  8587  8613  8651  8651  8677  8661  8639  8649  8653  8646
TBILIS 2002 06 22 1  8630  8602  8640  8655  8629  8615  8652  8628  8662  8650  8700  8680
TBILIS 2002 06 22 2  8695  8685  8682  8663  8679  8632  8658  8667  8675  8719  8725  8663
TBILIS 2002 06 23 1  8655  8687  8655  8655  8642  8654  8677  8738  8725  8704  8730  8734
TBILIS 2002 06 23 2  8735  8739  8750  8728  8707  8663  8626  8673  8621  8627  8631  8601
TBILIS 2002 06 24 1  8665  8656  8645  8643  8622  8632  8582  8606  8637  8647  8658  8642
TBILIS 2002 06 24 2  8673  8661  8677  8651  8651  8625  8651  8640  8660  8622  8615  8611
TBILIS 2002 06 25 1  8647  8645  8600  8634  8621  8689  8655  8666  8671  8669  8689  8708
TBILIS 2002 06 25 2  8684  8693  8710  8688  8660  8680  8648  8699  8699  8687  8716  8702
TBILIS 2002 06 26 1  8746  8709  8722  8755  8710  8724  8715  8765  8744  8748  8781  8763
TBILIS 2002 06 26 2  8752  8734  8733  8742  8712  8743  8699  8696  8713  8687  8691  8702
TBILIS 2002 06 27 1  8677  8656  8671  8709  8688  8711  8731  8735  8750  8803  8774  8789
TBILIS 2002 06 27 2  8748  8757  8765  8711  8728  8753  8723  8715  8693  8730  8731  8736
TBILIS 2002 06 28 1  8728  8688  8740  8748  8693  8721  8747  8715  8770  8771  8765  8761
TBILIS 2002 06 28 2  8762  8726  8728  8719  8711  8703  8722  8721  8677  8683  8661  8680
TBILIS 2002 06 29 1  8682  8675  8661  8646  8669  8684  8714  8745  8721  8760  8741  8771
TBILIS 2002 06 29 2  8793  8776  8783  8784  8800  8793  8796  8785  8773  8772  8743  8732
TBILIS 2002 06 30 1  8694  8689  8691  8694 99999 99999 99999 99999 99999 99999  8807  8782
TBILIS 2002 06 30 2  8800  8796  8802  8793  8783  8742  8740  8790  8786  8765  8795  8745
TBILIS 2002 06 31 1 99999 99999 99999 99999 99999 99999 99999 99999 99999 99999 99999 99999
TBILIS 2002 06 31 2 99999 99999 99999 99999 99999 99999 99999 99999 99999 99999 99999 99999
Cosmic-Ray Neutron Monitor Data (Hourly, Pressure-Corrected and Scale-Adjusted Counts)
Collections: WDC for Cosmic Rays, Solar-Terrestrial Environment Laboratory, Nagoya Univ.
Data Access: http://center.stelab.nagoya-u.ac.jp/WDCCR/index.html
Project: ICSU WDC
Citation: WDC for Cosmic Rays, Solar-Terrestrial Environment Laboratory, Nagoya University
Station ID: TBILIS
Station:  TBILISI,GIORGIA,INSTITUT GEOPHYSIKY (IG), GIORGIAN ACADEMY OF SCIENCES,GIORGIA 
Instrument:  18 NM-64 NEUTRON MONITOR, CORRECTED FOR PRESSURE TO 965 MB   ,COEF.=-0.690 %/MB
Latitude (deg.):   41.72  Longitude (deg.):   44.80  Altitude (m):  510.00
Cut-Off Rigidity (GV):    6.73
Year: 2002  Month:   7
Scaling Factor (SF):    64.0   Constant (CONST):     0.0  Real Counts = (DATA + CONST)*SF
Temporal Resolution: 1 hour
UTC Start Hour:     0.0
                         FILE IS PREPARED IN IZMIRAN                            
                                                        
Monthly Average:  8555.7
Updated (YYYY MM DD): 2004 04 19
*******************************************************************************************
ID     YYYY MM DD 1     0     1     2     3     4     5     6     7     8     9    10    11
ID     YYYY MM DD 2    12    13    14    15    16    17    18    19    20    21    22    23
*******************************************************************************************
TBILIS 2002 07 01 1  8754  8729  8749  8737  8699  8684  8701  8712  8728  8731 99999 99999
TBILIS 2002 07 01 2 99999  8791  8810  8800  8777  8797  8751  8727  8764  8732  8738  8744
TBILIS 2002 07 02 1  8743  8740  8715  8720  8710  8695  8676  8686  8712  8732  8707  8745
TBILIS 2002 07 02 2  8762  8730  8751  8760  8715  8727  8695  8756  8710  8731  8683  8709
TBILIS 2002 07 03 1  8699  8704  8678  8646  8645  8655  8672  8668  8734  8711  8725  8716
TBILIS 2002 07 03 2  8690  8727  8704  8715  8662  8686  8683  8659  8686  8701  8660  8655
TBILIS 2002 07 04 1  8627  8656  8686  8660  8675  8686  8667  8697  8719  8708  8708  8812
TBILIS 2002 07 04 2  8770  8791  8747  8722  8751  8709  8719  8690  8709  8790  8727  8751
TBILIS 2002 07 05 1  8737  8778  8772  8759  8731  8740  8730  8751  8773  8796  8779  8793
TBILIS 2002 07 05 2  8770  8787  8788  8777  8790  8754  8748  8757  8719  8733  8707  8713
TBILIS 2002 07 06 1  8745  8707  8713  8729  8731  8731  8710  8704  8717  8767  8810  8737
TBILIS 2002 07 06 2  8745  8738  8716  8732  8702  8680  8647  8643  8642  8641  8651  8593
TBILIS 2002 07 07 1  8591  8559  8528  8542  8547  8587  8581  8616  8622  8655  8690  8709
TBILIS 2002 07 07 2  8712  8739  8704  8650  8612  8591  8552  8613  8583  8638  8619  8595
TBILIS 2002 07 08 1  8596  8619  8590  8597  8590  8547  8615  8616  8606  8652  8628  8603
TBILIS 2002 07 08 2  8645  8647  8658  8630  8653  8619  8586  8556  8582  8618  8607  8587
TBILIS 2002 07 09 1  8572  8571  8588  8594  8606  8596  8599  8613  8661  8675  8657  8653
TBILIS 2002 07 09 2  8649  8669  8659  8693  8705  8687  8680  8654  8657  8653  8602  8663
TBILIS 2002 07 10 1  8636  8667  8678  8655  8612  8645  8640  8684  8672  8666  8695  8636
TBILIS 2002 07 10 2  8659  8638  8646  8634  8606  8604  8588  8558  8550  8591  8552  8550
TBILIS 2002 07 11 1  8474  8522  8513  8528  8532  8571  8596  8584  8582  8588  8617  8595
TBILIS 2002 07 11 2  8598  8661  8657  8639  8631  8595  8621  8620  8607  8659  8594  8581
TBILIS 2002 07 12 1  8582  8570  8608  8579  8586  8574  8593  8636  8642  8683  8692  8679
TBILIS 2002 07 12 2  8712  8705  8676  8668  8715  8649  8654  8659  8650  8648  8586  8596
TBILIS 2002 07 13 1  8629  8633  8581  8604  8625  8603  8617  8634  8676  8662  8717  8689
TBILIS 2002 07 13 2  8748  8696  8681  8688  8628  8630  8625  8586  8555  8563  8576  8588
TBILIS 2002 07 14 1  8641  8639  8609  8602  8637  8669  8703  8698  8711  8703  8720  8724
TBILIS 2002 07 14 2  8739  8743  8724  8729  8682  8654  8646  8629  8620  8648  8647  8671
TBILIS 2002 07 15 1  8674  8651  8617  8646  8640  8599  8611  8586  8631  8665  8709  8723
TBILIS 2002 07 15 2  8701  8661  8686  8755  8699  8672  8655  8655  8608  8611  8603  8652
TBILIS 2002 07 16 1  8658  8655  8647  8623  8617  8666  8652  8678  8702  8726  8749  8763
TBILIS 2002 07 16 2  8762  8752  8726  8712  8679  8717  8712  8677  8688  8667  8691  8673
TBILIS 2002 07 17 1  8652  8655  8666  8672  8726  8707  8694  8736  8753  8780  8826  8812
TBILIS 2002 07 17 2  8815  8801  8781  8782  8747  8688  8647  8580  8486  8475  8476  8493
TBILIS 2002 07 18 1  8500  8481  8513  8464  8480  8495  8471  8468  8486  8497  8478  8497
TBILIS 2002 07 18 2  8492  8469  8488  8485  8455  8417  8455  8473  8453  8486  8517  8489
TBILIS 2002 07 19 1  8453  8458  8501  8438  8449  8495  8492  8555  8535  8558  8524  8547
TBILIS 2002 07 19 2  8514  8508  8523  8541  8527  8429  8369  8324  8292  8296  8299  8260
TBILIS 2002 07 20 1  8317  8383  8386  8337  8339  8357  8357  8351  8325  8349  8347  8333
TBILIS 2002 07 20 2  8351  8331  8361  8355  8335  8340  8346  8294  8334  8338  8347  8428
TBILIS 2002 07 21 1  8436  8426  8456  8461  8462  8481  8494  8496  8476  8475  8447  8479
TBILIS 2002 07 21 2  8446  8461  8485  8475  8482  8497  8501  8506  8511  8530  8514  8485
TBILIS 2002 07 22 1  8471  8457  8457  8463  8459  8478  8480  8541  8537  8583  8569  8625
TBILIS 2002 07 22 2  8567  8538  8524  8499  8441  8417  8456  8446  8468  8454  8436  8459
TBILIS 2002 07 23 1  8460  8458  8431  8437  8451  8451  8455  8493  8480  8462  8472  8499
TBILIS 2002 07 23 2  8497  8487  8470  8514  8522  8511  8504  8491  8488  8477  8506  8518
TBILIS 2002 07 24 1  8508  8496  8479  8469  8474  8529  8509  8567  8545  8549  8561  8536
TBILIS 2002 07 24 2  8524  8514  8532  8463  8387  8398  8402  8387  8400  8386  8392  8403
TBILIS 2002 07 25 1  8387  8386  8343  8376  8361  8365  8393  8430  8483  8526  8490  8535
TBILIS 2002 07 25 2  8507  8519  8484  8515  8477  8474  8462  8432  8430  8404  8408  8381
TBILIS 2002 07 26 1  8459  8422  8444  8451  8451  8448  8447  8472  8501  8548  8495  8514
TBILIS 2002 07 26 2  8467  8487  8500  8493  8534  8498  8470  8461  8441  8413  8407  8423
TBILIS 2002 07 27 1  8406  8385  8385  8373  8404  8406  8403  8398  8415  8453  8483  8499
TBILIS 2002 07 27 2  8497  8480  8480  8504  8479  8473  8485  8492  8503  8498  8429  8391
TBILIS 2002 07 28 1  8350  8333  8301  8295  8283  8342  8380  8388  8397  8421  8451  8428
TBILIS 2002 07 28 2  8383  8415  8414  8386  8373  8372  8330  8341  8329  8342  8384  8370
TBILIS 2002 07 29 1  8334  8309  8285  8295  8334  8326  8351  8392  8374  8384  8371  8363
TBILIS 2002 07 29 2  8383  8372  8360  8314  8293  8273  8279  8242  8250  8220  8213  8245
TBILIS 2002 07 30 1  8225  8231  8262  8212  8237  8283  8265  8279  8322  8298  8357  8364
TBILIS 2002 07 30 2  8369  8406  8353  8325  8315  8309  8326  8287  8280  8269  8264  8266
TBILIS 2002 07 31 1  8262  8260  8275  8259  8267  8280  8302  8298  8324  8360  8371  8406
TBILIS 2002 07 31 2  8419  8409  8383  8392  8350  8319  8289  8261  8226  8245  8270  8252
Cosmic-Ray Neutron Monitor Data (Hourly, Pressure-Corrected and Scale-Adjusted Counts)
Collections: WDC for Cosmic Rays, Solar-Terrestrial Environment Laboratory, Nagoya Univ.
Data Access: http://center.stelab.nagoya-u.ac.jp/WDCCR/index.html
Project: ICSU WDC
Citation: WDC for Cosmic Rays, Solar-Terrestrial Environment Laboratory, Nagoya University
Station ID: TBILIS
Station:  TBILISI,GIORGIA,INSTITUT GEOPHYSIKY (IG), GIORGIAN ACADEMY OF SCIENCES,GIORGIA 
Instrument:  18 NM-64 NEUTRON MONITOR, CORRECTED FOR PRESSURE TO 965 MB   ,COEF.=-0.690 %/MB
Latitude (deg.):   41.72  Longitude (deg.):   44.80  Altitude (m):  510.00
Cut-Off Rigidity (GV):    6.73
Year: 2002  Month:   8
Scaling Factor (SF):    64.0   Constant (CONST):     0.0  Real Counts = (DATA + CONST)*SF
Temporal Resolution: 1 hour
UTC Start Hour:     0.0
                         FILE IS PREPARED IN IZMIRAN                            
                                                        
Monthly Average:  8428.4
Updated (YYYY MM DD): 2004 04 19
*******************************************************************************************
ID     YYYY MM DD 1     0     1     2     3     4     5     6     7     8     9    10    11
ID     YYYY MM DD 2    12    13    14    15    16    17    18    19    20    21    22    23
*******************************************************************************************
TBILIS 2002 08 01 1  8209  8223  8206  8216  8267  8274  8302  8268  8280  8309  8333  8353
TBILIS 2002 08 01 2  8379  8396  8386  8318  8299  8243  8200  8152  8157  8156  8149  8171
TBILIS 2002 08 02 1  8235  8234  8263  8308  8391  8398  8403  8366  8315  8318  8290  8270
TBILIS 2002 08 02 2  8278  8247  8268  8253  8224  8211  8211  8238  8257  8250  8269  8249
TBILIS 2002 08 03 1  8283  8280  8280  8277  8326  8305  8307  8292  8338  8358  8417  8435
TBILIS 2002 08 03 2  8378  8388  8309  8405  8440  8280  8192  8216  8202  8228  8267  8312
TBILIS 2002 08 04 1  8364  8394  8425  8384  8371  8387  8369  8410  8431  8442  8428  8440
TBILIS 2002 08 04 2  8433  8409  8416  8372  8336  8314  8313  8307  8305  8367  8365  8373
TBILIS 2002 08 05 1  8381  8373  8398  8375  8381  8383  8387  8469  8416  8467  8487  8461
TBILIS 2002 08 05 2  8443  8392  8405  8413  8356  8406  8444  8412  8418  8454  8381  8364
TBILIS 2002 08 06 1  8366  8361  8397  8380  8424  8419  8474  8491  8467  8474  8483  8469
TBILIS 2002 08 06 2  8511  8504  8482  8498  8495  8464  8432  8440  8390  8382  8363  8348
TBILIS 2002 08 07 1  8334  8396  8386  8398  8421  8403  8403  8417  8455  8486  8454  8471
TBILIS 2002 08 07 2  8468  8503  8513  8494  8471  8518  8424  8435  8465  8478  8476  8427
TBILIS 2002 08 08 1  8447  8437  8442  8456  8463  8535  8495  8486  8526  8556  8550  8562
TBILIS 2002 08 08 2  8566  8557  8556  8503  8454  8454  8403  8413  8383  8446  8412  8421
TBILIS 2002 08 09 1  8472  8445  8439  8450  8445  8457  8518  8502  8475  8464  8491  8529
TBILIS 2002 08 09 2  8495  8452  8421  8429  8402  8389  8446  8453  8496  8540  8548  8548
TBILIS 2002 08 10 1  8521  8507  8499  8508  8468  8527  8518  8550  8578  8540  8539  8549
TBILIS 2002 08 10 2  8530  8514  8512  8499  8505  8524  8478  8493  8477  8446  8395  8436
TBILIS 2002 08 11 1  8412  8381  8396  8444  8429  8466  8445  8442  8449  8495  8502  8524
TBILIS 2002 08 11 2  8502  8520  8512  8524  8559  8562  8562  8543  8543  8512  8527  8550
TBILIS 2002 08 12 1  8570  8580  8551  8534  8525  8536  8559  8564  8612  8621  8646  8660
TBILIS 2002 08 12 2  8663  8667  8650  8623  8609  8562  8574  8531  8553  8549  8546  8555
TBILIS 2002 08 13 1  8539  8537  8505  8544  8556  8578  8566  8581  8609  8651  8691  8736
TBILIS 2002 08 13 2  8720  8696  8640  8664  8615  8609  8619  8606  8552  8583  8615  8641
TBILIS 2002 08 14 1  8637  8624  8628  8609  8628  8638  8627  8636  8637  8680  8678  8710
TBILIS 2002 08 14 2  8696  8627  8716  8708  8676  8660  8665  8635  8647  8629  8696  8653
TBILIS 2002 08 15 1  8596  8639  8577  8569  8644  8646  8654  8667  8664  8664  8658  8656
TBILIS 2002 08 15 2  8672  8696  8696  8623  8609  8631  8609  8554  8543  8526  8523  8493
TBILIS 2002 08 16 1  8528  8526  8471  8481  8486  8582  8589  8610  8670  8628  8646  8493
TBILIS 2002 08 16 2  8643  8640  8568  8550  8527  8535  8449  8479  8477  8504  8527  8527
TBILIS 2002 08 17 1  8528  8491  8526  8499  8527  8529  8583  8565  8569  8618  8617  8667
TBILIS 2002 08 17 2  8659  8654  8601  8604  8576  8552  8545  8499  8515  8535  8527  8519
TBILIS 2002 08 18 1  8519  8530  8514  8492  8478  8481  8483  8494  8517  8500  8517  8531
TBILIS 2002 08 18 2  8497  8515  8539  8547  8521  8532  8484  8430  8330  8381  8392  8409
TBILIS 2002 08 19 1  8419  8394  8361  8409  8402  8396  8497  8497  8432  8457  8479  8411
TBILIS 2002 08 19 2  8423  8465  8416  8435  8378  8378  8341  8339  8335  8322  8349  8293
TBILIS 2002 08 20 1  8291  8294  8324  8286  8306  8304  8287  8285  8324  8363  8378  8421
TBILIS 2002 08 20 2  8428  8428  8372  8417  8355  8345  8352  8362  8382  8386  8362  8399
TBILIS 2002 08 21 1  8391  8415  8395  8369  8384  8398  8398  8440  8426  8429  8438  8483
TBILIS 2002 08 21 2  8469  8472  8471  8411  8433  8436  8404  8459  8459  8456  8492  8508
TBILIS 2002 08 22 1  8478  8508  8527  8511  8558  8491  8461  8489  8498  8479  8454  8464
TBILIS 2002 08 22 2  8455  8425  8440  8429  8402  8406  8393  8412  8380  8361  8373  8316
TBILIS 2002 08 23 1  8370  8367  8377  8349  8409  8398  8405  8425  8430  8418  8412  8438
TBILIS 2002 08 23 2  8437  8426  8351  8333  8322  8343  8304  8268  8285  8266  8269  8310
TBILIS 2002 08 24 1  8324  8328  8332  8280  8318  8357  8331  8376  8416  8406  8434  8420
TBILIS 2002 08 24 2  8416  8422  8423  8381  8369  8367  8329  8347  8398  8367  8380  8364
TBILIS 2002 08 25 1  8371  8387  8377  8385  8357  8362  8304  8271  8307  8305  8372  8390
TBILIS 2002 08 25 2  8402  8390  8433  8390  8372  8324  8335  8342  8331  8342  8314  8296
TBILIS 2002 08 26 1  8271  8280  8300  8276  8317  8300  8325  8342  8430  8403  8449  8414
TBILIS 2002 08 26 2  8416  8386  8425  8412  8407  8393  8409  8425  8382  8328  8283  8281
TBILIS 2002 08 27 1  8257  8263  8291  8299  8276  8277  8336  8348  8362  8375  8433  8387
TBILIS 2002 08 27 2  8386  8410  8416  8411  8403  8412  8399  8353  8322  8324  8312  8283
TBILIS 2002 08 28 1  8273  8310  8281  8302  8277  8284  8249  8287  8305  8310  8332  8320
TBILIS 2002 08 28 2  8365  8333  8319  8315  8300  8284  8262  8297  8278  8266  8259  8238
TBILIS 2002 08 29 1  8295  8247  8275  8227  8290  8275  8239  8252  8277  8311  8255  8267
TBILIS 2002 08 29 2  8305  8368  8337  8329  8353  8324  8298  8297  8298  8271  8310  8296
TBILIS 2002 08 30 1  8330  8271  8298  8286  8334  8311  8337  8315  8354  8347  8288  8304
TBILIS 2002 08 30 2  8314  8307  8310  8345  8357  8392  8339  8352  8406  8379  8360  8374
TBILIS 2002 08 31 1  8359  8382  8347  8359  8350  8325  8308  8293  8355  8375  8365  8410
TBILIS 2002 08 31 2  8430  8442  8448  8465  8458  8437  8442  8410  8417  8409  8434  8413
Cosmic-Ray Neutron Monitor Data (Hourly, Pressure-Corrected and Scale-Adjusted Counts)
Collections: WDC for Cosmic Rays, Solar-Terrestrial Environment Laboratory, Nagoya Univ.
Data Access: http://center.stelab.nagoya-u.ac.jp/WDCCR/index.html
Project: ICSU WDC
Citation: WDC for Cosmic Rays, Solar-Terrestrial Environment Laboratory, Nagoya University
Station ID: TBILIS
Station:  TBILISI,GIORGIA,INSTITUT GEOPHYSIKY (IG), GIORGIAN ACADEMY OF SCIENCES,GIORGIA 
Instrument:  18 NM-64 NEUTRON MONITOR, CORRECTED FOR PRESSURE TO 965 MB   ,COEF.=-0.690 %/MB
Latitude (deg.):   41.72  Longitude (deg.):   44.80  Altitude (m):  510.00
Cut-Off Rigidity (GV):    6.73
Year: 2002  Month:   9
Scaling Factor (SF):    64.0   Constant (CONST):     0.0  Real Counts = (DATA + CONST)*SF
Temporal Resolution: 1 hour
UTC Start Hour:     0.0
                         FILE IS PREPARED IN IZMIRAN                            
                                                        
Monthly Average:  8528.3
Updated (YYYY MM DD): 2004 04 19
*******************************************************************************************
ID     YYYY MM DD 1     0     1     2     3     4     5     6     7     8     9    10    11
ID     YYYY MM DD 2    12    13    14    15    16    17    18    19    20    21    22    23
*******************************************************************************************
TBILIS 2002 09 01 1  8444  8403  8389  8386  8412  8400  8421  8399  8393  8401  8395  8425
TBILIS 2002 09 01 2  8389  8399  8365  8412  8421  8411  8406  8428  8377  8435  8452  8447
TBILIS 2002 09 02 1  8420  8446  8427  8395  8391  8432  8412  8395  8430  8457  8439  8482
TBILIS 2002 09 02 2  8437  8454  8461  8439  8459  8450  8473  8443  8481  8458  8477  8464
TBILIS 2002 09 03 1  8441  8456  8440  8430  8419  8432  8423  8459  8480  8456  8445  8424
TBILIS 2002 09 03 2  8454  8455  8442  8436  8411  8406  8375  8399  8399  8410  8353  8379
TBILIS 2002 09 04 1  8385  8361  8401  8493  8489  8537  8516  8482  8493  8553  8563  8561
TBILIS 2002 09 04 2  8572  8517  8532  8520  8488  8457  8430  8434  8472  8404  8466  8421
TBILIS 2002 09 05 1  8422  8422  8417  8441  8460  8413  8473  8466  8494  8516  8552  8554
TBILIS 2002 09 05 2  8580  8558  8526  8561  8591  8566  8533  8496  8530  8493  8492  8476
TBILIS 2002 09 06 1  8486  8490  8449  8464  8478  8477  8447  8438  8460  8500  8439  8513
TBILIS 2002 09 06 2  8563  8553  8570  8554  8571  8563  8552  8506  8511  8511  8482  8462
TBILIS 2002 09 07 1  8465  8534  8531  8564  8527  8518  8520  8563  8532  8611  8598  8602
TBILIS 2002 09 07 2  8616  8624  8645  8703  8650  8709  8696  8672  8579  8570  8538  8527
TBILIS 2002 09 08 1  8552  8534  8499  8458  8414  8348  8348  8300  8333  8338  8355  8395
TBILIS 2002 09 08 2  8398  8433  8495  8453  8467  8456  8432  8434  8429  8438  8415  8407
TBILIS 2002 09 09 1  8395  8403  8452  8425  8393  8431  8432  8427  8409  8411  8467  8472
TBILIS 2002 09 09 2  8489  8465  8481  8475  8514  8452  8449  8457  8450  8490  8492  8516
TBILIS 2002 09 10 1  8526  8546  8534  8463  8497  8500  8493  8505  8470  8514  8512  8541
TBILIS 2002 09 10 2  8525  8550  8605  8568  8578  8645  8599  8597  8601  8606  8651  8614
TBILIS 2002 09 11 1  8588  8549  8558  8546  8536  8537  8531  8511  8572  8526  8508  8515
TBILIS 2002 09 11 2  8489  8510  8481  8515  8568  8561  8523  8475  8471  8441  8431  8408
TBILIS 2002 09 12 1  8430  8407  8442  8423  8453  8449  8521  8507  8566  8568  8562  8580
TBILIS 2002 09 12 2  8579  8551  8539  8554  8528  8534  8552  8503  8536  8532  8500  8529
TBILIS 2002 09 13 1  8534  8510  8513  8516  8520  8516  8579  8624  8637  8619  8577  8614
TBILIS 2002 09 13 2  8617  8597  8619  8632  8610  8607  8621  8675  8641  8606  8619  8580
TBILIS 2002 09 14 1  8585  8585  8581  8559  8638  8681  8713  8766  8771  8755  8713  8654
TBILIS 2002 09 14 2  8625  8572  8570  8567  8593  8641  8669  8687  8692  8694  8656  8620
TBILIS 2002 09 15 1 99999 99999 99999  8519  8604  8590  8599  8675  8701  8744  8781  8780
TBILIS 2002 09 15 2  8774  8783  8764  8734  8723  8697  8672  8630  8615  8626  8620  8597
TBILIS 2002 09 16 1  8592  8606  8607  8662  8678  8689  8722  8760  8779  8810  8825  8834
TBILIS 2002 09 16 2  8777  8793  8757  8711  8696  8671  8684  8668  8665  8692  8656  8669
TBILIS 2002 09 17 1  8677  8655  8623  8631  8643  8677  8663  8694  8685  8637  8689  8691
TBILIS 2002 09 17 2  8704  8737  8674  8646  8664  8624  8610  8634  8655  8613  8636  8580
TBILIS 2002 09 18 1  8623  8618  8588  8568  8627  8598  8589  8627  8603  8647  8649  8645
TBILIS 2002 09 18 2  8640  8620  8632  8593  8560  8542  8541  8531  8558  8558  8527  8522
TBILIS 2002 09 19 1  8548  8523  8550  8522  8523  8517  8551  8608  8637  8661  8648  8659
TBILIS 2002 09 19 2  8654  8671  8586  8604  8559  8481  8466  8487  8525  8576  8563  8599
TBILIS 2002 09 20 1  8511  8551  8524  8552  8536  8569  8586  8556  8568  8582  8595  8637
TBILIS 2002 09 20 2  8615  8535  8517  8506  8494  8503  8503  8493  8495  8478  8487  8503
TBILIS 2002 09 21 1  8523  8490  8498  8532  8478  8498  8531  8486  8518  8545  8495  8513
TBILIS 2002 09 21 2  8495  8550  8562  8549  8529  8508  8455  8475  8470  8416  8435  8399
TBILIS 2002 09 22 1  8413  8434  8461  8459  8433  8435  8452  8437  8494  8511  8488  8516
TBILIS 2002 09 22 2  8507  8484  8498  8528  8547  8514  8492  8472  8483  8469  8503  8458
TBILIS 2002 09 23 1  8457  8482  8525  8506  8507  8502  8511  8515  8509  8544  8550  8565
TBILIS 2002 09 23 2  8516  8502  8545  8530  8535  8510  8523  8527  8501  8499  8448  8400
TBILIS 2002 09 24 1  8344  8364  8404  8425  8434  8433  8424  8431  8435  8501  8510  8493
TBILIS 2002 09 24 2  8482  8492  8475  8507  8523  8486  8486  8448  8466  8495  8498  8468
TBILIS 2002 09 25 1  8417  8415  8417  8418  8416  8403  8408  8417  8451  8521  8596  8549
TBILIS 2002 09 25 2  8577  8589  8614  8610  8571  8561  8518  8503  8464  8466  8428  8456
TBILIS 2002 09 26 1  8395  8435  8451  8440  8448  8495  8487  8513  8581  8626  8603  8631
TBILIS 2002 09 26 2  8602  8641  8648  8644  8655  8622  8541  8548  8536  8510  8527  8545
TBILIS 2002 09 27 1  8549  8537  8522  8507  8501  8501  8499  8475  8464  8540  8465  8459
TBILIS 2002 09 27 2  8465  8444  8445  8464  8486  8454  8523  8498  8517  8533  8523  8482
TBILIS 2002 09 28 1  8473  8505  8502  8517  8541  8532  8546  8557  8553  8527  8545  8499
TBILIS 2002 09 28 2  8508  8516  8511  8480  8491  8520  8492  8506  8511  8481  8513  8473
TBILIS 2002 09 29 1  8485  8504  8499  8466  8453  8488  8518  8501  8491  8525  8505  8521
TBILIS 2002 09 29 2  8547  8512  8482  8558  8511  8514  8521  8481  8509  8498  8512  8520
TBILIS 2002 09 30 1  8532  8511  8514  8526  8536  8515  8526  8548  8601  8644  8662  8682
TBILIS 2002 09 30 2  8679  8685  8674  8611  8623  8648  8604  8593  8586  8579  8566  8471
TBILIS 2002 09 31 1 99999 99999 99999 99999 99999 99999 99999 99999 99999 99999 99999 99999
TBILIS 2002 09 31 2 99999 99999 99999 99999 99999 99999 99999 99999 99999 99999 99999 99999
Cosmic-Ray Neutron Monitor Data (Hourly, Pressure-Corrected and Scale-Adjusted Counts)
Collections: WDC for Cosmic Rays, Solar-Terrestrial Environment Laboratory, Nagoya Univ.
Data Access: http://center.stelab.nagoya-u.ac.jp/WDCCR/index.html
Project: ICSU WDC
Citation: WDC for Cosmic Rays, Solar-Terrestrial Environment Laboratory, Nagoya University
Station ID: TBILIS
Station:  TBILISI,GIORGIA,INSTITUT GEOPHYSIKY (IG), GIORGIAN ACADEMY OF SCIENCES,GIORGIA 
Instrument:  18 NM-64 NEUTRON MONITOR, CORRECTED FOR PRESSURE TO 965 MB   ,COEF.=-0.690 %/MB
Latitude (deg.):   41.72  Longitude (deg.):   44.80  Altitude (m):  510.00
Cut-Off Rigidity (GV):    6.73
Year: 2002  Month:  10
Scaling Factor (SF):    64.0   Constant (CONST):     0.0  Real Counts = (DATA + CONST)*SF
Temporal Resolution: 1 hour
UTC Start Hour:     0.0
                         FILE IS PREPARED IN IZMIRAN                            
                                                        
Monthly Average:  8574.3
Updated (YYYY MM DD): 2004 04 19
*******************************************************************************************
ID     YYYY MM DD 1     0     1     2     3     4     5     6     7     8     9    10    11
ID     YYYY MM DD 2    12    13    14    15    16    17    18    19    20    21    22    23
*******************************************************************************************
TBILIS 2002 10 01 1  8493  8501  8464  8436  8446  8449  8468  8514  8507  8516  8586  8636
TBILIS 2002 10 01 2  8667  8674  8665  8638  8581  8564  8597  8592  8564  8563  8581  8579
TBILIS 2002 10 02 1  8623  8602  8532  8599  8647  8689  8686  8671  8647  8666  8683  8694
TBILIS 2002 10 02 2  8672  8643  8623  8604  8583  8583  8582  8538  8526  8529  8524  8581
TBILIS 2002 10 03 1  8526  8558  8539  8526  8480  8405  8429  8438  8460  8438  8410  8403
TBILIS 2002 10 03 2  8427  8453  8466  8475  8454  8504  8555  8533  8480  8530  8529  8508
TBILIS 2002 10 04 1  8510  8538  8546  8540  8558  8562  8553  8592  8592  8615  8568  8544
TBILIS 2002 10 04 2  8620  8578  8573  8592  8536  8594  8588  8604  8599  8533  8548  8554
TBILIS 2002 10 05 1  8533  8568  8589  8574  8549  8550  8570  8594  8573  8604  8645  8629
TBILIS 2002 10 05 2  8650  8685  8693  8703  8697  8678  8660  8589  8551  8551  8545  8577
TBILIS 2002 10 06 1  8551  8542  8519  8516  8524  8499  8530  8504  8543  8570  8575  8597
TBILIS 2002 10 06 2  8608  8608  8601  8600  8584  8593  8599  8584  8573  8576  8577  8553
TBILIS 2002 10 07 1  8512  8512  8551  8584  8617  8611  8640  8623  8660  8687  8683  8669
TBILIS 2002 10 07 2  8679  8699  8678  8662  8663  8706  8712  8663  8557  8608  8620  8593
TBILIS 2002 10 08 1  8615  8628  8621  8616  8658  8640  8653  8630  8617  8658  8671  8685
TBILIS 2002 10 08 2  8676  8688  8643  8648  8667  8687  8660  8665  8661  8674  8634  8624
TBILIS 2002 10 09 1  8627  8638  8619  8636  8630  8656  8688  8669  8696  8754  8716  8760
TBILIS 2002 10 09 2  8699  8697  8672  8681  8684  8644  8648  8672  8678  8654  8638  8652
TBILIS 2002 10 10 1  8721  8706  8711  8734  8787  8732  8760  8779  8813  8808  8773  8788
TBILIS 2002 10 10 2  8767  8726  8722  8702  8743  8732  8747  8706  8704  8711  8693  8714
TBILIS 2002 10 11 1  8721  8701  8736  8729  8740  8725  8729  8718  8767  8754  8748  8718
TBILIS 2002 10 11 2  8717  8710  8724  8673  8693  8684  8727  8689  8693  8636  8684  8674
TBILIS 2002 10 12 1  8663  8690  8689  8681  8697  8732  8772  8748  8772  8787  8835  8827
TBILIS 2002 10 12 2  8828  8813  8803  8822  8791  8802  8779  8751  8709  8711  8715  8674
TBILIS 2002 10 13 1  8678  8681  8698  8711  8673  8711  8717  8684  8672  8682  8686  8693
TBILIS 2002 10 13 2  8686  8664  8636  8679  8688  8648  8717  8694  8673  8663  8653  8660
TBILIS 2002 10 14 1  8632  8648  8664  8637  8669  8658  8674  8688  8695  8710  8735  8781
TBILIS 2002 10 14 2  8817  8844  8772  8737  8720  8713  8730  8651  8650  8641  8591  8629
TBILIS 2002 10 15 1  8595  8634  8625  8631  8679  8629  8666  8684  8679  8721  8701  8645
TBILIS 2002 10 15 2  8710  8680  8647  8712  8693  8688  8691  8686  8700  8674  8610  8609
TBILIS 2002 10 16 1  8596  8617  8615  8647  8625  8645  8679  8676  8667  8617  8648  8592
TBILIS 2002 10 16 2  8564  8601  8597  8567  8561  8558  8587  8580  8604  8575  8555  8527
TBILIS 2002 10 17 1  8535  8541  8538  8579  8556  8586  8597  8600  8628  8657  8634  8689
TBILIS 2002 10 17 2  8707  8674  8710  8688  8654  8667  8646  8644  8599  8594  8615  8574
TBILIS 2002 10 18 1  8609  8594  8580  8587  8527  8547  8538  8545  8572  8576  8584  8592
TBILIS 2002 10 18 2  8561  8620  8581  8547  8566  8528  8482  8524  8490  8490  8438  8427
TBILIS 2002 10 19 1  8468  8467  8468  8440  8437  8453  8442  8478  8483  8500  8490  8515
TBILIS 2002 10 19 2  8510  8448  8448  8458  8470  8464  8455  8434  8417  8399  8391  8424
TBILIS 2002 10 20 1  8417  8390  8366  8407  8382  8403  8397  8395  8430  8429  8417  8425
TBILIS 2002 10 20 2  8458  8451  8395  8410  8377  8372  8332  8365  8322  8291  8299  8314
TBILIS 2002 10 21 1  8321  8314  8341  8309  8349  8339  8354  8348  8392  8374  8380  8367
TBILIS 2002 10 21 2  8396  8386  8364  8384  8407  8380  8345  8394  8352  8314  8354  8324
TBILIS 2002 10 22 1  8333  8354  8292  8329  8360  8343  8367  8378  8435  8398  8423  8454
TBILIS 2002 10 22 2  8446  8425  8408  8388  8369  8412  8423  8407  8412  8408  8411  8404
TBILIS 2002 10 23 1  8417  8384  8416  8452  8468  8447  8503  8507  8522  8550  8551  8508
TBILIS 2002 10 23 2  8478  8460  8490  8517  8470  8520  8561  8556  8530  8480  8537  8499
TBILIS 2002 10 24 1  8516  8528  8537  8533  8536  8529  8524  8495  8534  8476  8536  8559
TBILIS 2002 10 24 2  8541  8538  8540  8573  8544  8550  8539  8562  8561  8538  8477  8466
TBILIS 2002 10 25 1  8463  8459  8484  8478  8469  8494  8497  8537  8515  8503  8528  8532
TBILIS 2002 10 25 2  8541  8538  8538  8552  8527  8525  8519  8521  8547  8501  8507  8514
TBILIS 2002 10 26 1  8470  8478  8511  8480  8469  8442  8496  8496  8520  8515  8495  8502
TBILIS 2002 10 26 2  8463  8492  8463  8450  8482  8505  8480  8496  8508  8482  8434  8447
TBILIS 2002 10 27 1  8450  8450  8414  8440  8414  8422  8501  8500  8527  8517  8509  8532
TBILIS 2002 10 27 2  8538  8506  8512  8540  8564  8587  8561  8559  8481  8529  8475  8500
TBILIS 2002 10 28 1  8498  8489  8515  8494  8528  8559  8549  8537  8576  8562  8529  8575
TBILIS 2002 10 28 2  8531  8526  8545  8560  8582  8555  8529  8528  8518  8509  8528  8517
TBILIS 2002 10 29 1  8522  8527  8516  8514  8521  8541  8561  8582  8581  8618  8632  8660
TBILIS 2002 10 29 2  8636  8673  8661  8652  8691  8661  8716  8731  8692  8650  8603  8654
TBILIS 2002 10 30 1  8662  8624  8612  8608  8535  8551  8533  8537  8575  8561  8595  8602
TBILIS 2002 10 30 2  8593  8607  8634  8637  8604  8621  8663  8627  8623  8634  8596  8593
TBILIS 2002 10 31 1  8569  8513  8530  8555  8548  8542  8551  8551  8562  8602  8600  8579
TBILIS 2002 10 31 2  8597  8631  8612  8602  8610  8614  8627  8627  8602  8576  8574  8570
Cosmic-Ray Neutron Monitor Data (Hourly, Pressure-Corrected and Scale-Adjusted Counts)
Collections: WDC for Cosmic Rays, Solar-Terrestrial Environment Laboratory, Nagoya Univ.
Data Access: http://center.stelab.nagoya-u.ac.jp/WDCCR/index.html
Project: ICSU WDC
Citation: WDC for Cosmic Rays, Solar-Terrestrial Environment Laboratory, Nagoya University
Station ID: TBILIS
Station:  TBILISI,GIORGIA,INSTITUT GEOPHYSIKY (IG), GIORGIAN ACADEMY OF SCIENCES,GIORGIA 
Instrument:  18 NM-64 NEUTRON MONITOR, CORRECTED FOR PRESSURE TO 965 MB   ,COEF.=-0.690 %/MB
Latitude (deg.):   41.72  Longitude (deg.):   44.80  Altitude (m):  510.00
Cut-Off Rigidity (GV):    6.73
Year: 2002  Month:  11
Scaling Factor (SF):    64.0   Constant (CONST):     0.0  Real Counts = (DATA + CONST)*SF
Temporal Resolution: 1 hour
UTC Start Hour:     0.0
DATA FILE IS PREPARED BY IZMIRAN (ftp://cr0.izmiran.rssi.ru/Cosray!/FTP_NM/C/)  
 Updated by IZMIRAN on 20050315                         
Monthly Average:  8465.4
Updated (YYYY MM DD): 2013 12 12
*******************************************************************************************
ID     YYYY MM DD 1     0     1     2     3     4     5     6     7     8     9    10    11
ID     YYYY MM DD 2    12    13    14    15    16    17    18    19    20    21    22    23
*******************************************************************************************
TBILIS 2002 11 01 1  8557  8579  8594  8616  8633  8619  8616  8654  8626  8615  8585  8630
TBILIS 2002 11 01 2  8602  8614  8575  8561  8591  8623  8583  8590  8563  8568  8545  8513
TBILIS 2002 11 02 1  8526  8521  8479  8473  8487  8478  8468  8492  8504  8444  8478  8498
TBILIS 2002 11 02 2  8452  8486  8517  8527  8491  8489  8513  8511  8465  8491  8443  8476
TBILIS 2002 11 03 1  8449  8491  8484  8483  8456  8479  8448  8457  8484  8515  8502  8444
TBILIS 2002 11 03 2  8462  8476  8467  8477  8516  8558  8535  8534  8543  8510  8476  8498
TBILIS 2002 11 04 1  8504  8473  8481  8492  8482  8468  8454  8496  8521  8489  8498  8514
TBILIS 2002 11 04 2  8546  8549  8558  8499  8517  8501  8500  8473  8492  8481  8453  8469
TBILIS 2002 11 05 1  8451  8469  8425  8458  8366  8342  8347  8354  8368  8375  8384  8389
TBILIS 2002 11 05 2  8386  8377  8365  8354  8435  8395  8391  8382  8374  8391  8374  8347
TBILIS 2002 11 06 1  8406  8384  8378  8380  8377  8374  8411  8431  8442  8453  8447  8409
TBILIS 2002 11 06 2  8366  8460  8499  8483  8501  8540  8505  8500  8520  8520  8479  8509
TBILIS 2002 11 07 1  8489  8474  8463  8420  8461  8546  8535  8549  8579  8579  8592  8578
TBILIS 2002 11 07 2  8583  8620  8582  8557  8559  8535  8501  8495  8493  8515  8525  8539
TBILIS 2002 11 08 1  8534  8570  8598  8605  8582  8525  8546  8502  8507  8550  8514  8554
TBILIS 2002 11 08 2  8550  8550  8617  8639  8674  8664  8612  8602  8609  8604  8610  8610
TBILIS 2002 11 09 1  8610  8611  8607  8559  8523  8499  8534  8581  8621  8558  8600  8619
TBILIS 2002 11 09 2 99999 99999 99999  8663  8686  8714  8693  8632  8646  8698  8649  8669
TBILIS 2002 11 10 1  8716  8709  8652  8676  8683  8682  8672  8618  8652  8715  8699  8700
TBILIS 2002 11 10 2  8709  8664  8623  8593  8586  8564  8548  8541  8570  8564  8558  8488
TBILIS 2002 11 11 1  8484  8511  8478  8528  8461  8487  8386  8392  8405  8443  8424  8437
TBILIS 2002 11 11 2  8410  8432  8423  8428  8467  8420  8397  8365  8356  8374  8342  8336
TBILIS 2002 11 12 1  8246  8250  8258  8203  8235  8213  8232  8279  8313  8340  8358  8407
TBILIS 2002 11 12 2  8390  8352  8346  8335  8339  8347  8323  8344  8289  8239  8226  8256
TBILIS 2002 11 13 1  8264  8301  8338  8328  8357  8359  8414  8443  8484  8456  8516  8487
TBILIS 2002 11 13 2  8479  8455  8447  8459  8456  8377 99999 99999 99999 99999 99999 99999
TBILIS 2002 11 14 1 99999 99999 99999 99999 99999  8412  8419  8463  8500  8549  8559  8527
TBILIS 2002 11 14 2  8551  8468  8444  8473  8458  8475  8463  8436  8448  8428  8431  8429
TBILIS 2002 11 15 1  8445  8446  8452  8439  8425  8426  8421  8470  8493  8547  8562  8533
TBILIS 2002 11 15 2  8537  8541  8540  8502  8508  8532  8526  8521  8488  8493  8504  8536
TBILIS 2002 11 16 1  8504  8515  8522  8474  8461  8464  8514  8493  8531  8545  8493  8574
TBILIS 2002 11 16 2  8561  8550  8559  8554  8565  8527  8529  8530  8541  8506  8504  8516
TBILIS 2002 11 17 1  8495  8504  8506  8510  8534  8530  8528  8572  8546  8532  8568  8494
TBILIS 2002 11 17 2  8454  8378  8312  8246  8189  8122  8079  8130  8113  8146  8107 99999
TBILIS 2002 11 18 1 99999 99999 99999 99999 99999  8194  8241  8226 99999 99999 99999 99999
TBILIS 2002 11 18 2 99999 99999  8142  8164  8169  8194  8180  8208  8182  8218  8275  8254
TBILIS 2002 11 19 1  8263  8265  8248  8236  8227  8188  8218  8219  8232  8245  8278  8272
TBILIS 2002 11 19 2  8273  8303  8278  8269  8259  8224  8232  8235  8258  8258  8288  8263
TBILIS 2002 11 20 1  8286  8276  8281  8236  8227  8226  8188  8208  8250  8244  8287  8272
TBILIS 2002 11 20 2  8319  8259  8254  8230  8261  8310  8283  8351  8338  8315  8311  8280
TBILIS 2002 11 21 1  8304  8273  8230  8220  8251  8281  8269  8354  8408  8414  8471  8440
TBILIS 2002 11 21 2  8456  8407  8429  8400  8356  8388  8383  8340  8415  8392  8399  8398
TBILIS 2002 11 22 1  8392  8417  8401  8411  8406  8429  8396  8425  8440  8456  8484  8500
TBILIS 2002 11 22 2  8460  8438  8405  8441  8449  8458  8419  8408  8408  8368  8397  8381
TBILIS 2002 11 23 1  8359  8417  8423  8401  8400  8432  8399  8422  8474  8501  8520  8532
TBILIS 2002 11 23 2  8504  8487  8475  8537  8531  8514  8498  8495  8461  8465  8459  8489
TBILIS 2002 11 24 1  8487  8517  8493  8479  8520  8530  8532  8554  8584  8583  8602  8588
TBILIS 2002 11 24 2  8558  8571 99999 99999 99999  8592  8540  8531  8533  8491  8493  8543
TBILIS 2002 11 25 1  8541  8532  8549  8546  8527  8525 99999  8517  8556  8568  8562  8583
TBILIS 2002 11 25 2  8596  8573 99999 99999  8560 99999  8581  8622  8597  8616  8539  8588
TBILIS 2002 11 26 1  8524  8521  8537  8539  8545  8565  8544  8589  8564  8594  8577  8572
TBILIS 2002 11 26 2  8623  8624  8623  8597  8608  8588  8597  8583  8617  8597  8534  8474
TBILIS 2002 11 27 1  8421  8431  8463  8529  8547  8539  8536  8541  8586  8611 99999 99999
TBILIS 2002 11 27 2 99999 99999 99999 99999 99999 99999 99999  8453  8475  8490  8488  8496
TBILIS 2002 11 28 1  8499  8537  8512  8493  8469  8479 99999 99999 99999 99999 99999 99999
TBILIS 2002 11 28 2 99999 99999 99999 99999 99999 99999 99999 99999  8530  8533  8523  8515
TBILIS 2002 11 29 1  8513  8507  8509  8465  8455  8497  8462  8485  8472 99999 99999 99999
TBILIS 2002 11 29 2 99999 99999 99999  8515  8590  8526  8497 99999 99999 99999 99999 99999
TBILIS 2002 11 30 1 99999 99999 99999 99999 99999  8452  8474  8490  8516  8531  8495  8511
TBILIS 2002 11 30 2  8526  8529  8549  8483  8538  8523  8508  8503  8505  8508  8489  8487
TBILIS 2002 11 31 1 99999 99999 99999 99999 99999 99999 99999 99999 99999 99999 99999 99999
TBILIS 2002 11 31 2 99999 99999 99999 99999 99999 99999 99999 99999 99999 99999 99999 99999
Cosmic-Ray Neutron Monitor Data (Hourly, Pressure-Corrected and Scale-Adjusted Counts)
Collections: WDC for Cosmic Rays, Solar-Terrestrial Environment Laboratory, Nagoya Univ.
Data Access: http://center.stelab.nagoya-u.ac.jp/WDCCR/index.html
Project: ICSU WDC
Citation: WDC for Cosmic Rays, Solar-Terrestrial Environment Laboratory, Nagoya University
Station ID: TBILIS
Station:  TBILISI,GIORGIA,INSTITUT GEOPHYSIKY (IG), GIORGIAN ACADEMY OF SCIENCES,GIORGIA 
Instrument:  18 NM-64 NEUTRON MONITOR, CORRECTED FOR PRESSURE TO 965 MB   ,COEF.=-0.690 %/MB
Latitude (deg.):   41.72  Longitude (deg.):   44.80  Altitude (m):  510.00
Cut-Off Rigidity (GV):    6.73
Year: 2002  Month:  12
Scaling Factor (SF):    64.0   Constant (CONST):     0.0  Real Counts = (DATA + CONST)*SF
Temporal Resolution: 1 hour
UTC Start Hour:     0.0
DATA FILE IS PREPARED BY IZMIRAN (ftp://cr0.izmiran.rssi.ru/Cosray!/FTP_NM/C/)  
 Updated by IZMIRAN on 20050317                         
Monthly Average:  8446.1
Updated (YYYY MM DD): 2013 12 12
*******************************************************************************************
ID     YYYY MM DD 1     0     1     2     3     4     5     6     7     8     9    10    11
ID     YYYY MM DD 2    12    13    14    15    16    17    18    19    20    21    22    23
*******************************************************************************************
TBILIS 2002 12 01 1  8526  8502  8500  8518  8547  8522  8519  8525  8486  8528  8524  8537
TBILIS 2002 12 01 2  8586  8599  8621  8593  8595  8604  8621  8611  8569  8581  8563  8552
TBILIS 2002 12 02 1  8592  8573  8574  8590  8594  8560  8541  8572  8592  8617  8625  8606
TBILIS 2002 12 02 2  8647  8590  8619  8646  8638  8610  8607  8588  8559  8552  8566  8554
TBILIS 2002 12 03 1  8586  8576  8585  8566  8566  8558  8581  8619  8628  8631  8665  8642
TBILIS 2002 12 03 2  8653  8671  8672  8682  8678  8708  8703  8663  8642  8662  8671  8664
TBILIS 2002 12 04 1  8679  8640  8629  8586  8634  8618  8613  8665  8648  8696  8638  8670
TBILIS 2002 12 04 2  8681  8710  8732  8708  8722  8729  8701  8669  8723  8687  8691  8656
TBILIS 2002 12 05 1  8680  8650  8653  8641  8659 99999 99999 99999 99999 99999 99999 99999
TBILIS 2002 12 05 2 99999 99999 99999 99999 99999 99999  8629  8566  8586  8574  8550  8588
TBILIS 2002 12 06 1  8543  8565  8544  8533  8519  8532  8557  8587  8603  8610  8638  8614
TBILIS 2002 12 06 2  8600  8599  8590  8568  8602  8561  8578  8570  8537  8545  8543  8566
TBILIS 2002 12 07 1  8527  8500  8494  8511  8570  8548  8525  8555  8571  8582  8576  8572
TBILIS 2002 12 07 2  8554  8558  8589  8590  8531  8512  8455  8490  8491  8494  8439  8414
TBILIS 2002 12 08 1  8391  8399  8392  8408  8417  8406  8412  8406  8408  8414  8409  8413
TBILIS 2002 12 08 2 99999 99999 99999 99999 99999 99999 99999  8421  8442  8438  8409  8372
TBILIS 2002 12 09 1  8352  8363  8388  8400  8407  8423  8412  8449  8459  8463  8475  8477
TBILIS 2002 12 09 2  8475  8519  8471  8460  8479  8517  8520  8529  8513  8497  8465  8413
TBILIS 2002 12 10 1  8385  8379  8370  8409  8423  8423  8456  8464  8456  8516  8460  8507
TBILIS 2002 12 10 2  8516  8454  8479  8508  8515  8527  8514  8532  8562  8572  8515  8458
TBILIS 2002 12 11 1  8494  8465  8444  8529  8518  8521  8527  8545  8484  8552  8526  8500
TBILIS 2002 12 11 2  8475  8529  8560  8548  8548  8566  8552  8602  8516  8575  8515  8473
TBILIS 2002 12 12 1  8478  8483  8488  8476  8453  8448  8453 99999 99999 99999 99999 99999
TBILIS 2002 12 12 2 99999 99999  8512  8531  8528  8524  8504  8518  8493  8506  8453  8417
TBILIS 2002 12 13 1  8388  8441  8402  8440  8414  8436  8504  8450  8474  8484  8478  8486
TBILIS 2002 12 13 2  8469  8494  8471  8442  8433  8423  8424  8445  8438  8440  8448  8384
TBILIS 2002 12 14 1  8366  8366  8393  8389  8375  8382  8388  8387  8422  8405  8397  8391
TBILIS 2002 12 14 2  8372  8372  8349  8379  8406  8389  8397  8395  8378  8308  8313  8388
TBILIS 2002 12 15 1  8351  8318  8325  8295  8309  8312  8357  8342  8361  8381  8428  8415
TBILIS 2002 12 15 2  8385  8384  8373  8401  8381  8368  8381  8366  8360  8357  8363  8363
TBILIS 2002 12 16 1  8358  8349  8387  8388  8369  8363  8379  8401  8399  8399  8415  8421
TBILIS 2002 12 16 2  8422  8388  8383  8385  8428  8340  8401  8369  8365  8374  8378  8286
TBILIS 2002 12 17 1  8285  8293  8285  8346  8367  8393  8378  8402  8392  8411  8434  8407
TBILIS 2002 12 17 2  8435  8437  8441  8422  8406  8412  8400  8354  8300  8325  8341  8320
TBILIS 2002 12 18 1  8353  8316  8288  8266  8238  8261  8269  8301  8304  8286  8265  8280
TBILIS 2002 12 18 2  8287  8257  8316  8323  8330  8321  8370  8381  8409  8399  8420  8412
TBILIS 2002 12 19 1  8430  8426  8429  8428  8413  8378  8374  8360  8392  8436  8416  8418
TBILIS 2002 12 19 2  8385  8380  8385  8422  8432  8394  8424  8377  8408  8397  8383  8364
TBILIS 2002 12 20 1  8365  8355  8344  8399  8363  8354  8350  8388  8355  8409  8366  8392
TBILIS 2002 12 20 2  8342  8350  8357  8387  8361  8366  8343  8404  8408  8374  8338  8336
TBILIS 2002 12 21 1  8377  8384  8417  8480  8438  8415  8415  8407  8419  8430  8477  8420
TBILIS 2002 12 21 2  8410  8413  8445  8420  8422  8427  8414  8393  8373  8416  8443  8438
TBILIS 2002 12 22 1  8426  8413  8407  8386  8440  8437  8449  8452  8421  8476  8491  8459
TBILIS 2002 12 22 2  8466  8430  8459  8422  8397  8313  8278  8251  8262  8234  8214  8170
TBILIS 2002 12 23 1  8227  8170  8235  8239  8250  8269  8315  8360  8368  8287  8248  8301
TBILIS 2002 12 23 2  8252  8234  8230  8217  8255  8201  8194  8190  8220  8219  8199  8245
TBILIS 2002 12 24 1  8240  8289  8293  8278  8299  8267  8266  8244  8291  8213  8211  8270
TBILIS 2002 12 24 2  8287  8326  8270  8302  8307  8319  8338  8290  8295  8278  8292  8267
TBILIS 2002 12 25 1  8242  8300  8326  8335  8259  8266  8286  8296  8303  8343  8355  8353
TBILIS 2002 12 25 2  8352  8347  8339  8363  8368  8322  8273  8293  8284  8338  8329  8306
TBILIS 2002 12 26 1  8291  8305  8294  8330  8332  8318  8351  8349  8354  8359  8367  8370
TBILIS 2002 12 26 2  8371  8378  8387  8429  8425  8403  8405  8427  8403  8398  8406  8402
TBILIS 2002 12 27 1  8379  8381  8374  8376  8387  8370  8367  8332  8402  8446  8376  8440
TBILIS 2002 12 27 2  8461  8424  8429  8449  8443  8421  8365  8371  8353 99999 99999 99999
TBILIS 2002 12 28 1 99999 99999 99999 99999 99999  8415  8439  8467  8377  8466  8451  8448
TBILIS 2002 12 28 2  8479  8427  8472  8456  8450  8449  8410  8404  8392  8390  8401  8446
TBILIS 2002 12 29 1  8389  8420  8437  8430  8428  8432  8426  8447  8473  8477  8462  8442
TBILIS 2002 12 29 2  8438  8479  8452  8457  8450  8490  8491  8456  8456  8473  8459  8478
TBILIS 2002 12 30 1  8481  8461  8487  8480  8497  8466  8511  8500  8518  8540  8545  8548
TBILIS 2002 12 30 2  8574  8545  8552  8534  8546  8542  8517  8520  8520  8532  8564  8561
TBILIS 2002 12 31 1  8500  8533  8540  8550  8548  8550  8529  8506  8541  8556  8546  8504
TBILIS 2002 12 31 2  8590  8518  8599  8607  8586  8547  8551  8535  8535  8550  8538  8537
