Cosmic-Ray Neutron Monitor Data (Hourly, Pressure-Corrected and Scale-Adjusted Counts)
Collections: WDC for Cosmic Rays, Solar-Terrestrial Environment Laboratory, Nagoya Univ.
Data Access: http://center.stelab.nagoya-u.ac.jp/WDCCR/index.html
Project: ICSU WDC
Citation: WDC for Cosmic Rays, Solar-Terrestrial Environment Laboratory, Nagoya University
Station ID: TBILIS
Station:  TBILISI,GIORGIA,INSTITUT GEOPHYSIKY (IG), GIORGIAN ACADEMY OF SCIENCES,GIORGIA 
Instrument:  18 NM-64 NEUTRON MONITOR, CORRECTED FOR PRESSURE TO 965 MB   ,COEF.=-0.690 %/MB
Latitude (deg.):   41.72  Longitude (deg.):   44.80  Altitude (m):  510.00
Cut-Off Rigidity (GV):    6.73
Year: 2000  Month:   1
Scaling Factor (SF):    64.0   Constant (CONST):     0.0  Real Counts = (DATA + CONST)*SF
Temporal Resolution: 1 hour
UTC Start Hour:     0.0
                         FILE IS PREPARED IN IZMIRAN                            
                                                        
Monthly Average:  8490.7
Updated (YYYY MM DD): 2003 10 20
*******************************************************************************************
ID     YYYY MM DD 1     0     1     2     3     4     5     6     7     8     9    10    11
ID     YYYY MM DD 2    12    13    14    15    16    17    18    19    20    21    22    23
*******************************************************************************************
TBILIS 2000 01 01 1  8441  8470  8432  8498  8468  8496  8481  8479  8514  8463  8461  8473
TBILIS 2000 01 01 2  8511  8493  8461  8431  8456  8447  8437  8484  8474  8495  8474  8439
TBILIS 2000 01 02 1  8452  8452  8473  8475  8469  8452  8465  8409  8471  8428  8462  8429
TBILIS 2000 01 02 2  8449  8429  8403  8452  8432  8434  8405  8416  8468  8461  8456  8481
TBILIS 2000 01 03 1  8460  8502  8458  8470  8475  8475  8463  8478  8506  8505  8504  8481
TBILIS 2000 01 03 2  8454  8492  8508  8491  8467  8498  8496  8502  8501  8509  8496  8507
TBILIS 2000 01 04 1  8461  8445  8461  8455  8492  8490  8487  8454  8504  8473  8450  8463
TBILIS 2000 01 04 2  8508  8487  8446  8462  8467  8433  8450  8436  8463  8485  8477  8486
TBILIS 2000 01 05 1  8500  8491  8479  8489  8442  8426  8450  8402  8433  8454  8456  8438
TBILIS 2000 01 05 2  8403  8395  8472  8478  8437  8483  8459  8470  8457  8514  8501  8490
TBILIS 2000 01 06 1  8487  8460  8510  8456  8542  8496  8508  8462  8468  8506  8465  8481
TBILIS 2000 01 06 2  8499  8461  8511  8540  8509  8560  8521  8503  8543  8551  8485  8492
TBILIS 2000 01 07 1  8478  8446  8464  8445  8440  8447  8412  8436  8459  8484  8488  8484
TBILIS 2000 01 07 2  8457  8485  8467  8481  8456  8466  8458  8426  8473  8440  8474  8472
TBILIS 2000 01 08 1  8441  8453  8432  8432  8442  8447  8442  8438  8462  8490  8441  8493
TBILIS 2000 01 08 2  8485  8494  8457  8446  8475  8477  8490  8464  8441  8459  8439  8420
TBILIS 2000 01 09 1  8466  8480  8447  8459  8437  8465  8503  8501  8529  8539  8541  8542
TBILIS 2000 01 09 2  8498  8540  8536  8523  8539  8495  8504  8468  8488  8488  8466  8438
TBILIS 2000 01 10 1  8501  8484  8486  8494  8464  8502  8466  8504  8491  8486  8443  8494
TBILIS 2000 01 10 2  8512  8493  8550  8479  8503  8483  8470  8501  8485  8497  8453  8440
TBILIS 2000 01 11 1  8448  8439  8426  8421  8450  8440  8422  8458  8480  8482  8517  8496
TBILIS 2000 01 11 2  8498  8519  8532  8488  8438  8492  8479  8511  8518  8531  8499  8453
TBILIS 2000 01 12 1  8469  8458  8473  8431  8452  8459  8434  8441  8449  8450  8458  8472
TBILIS 2000 01 12 2  8487  8482  8489  8512  8517  8498  8476  8478  8491  8466  8448  8436
TBILIS 2000 01 13 1  8414  8453  8431  8438  8431  8419  8440  8434  8451  8433  8467  8477
TBILIS 2000 01 13 2  8497  8472  8470  8475  8469  8498  8478  8465  8441  8417  8398  8454
TBILIS 2000 01 14 1  8417  8422  8431  8436  8432  8447  8442  8459  8484  8508  8516  8509
TBILIS 2000 01 14 2  8543  8522  8572  8566  8530  8526  8543  8513  8545  8543  8529  8494
TBILIS 2000 01 15 1  8514  8526  8513  8525  8509  8505  8539  8543  8558  8476  8489  8477
TBILIS 2000 01 15 2  8550  8518  8536  8523  8540  8515  8533  8557  8525  8532  8525  8509
TBILIS 2000 01 16 1  8541  8504  8555  8521  8482  8518  8526  8520  8522  8542  8557  8569
TBILIS 2000 01 16 2  8555  8532  8525  8573  8564  8554  8606  8539  8552  8547  8484  8519
TBILIS 2000 01 17 1  8532  8540  8530  8545  8548  8511  8503  8503  8527  8553  8543  8531
TBILIS 2000 01 17 2  8549  8539  8551  8545  8570  8550  8551  8525  8519  8525  8578  8556
TBILIS 2000 01 18 1  8540  8591  8553  8571  8571  8545  8545  8527  8550  8556  8559  8550
TBILIS 2000 01 18 2  8571  8563  8567  8588  8568  8605  8591  8600  8590  8597  8565  8573
TBILIS 2000 01 19 1  8605  8630  8580  8592  8613  8613  8595  8563  8571  8590  8567  8538
TBILIS 2000 01 19 2  8533  8515  8595  8548  8517  8489  8501  8497  8518  8535  8528  8543
TBILIS 2000 01 20 1  8527  8554  8549  8561  8528  8519  8522  8553  8583  8578  8558  8591
TBILIS 2000 01 20 2  8499  8529  8516  8483  8528  8542  8514  8552  8532  8514  8557  8557
TBILIS 2000 01 21 1  8583  8538  8485  8512  8540  8499  8515  8529  8510  8489  8485  8473
TBILIS 2000 01 21 2  8481  8481  8440  8453  8470  8458  8473  8450  8430  8412  8391  8369
TBILIS 2000 01 22 1  8373  8395  8390  8381  8394  8393  8460  8484  8518  8511  8554  8519
TBILIS 2000 01 22 2  8475  8515  8482  8475  8503  8498  8487  8518  8566  8561  8514  8523
TBILIS 2000 01 23 1  8513  8484  8489  8443  8525  8467  8423  8412  8408  8448  8445  8478
TBILIS 2000 01 23 2  8458  8443  8439  8440  8456  8467  8470  8411  8428  8402  8421  8380
TBILIS 2000 01 24 1  8363  8386  8395  8417  8423  8379  8368  8399  8411  8427  8454  8472
TBILIS 2000 01 24 2  8474  8485  8420  8465  8429  8424  8383  8416  8444  8426  8454  8458
TBILIS 2000 01 25 1  8465  8490  8494  8501  8565  8588  8534  8558  8582  8627  8616  8590
TBILIS 2000 01 25 2  8588  8586  8558  8495  8498  8457  8519  8474  8468  8438  8492  8446
TBILIS 2000 01 26 1  8536  8488  8519  8490  8513  8539  8502  8494  8508  8542  8543  8513
TBILIS 2000 01 26 2  8528  8535  8527  8498  8529  8508  8556  8536  8544  8543  8557  8550
TBILIS 2000 01 27 1  8569  8544  8498  8522  8529  8505  8489  8466  8484  8536  8513  8513
TBILIS 2000 01 27 2  8560  8505  8498  8460  8468  8491  8481  8444  8434  8408  8362  8401
TBILIS 2000 01 28 1  8433  8447  8424  8467  8471  8433  8473  8518  8518  8520  8548  8567
TBILIS 2000 01 28 2  8547  8527  8538  8534  8497  8469  8506  8464  8439  8420  8406  8421
TBILIS 2000 01 29 1  8465  8429  8460  8423  8421  8403  8459  8419  8469  8513  8505  8490
TBILIS 2000 01 29 2  8514  8540  8474  8492  8502  8508  8513  8484  8492  8507  8522  8472
TBILIS 2000 01 30 1  8466  8474  8459  8479  8457  8480  8479  8518  8563  8556  8554  8543
TBILIS 2000 01 30 2  8512  8486  8530  8489  8490  8514 99999 99999 99999 99999 99999 99999
TBILIS 2000 01 31 1 99999 99999 99999 99999 99999 99999 99999 99999 99999 99999 99999 99999
TBILIS 2000 01 31 2 99999 99999  8544  8522  8515  8522  8545  8490  8457  8499  8508  8498
Cosmic-Ray Neutron Monitor Data (Hourly, Pressure-Corrected and Scale-Adjusted Counts)
Collections: WDC for Cosmic Rays, Solar-Terrestrial Environment Laboratory, Nagoya Univ.
Data Access: http://center.stelab.nagoya-u.ac.jp/WDCCR/index.html
Project: ICSU WDC
Citation: WDC for Cosmic Rays, Solar-Terrestrial Environment Laboratory, Nagoya University
Station ID: TBILIS
Station:  TBILISI,GIORGIA,INSTITUT GEOPHYSIKY (IG), GIORGIAN ACADEMY OF SCIENCES,GIORGIA 
Instrument:  18 NM-64 NEUTRON MONITOR, CORRECTED FOR PRESSURE TO 965 MB   ,COEF.=-0.690 %/MB
Latitude (deg.):   41.72  Longitude (deg.):   44.80  Altitude (m):  510.00
Cut-Off Rigidity (GV):    6.73
Year: 2000  Month:   2
Scaling Factor (SF):    64.0   Constant (CONST):     0.0  Real Counts = (DATA + CONST)*SF
Temporal Resolution: 1 hour
UTC Start Hour:     0.0
                         FILE IS PREPARED IN IZMIRAN                            
                                                        
Monthly Average:  8672.9
Updated (YYYY MM DD): 2003 10 20
*******************************************************************************************
ID     YYYY MM DD 1     0     1     2     3     4     5     6     7     8     9    10    11
ID     YYYY MM DD 2    12    13    14    15    16    17    18    19    20    21    22    23
*******************************************************************************************
TBILIS 2000 02 01 1  8682  8719  8708  8722  8733  8654  8701  8715  8704  8685  8690  8725
TBILIS 2000 02 01 2  8706  8744  8749  8752  8785  8783  8766  8719  8742  8741  8721  8760
TBILIS 2000 02 02 1  8795  8806  8823  8781  8792  8718  8724  8749  8774  8771  8791  8732
TBILIS 2000 02 02 2  8719  8748  8725  8748  8743  8754  8748  8769  8783  8778  8732  8745
TBILIS 2000 02 03 1  8716  8750  8727  8701  8719  8728  8756  8728  8729  8771  8765  8773
TBILIS 2000 02 03 2  8825  8833  8823  8807  8810  8808  8823  8816  8868  8824  8822  8827
TBILIS 2000 02 04 1  8817 99999 99999 99999 99999  8822  8773  8807  8773  8810  8807  8866
TBILIS 2000 02 04 2  8856  8817  8786  8781  8764  8742  8745  8737  8704  8743  8705  8713
TBILIS 2000 02 05 1  8720  8693  8700  8721  8721  8680  8680  8715  8745  8777  8803  8811
TBILIS 2000 02 05 2  8748  8793  8801  8751  8755  8777  8830  8842  8859  8875  8822  8782
TBILIS 2000 02 06 1  8773  8772  8735  8701  8721  8694  8698  8700  8717  8730  8753  8744
TBILIS 2000 02 06 2  8747  8775  8759  8750  8764  8815 99999 99999 99999 99999 99999 99999
TBILIS 2000 02 07 1 99999 99999 99999 99999 99999 99999 99999 99999 99999 99999  8731  8730
TBILIS 2000 02 07 2  8689  8738  8722  8725  8723  8733  8703  8700  8674  8652  8644  8627
TBILIS 2000 02 08 1  8642  8681  8672  8631  8683  8646  8694  8745  8734  8741  8772  8772
TBILIS 2000 02 08 2  8781  8771  8779  8786  8762  8739  8752  8748  8741  8782  8744  8729
TBILIS 2000 02 09 1  8745  8707  8708  8730  8721  8687  8703  8737  8744  8764  8776  8723
TBILIS 2000 02 09 2  8743  8760  8778  8795  8732  8723  8675  8703  8704  8708  8686  8714
TBILIS 2000 02 10 1  8710  8696  8704  8676  8682  8709  8747  8735  8721  8741  8797  8761
TBILIS 2000 02 10 2  8781  8769  8747  8777  8756  8699  8740  8699  8743  8701  8674  8694
TBILIS 2000 02 11 1  8665  8682  8708  8700  8710  8703  8711  8739  8733  8755  8766  8748
TBILIS 2000 02 11 2  8760  8722  8692  8720  8723  8770  8752  8700  8655  8669  8688  8677
TBILIS 2000 02 12 1  8597  8552  8570  8581  8575  8506  8452  8459  8527  8516  8568  8567
TBILIS 2000 02 12 2  8530  8566  8561  8541  8613  8585  8591  8590  8605  8538  8556  8528
TBILIS 2000 02 13 1  8529  8519  8517  8534  8579  8538  8523  8553  8549  8577  8476  8520
TBILIS 2000 02 13 2  8551  8581  8576  8619  8634  8598  8574  8626  8619  8595  8614  8618
TBILIS 2000 02 14 1  8598  8559  8585  8588  8587  8597  8686  8642  8678  8640  8673  8673
TBILIS 2000 02 14 2  8704  8706  8688  8692  8667  8629  8645  8653  8668  8683  8681  8631
TBILIS 2000 02 15 1  8658  8638  8618  8678  8624  8651  8639  8634  8677  8655  8657  8664
TBILIS 2000 02 15 2  8637  8630  8682  8684  8694  8716  8743  8710  8681  8707  8736  8686
TBILIS 2000 02 16 1  8699  8677  8697  8719  8718  8703  8698  8699  8695  8678  8718  8694
TBILIS 2000 02 16 2  8681  8675  8645  8669  8663  8628  8641  8588  8633  8572  8580  8581
TBILIS 2000 02 17 1  8568  8581  8595  8589  8564  8583  8624  8633  8641  8647  8608  8637
TBILIS 2000 02 17 2  8646  8621  8619  8623  8623  8602  8613  8600  8596  8595  8580  8581
TBILIS 2000 02 18 1  8574  8555  8595  8611  8578  8587  8643  8657  8658  8690  8668  8703
TBILIS 2000 02 18 2  8668  8669  8667  8685  8677  8662  8641  8659  8648  8607  8659  8660
TBILIS 2000 02 19 1  8679  8646  8650  8651  8634  8655  8662  8668  8697  8682  8729  8711
TBILIS 2000 02 19 2  8675  8696  8685  8662  8671  8619  8610  8645  8632  8633  8631  8654
TBILIS 2000 02 20 1  8645  8626  8614  8570  8589  8647  8718  8768  8757  8728  8766  8738
TBILIS 2000 02 20 2  8741  8677  8689  8624  8629  8642  8657  8552  8550  8545  8527  8564
TBILIS 2000 02 21 1  8560  8571  8613  8614  8584  8631  8656  8589  8591  8635  8607  8556
TBILIS 2000 02 21 2  8581  8568  8636  8621  8617  8584  8575  8579  8603  8613  8582  8594
TBILIS 2000 02 22 1  8603  8603  8648  8595  8618  8603  8583  8633  8651  8636  8608  8602
TBILIS 2000 02 22 2  8620  8605  8592  8585  8595  8596  8575  8603  8659  8626  8649  8666
TBILIS 2000 02 23 1  8648  8664  8674  8653  8647  8616  8641  8648  8642  8696  8668  8675
TBILIS 2000 02 23 2  8684  8659  8611  8675  8656  8677  8646  8664  8624  8628  8622  8637
TBILIS 2000 02 24 1  8636  8611  8570  8546  8574  8586  8600  8663  8674  8681  8741  8692
TBILIS 2000 02 24 2  8693  8692  8689  8706  8700  8670  8664  8684  8669  8650  8669  8637
TBILIS 2000 02 25 1  8646  8675  8634  8639  8649  8666  8636  8673  8677  8718  8725  8748
TBILIS 2000 02 25 2  8713  8751  8717  8703  8748  8782  8748  8710  8709  8709  8682  8664
TBILIS 2000 02 26 1  8665  8701  8715  8699  8725  8702  8721  8714  8696  8718  8737  8750
TBILIS 2000 02 26 2  8725  8740  8757  8725  8690  8648  8678  8671  8679  8673  8651  8663
TBILIS 2000 02 27 1  8656  8717  8692  8672  8691  8651  8640  8680  8702  8702  8713  8694
TBILIS 2000 02 27 2  8717  8688  8703  8665  8653  8646  8609  8588  8600  8620  8632  8639
TBILIS 2000 02 28 1  8623  8575  8560  8588  8557  8555  8570  8616  8627  8707  8716  8661
TBILIS 2000 02 28 2  8708  8687  8683  8630  8628  8577  8580  8572  8592  8551  8528  8580
TBILIS 2000 02 29 1  8525  8542  8548  8541  8527  8534  8533  8557  8578  8566  8622  8541
TBILIS 2000 02 29 2  8575  8574  8552  8545  8523  8542  8545  8544  8546  8540  8556  8543
TBILIS 2000 02 30 1 99999 99999 99999 99999 99999 99999 99999 99999 99999 99999 99999 99999
TBILIS 2000 02 30 2 99999 99999 99999 99999 99999 99999 99999 99999 99999 99999 99999 99999
TBILIS 2000 02 31 1 99999 99999 99999 99999 99999 99999 99999 99999 99999 99999 99999 99999
TBILIS 2000 02 31 2 99999 99999 99999 99999 99999 99999 99999 99999 99999 99999 99999 99999
Cosmic-Ray Neutron Monitor Data (Hourly, Pressure-Corrected and Scale-Adjusted Counts)
Collections: WDC for Cosmic Rays, Solar-Terrestrial Environment Laboratory, Nagoya Univ.
Data Access: http://center.stelab.nagoya-u.ac.jp/WDCCR/index.html
Project: ICSU WDC
Citation: WDC for Cosmic Rays, Solar-Terrestrial Environment Laboratory, Nagoya University
Station ID: TBILIS
Station:  TBILISI,GIORGIA,INSTITUT GEOPHYSIKY (IG), GIORGIAN ACADEMY OF SCIENCES,GIORGIA 
Instrument:  18 NM-64 NEUTRON MONITOR, CORRECTED FOR PRESSURE TO 965 MB   ,COEF.=-0.690 %/MB
Latitude (deg.):   41.72  Longitude (deg.):   44.80  Altitude (m):  510.00
Cut-Off Rigidity (GV):    6.73
Year: 2000  Month:   3
Scaling Factor (SF):    64.0   Constant (CONST):     0.0  Real Counts = (DATA + CONST)*SF
Temporal Resolution: 1 hour
UTC Start Hour:     0.0
                         FILE IS PREPARED IN IZMIRAN                            
                                                        
Monthly Average:  8332.8
Updated (YYYY MM DD): 2003 10 20
*******************************************************************************************
ID     YYYY MM DD 1     0     1     2     3     4     5     6     7     8     9    10    11
ID     YYYY MM DD 2    12    13    14    15    16    17    18    19    20    21    22    23
*******************************************************************************************
TBILIS 2000 03 01 1  8278  8246  8262  8245  8264  8253  8284  8301  8310  8299  8313  8294
TBILIS 2000 03 01 2  8285  8284  8272  8279  8288  8279  8322  8324  8335  8317  8327  8374
TBILIS 2000 03 02 1  8393  8377  8367  8324  8323  8342  8308  8311  8300  8333  8322  8318
TBILIS 2000 03 02 2  8343  8327  8348  8338  8346  8351  8399  8398  8378  8385  8369  8314
TBILIS 2000 03 03 1  8328  8364  8360  8366  8360  8370  8365  8360  8356  8362  8355  8350
TBILIS 2000 03 03 2  8389  8395  8399  8409  8385  8379  8365  8332  8333  8336  8346  8323
TBILIS 2000 03 04 1  8339  8325  8336  8352  8369  8315  8316  8360  8351  8425  8337  8393
TBILIS 2000 03 04 2  8400  8400  8451  8412  8379  8388  8342  8377  8395  8376  8369  8331
TBILIS 2000 03 05 1  8333  8370  8345  8309  8353  8322  8306  8351  8380  8370  8429  8340
TBILIS 2000 03 05 2  8380  8415  8386  8376  8425  8409  8431  8428  8426  8461  8447  8454
TBILIS 2000 03 06 1  8426  8389  8411  8451  8458  8435  8431  8401  8399  8428  8413  8432
TBILIS 2000 03 06 2  8404  8395  8305  8339  8374  8400  8397  8369  8387  8429  8399  8394
TBILIS 2000 03 07 1  8412  8434  8425  8427  8402  8370  8415  8425  8467  8495  8484  8517
TBILIS 2000 03 07 2  8491  8483  8521  8487  8446  8486  8451  8439  8457  8437  8418  8442
TBILIS 2000 03 08 1  8425  8408  8418  8430  8418  8423  8451  8454  8409  8453  8475  8460
TBILIS 2000 03 08 2  8480  8475  8476  8477  8430  8439  8439  8446  8438  8401  8410  8387
TBILIS 2000 03 09 1  8356  8389  8374  8355  8353  8304  8319  8325  8342  8352  8385  8395
TBILIS 2000 03 09 2  8409  8391  8396  8366  8351  8371  8406  8380  8387  8352  8336  8345
TBILIS 2000 03 10 1  8354  8404  8366  8353  8359  8326  8305  8311  8317  8329  8313  8333
TBILIS 2000 03 10 2  8327  8324  8381  8390  8385  8388  8415  8358  8370  8358 99999 99999
TBILIS 2000 03 11 1 99999 99999 99999 99999 99999 99999 99999 99999 99999 99999 99999 99999
TBILIS 2000 03 11 2 99999 99999 99999 99999 99999 99999 99999 99999 99999  8351  8357  8359
TBILIS 2000 03 12 1  8404  8409  8372  8409  8384  8389  8432  8406  8384  8399  8307  8347
TBILIS 2000 03 12 2  8345  8323  8287  8304  8273  8321  8290  8284  8292  8324  8283  8277
TBILIS 2000 03 13 1  8285  8280  8285  8309  8324  8324  8339  8370  8345  8385  8363  8328
TBILIS 2000 03 13 2  8356  8318  8308  8268  8252  8267  8290  8276  8272  8276  8280  8269
TBILIS 2000 03 14 1  8280  8253  8243  8312  8283  8286  8318  8313  8366  8365  8412  8411
TBILIS 2000 03 14 2  8405  8409  8395  8328  8384  8350  8371  8315  8314  8307  8264  8272
TBILIS 2000 03 15 1  8300  8293  8273  8256  8290  8311  8323  8382  8390  8367  8391  8378
TBILIS 2000 03 15 2  8371  8371  8357  8278  8314  8300  8350  8301  8312  8300  8306  8409
TBILIS 2000 03 16 1  8351  8403  8379  8386  8367  8382  8380  8381  8379  8373  8339  8355
TBILIS 2000 03 16 2  8360  8322  8364  8367  8348  8310  8287  8316  8295  8295  8297  8292
TBILIS 2000 03 17 1  8286  8292  8379  8354  8328  8322  8327  8349  8328  8362  8391  8384
TBILIS 2000 03 17 2  8369  8372  8390  8362  8373  8315  8329  8309  8327  8325  8322  8318
TBILIS 2000 03 18 1  8336  8322  8339  8345  8391  8372  8330  8395  8405  8365  8409  8385
TBILIS 2000 03 18 2  8348  8372  8348  8332  8336  8345  8345  8349  8322  8347  8342  8364
TBILIS 2000 03 19 1  8327  8315  8291  8290  8279  8300  8317  8354  8347  8377  8375  8359
TBILIS 2000 03 19 2  8376  8415  8406  8384  8387  8395  8383  8306  8301  8292  8291  8357
TBILIS 2000 03 20 1  8310  8351  8335  8318  8307 99999 99999 99999 99999  8309  8335  8350
TBILIS 2000 03 20 2  8319  8322  8342  8351  8343  8338  8365  8331  8329  8323  8335  8336
TBILIS 2000 03 21 1  8352  8372  8377  8370  8376  8367  8346  8373  8347  8356  8327  8331
TBILIS 2000 03 21 2  8321  8383  8380  8369  8407  8359  8365  8357  8370  8362  8350  8331
TBILIS 2000 03 22 1  8354  8371  8354  8372  8409  8395  8387  8430  8396  8408  8413  8378
TBILIS 2000 03 22 2  8284  8308  8323  8294  8263  8279  8282  8267  8283  8285  8251  8232
TBILIS 2000 03 23 1  8286  8265  8245  8236  8215  8224  8214  8217  8213  8229  8234  8236
TBILIS 2000 03 23 2  8229  8253  8275  8234  8231  8226  8261  8219  8238  8230  8255  8232
TBILIS 2000 03 24 1  8228  8232  8216  8211  8183  8173  8173  8172  8172  8188  8193  8177
TBILIS 2000 03 24 2  8204  8249  8249  8227  8223  8226  8214  8225  8264  8262  8212  8226
TBILIS 2000 03 25 1  8257  8277  8246  8268  8224  8288  8220  8231  8262  8275  8188  8237
TBILIS 2000 03 25 2  8220  8189  8239  8248  8286  8285  8302  8281  8306  8295  8277  8293
TBILIS 2000 03 26 1  8262  8246  8263  8216  8205  8186  8164  8221  8239  8286  8287  8342
TBILIS 2000 03 26 2  8323  8313  8317  8270  8295  8286  8323  8319  8307  8317  8311  8276
TBILIS 2000 03 27 1  8256  8265  8285  8303  8243  8229  8260  8272  8272  8260  8277  8291
TBILIS 2000 03 27 2  8285  8303  8322  8307  8322  8330  8301  8262  8277  8279  8312  8315
TBILIS 2000 03 28 1  8321  8345  8298  8289  8314  8284  8335  8302  8324  8315  8341  8318
TBILIS 2000 03 28 2  8311  8315  8322  8281  8301  8272  8303  8300  8315  8284  8298  8272
TBILIS 2000 03 29 1  8287  8246  8332  8298  8350  8380  8351  8369  8361  8405  8380  8403
TBILIS 2000 03 29 2  8398  8378  8372  8286  8287  8211  8167  8156  8178  8266  8277  8240
TBILIS 2000 03 30 1  8255  8264  8270  8237  8211  8246  8273  8269  8272  8299  8303  8291
TBILIS 2000 03 30 2  8276  8303  8306  8318  8317  8327  8326  8347  8327  8339  8337  8270
TBILIS 2000 03 31 1  8285  8279  8261  8253  8243  8249  8232  8243  8288  8316  8326  8361
TBILIS 2000 03 31 2  8370  8376  8391  8376  8376  8336  8361  8350  8354  8354  8332  8339
Cosmic-Ray Neutron Monitor Data (Hourly, Pressure-Corrected and Scale-Adjusted Counts)
Collections: WDC for Cosmic Rays, Solar-Terrestrial Environment Laboratory, Nagoya Univ.
Data Access: http://center.stelab.nagoya-u.ac.jp/WDCCR/index.html
Project: ICSU WDC
Citation: WDC for Cosmic Rays, Solar-Terrestrial Environment Laboratory, Nagoya University
Station ID: TBILIS
Station:  TBILISI,GIORGIA,INSTITUT GEOPHYSIKY (IG), GIORGIAN ACADEMY OF SCIENCES,GIORGIA 
Instrument:  18 NM-64 NEUTRON MONITOR, CORRECTED FOR PRESSURE TO 965 MB   ,COEF.=-0.690 %/MB
Latitude (deg.):   41.72  Longitude (deg.):   44.80  Altitude (m):  510.00
Cut-Off Rigidity (GV):    6.73
Year: 2000  Month:   4
Scaling Factor (SF):    64.0   Constant (CONST):     0.0  Real Counts = (DATA + CONST)*SF
Temporal Resolution: 1 hour
UTC Start Hour:     0.0
                         FILE IS PREPARED IN IZMIRAN                            
                                                        
Monthly Average:  8361.6
Updated (YYYY MM DD): 2003 10 20
*******************************************************************************************
ID     YYYY MM DD 1     0     1     2     3     4     5     6     7     8     9    10    11
ID     YYYY MM DD 2    12    13    14    15    16    17    18    19    20    21    22    23
*******************************************************************************************
TBILIS 2000 04 01 1  8341  8322  8306  8297  8273  8338  8276  8292  8287  8302  8314  8308
TBILIS 2000 04 01 2  8362  8353  8340  8334  8337  8332  8339  8365  8307  8260  8255  8292
TBILIS 2000 04 02 1  8291  8221  8221  8231  8277  8264  8322  8307  8337  8350  8361  8376
TBILIS 2000 04 02 2  8401  8394  8386  8365  8349  8305  8308  8260  8245  8256  8246  8233
TBILIS 2000 04 03 1  8236  8218  8255  8230  8279  8306  8276  8283  8322  8327  8332  8347
TBILIS 2000 04 03 2  8362  8338  8349  8336  8334  8295  8308  8293  8292  8272  8286  8322
TBILIS 2000 04 04 1  8288  8326  8299  8330  8315  8274  8227  8221  8252  8232  8239  8249
TBILIS 2000 04 04 2  8268  8284  8332  8332  8310  8337  8340  8319  8321  8300  8278  8265
TBILIS 2000 04 05 1  8276  8263  8281  8282  8256  8268  8260  8288  8307  8300  8346  8334
TBILIS 2000 04 05 2  8321  8322  8315  8311  8313  8274  8312  8277  8288  8249  8286  8250
TBILIS 2000 04 06 1  8258  8210  8207  8232  8236  8288  8322  8326  8384  8359  8406  8400
TBILIS 2000 04 06 2  8405  8440  8453  8457  8455  8449  8547  8544  8539  8646  8547  8509
TBILIS 2000 04 07 1  8561  8492  8487  8462  8423  8375  8426  8405  8404  8387  8431  8438
TBILIS 2000 04 07 2  8396  8355  8333  8322  8246  8269  8225  8277  8265  8210  8218  8230
TBILIS 2000 04 08 1  8229  8278  8252  8283  8283  8253  8279  8325  8349  8285  8301  8356
TBILIS 2000 04 08 2  8375  8352  8331  8299  8322  8306  8285  8280  8284  8280  8293  8277
TBILIS 2000 04 09 1  8273  8249  8301  8258  8237  8272  8249  8251  8292  8270  8278  8291
TBILIS 2000 04 09 2  8311  8282  8298  8339  8345  8339  8317  8337  8322  8339  8335  8367
TBILIS 2000 04 10 1  8346  8375  8325  8337  8314  8306  8360  8365  8341  8419  8416  8397
TBILIS 2000 04 10 2  8390  8402  8342  8343  8321  8379  8357  8299  8295  8292  8294  8297
TBILIS 2000 04 11 1  8335  8295  8314  8288  8284  8330  8342  8369  8413  8429  8425  8424
TBILIS 2000 04 11 2  8400  8424  8429  8433  8421  8478  8449  8444  8421  8439  8443  8418
TBILIS 2000 04 12 1  8422  8425  8420  8403  8406  8401  8398  8411  8416  8371  8411  8423
TBILIS 2000 04 12 2  8481  8409  8406  8435  8442  8411  8431  8431  8420  8384  8391  8391
TBILIS 2000 04 13 1  8364  8331  8357  8382  8366  8400  8428  8457  8425  8466  8468  8479
TBILIS 2000 04 13 2  8456  8439  8447  8498  8484  8456  8469  8472  8481  8446  8439  8432
TBILIS 2000 04 14 1  8413  8407  8409  8398  8426  8412  8460  8462  8464  8503  8493  8515
TBILIS 2000 04 14 2  8517  8525  8494  8509  8494  8487  8451  8431  8457  8484  8477  8453
TBILIS 2000 04 15 1  8436  8422  8415  8416  8386  8384  8400  8422  8427  8413  8454  8436
TBILIS 2000 04 15 2  8454  8433  8428  8427  8406  8390  8427  8423  8485  8455  8454  8433
TBILIS 2000 04 16 1  8429  8426  8447  8440  8401  8414  8387  8426  8461  8508  8543  8501
TBILIS 2000 04 16 2  8503  8500  8530  8462  8435  8447  8386  8363  8333  8319  8319  8322
TBILIS 2000 04 17 1  8318  8345  8309  8333  8330  8343  8350  8373  8401  8381  8416  8380
TBILIS 2000 04 17 2  8407  8380  8398  8391  8367  8422  8364  8379  8362  8386  8348  8365
TBILIS 2000 04 18 1  8347  8333  8329  8334  8299  8340  8343  8356  8433  8407  8437  8386
TBILIS 2000 04 18 2  8401  8400  8371  8374  8353  8356  8354  8365  8381  8364  8341  8307
TBILIS 2000 04 19 1  8324  8310  8310  8265  8287  8304  8299  8326  8306  8327  8343  8359
TBILIS 2000 04 19 2  8374  8421  8386  8393  8372  8353  8347  8290  8283  8291  8289  8314
TBILIS 2000 04 20 1  8322  8318  8265  8298  8246  8268  8293  8273  8315  8333  8322  8306
TBILIS 2000 04 20 2  8336  8316  8308  8352  8332  8317  8365  8323  8311  8332  8342  8336
TBILIS 2000 04 21 1  8345  8342  8328  8356  8350  8325  8331  8334  8359  8376  8371  8356
TBILIS 2000 04 21 2  8351  8364  8335  8380  8326  8339  8347  8331  8308  8323  8327  8342
TBILIS 2000 04 22 1  8319  8289  8325  8284  8322  8345  8318  8337  8363  8384  8411  8422
TBILIS 2000 04 22 2  8404  8403  8397  8389  8374  8329  8322  8370  8341  8355  8366  8352
TBILIS 2000 04 23 1  8328  8323  8288  8321  8315  8318  8340  8341  8370  8385  8409  8439
TBILIS 2000 04 23 2  8397  8404  8454  8409  8428  8401  8380  8328  8336  8329  8297  8350
TBILIS 2000 04 24 1  8302  8281  8305  8309  8260  8297  8326  8373  8367  8333  8306  8318
TBILIS 2000 04 24 2  8321  8383  8423  8343  8288  8280  8284  8248  8300  8316  8326  8308
TBILIS 2000 04 25 1  8354  8380  8355  8351  8339  8327  8328  8381  8374  8347  8390  8378
TBILIS 2000 04 25 2  8389  8350  8331  8305  8355  8318  8384  8351  8362  8342  8355  8341
TBILIS 2000 04 26 1  8351  8357  8336  8330  8310  8322  8358  8343  8370  8395  8401  8426
TBILIS 2000 04 26 2  8411  8402  8372  8367  8346  8363  8396  8380  8354  8380  8387  8365
TBILIS 2000 04 27 1  8375  8335  8323  8338  8308  8308  8313  8339  8322  8372  8382  8376
TBILIS 2000 04 27 2  8427  8403  8407  8428  8409  8388  8379  8384  8415  8389  8386  8420
TBILIS 2000 04 28 1  8357  8365  8382  8362  8305  8291  8334  8329  8365  8378  8402  8385
TBILIS 2000 04 28 2  8404  8412  8402  8405  8385  8389  8354  8393  8366  8380  8384  8367
TBILIS 2000 04 29 1  8394  8404  8400  8394  8400  8370  8340  8378  8419  8438  8429  8457
TBILIS 2000 04 29 2  8481  8463  8459  8475  8453  8429  8443  8470  8429  8422  8425  8415
TBILIS 2000 04 30 1  8432  8418  8436  8405  8388  8416  8421  8410  8452  8424  8462  8498
TBILIS 2000 04 30 2  8483  8481  8521  8470  8491  8479  8459  8430  8454  8452  8414  8428
TBILIS 2000 04 31 1 99999 99999 99999 99999 99999 99999 99999 99999 99999 99999 99999 99999
TBILIS 2000 04 31 2 99999 99999 99999 99999 99999 99999 99999 99999 99999 99999 99999 99999
Cosmic-Ray Neutron Monitor Data (Hourly, Pressure-Corrected and Scale-Adjusted Counts)
Collections: WDC for Cosmic Rays, Solar-Terrestrial Environment Laboratory, Nagoya Univ.
Data Access: http://center.stelab.nagoya-u.ac.jp/WDCCR/index.html
Project: ICSU WDC
Citation: WDC for Cosmic Rays, Solar-Terrestrial Environment Laboratory, Nagoya University
Station ID: TBILIS
Station:  TBILISI,GIORGIA,INSTITUT GEOPHYSIKY (IG), GIORGIAN ACADEMY OF SCIENCES,GIORGIA 
Instrument:  18 NM-64 NEUTRON MONITOR, CORRECTED FOR PRESSURE TO 965 MB   ,COEF.=-0.690 %/MB
Latitude (deg.):   41.72  Longitude (deg.):   44.80  Altitude (m):  510.00
Cut-Off Rigidity (GV):    6.73
Year: 2000  Month:   5
Scaling Factor (SF):    64.0   Constant (CONST):     0.0  Real Counts = (DATA + CONST)*SF
Temporal Resolution: 1 hour
UTC Start Hour:     0.0
                         FILE IS PREPARED IN IZMIRAN                            
                                                        
Monthly Average:  8217.6
Updated (YYYY MM DD): 2003 10 20
*******************************************************************************************
ID     YYYY MM DD 1     0     1     2     3     4     5     6     7     8     9    10    11
ID     YYYY MM DD 2    12    13    14    15    16    17    18    19    20    21    22    23
*******************************************************************************************
TBILIS 2000 05 01 1  8409  8405  8380  8424  8426  8453  8449  8435  8410  8432  8457  8472
TBILIS 2000 05 01 2  8502  8484  8451  8454  8424  8396  8421  8380  8341  8311  8351  8295
TBILIS 2000 05 02 1  8285  8277  8272  8291  8278  8276  8291  8374  8384  8388  8433  8428
TBILIS 2000 05 02 2  8397  8275  8250  8225  8234  8213  8240  8229  8231  8190  8202  8232
TBILIS 2000 05 03 1  8203  8212  8170  8213  8178  8188  8121  8129  8148  8172  8203  8164
TBILIS 2000 05 03 2  8131  8155  8179  8188  8232  8244  8166  8190  8215  8226  8217  8212
TBILIS 2000 05 04 1  8234  8233  8209  8171  8193  8160  8178  8201  8227  8193  8220  8275
TBILIS 2000 05 04 2  8278  8259  8250  8284  8266  8244  8241  8279  8292  8313  8256  8278
TBILIS 2000 05 05 1  8259  8224  8226  8197  8227  8285  8283  8286  8280  8263  8300  8316
TBILIS 2000 05 05 2  8324  8315  8286  8275  8272  8294  8315  8298  8278  8245  8252  8231
TBILIS 2000 05 06 1  8205  8231  8192  8232  8218  8229  8221  8269  8283  8295  8306  8331
TBILIS 2000 05 06 2  8294  8311  8378  8379  8329  8255  8248  8203  8213  8233  8185  8178
TBILIS 2000 05 07 1  8216  8230  8188  8217  8228  8255  8270  8245  8268  8278  8297  8291
TBILIS 2000 05 07 2  8293  8282  8240  8207  8187  8169  8165  8166  8191  8173  8164  8172
TBILIS 2000 05 08 1  8136  8133  8098  8084  8085  8097  8125  8088  8007  8037  8055  8087
TBILIS 2000 05 08 2  8109  8103  8101  8122  8098  8109  8098  8133  8118  8113  8104  8130
TBILIS 2000 05 09 1  8162  8158  8165  8167  8174  8158  8168  8167  8165  8177  8188  8170
TBILIS 2000 05 09 2  8162  8167  8172  8120  8105  8137  8184  8130  8134  8189  8169  8213
TBILIS 2000 05 10 1  8234  8216  8209  8194  8186  8195  8217  8246  8258  8293  8275  8290
TBILIS 2000 05 10 2  8293  8291  8267  8231  8227  8228  8216  8224  8219  8216  8221  8190
TBILIS 2000 05 11 1  8246  8255  8277  8214  8235  8297  8287  8350  8323  8370  8374  8357
TBILIS 2000 05 11 2  8380  8418  8409  8405  8326  8336  8334  8291  8293  8269  8304  8261
TBILIS 2000 05 12 1  8288  8262  8266  8279  8283  8302  8265  8295  8306 99999 99999 99999
TBILIS 2000 05 12 2  8429  8442  8443  8429  8380  8407  8404  8354  8385  8367  8363  8343
TBILIS 2000 05 13 1  8378  8374  8334  8342  8381  8382  8402  8384  8427  8421  8409  8450
TBILIS 2000 05 13 2  8475  8462  8461  8435  8337  8286  8273  8249  8285  8277  8294  8278
TBILIS 2000 05 14 1  8261  8273  8277  8251  8182  8183  8205  8184  8170  8159  8180  8206
TBILIS 2000 05 14 2  8258  8213  8229  8207  8235  8250  8269  8214  8214  8232  8269  8217
TBILIS 2000 05 15 1  8221  8214  8132  8115  8136  8154  8157  8192  8218  8214  8223  8270
TBILIS 2000 05 15 2  8244  8241  8246  8279  8258  8246  8214  8229  8226  8211  8216  8203
TBILIS 2000 05 16 1  8173  8196  8244  8249  8286  8277  8295  8279  8309  8326  8324  8319
TBILIS 2000 05 16 2  8306  8336  8343  8307  8262  8258  8209  8217  8230  8249  8263  8268
TBILIS 2000 05 17 1  8249  8270  8295  8311  8306  8262  8273  8286  8307  8333  8322  8343
TBILIS 2000 05 17 2  8330  8346  8348  8353  8319  8336  8331  8321  8324  8281  8262  8244
TBILIS 2000 05 18 1  8246  8198  8207  8179  8148  8135  8169  8212  8268  8306  8357  8385
TBILIS 2000 05 18 2  8350  8349  8388  8351  8395  8357  8342  8311  8277  8286  8268  8303
TBILIS 2000 05 19 1  8321  8283  8285  8282  8263  8232  8258  8266  8235  8311  8306  8306
TBILIS 2000 05 19 2  8279  8276  8268  8256  8262  8246  8245  8276  8239  8254  8248  8249
TBILIS 2000 05 20 1  8254  8208  8221  8163  8183  8250  8213  8189  8205  8240  8252  8306
TBILIS 2000 05 20 2  8269  8281  8221  8189  8226  8179  8231  8187  8238  8202  8159  8185
TBILIS 2000 05 21 1  8165  8221  8170  8197  8163  8188  8194  8202  8266  8198  8212  8242
TBILIS 2000 05 21 2  8214  8264  8186  8219  8238  8148  8172  8137  8215  8151  8198  8172
TBILIS 2000 05 22 1  8121  8124  8140  8124  8138  8123  8129  8092  8123  8132  8124  8143
TBILIS 2000 05 22 2  8049  8089  8060  8152  8075  8079  8008  7977  8012  8034  8022  8012
TBILIS 2000 05 23 1  8015  8040  7951  8010  7973  8022  8026  8013  8069  8050  8020  8033
TBILIS 2000 05 23 2  8065  7964  8035  8064  8095  8010  7917  7950  8006  8018  8039  7977
TBILIS 2000 05 24 1  7929  7914  7907  7937  7968  7984  7980  7936  7963  7983  7974  7938
TBILIS 2000 05 24 2  7933  7915  7918  7962  7949  7949  7990  7977  7980  7991  8003  8032
TBILIS 2000 05 25 1  8034  8006  8019  7960  7948  7936  7982  8011  8047  8067  8063  8065
TBILIS 2000 05 25 2  8098  8092  8082  8079  8093  8084  8080  8082  8098  8106  8133  8067
TBILIS 2000 05 26 1  8114  8080  8064  8051  8110  8085  8114  8129  8153  8173  8158  8196
TBILIS 2000 05 26 2  8172  8201  8177  8192  8177  8191  8169  8160 99999 99999 99999 99999
TBILIS 2000 05 27 1 99999 99999 99999 99999  8086  8101  8113  8121  8135  8116  8139  8154
TBILIS 2000 05 27 2  8124  8182  8146  8145  8204  8191  8157  8183  8193  8217  8157  8159
TBILIS 2000 05 28 1  8147  8174  8149  8176  8138  8133  8138  8166  8171  8200  8206  8178
TBILIS 2000 05 28 2  8202  8185  8217  8201  8182  8192  8197  8221  8214  8230  8211  8176
TBILIS 2000 05 29 1  8179  8173  8189  8156  8173  8192  8209  8232  8295  8306  8313  8306
TBILIS 2000 05 29 2  8275  8283  8278  8308  8306  8303  8275  8264  8264  8277  8289  8246
TBILIS 2000 05 30 1  8250  8237  8218  8177  8207  8188  8221  8221  8251  8230  8277  8282
TBILIS 2000 05 30 2  8276  8339  8306  8298  8272  8276  8285  8270  8262  8216  8246  8250
TBILIS 2000 05 31 1  8219  8232  8224  8230  8218  8231  8223  8238  8270  8256  8310  8311
TBILIS 2000 05 31 2  8298  8258  8301  8293  8240  8289  8269  8274  8243  8211  8231  8215
Cosmic-Ray Neutron Monitor Data (Hourly, Pressure-Corrected and Scale-Adjusted Counts)
Collections: WDC for Cosmic Rays, Solar-Terrestrial Environment Laboratory, Nagoya Univ.
Data Access: http://center.stelab.nagoya-u.ac.jp/WDCCR/index.html
Project: ICSU WDC
Citation: WDC for Cosmic Rays, Solar-Terrestrial Environment Laboratory, Nagoya University
Station ID: TBILIS
Station:  TBILISI,GIORGIA,INSTITUT GEOPHYSIKY (IG), GIORGIAN ACADEMY OF SCIENCES,GIORGIA 
Instrument:  18 NM-64 NEUTRON MONITOR, CORRECTED FOR PRESSURE TO 965 MB   ,COEF.=-0.690 %/MB
Latitude (deg.):   41.72  Longitude (deg.):   44.80  Altitude (m):  510.00
Cut-Off Rigidity (GV):    6.73
Year: 2000  Month:   6
Scaling Factor (SF):    64.0   Constant (CONST):     0.0  Real Counts = (DATA + CONST)*SF
Temporal Resolution: 1 hour
UTC Start Hour:     0.0
                         FILE IS PREPARED IN IZMIRAN                            
                                                        
Monthly Average:  8143.2
Updated (YYYY MM DD): 2003 10 20
*******************************************************************************************
ID     YYYY MM DD 1     0     1     2     3     4     5     6     7     8     9    10    11
ID     YYYY MM DD 2    12    13    14    15    16    17    18    19    20    21    22    23
*******************************************************************************************
TBILIS 2000 06 01 1  8225  8236  8232  8239  8230  8223  8235  8232  8241  8246  8256  8288
TBILIS 2000 06 01 2  8275  8272  8246  8300  8276  8246  8229  8231  8225  8213  8214  8244
TBILIS 2000 06 02 1  8232  8217  8179  8204  8203  8209  8227  8261  8263  8259  8259  8242
TBILIS 2000 06 02 2  8251  8264  8255  8236  8224  8232  8223  8234  8221  8243  8220  8224
TBILIS 2000 06 03 1  8229  8225  8223  8232  8239  8260  8297  8289  8286  8298  8334  8346
TBILIS 2000 06 03 2  8327  8337  8341  8334  8322  8314  8308  8306  8335  8336  8317  8314
TBILIS 2000 06 04 1  8334  8327  8341  8331  8273  8333  8350  8357  8322  8302  8310  8340
TBILIS 2000 06 04 2  8366  8361  8361  8305  8293  8214  8246  8244  8216  8219  8204  8249
TBILIS 2000 06 05 1  8231  8232  8218  8195  8181  8205  8185  8201  8203  8237  8272  8306
TBILIS 2000 06 05 2  8291  8238  8274  8186  8208  8255  8246  8239  8233  8215  8207  8181
TBILIS 2000 06 06 1  8193  8170  8173  8159  8135  8135  8118  8158  8067  8065  8093  8084
TBILIS 2000 06 06 2  8129  8131  8178  8180  8235  8245  8203  8164  8193  8164  8146  8119
TBILIS 2000 06 07 1  8114  8110  8123  8109  8117  8114  8109  8100  8096  8105  8103  8121
TBILIS 2000 06 07 2  8151  8183  8163  8217  8203  8192  8184  8174  8140  8179  8158  8198
TBILIS 2000 06 08 1  8159  8191  8187  8160  8178  8195  8217  8221  8185  8127  8114  8046
TBILIS 2000 06 08 2  7976  7900  7842  7817  7798  7821  7829  7815  7808  7798  7797  7822
TBILIS 2000 06 09 1  7821  7836  7775  7777  7783  7778  7762  7800  7845  7807  7844  7877
TBILIS 2000 06 09 2  7872  7866  7879  7889  7877  7867  7865  7855  7838  7866  7897  7894
TBILIS 2000 06 10 1  7844  7848  7885  7886  7913  7888  7929  7915  7934  7951  7948  7913
TBILIS 2000 06 10 2  7929  7941  7974  7931  7912  7937  7955  8009  7958  7977  7949  7915
TBILIS 2000 06 11 1  7878  7950  7976  7942  7902  7920  7941  7961  7936  7973  8006  8055
TBILIS 2000 06 11 2  8017  7997  7986  7978  7965  7930  7930  7961  7983  7972  7969  7940
TBILIS 2000 06 12 1  7944  7952  7970  7936  7933  7935  7991  7973  7993  7976  7975  8026
TBILIS 2000 06 12 2  8025  7995  7996  8028  8020  8022  8003  8037  8043  8001  8015  7980
TBILIS 2000 06 13 1  7995  7992  8037  8001  7980  7982  7960  8000  8040  8114  8141  8162
TBILIS 2000 06 13 2  8106  8113  8074  8074  8089  8078  8111  8092  8090  8116  8101  8093
TBILIS 2000 06 14 1  8034  8083  8026  8052  8079  8092  8022  8069  8018  8044  8105  8074
TBILIS 2000 06 14 2  8017  8058  8030  8032  8004  7997  8007  7950  8030  8014  8013  8006
TBILIS 2000 06 15 1  8009  7986  7994  7980  8013  8044  8071  8056  8134  8112  8178  8169
TBILIS 2000 06 15 2  8202  8172  8154  8144  8138  8143  8130  8131  8163  8160  8161  8128
TBILIS 2000 06 16 1  8097  8104  8119  8097  8100  8132  8183  8172  8162  8181  8245  8227
TBILIS 2000 06 16 2  8192  8214  8170  8188  8195  8159  8162  8156  8149  8183  8188  8173
TBILIS 2000 06 17 1  8183  8163  8159  8161  8165  8168  8171  8174  8188  8213  8236  8206
TBILIS 2000 06 17 2  8217  8253  8232  8248  8203  8234  8219  8224  8234  8229  8182  8201
TBILIS 2000 06 18 1  8135  8141  8187  8157  8165  8188  8205  8200  8226  8232  8244  8257
TBILIS 2000 06 18 2  8194  8286  8291  8270  8255  8289  8276  8284  8273  8263  8262  8257
TBILIS 2000 06 19 1  8259  8253  8220  8229  8203  8188  8223  8234  8216  8232  8223  8219
TBILIS 2000 06 19 2  8182  8151  8095  8070  8066  8072  8092  8053  8031  8043  8057  8040
TBILIS 2000 06 20 1  8075  8059  8094  8120  8049  8080  8106  8153  8157  8154  8119  8129
TBILIS 2000 06 20 2  8121  8079  8065  8078  8044  8017  7997  7986  8027  8039  8003  8035
TBILIS 2000 06 21 1  8034  8030  8061  8081  8104  8113  8098  8131  8159  8166  8215  8203
TBILIS 2000 06 21 2  8162  8143  8125  8127  8122  8092  8129  8101  8121  8149  8140  8131
TBILIS 2000 06 22 1  8111  8107  8141  8116  8130  8167  8198  8202  8178  8198  8176  8181
TBILIS 2000 06 22 2  8193  8177  8186  8165  8167  8181  8174  8170  8161  8151  8132  8132
TBILIS 2000 06 23 1  8155  8133  8159  8177  8243  8231  8251  8220  8219  8220  8274  8253
TBILIS 2000 06 23 2  8265  8310  8310  8313  8272  8259  8268  8246  8209  8167  8131  8139
TBILIS 2000 06 24 1  8148  8124  8091  8070  8092  8121  8037  8094  8084  8086  8134  8143
TBILIS 2000 06 24 2  8160  8169  8156  8127  8131  8149  8125  8117  8098  8162  8131  8111
TBILIS 2000 06 25 1  8117  8140  8140  8105  8070  8103  8097  8106  8112  8129  8171  8201
TBILIS 2000 06 25 2  8189  8214  8217  8215  8223  8217  8269  8209  8216  8183  8157  8141
TBILIS 2000 06 26 1  8089  8038  8056  8052  8078  8082  8108  8119  8146  8192  8238  8234
TBILIS 2000 06 26 2  8228  8208  8215  8210  8198  8191  8176  8169  8137  8142  8145  8178
TBILIS 2000 06 27 1  8131  8125  8134  8139  8173  8159  8173  8173  8185  8213  8223  8254
TBILIS 2000 06 27 2  8248  8259  8283  8282  8315  8292  8284  8208  8238  8276  8260  8228
TBILIS 2000 06 28 1  8207  8223  8205  8166  8170  8159  8167  8206  8233  8218  8224  8196
TBILIS 2000 06 28 2  8216  8225  8198  8209  8172  8174  8170  8203  8176  8268  8240  8238
TBILIS 2000 06 29 1  8246  8234  8249  8246  8230  8230  8263  8207  8236  8232  8270  8294
TBILIS 2000 06 29 2  8297  8277  8286  8301  8257  8282  8250  8287  8300  8303  8281  8308
TBILIS 2000 06 30 1  8272  8301  8309  8317  8273  8292  8303  8313  8323  8336  8330  8289
TBILIS 2000 06 30 2  8299  8292  8325  8324  8334  8319  8309  8350  8346  8343  8334  8352
TBILIS 2000 06 31 1 99999 99999 99999 99999 99999 99999 99999 99999 99999 99999 99999 99999
TBILIS 2000 06 31 2 99999 99999 99999 99999 99999 99999 99999 99999 99999 99999 99999 99999
Cosmic-Ray Neutron Monitor Data (Hourly, Pressure-Corrected and Scale-Adjusted Counts)
Collections: WDC for Cosmic Rays, Solar-Terrestrial Environment Laboratory, Nagoya Univ.
Data Access: http://center.stelab.nagoya-u.ac.jp/WDCCR/index.html
Project: ICSU WDC
Citation: WDC for Cosmic Rays, Solar-Terrestrial Environment Laboratory, Nagoya University
Station ID: TBILIS
Station:  TBILISI,GIORGIA,INSTITUT GEOPHYSIKY (IG), GIORGIAN ACADEMY OF SCIENCES,GIORGIA 
Instrument:  18 NM-64 NEUTRON MONITOR, CORRECTED FOR PRESSURE TO 965 MB   ,COEF.=-0.690 %/MB
Latitude (deg.):   41.72  Longitude (deg.):   44.80  Altitude (m):  510.00
Cut-Off Rigidity (GV):    6.73
Year: 2000  Month:   7
Scaling Factor (SF):    64.0   Constant (CONST):     0.0  Real Counts = (DATA + CONST)*SF
Temporal Resolution: 1 hour
UTC Start Hour:     0.0
                         FILE IS PREPARED IN IZMIRAN                            
                                                        
Monthly Average:  8072.2
Updated (YYYY MM DD): 2003 10 20
*******************************************************************************************
ID     YYYY MM DD 1     0     1     2     3     4     5     6     7     8     9    10    11
ID     YYYY MM DD 2    12    13    14    15    16    17    18    19    20    21    22    23
*******************************************************************************************
TBILIS 2000 07 01 1  8361  8333  8351  8341  8313  8317  8306  8363  8300  8288  8308  8351
TBILIS 2000 07 01 2  8353  8360  8386  8363  8346  8359  8282  8291  8269  8259  8258  8245
TBILIS 2000 07 02 1  8225  8231  8217  8244  8196  8207  8244  8256  8313  8345  8342  8314
TBILIS 2000 07 02 2  8349  8278  8304  8315  8302  8304  8306  8293  8287  8305  8307  8318
TBILIS 2000 07 03 1  8297  8290  8294  8270  8269  8256  8246  8251  8263  8304  8305  8343
TBILIS 2000 07 03 2  8347  8348  8360  8341  8342  8361  8365  8359  8325  8312  8277  8286
TBILIS 2000 07 04 1  8276  8306  8309  8309  8290  8325  8337  8317  8346  8361  8393  8372
TBILIS 2000 07 04 2  8365  8352  8376  8357  8365  8336  8322  8307  8303  8295  8311  8286
TBILIS 2000 07 05 1  8258  8315  8283  8308  8354  8285  8295  8323  8323  8332  8338  8378
TBILIS 2000 07 05 2  8354  8381  8361  8385  8359  8342  8347  8330  8302  8315  8316  8294
TBILIS 2000 07 06 1  8308  8325  8268  8262  8251  8269  8286  8334  8342  8324  8378  8370
TBILIS 2000 07 06 2  8375  8361  8357  8370  8346  8340  8389  8374  8355  8370  8360  8398
TBILIS 2000 07 07 1  8371  8329  8329  8260  8275  8301  8302  8323  8364  8361  8353  8357
TBILIS 2000 07 07 2  8387  8364  8382  8378  8378  8383  8395  8388  8377  8304  8306  8308
TBILIS 2000 07 08 1  8287  8312  8277  8318  8317  8303  8303  8299  8371  8365  8343  8389
TBILIS 2000 07 08 2  8345  8342  8356  8351  8332  8355  8324  8322  8321  8321  8321  8318
TBILIS 2000 07 09 1  8324  8315  8293  8312  8289  8328  8310  8331  8377  8366  8396  8373
TBILIS 2000 07 09 2  8393  8394  8367  8380  8343  8365  8361  8366  8326  8301  8275  8252
TBILIS 2000 07 10 1  8252  8248  8274  8283  8306  8285  8327  8357  8382  8373  8357  8371
TBILIS 2000 07 10 2  8275  8237  8246  8212  8209  8193  8207  8202  8171  8179  8151  8193
TBILIS 2000 07 11 1  8181  8197  8164  8159  8143  8100  8179  8190  8180  8194  8219  8190
TBILIS 2000 07 11 2  8211  8216  8147  8163  8116  8107  8117  8115  8167  8185  8134  8176
TBILIS 2000 07 12 1  8184  8182  8213  8147  8149  8161  8138  8173  8197  8180  8196  8185
TBILIS 2000 07 12 2  8204  8220  8184  8200  8200  8153  8180  8205  8197  8200  8213  8169
TBILIS 2000 07 13 1  8214  8174  8148  8170  8141  8198  8202  8237  8240  8265  8195  8170
TBILIS 2000 07 13 2  8141  8033  7935  7892  7779  7788  7771  7767  7783  7748  7790  7824
TBILIS 2000 07 14 1  7853  7871  7815  7779  7761  7721  7753  7777  7772  7785  7812  7815
TBILIS 2000 07 14 2  7825  7803  7791  7773  7803  7759  7774  7796  7783  7794  7830  7798
TBILIS 2000 07 15 1  7764  7768  7772  7788  7830  7820  7767  7776  7800  7753  7810  7766
TBILIS 2000 07 15 2  7764  7730  7734  7745  7760  7757  7696  7662  7612  7657  7394  7457
TBILIS 2000 07 16 1  7396  7388  7348  7331  7436  7488  7543  7496  7539  7483  7474  7533
TBILIS 2000 07 16 2  7640  7638  7670  7603  7622  7623  7609  7608  7611  7601  7639  7630
TBILIS 2000 07 17 1  7613  7615  7647  7668  7706  7694  7716  7757  7770  7745  7774  7777
TBILIS 2000 07 17 2  7773  7760  7715  7725  7726  7760  7746  7764  7788  7784  7780  7793
TBILIS 2000 07 18 1  7759  7759  7776  7766  7758  7816  7818  7792  7828  7831  7861  7872
TBILIS 2000 07 18 2  7887  7909  7881  7861  7883  7916  7918  7893  7863  7902  7928  7877
TBILIS 2000 07 19 1  7913  7906  7896  7915  7914  7941  7914  7978  7948  7995  8000  8003
TBILIS 2000 07 19 2  8019  8004  7968  7993  7986  7952  7923  7898  7894  7895  7874  7883
TBILIS 2000 07 20 1  7927  7886  7870  7855  7861  7877  7836  7846  7834  7827  7832  7823
TBILIS 2000 07 20 2  7878  7832  7848  7831  7818  7875  7888  7920  7913  7920  7915  7923
TBILIS 2000 07 21 1  7881  7886  7881  7873  7818  7809  7839  7875  7888  7839  7872  7920
TBILIS 2000 07 21 2  7935  7980  7976  7999  7968  7997  7978  7980  7996  7980  7966  7976
TBILIS 2000 07 22 1  7960  7909  7886  7892  7849  7853  7862  7867  7848  7892  7855  7872
TBILIS 2000 07 22 2  7880  7858  7922  7986  7994  7969  7997  7953  7880  7885  7875  7888
TBILIS 2000 07 23 1  7892  7883  7900  7907  7905  7949  7921  7938  7935  7914  7890  7886
TBILIS 2000 07 23 2  7882  7936  7900  7902  7920  7918  7878  7916  7931  7918  7910  7897
TBILIS 2000 07 24 1  7910  7871  7894  7929  7912  7927  7997  8025  8025  8075  8083  8040
TBILIS 2000 07 24 2  8028  8010  7979  7973  7957  7934  7936  7951  7952  7970  7951  7980
TBILIS 2000 07 25 1  8013  7992  8017  8000  8043  8063  8078  8065  8084  8094  8072  8093
TBILIS 2000 07 25 2  8086  8078  8059  8013  8014  8009  8014  8007  8027  8012  8016  8023
TBILIS 2000 07 26 1  8026  8017  8056  8047  8013  7980  7987  7986  8015  8060  8046  8030
TBILIS 2000 07 26 2  8056  8072  8093  8137  8114  8117  8154  8140  8161  8118  8101  8079
TBILIS 2000 07 27 1  8070  8062  8124  8097  8113  8084  8087  8084  8073  8084  8092  8079
TBILIS 2000 07 27 2  8112  8142  8119  8122  8107  8137  8114  8084  8088  8133  8094  8072
TBILIS 2000 07 28 1  8090  8087  8034  8061  8117  8104  8109  8096  8137  8129  8109  8113
TBILIS 2000 07 28 2  8084  8030  8020  8022  8006  8001  7995  7994  7976  8018  8020  8020
TBILIS 2000 07 29 1  8010  8025  8027  8039  7987  8003  7958  7992  8006  7986  8018  8019
TBILIS 2000 07 29 2  8026  7964  8034  8018  8043  8087  7996  7985  7987  7974  7995  7966
TBILIS 2000 07 30 1  7984  8031  7974  8032  8017  8043  8046  8075  8053  8080  8105  8098
TBILIS 2000 07 30 2  8080  8101  8092  8086  8049  8045  8056  8031  8044  8026  8040  8043
TBILIS 2000 07 31 1  8074  8104  8129  8105  8122  8141  8163  8148  8197  8218  8262  8294
TBILIS 2000 07 31 2  8237  8249  8258  8249  8215  8255  8279  8288  8262  8262  8226  8208
Cosmic-Ray Neutron Monitor Data (Hourly, Pressure-Corrected and Scale-Adjusted Counts)
Collections: WDC for Cosmic Rays, Solar-Terrestrial Environment Laboratory, Nagoya Univ.
Data Access: http://center.stelab.nagoya-u.ac.jp/WDCCR/index.html
Project: ICSU WDC
Citation: WDC for Cosmic Rays, Solar-Terrestrial Environment Laboratory, Nagoya University
Station ID: TBILIS
Station:  TBILISI,GIORGIA,INSTITUT GEOPHYSIKY (IG), GIORGIAN ACADEMY OF SCIENCES,GIORGIA 
Instrument: 18-NM-64 Corrected to 965 mb Standard Pressure, Coef =-0.69 %/mb                
Latitude (deg.):   41.43  Longitude (deg.):   44.48  Altitude (m):  510.00
Cut-Off Rigidity (GV):    6.73
Year: 2000  Month:   8
Scaling Factor (SF):    64.0   Constant (CONST):     0.0  Real Counts = (DATA + CONST)*SF
Temporal Resolution: 1 hour
UTC Start Hour:     0.0
DATA FILE IS PREPARED BY IZMIRAN (ftp://cr0.izmiran.rssi.ru/Cosray!/FTP_NM/C/)  
 Updated by IZMIRAN on 20050325                         
Monthly Average:  8495.0
Updated (YYYY MM DD): 2013 12 12
*******************************************************************************************
ID     YYYY MM DD 1     0     1     2     3     4     5     6     7     8     9    10    11
ID     YYYY MM DD 2    12    13    14    15    16    17    18    19    20    21    22    23
*******************************************************************************************
TBILIS 2000 08 01 1  8509  8534  8540  8506  8513  8495  8547  8550  8563  8607  8606  8597
TBILIS 2000 08 01 2  8580  8597  8587  8579  8577  8539  8559  8519  8537  8535  8528  8553
TBILIS 2000 08 02 1  8584  8556  8528  8515  8540  8524  8530  8580  8563  8596  8568  8570
TBILIS 2000 08 02 2  8546  8573  8562  8530  8532  8518  8530  8534  8545  8539  8562  8549
TBILIS 2000 08 03 1  8533  8528  8526  8514  8610  8621  8639  8644  8708  8658  8679  8691
TBILIS 2000 08 03 2  8660  8671  8665  8686  8661  8596  8587  8560  8546  8565  8545  8509
TBILIS 2000 08 04 1  8550  8504  8518  8522  8506  8495  8511  8457  8491  8450  8433  8457
TBILIS 2000 08 04 2  8480  8488  8480  8457  8446  8458  8468  8457  8461  8420  8423  8434
TBILIS 2000 08 05 1  8390  8325  8363  8365  8363  8338  8367  8309  8360  8375  8379  8395
TBILIS 2000 08 05 2  8385  8369  8345  8385  8350  8289  8300  8282  8278  8232  8206  8265
TBILIS 2000 08 06 1  8250  8225  8266  8274  8286  8247  8272  8305  8293  8298  8321  8354
TBILIS 2000 08 06 2  8352  8362  8371  8417  8372  8379  8364  8367  8379  8334  8291  8242
TBILIS 2000 08 07 1  8260  8256  8282  8251  8247  8236 99999 99999 99999 99999 99999 99999
TBILIS 2000 08 07 2 99999 99999 99999 99999  8362  8365  8359  8407  8378  8368  8368  8366
TBILIS 2000 08 08 1  8353  8355  8344  8324  8354  8343  8361  8407  8423  8394  8423  8427
TBILIS 2000 08 08 2  8434  8419  8419  8405  8412  8376  8444  8405  8380  8359  8341  8360
TBILIS 2000 08 09 1  8331  8377  8392  8335  8363  8381  8368  8402  8444  8424  8412  8417
TBILIS 2000 08 09 2  8399  8370  8372  8363  8407  8376  8403  8410  8414  8404  8431  8406
TBILIS 2000 08 10 1  8397  8400  8397  8391  8368  8393  8421  8390  8450  8421  8428  8400
TBILIS 2000 08 10 2  8471  8410  8317  8280  8275  8297  8288  8308  8253  8269  8317  8336
TBILIS 2000 08 11 1  8309  8276  8244  8268  8326  8301  8345  8314  8278  8286  8331  8349
TBILIS 2000 08 11 2  8316  8280  8263  8261  8266  8270  8321  8331  8335  8296  8300  8265
TBILIS 2000 08 12 1  8292  8271  8298  8295  8304  8338  8368  8325  8440  8510  8526  8454
TBILIS 2000 08 12 2  8378  8398  8336  8309  8284  8260  8211  8213  8186  8225  8246  8240
TBILIS 2000 08 13 1  8197  8242  8272  8272  8267  8257  8282  8304  8308  8293  8295  8303
TBILIS 2000 08 13 2  8305  8292  8333  8348  8362  8384  8366  8391  8418  8402  8439  8400
TBILIS 2000 08 14 1  8456  8441  8420  8413  8383  8380  8377  8351  8388  8432  8394  8387
TBILIS 2000 08 14 2  8366  8373  8356  8363  8295  8314  8372  8313  8292  8317  8315  8308
TBILIS 2000 08 15 1  8282  8277  8288  8292  8292  8322  8340  8330  8358  8356  8354  8348
TBILIS 2000 08 15 2  8338  8371  8356  8332  8268  8286  8288  8292  8307  8304  8282  8270
TBILIS 2000 08 16 1  8306  8288  8319  8310  8309  8294  8318  8339  8331  8329  8330  8373
TBILIS 2000 08 16 2  8373  8347  8360  8381  8386  8356  8331  8378  8380  8393  8425  8425
TBILIS 2000 08 17 1  8428  8409  8422  8410  8441  8421  8485  8480  8444  8466  8513  8490
TBILIS 2000 08 17 2  8510  8465  8435  8472  8470  8490  8467  8489  8491  8486  8480  8461
TBILIS 2000 08 18 1  8470  8422  8487  8471  8467  8450  8440  8445  8450  8503  8464  8470
TBILIS 2000 08 18 2  8487  8514  8475  8466  8496  8486  8483  8496  8450  8479  8470  8446
TBILIS 2000 08 19 1  8471  8471  8436  8426  8489  8477  8532  8483  8545  8563  8604  8596
TBILIS 2000 08 19 2  8575  8610  8648  8671  8676  8650  8604  8617  8625  8554  8556  8513
TBILIS 2000 08 20 1  8485  8478  8512  8511  8537  8529  8525  8533  8539  8545  8595  8583
TBILIS 2000 08 20 2  8581  8591  8575  8561  8584  8574  8571  8556  8531  8533  8549  8586
TBILIS 2000 08 21 1  8569  8562  8571  8620  8602  8595  8592  8576  8527  8584  8618 99999
TBILIS 2000 08 21 2 99999 99999  8665  8648  8647  8665  8647  8712  8686  8685  8628  8647
TBILIS 2000 08 22 1  8607  8602  8589  8597  8631  8628  8644  8634  8669  8670  8641  8683
TBILIS 2000 08 22 2  8686  8715  8709  8706  8740  8739  8703  8679  8665  8628  8617  8628
TBILIS 2000 08 23 1  8638  8631  8625  8606  8627  8622  8633  8589  8606  8612  8652  8655
TBILIS 2000 08 23 2  8687  8704  8699  8668  8666  8667  8682  8674  8683  8677  8620  8674
TBILIS 2000 08 24 1  8642  8605  8651  8637  8634  8598  8586  8581  8633  8624  8611  8611
TBILIS 2000 08 24 2  8635  8687  8661  8624  8637  8610  8620  8597  8582  8614  8585  8594
TBILIS 2000 08 25 1  8604  8612  8567  8587  8591  8522  8498  8522 99999 99999 99999 99999
TBILIS 2000 08 25 2 99999  8668  8647  8639  8622  8641  8612  8644  8642  8626  8636  8598
TBILIS 2000 08 26 1  8606  8620  8600  8597  8612  8600  8577  8602  8625  8585  8613  8631
TBILIS 2000 08 26 2  8639  8629  8669  8637  8632  8631  8629  8615  8625  8648  8630  8654
TBILIS 2000 08 27 1  8637  8665  8618  8635  8610  8582  8607  8638  8673  8680  8616  8614
TBILIS 2000 08 27 2  8620  8662  8639  8601  8619  8678  8683  8731  8679  8669  8679  8621
TBILIS 2000 08 28 1  8645  8693  8661  8669  8701  8662  8649  8661  8639  8710  8731  8721
TBILIS 2000 08 28 2  8728  8768  8713  8743  8757  8756  8714  8740  8684  8660  8704  8668
TBILIS 2000 08 29 1  8694  8663  8665  8633  8652  8630  8583 99999 99999 99999 99999 99999
TBILIS 2000 08 29 2 99999  8669  8680  8619  8665  8690  8599  8662  8629  8617  8597  8630
TBILIS 2000 08 30 1  8622  8589  8615  8633  8570  8615  8557  8627  8615  8620  8633  8662
TBILIS 2000 08 30 2  8659  8610  8650  8626  8615  8621  8629  8585  8604  8641  8630  8617
TBILIS 2000 08 31 1  8635  8631  8597  8619  8615  8595  8592  8585  8605  8666  8668  8665
TBILIS 2000 08 31 2  8684  8681  8690  8701  8711  8736  8732  8715  8711  8673  8677  8695
Cosmic-Ray Neutron Monitor Data (Hourly, Pressure-Corrected and Scale-Adjusted Counts)
Collections: WDC for Cosmic Rays, Solar-Terrestrial Environment Laboratory, Nagoya Univ.
Data Access: http://center.stelab.nagoya-u.ac.jp/WDCCR/index.html
Project: ICSU WDC
Citation: WDC for Cosmic Rays, Solar-Terrestrial Environment Laboratory, Nagoya University
Station ID: TBILIS
Station:  TBILISI,GIORGIA,INSTITUT GEOPHYSIKY (IG), GIORGIAN ACADEMY OF SCIENCES,GIORGIA 
Instrument: 18-NM-64 Corrected to 965 mb Standard Pressure, Coef =-0.69 %/mb                
Latitude (deg.):   41.43  Longitude (deg.):   44.48  Altitude (m):  510.00
Cut-Off Rigidity (GV):    6.73
Year: 2000  Month:   9
Scaling Factor (SF):    64.0   Constant (CONST):     0.0  Real Counts = (DATA + CONST)*SF
Temporal Resolution: 1 hour
UTC Start Hour:     0.0
DATA FILE IS PREPARED BY IZMIRAN (ftp://cr0.izmiran.rssi.ru/Cosray!/FTP_NM/C/)  
                                                        
Monthly Average:  9999.9
Updated (YYYY MM DD): 2013 12 12
*******************************************************************************************
ID     YYYY MM DD 1     0     1     2     3     4     5     6     7     8     9    10    11
ID     YYYY MM DD 2    12    13    14    15    16    17    18    19    20    21    22    23
*******************************************************************************************
TBILIS 2000 09 01 1 99999 99999 99999 99999 99999 99999 99999 99999 99999 99999 99999 99999
TBILIS 2000 09 01 2 99999 99999 99999 99999 99999 99999 99999 99999 99999 99999 99999 99999
TBILIS 2000 09 02 1 99999 99999 99999 99999 99999 99999 99999 99999 99999 99999 99999 99999
TBILIS 2000 09 02 2 99999 99999 99999 99999 99999 99999 99999 99999 99999 99999 99999 99999
TBILIS 2000 09 03 1 99999 99999 99999 99999 99999 99999 99999 99999 99999 99999 99999 99999
TBILIS 2000 09 03 2 99999 99999 99999 99999 99999 99999 99999 99999 99999 99999 99999 99999
TBILIS 2000 09 04 1 99999 99999 99999 99999 99999 99999 99999 99999 99999 99999 99999 99999
TBILIS 2000 09 04 2 99999 99999 99999 99999 99999 99999 99999 99999 99999 99999 99999 99999
TBILIS 2000 09 05 1 99999 99999 99999 99999 99999 99999 99999 99999 99999 99999 99999 99999
TBILIS 2000 09 05 2 99999 99999 99999 99999 99999 99999 99999 99999 99999 99999 99999 99999
TBILIS 2000 09 06 1 99999 99999 99999 99999 99999 99999 99999 99999 99999 99999 99999 99999
TBILIS 2000 09 06 2 99999 99999 99999 99999 99999 99999 99999 99999 99999 99999 99999 99999
TBILIS 2000 09 07 1 99999 99999 99999 99999 99999 99999 99999 99999 99999 99999 99999 99999
TBILIS 2000 09 07 2 99999 99999 99999 99999 99999 99999 99999 99999 99999 99999 99999 99999
TBILIS 2000 09 08 1 99999 99999 99999 99999 99999 99999 99999 99999 99999 99999 99999 99999
TBILIS 2000 09 08 2 99999 99999 99999 99999 99999 99999 99999 99999 99999 99999 99999 99999
TBILIS 2000 09 09 1 99999 99999 99999 99999 99999 99999 99999 99999 99999 99999 99999 99999
TBILIS 2000 09 09 2 99999 99999 99999 99999 99999 99999 99999 99999 99999 99999 99999 99999
TBILIS 2000 09 10 1 99999 99999 99999 99999 99999 99999 99999 99999 99999 99999 99999 99999
TBILIS 2000 09 10 2 99999 99999 99999 99999 99999 99999 99999 99999 99999 99999 99999 99999
TBILIS 2000 09 11 1 99999 99999 99999 99999 99999 99999 99999 99999 99999 99999 99999 99999
TBILIS 2000 09 11 2 99999 99999 99999 99999 99999 99999 99999 99999 99999 99999 99999 99999
TBILIS 2000 09 12 1 99999 99999 99999 99999 99999 99999 99999 99999 99999 99999 99999 99999
TBILIS 2000 09 12 2 99999 99999 99999 99999 99999 99999 99999 99999 99999 99999 99999 99999
TBILIS 2000 09 13 1 99999 99999 99999 99999 99999 99999 99999 99999 99999 99999 99999 99999
TBILIS 2000 09 13 2 99999 99999 99999 99999 99999 99999 99999 99999 99999 99999 99999 99999
TBILIS 2000 09 14 1 99999 99999 99999 99999 99999 99999 99999 99999 99999 99999 99999 99999
TBILIS 2000 09 14 2 99999 99999 99999 99999 99999 99999 99999 99999 99999 99999 99999 99999
TBILIS 2000 09 15 1 99999 99999 99999 99999 99999 99999 99999 99999 99999 99999 99999 99999
TBILIS 2000 09 15 2 99999 99999 99999 99999 99999 99999 99999 99999 99999 99999 99999 99999
TBILIS 2000 09 16 1 99999 99999 99999 99999 99999 99999 99999 99999 99999 99999 99999 99999
TBILIS 2000 09 16 2 99999 99999 99999 99999 99999 99999 99999 99999 99999 99999 99999 99999
TBILIS 2000 09 17 1 99999 99999 99999 99999 99999 99999 99999 99999 99999 99999 99999 99999
TBILIS 2000 09 17 2 99999 99999 99999 99999 99999 99999 99999 99999 99999 99999 99999 99999
TBILIS 2000 09 18 1 99999 99999 99999 99999 99999 99999 99999 99999 99999 99999 99999 99999
TBILIS 2000 09 18 2 99999 99999 99999 99999 99999 99999 99999 99999 99999 99999 99999 99999
TBILIS 2000 09 19 1 99999 99999 99999 99999 99999 99999 99999 99999 99999 99999 99999 99999
TBILIS 2000 09 19 2 99999 99999 99999 99999 99999 99999 99999 99999 99999 99999 99999 99999
TBILIS 2000 09 20 1 99999 99999 99999 99999 99999 99999 99999 99999 99999 99999 99999 99999
TBILIS 2000 09 20 2 99999 99999 99999 99999 99999 99999 99999 99999 99999 99999 99999 99999
TBILIS 2000 09 21 1 99999 99999 99999 99999 99999 99999 99999 99999 99999 99999 99999 99999
TBILIS 2000 09 21 2 99999 99999 99999 99999 99999 99999 99999 99999 99999 99999 99999 99999
TBILIS 2000 09 22 1 99999 99999 99999 99999 99999 99999 99999 99999 99999 99999 99999 99999
TBILIS 2000 09 22 2 99999 99999 99999 99999 99999 99999 99999 99999 99999 99999 99999 99999
TBILIS 2000 09 23 1 99999 99999 99999 99999 99999 99999 99999 99999 99999 99999 99999 99999
TBILIS 2000 09 23 2 99999 99999 99999 99999 99999 99999 99999 99999 99999 99999 99999 99999
TBILIS 2000 09 24 1 99999 99999 99999 99999 99999 99999 99999 99999 99999 99999 99999 99999
TBILIS 2000 09 24 2 99999 99999 99999 99999 99999 99999 99999 99999 99999 99999 99999 99999
TBILIS 2000 09 25 1 99999 99999 99999 99999 99999 99999 99999 99999 99999 99999 99999 99999
TBILIS 2000 09 25 2 99999 99999 99999 99999 99999 99999 99999 99999 99999 99999 99999 99999
TBILIS 2000 09 26 1 99999 99999 99999 99999 99999 99999 99999 99999 99999 99999 99999 99999
TBILIS 2000 09 26 2 99999 99999 99999 99999 99999 99999 99999 99999 99999 99999 99999 99999
TBILIS 2000 09 27 1 99999 99999 99999 99999 99999 99999 99999 99999 99999 99999 99999 99999
TBILIS 2000 09 27 2 99999 99999 99999 99999 99999 99999 99999 99999 99999 99999 99999 99999
TBILIS 2000 09 28 1 99999 99999 99999 99999 99999 99999 99999 99999 99999 99999 99999 99999
TBILIS 2000 09 28 2 99999 99999 99999 99999 99999 99999 99999 99999 99999 99999 99999 99999
TBILIS 2000 09 29 1 99999 99999 99999 99999 99999 99999 99999 99999 99999 99999 99999 99999
TBILIS 2000 09 29 2 99999 99999 99999 99999 99999 99999 99999 99999 99999 99999 99999 99999
TBILIS 2000 09 30 1 99999 99999 99999 99999 99999 99999 99999 99999 99999 99999 99999 99999
TBILIS 2000 09 30 2 99999 99999 99999 99999 99999 99999 99999 99999 99999 99999 99999 99999
TBILIS 2000 09 31 1 99999 99999 99999 99999 99999 99999 99999 99999 99999 99999 99999 99999
TBILIS 2000 09 31 2 99999 99999 99999 99999 99999 99999 99999 99999 99999 99999 99999 99999
Cosmic-Ray Neutron Monitor Data (Hourly, Pressure-Corrected and Scale-Adjusted Counts)
Collections: WDC for Cosmic Rays, Solar-Terrestrial Environment Laboratory, Nagoya Univ.
Data Access: http://center.stelab.nagoya-u.ac.jp/WDCCR/index.html
Project: ICSU WDC
Citation: WDC for Cosmic Rays, Solar-Terrestrial Environment Laboratory, Nagoya University
Station ID: TBILIS
Station:  TBILISI,GIORGIA,INSTITUT GEOPHYSIKY (IG), GIORGIAN ACADEMY OF SCIENCES,GIORGIA 
Instrument: 18-NM-64 Corrected to 965 mb Standard Pressure, Coef =-0.69 %/mb                
Latitude (deg.):   41.43  Longitude (deg.):   44.48  Altitude (m):  510.00
Cut-Off Rigidity (GV):    6.73
Year: 2000  Month:  10
Scaling Factor (SF):    64.0   Constant (CONST):     0.0  Real Counts = (DATA + CONST)*SF
Temporal Resolution: 1 hour
UTC Start Hour:     0.0
DATA FILE IS PREPARED BY IZMIRAN (ftp://cr0.izmiran.rssi.ru/Cosray!/FTP_NM/C/)  
                                                        
Monthly Average:  9999.9
Updated (YYYY MM DD): 2013 12 12
*******************************************************************************************
ID     YYYY MM DD 1     0     1     2     3     4     5     6     7     8     9    10    11
ID     YYYY MM DD 2    12    13    14    15    16    17    18    19    20    21    22    23
*******************************************************************************************
TBILIS 2000 10 01 1 99999 99999 99999 99999 99999 99999 99999 99999 99999 99999 99999 99999
TBILIS 2000 10 01 2 99999 99999 99999 99999 99999 99999 99999 99999 99999 99999 99999 99999
TBILIS 2000 10 02 1 99999 99999 99999 99999 99999 99999 99999 99999 99999 99999 99999 99999
TBILIS 2000 10 02 2 99999 99999 99999 99999 99999 99999 99999 99999 99999 99999 99999 99999
TBILIS 2000 10 03 1 99999 99999 99999 99999 99999 99999 99999 99999 99999 99999 99999 99999
TBILIS 2000 10 03 2 99999 99999 99999 99999 99999 99999 99999 99999 99999 99999 99999 99999
TBILIS 2000 10 04 1 99999 99999 99999 99999 99999 99999 99999 99999 99999 99999 99999 99999
TBILIS 2000 10 04 2 99999 99999 99999 99999 99999 99999 99999 99999 99999 99999 99999 99999
TBILIS 2000 10 05 1 99999 99999 99999 99999 99999 99999 99999 99999 99999 99999 99999 99999
TBILIS 2000 10 05 2 99999 99999 99999 99999 99999 99999 99999 99999 99999 99999 99999 99999
TBILIS 2000 10 06 1 99999 99999 99999 99999 99999 99999 99999 99999 99999 99999 99999 99999
TBILIS 2000 10 06 2 99999 99999 99999 99999 99999 99999 99999 99999 99999 99999 99999 99999
TBILIS 2000 10 07 1 99999 99999 99999 99999 99999 99999 99999 99999 99999 99999 99999 99999
TBILIS 2000 10 07 2 99999 99999 99999 99999 99999 99999 99999 99999 99999 99999 99999 99999
TBILIS 2000 10 08 1 99999 99999 99999 99999 99999 99999 99999 99999 99999 99999 99999 99999
TBILIS 2000 10 08 2 99999 99999 99999 99999 99999 99999 99999 99999 99999 99999 99999 99999
TBILIS 2000 10 09 1 99999 99999 99999 99999 99999 99999 99999 99999 99999 99999 99999 99999
TBILIS 2000 10 09 2 99999 99999 99999 99999 99999 99999 99999 99999 99999 99999 99999 99999
TBILIS 2000 10 10 1 99999 99999 99999 99999 99999 99999 99999 99999 99999 99999 99999 99999
TBILIS 2000 10 10 2 99999 99999 99999 99999 99999 99999 99999 99999 99999 99999 99999 99999
TBILIS 2000 10 11 1 99999 99999 99999 99999 99999 99999 99999 99999 99999 99999 99999 99999
TBILIS 2000 10 11 2 99999 99999 99999 99999 99999 99999 99999 99999 99999 99999 99999 99999
TBILIS 2000 10 12 1 99999 99999 99999 99999 99999 99999 99999 99999 99999 99999 99999 99999
TBILIS 2000 10 12 2 99999 99999 99999 99999 99999 99999 99999 99999 99999 99999 99999 99999
TBILIS 2000 10 13 1 99999 99999 99999 99999 99999 99999 99999 99999 99999 99999 99999 99999
TBILIS 2000 10 13 2 99999 99999 99999 99999 99999 99999 99999 99999 99999 99999 99999 99999
TBILIS 2000 10 14 1 99999 99999 99999 99999 99999 99999 99999 99999 99999 99999 99999 99999
TBILIS 2000 10 14 2 99999 99999 99999 99999 99999 99999 99999 99999 99999 99999 99999 99999
TBILIS 2000 10 15 1 99999 99999 99999 99999 99999 99999 99999 99999 99999 99999 99999 99999
TBILIS 2000 10 15 2 99999 99999 99999 99999 99999 99999 99999 99999 99999 99999 99999 99999
TBILIS 2000 10 16 1 99999 99999 99999 99999 99999 99999 99999 99999 99999 99999 99999 99999
TBILIS 2000 10 16 2 99999 99999 99999 99999 99999 99999 99999 99999 99999 99999 99999 99999
TBILIS 2000 10 17 1 99999 99999 99999 99999 99999 99999 99999 99999 99999 99999 99999 99999
TBILIS 2000 10 17 2 99999 99999 99999 99999 99999 99999 99999 99999 99999 99999 99999 99999
TBILIS 2000 10 18 1 99999 99999 99999 99999 99999 99999 99999 99999 99999 99999 99999 99999
TBILIS 2000 10 18 2 99999 99999 99999 99999 99999 99999 99999 99999 99999 99999 99999 99999
TBILIS 2000 10 19 1 99999 99999 99999 99999 99999 99999 99999 99999 99999 99999 99999 99999
TBILIS 2000 10 19 2 99999 99999 99999 99999 99999 99999 99999 99999 99999 99999 99999 99999
TBILIS 2000 10 20 1 99999 99999 99999 99999 99999 99999 99999 99999 99999 99999 99999 99999
TBILIS 2000 10 20 2 99999 99999 99999 99999 99999 99999 99999 99999 99999 99999 99999 99999
TBILIS 2000 10 21 1 99999 99999 99999 99999 99999 99999 99999 99999 99999 99999 99999 99999
TBILIS 2000 10 21 2 99999 99999 99999 99999 99999 99999 99999 99999 99999 99999 99999 99999
TBILIS 2000 10 22 1 99999 99999 99999 99999 99999 99999 99999 99999 99999 99999 99999 99999
TBILIS 2000 10 22 2 99999 99999 99999 99999 99999 99999 99999 99999 99999 99999 99999 99999
TBILIS 2000 10 23 1 99999 99999 99999 99999 99999 99999 99999 99999 99999 99999 99999 99999
TBILIS 2000 10 23 2 99999 99999 99999 99999 99999 99999 99999 99999 99999 99999 99999 99999
TBILIS 2000 10 24 1 99999 99999 99999 99999 99999 99999 99999 99999 99999 99999 99999 99999
TBILIS 2000 10 24 2 99999 99999 99999 99999 99999 99999 99999 99999 99999 99999 99999 99999
TBILIS 2000 10 25 1 99999 99999 99999 99999 99999 99999 99999 99999 99999 99999 99999 99999
TBILIS 2000 10 25 2 99999 99999 99999 99999 99999 99999 99999 99999 99999 99999 99999 99999
TBILIS 2000 10 26 1 99999 99999 99999 99999 99999 99999 99999 99999 99999 99999 99999 99999
TBILIS 2000 10 26 2 99999 99999 99999 99999 99999 99999 99999 99999 99999 99999 99999 99999
TBILIS 2000 10 27 1 99999 99999 99999 99999 99999 99999 99999 99999 99999 99999 99999 99999
TBILIS 2000 10 27 2 99999 99999 99999 99999 99999 99999 99999 99999 99999 99999 99999 99999
TBILIS 2000 10 28 1 99999 99999 99999 99999 99999 99999 99999 99999 99999 99999 99999 99999
TBILIS 2000 10 28 2 99999 99999 99999 99999 99999 99999 99999 99999 99999 99999 99999 99999
TBILIS 2000 10 29 1 99999 99999 99999 99999 99999 99999 99999 99999 99999 99999 99999 99999
TBILIS 2000 10 29 2 99999 99999 99999 99999 99999 99999 99999 99999 99999 99999 99999 99999
TBILIS 2000 10 30 1 99999 99999 99999 99999 99999 99999 99999 99999 99999 99999 99999 99999
TBILIS 2000 10 30 2 99999 99999 99999 99999 99999 99999 99999 99999 99999 99999 99999 99999
TBILIS 2000 10 31 1 99999 99999 99999 99999 99999 99999 99999 99999 99999 99999 99999 99999
TBILIS 2000 10 31 2 99999 99999 99999 99999 99999 99999 99999 99999 99999 99999 99999 99999
Cosmic-Ray Neutron Monitor Data (Hourly, Pressure-Corrected and Scale-Adjusted Counts)
Collections: WDC for Cosmic Rays, Solar-Terrestrial Environment Laboratory, Nagoya Univ.
Data Access: http://center.stelab.nagoya-u.ac.jp/WDCCR/index.html
Project: ICSU WDC
Citation: WDC for Cosmic Rays, Solar-Terrestrial Environment Laboratory, Nagoya University
Station ID: TBILIS
Station:  TBILISI,GIORGIA,INSTITUT GEOPHYSIKY (IG), GIORGIAN ACADEMY OF SCIENCES,GIORGIA 
Instrument: 18-NM-64 Corrected to 965 mb Standard Pressure, Coef =-0.69 %/mb                
Latitude (deg.):   41.43  Longitude (deg.):   44.48  Altitude (m):  510.00
Cut-Off Rigidity (GV):    6.73
Year: 2000  Month:  11
Scaling Factor (SF):    64.0   Constant (CONST):     0.0  Real Counts = (DATA + CONST)*SF
Temporal Resolution: 1 hour
UTC Start Hour:     0.0
DATA FILE IS PREPARED BY IZMIRAN (ftp://cr0.izmiran.rssi.ru/Cosray!/FTP_NM/C/)  
                                                        
Monthly Average:  9999.9
Updated (YYYY MM DD): 2013 12 12
*******************************************************************************************
ID     YYYY MM DD 1     0     1     2     3     4     5     6     7     8     9    10    11
ID     YYYY MM DD 2    12    13    14    15    16    17    18    19    20    21    22    23
*******************************************************************************************
TBILIS 2000 11 01 1 99999 99999 99999 99999 99999 99999 99999 99999 99999 99999 99999 99999
TBILIS 2000 11 01 2 99999 99999 99999 99999 99999 99999 99999 99999 99999 99999 99999 99999
TBILIS 2000 11 02 1 99999 99999 99999 99999 99999 99999 99999 99999 99999 99999 99999 99999
TBILIS 2000 11 02 2 99999 99999 99999 99999 99999 99999 99999 99999 99999 99999 99999 99999
TBILIS 2000 11 03 1 99999 99999 99999 99999 99999 99999 99999 99999 99999 99999 99999 99999
TBILIS 2000 11 03 2 99999 99999 99999 99999 99999 99999 99999 99999 99999 99999 99999 99999
TBILIS 2000 11 04 1 99999 99999 99999 99999 99999 99999 99999 99999 99999 99999 99999 99999
TBILIS 2000 11 04 2 99999 99999 99999 99999 99999 99999 99999 99999 99999 99999 99999 99999
TBILIS 2000 11 05 1 99999 99999 99999 99999 99999 99999 99999 99999 99999 99999 99999 99999
TBILIS 2000 11 05 2 99999 99999 99999 99999 99999 99999 99999 99999 99999 99999 99999 99999
TBILIS 2000 11 06 1 99999 99999 99999 99999 99999 99999 99999 99999 99999 99999 99999 99999
TBILIS 2000 11 06 2 99999 99999 99999 99999 99999 99999 99999 99999 99999 99999 99999 99999
TBILIS 2000 11 07 1 99999 99999 99999 99999 99999 99999 99999 99999 99999 99999 99999 99999
TBILIS 2000 11 07 2 99999 99999 99999 99999 99999 99999 99999 99999 99999 99999 99999 99999
TBILIS 2000 11 08 1 99999 99999 99999 99999 99999 99999 99999 99999 99999 99999 99999 99999
TBILIS 2000 11 08 2 99999 99999 99999 99999 99999 99999 99999 99999 99999 99999 99999 99999
TBILIS 2000 11 09 1 99999 99999 99999 99999 99999 99999 99999 99999 99999 99999 99999 99999
TBILIS 2000 11 09 2 99999 99999 99999 99999 99999 99999 99999 99999 99999 99999 99999 99999
TBILIS 2000 11 10 1 99999 99999 99999 99999 99999 99999 99999 99999 99999 99999 99999 99999
TBILIS 2000 11 10 2 99999 99999 99999 99999 99999 99999 99999 99999 99999 99999 99999 99999
TBILIS 2000 11 11 1 99999 99999 99999 99999 99999 99999 99999 99999 99999 99999 99999 99999
TBILIS 2000 11 11 2 99999 99999 99999 99999 99999 99999 99999 99999 99999 99999 99999 99999
TBILIS 2000 11 12 1 99999 99999 99999 99999 99999 99999 99999 99999 99999 99999 99999 99999
TBILIS 2000 11 12 2 99999 99999 99999 99999 99999 99999 99999 99999 99999 99999 99999 99999
TBILIS 2000 11 13 1 99999 99999 99999 99999 99999 99999 99999 99999 99999 99999 99999 99999
TBILIS 2000 11 13 2 99999 99999 99999 99999 99999 99999 99999 99999 99999 99999 99999 99999
TBILIS 2000 11 14 1 99999 99999 99999 99999 99999 99999 99999 99999 99999 99999 99999 99999
TBILIS 2000 11 14 2 99999 99999 99999 99999 99999 99999 99999 99999 99999 99999 99999 99999
TBILIS 2000 11 15 1 99999 99999 99999 99999 99999 99999 99999 99999 99999 99999 99999 99999
TBILIS 2000 11 15 2 99999 99999 99999 99999 99999 99999 99999 99999 99999 99999 99999 99999
TBILIS 2000 11 16 1 99999 99999 99999 99999 99999 99999 99999 99999 99999 99999 99999 99999
TBILIS 2000 11 16 2 99999 99999 99999 99999 99999 99999 99999 99999 99999 99999 99999 99999
TBILIS 2000 11 17 1 99999 99999 99999 99999 99999 99999 99999 99999 99999 99999 99999 99999
TBILIS 2000 11 17 2 99999 99999 99999 99999 99999 99999 99999 99999 99999 99999 99999 99999
TBILIS 2000 11 18 1 99999 99999 99999 99999 99999 99999 99999 99999 99999 99999 99999 99999
TBILIS 2000 11 18 2 99999 99999 99999 99999 99999 99999 99999 99999 99999 99999 99999 99999
TBILIS 2000 11 19 1 99999 99999 99999 99999 99999 99999 99999 99999 99999 99999 99999 99999
TBILIS 2000 11 19 2 99999 99999 99999 99999 99999 99999 99999 99999 99999 99999 99999 99999
TBILIS 2000 11 20 1 99999 99999 99999 99999 99999 99999 99999 99999 99999 99999 99999 99999
TBILIS 2000 11 20 2 99999 99999 99999 99999 99999 99999 99999 99999 99999 99999 99999 99999
TBILIS 2000 11 21 1 99999 99999 99999 99999 99999 99999 99999 99999 99999 99999 99999 99999
TBILIS 2000 11 21 2 99999 99999 99999 99999 99999 99999 99999 99999 99999 99999 99999 99999
TBILIS 2000 11 22 1 99999 99999 99999 99999 99999 99999 99999 99999 99999 99999 99999 99999
TBILIS 2000 11 22 2 99999 99999 99999 99999 99999 99999 99999 99999 99999 99999 99999 99999
TBILIS 2000 11 23 1 99999 99999 99999 99999 99999 99999 99999 99999 99999 99999 99999 99999
TBILIS 2000 11 23 2 99999 99999 99999 99999 99999 99999 99999 99999 99999 99999 99999 99999
TBILIS 2000 11 24 1 99999 99999 99999 99999 99999 99999 99999 99999 99999 99999 99999 99999
TBILIS 2000 11 24 2 99999 99999 99999 99999 99999 99999 99999 99999 99999 99999 99999 99999
TBILIS 2000 11 25 1 99999 99999 99999 99999 99999 99999 99999 99999 99999 99999 99999 99999
TBILIS 2000 11 25 2 99999 99999 99999 99999 99999 99999 99999 99999 99999 99999 99999 99999
TBILIS 2000 11 26 1 99999 99999 99999 99999 99999 99999 99999 99999 99999 99999 99999 99999
TBILIS 2000 11 26 2 99999 99999 99999 99999 99999 99999 99999 99999 99999 99999 99999 99999
TBILIS 2000 11 27 1 99999 99999 99999 99999 99999 99999 99999 99999 99999 99999 99999 99999
TBILIS 2000 11 27 2 99999 99999 99999 99999 99999 99999 99999 99999 99999 99999 99999 99999
TBILIS 2000 11 28 1 99999 99999 99999 99999 99999 99999 99999 99999 99999 99999 99999 99999
TBILIS 2000 11 28 2 99999 99999 99999 99999 99999 99999 99999 99999 99999 99999 99999 99999
TBILIS 2000 11 29 1 99999 99999 99999 99999 99999 99999 99999 99999 99999 99999 99999 99999
TBILIS 2000 11 29 2 99999 99999 99999 99999 99999 99999 99999 99999 99999 99999 99999 99999
TBILIS 2000 11 30 1 99999 99999 99999 99999 99999 99999 99999 99999 99999 99999 99999 99999
TBILIS 2000 11 30 2 99999 99999 99999 99999 99999 99999 99999 99999 99999 99999 99999 99999
TBILIS 2000 11 31 1 99999 99999 99999 99999 99999 99999 99999 99999 99999 99999 99999 99999
TBILIS 2000 11 31 2 99999 99999 99999 99999 99999 99999 99999 99999 99999 99999 99999 99999
Cosmic-Ray Neutron Monitor Data (Hourly, Pressure-Corrected and Scale-Adjusted Counts)
Collections: WDC for Cosmic Rays, Solar-Terrestrial Environment Laboratory, Nagoya Univ.
Data Access: http://center.stelab.nagoya-u.ac.jp/WDCCR/index.html
Project: ICSU WDC
Citation: WDC for Cosmic Rays, Solar-Terrestrial Environment Laboratory, Nagoya University
Station ID: TBILIS
Station:  TBILISI,GIORGIA,INSTITUT GEOPHYSIKY (IG), GIORGIAN ACADEMY OF SCIENCES,GIORGIA 
Instrument: 18-NM-64 Corrected to 965 mb Standard Pressure, Coef =-0.69 %/mb                
Latitude (deg.):   41.43  Longitude (deg.):   44.48  Altitude (m):  510.00
Cut-Off Rigidity (GV):    6.73
Year: 2000  Month:  12
Scaling Factor (SF):    64.0   Constant (CONST):     0.0  Real Counts = (DATA + CONST)*SF
Temporal Resolution: 1 hour
UTC Start Hour:     0.0
DATA FILE IS PREPARED BY IZMIRAN (ftp://cr0.izmiran.rssi.ru/Cosray!/FTP_NM/C/)  
 Updated by IZMIRAN on 20050325                         
Monthly Average:  8801.5
Updated (YYYY MM DD): 2013 12 12
*******************************************************************************************
ID     YYYY MM DD 1     0     1     2     3     4     5     6     7     8     9    10    11
ID     YYYY MM DD 2    12    13    14    15    16    17    18    19    20    21    22    23
*******************************************************************************************
TBILIS 2000 12 01 1  8373  8384  8376  8359  8349  8343  8385  8395  8433  8430  8410  8452
TBILIS 2000 12 01 2  8435  8467  8395  8427  8449  8426  8413  8418  8418  8435  8377  8377
TBILIS 2000 12 02 1  8340  8392  8337  8352  8383  8385  8405  8425  8462  8428  8382  8481
TBILIS 2000 12 02 2  8483  8462  8467  8510  8515  8475  8491  8471  8494  8487  8508  8501
TBILIS 2000 12 03 1  8505  8495  8481  8434  8451  8481  8504  8511  8526  8543  8532  8516
TBILIS 2000 12 03 2  8502  8480  8484  8478  8459  8459  8444  8444  8413  8443  8452  8458
TBILIS 2000 12 04 1  8474  8483  8486  8453  8500  8511  8489  8551  8573 99999 99999  8508
TBILIS 2000 12 04 2  8482  8520  8466  8471  8487  8490  8483  8487  8550  8570  8550  8559
TBILIS 2000 12 05 1  8589  8561  8590  8588  8554  8555  8579  8615  8600  8615  8639  8645
TBILIS 2000 12 05 2  8663  8569  8557  8645  8624  8596  8590  8578  8575  8549  8581  8528
TBILIS 2000 12 06 1  8538  8536  8537  8530  8528  8582  8574  8589  8606  8595  8653  8627
TBILIS 2000 12 06 2  8652  8694  8710  8660  8667  8690  8670  8648  8667  8655  8603  8597
TBILIS 2000 12 07 1  8620  8642  8671  8610  8626  8627  8635  8633  8646  8657  8670  8676
TBILIS 2000 12 07 2  8672  8667  8686  8733  8741  8755  8743  8736  8692  8736  8739  8702
TBILIS 2000 12 08 1  8729  8684  8747  8704  8715  8703  8690  8719  8761  8743  8762  8780
TBILIS 2000 12 08 2  8748  8736  8793  8783  8746  8719  8717  8739  8734  8737  8734  8729
TBILIS 2000 12 09 1  8736  8759  8745  8731  8723  8698  8685  8629  8721  8809  8798  8793
TBILIS 2000 12 09 2  8768  8828  8683  8757  8762  8752  8765  8775  8784  8780  8744  8786
TBILIS 2000 12 10 1  8768  8771  8784  8773  8786  8810  8770  8756  8709  8759  8689  8616
TBILIS 2000 12 10 2  8697  8794  8761  8815  8853  8870  8816  8819  8806  8821  8819  8810
TBILIS 2000 12 11 1  8844  8859  8833  8847  8791  8767  8740  8823  8813  8849  8878  8806
TBILIS 2000 12 11 2  8899  8889  8892  8884  8885  8912  8914  8939  8878  8893  8901  8873
TBILIS 2000 12 12 1  8888  8873  8848  8883  8840  8823  8776  8788  8779  8830  8811  8862
TBILIS 2000 12 12 2  8850  8864  8877  8864  8882  8854  8876  8857  8814  8801  8818  8836
TBILIS 2000 12 13 1  8812  8828  8834  8826  8796  8831  8777  8822  8834  8805  8815  8818
TBILIS 2000 12 13 2  8852  8870  8865  8907  8851  8856  8861  8905  8869  8815  8710  8739
TBILIS 2000 12 14 1  8817  8855  8814  8840  8891  8837  8837  8814  8828  8849  8834  8861
TBILIS 2000 12 14 2  8865  8872  8877  8904  8901  8855  8856  8879  8835  8842  8867  8856
TBILIS 2000 12 15 1  8835  8888  8884  8902  8874  8860  8886  8860  8806  8884  8876  8920
TBILIS 2000 12 15 2  8870  8902  8885  8877  8882  8895  8883  8932  8912  8867  8879  8831
TBILIS 2000 12 16 1  8873  8877  8886  8866  8832  8820  8853  8857  8852  8826  8759 99999
TBILIS 2000 12 16 2 99999 99999 99999  8903  8881  8905  8894  8893  8831  8864  8830  8817
TBILIS 2000 12 17 1  8853  8896  8877  8893  8883  8881  8874  8896  8897  8899  8837  8934
TBILIS 2000 12 17 2  9011  9017  8995  9000  8979  8956  8933  8928  8947  8936  8890  8874
TBILIS 2000 12 18 1  8870  8876  8884  8895  8852  8831  8867  8851  8854  8873  8771  8876
TBILIS 2000 12 18 2  8918  8867  8888  8916  8893  8850  8890  8912  8971  8898  8896  8836
TBILIS 2000 12 19 1  8841  8864  8855  8837  8818  8842  8856  8842  8857  8878  8879  8879
TBILIS 2000 12 19 2  8884  8919  8867  8814  8869  8830  8832  8850  8817  8797  8793  8805
TBILIS 2000 12 20 1  8832  8832  8832  8824  8809  8781  8800  8829  8836  8784  8791  8791
TBILIS 2000 12 20 2  8850  8847  8867  8846  8814  8809  8841  8840  8814  8825  8812  8829
TBILIS 2000 12 21 1  8812  8756  8797  8794  8808  8820  8813  8857  8841  8856  8801  8861
TBILIS 2000 12 21 2  8875  8875  8887  8860  8785  8723  8682  8720  8746  8774  8808  8786
TBILIS 2000 12 22 1  8767  8755  8806  8789  8785  8806  8765  8830  8834  8868  8900  8874
TBILIS 2000 12 22 2  8935  8948  8932  8893  8890  8875  8872  8909  8950  8955  8942  8894
TBILIS 2000 12 23 1  8905  8888  8876  8912  8890  8876  8885  8916  8922  8960  9016  8990
TBILIS 2000 12 23 2  9012  8986  9017  9068  9008  9020  9027  9003  9051  9020  8995  9076
TBILIS 2000 12 24 1  9030  9053  9051  9059  8990  8960  8942  8877  8916  8947  8965  8971
TBILIS 2000 12 24 2  8984  8968  8960  8978  9002  8990  8879  8871  9007  9009  8978  8952
TBILIS 2000 12 25 1  8948  8953  8916  8919  8889  8854  8854  8881  8907  8893  8926  8923
TBILIS 2000 12 25 2  8892  8875  8871  8911  8915  8881  8903  8863  8869  8856  8842  8826
TBILIS 2000 12 26 1  8863  8869  8877  8844  8885  8945  8947  8909  8905  8988  8990  8972
TBILIS 2000 12 26 2  8940  8937  8922  8891  8878  8901  8962  8921  8939  8901  8898  8915
TBILIS 2000 12 27 1  8922  8917  8897  8847  8855  8885  8796  8740  8777  8748  8893  8892
TBILIS 2000 12 27 2  8909  8914  8893  8916  8955  8943  8965  8957  8938  8923  8916  8929
TBILIS 2000 12 28 1  8875  8925  8897  8891  8940  8952  8987  9050  9019  9001  9021  8987
TBILIS 2000 12 28 2  8990  8931  8950  8998  8976  8998  8979  8999  9026  9053  9067  9058
TBILIS 2000 12 29 1  9012  9074  9066  9072  9036  9019  9017  9020  9018  9020  9035  9036
TBILIS 2000 12 29 2  9048  9005  9010  8950  8996  9000  9035  9054  9024  9019  9016  8981
TBILIS 2000 12 30 1  8981  8956  8997  8970  8963  8936  8933  8939  8937  8922  8953  8952
TBILIS 2000 12 30 2  8974  8964  8988  8952  8942  8969  8930  8894  8931  8934  8896  8911
TBILIS 2000 12 31 1  8937  8948  8947  8932  8934  8967  8984  9041  9030  9069  9076  9071
TBILIS 2000 12 31 2  9063  9060  9055  9023  9007  8987  9014  8954  8976  8969  8972  8988
