Cosmic-Ray Neutron Monitor Data (Hourly, Pressure-Corrected and Scale-Adjusted Counts)
Collections: WDC for Cosmic Rays, Solar-Terrestrial Environment Laboratory, Nagoya Univ.
Data Access: http://center.stelab.nagoya-u.ac.jp/WDCCR/index.html
Project: ICSU WDC
Citation: WDC for Cosmic Rays, Solar-Terrestrial Environment Laboratory, Nagoya University
Station ID: TBILIS
Station:  TBILISI,GIORGIA,INSTITUT GEOPHYSIKY (IG), GIORGIAN ACADEMY OF SCIENCES,GIORGIA 
Instrument:  18 NM-64 NEUTRON MONITOR, CORRECTED FOR PRESSURE TO 965 MB   ,COEF.=-0.690 %/MB
Latitude (deg.):   41.72  Longitude (deg.):   44.80  Altitude (m):  510.00
Cut-Off Rigidity (GV):    6.73
Year: 2001  Month:   1
Scaling Factor (SF):    64.0   Constant (CONST):     0.0  Real Counts = (DATA + CONST)*SF
Temporal Resolution: 1 hour
UTC Start Hour:     0.0
                         FILE IS PREPARED IN IZMIRAN                            
                                                        
Monthly Average:  9063.0
Updated (YYYY MM DD): 2003 10 20
*******************************************************************************************
ID     YYYY MM DD 1     0     1     2     3     4     5     6     7     8     9    10    11
ID     YYYY MM DD 2    12    13    14    15    16    17    18    19    20    21    22    23
*******************************************************************************************
TBILIS 2001 01 01 1  9018  9019  9023  8951  8954  9003  9000  9032  9065  9066  9109  9072
TBILIS 2001 01 01 2  9083  9040  9084  9046  9052  8979  8960  8978  8942  8917  8918  8925
TBILIS 2001 01 02 1  8902  8904  8905  8883  8906  8915  8926  8946  9022  9002  9035  9054
TBILIS 2001 01 02 2  9077  9049  9073  9061  9018  9007  9022  9023  9017  9006  8992  9014
TBILIS 2001 01 03 1  8998  8973  9025  9004  9011  9010  9025  9046  9015  9020  9022  9051
TBILIS 2001 01 03 2  8987  9010  9004  8971  8996  8977  8967  8943  9001  8954  8963  8998
TBILIS 2001 01 04 1  8995  9035  9039  9007  9010  8984  9012  9036  9017  9034  9079  9049
TBILIS 2001 01 04 2  9075  9069  9056  9035  9025  9052  9072  9061  9040  9037  9018  9004
TBILIS 2001 01 05 1  9046  9068  9020  9044  9023  8995  8937  8991  8972  8991  9023  9011
TBILIS 2001 01 05 2  9011  8966  8980  8997  8962  8984  8965  8986  8992  8984  9008  9045
TBILIS 2001 01 06 1  9053  8982  8931  8908  9025  9031  9005  9024  9029  9061  9035  9087
TBILIS 2001 01 06 2  9063  9065  9057  9063  9016  8990  9035  9038  9069  9132  9086  9078
TBILIS 2001 01 07 1  9064  9071  9104  9082  9033  9057  9031  9067  9079  9102  9095  9023
TBILIS 2001 01 07 2  9021  9057  9030  9031  9015  9016  8962  8957  9042  9018  9039  9047
TBILIS 2001 01 08 1  9058  9047  9042  9032  9025  9034  9069  9102  9093  9102  9101  9054
TBILIS 2001 01 08 2  9060  9025  8950  8816  8861  8807  8811  8785  8779  8766  8868  8858
TBILIS 2001 01 09 1  8888  8935  8921  8930  8971  8984  8954  8963  8960  9003  8985  8989
TBILIS 2001 01 09 2  9052  9019  9009  8991  9045  8984  8993  8987  9028  9073  9100  9051
TBILIS 2001 01 10 1  9093  9051  9042  9058  9059  9028  9072  9067  9098  9117  9157  9130
TBILIS 2001 01 10 2  9095  9139  9038  9005  9102  9133  9101  9096  9064  9100  9042  9087
TBILIS 2001 01 11 1  9054  9091  9083  9047  9024  9027  9008  9042  9031  9026  9032  8979
TBILIS 2001 01 11 2  8980  9040  9005  9027  9026  9040  9014  9041  9008  9020  9003  8995
TBILIS 2001 01 12 1  8989  9080  9025  9048  9044  9084  9071  9059  9090  9136  9146  9121
TBILIS 2001 01 12 2  9131  9126  9189  9137  9174  9157  9151  9173  9158  9164  9164  9107
TBILIS 2001 01 13 1  9110  9114  9067  9100  9143  9126  9159  9157  9157  9163  9153  9151
TBILIS 2001 01 13 2  9194  9157  9113  9097  9066  9079  9096  9079  9056  9040  9055  9060
TBILIS 2001 01 14 1  9043  9076  9090  9052  9065  9046  9032  9058  9033  9062  9080  9053
TBILIS 2001 01 14 2  9077  9092  9103  9096  9130  9115  9089  9105  9094  9070  9135  9089
TBILIS 2001 01 15 1  9069  9080  9156  9009  9098  8993  9016  9007  8963  8915  8964  9051
TBILIS 2001 01 15 2  9079  9071  9070  9078  9122  9095  9100  9180  9136  9102  9086  9088
TBILIS 2001 01 16 1  9061  9129  9101  9093  9063  9051  9030  9081  9106  9117  9095  9100
TBILIS 2001 01 16 2  9072  9079  9084  9092  9082  9052  9027  9018  9052  9052  9022  9069
TBILIS 2001 01 17 1  9067  9041  9074  9061  9020  8985  8985  9024  8900  8908  8986  9058
TBILIS 2001 01 17 2  9069  9096  9067  9088  9084  9100  9095  9129  9104  9045  9021  9040
TBILIS 2001 01 18 1  9013  9024  9010  9062  8999  9012  8954  8987  9015  9000  9055  9069
TBILIS 2001 01 18 2  9067  9004  8969  8934  8929  8880  8855  8878  8894  8917  8950  8929
TBILIS 2001 01 19 1  8996  9010  9029  9065  9014  9046  9040  8993  9006  9045  9051  9111
TBILIS 2001 01 19 2  9126  9114  9123  9136  9056  9085  9062  9052  9088  9077  9059  9079
TBILIS 2001 01 20 1  9068  9108  9080  9121  9089  9036  9072  9118  9132  9069  9101  9078
TBILIS 2001 01 20 2  9086  9111  9120  9109  9134  9173  9161  9152  9152  9178  9204  9207
TBILIS 2001 01 21 1  9231  9213  9216  9225  9183  9140  9143  9206  9179  9149  9144  9179
TBILIS 2001 01 21 2  9200  9161  9250  9267  9236  9255  9294  9250  9277  9256  9263  9225
TBILIS 2001 01 22 1  9261  9208  9240  9168  9187  9163  9131  9155  9168  9193  9212  9164
TBILIS 2001 01 22 2  9191  9147  9109  9116  9079  9088  9075  9073  9037  9019  9048  9006
TBILIS 2001 01 23 1  9024  9038  9052  9035  9047  9047  9055  9094  9121  9152  9143  9145
TBILIS 2001 01 23 2  9108  9059  9057  9015  9024  9044  9063  9046  8996  8946  8890  8934
TBILIS 2001 01 24 1  9034  8980  9058  9036  9027  9016 99999 99999 99999 99999 99999 99999
TBILIS 2001 01 24 2 99999 99999 99999 99999 99999 99999 99999 99999 99999 99999 99999 99999
TBILIS 2001 01 25 1 99999 99999 99999 99999 99999 99999 99999 99999 99999 99999 99999 99999
TBILIS 2001 01 25 2 99999 99999 99999 99999 99999 99999 99999 99999 99999 99999 99999 99999
TBILIS 2001 01 26 1 99999 99999 99999 99999 99999 99999 99999 99999 99999 99999 99999 99999
TBILIS 2001 01 26 2 99999 99999 99999 99999 99999 99999 99999 99999 99999 99999 99999 99999
TBILIS 2001 01 27 1 99999 99999 99999 99999 99999 99999 99999 99999 99999 99999 99999 99999
TBILIS 2001 01 27 2 99999 99999 99999 99999 99999 99999 99999 99999 99999 99999 99999 99999
TBILIS 2001 01 28 1 99999 99999 99999 99999 99999 99999 99999 99999 99999 99999 99999 99999
TBILIS 2001 01 28 2 99999 99999 99999 99999 99999 99999 99999 99999 99999 99999 99999 99999
TBILIS 2001 01 29 1 99999 99999 99999 99999 99999 99999 99999 99999 99999 99999 99999 99999
TBILIS 2001 01 29 2 99999 99999 99999 99999 99999 99999 99999 99999 99999 99999 99999 99999
TBILIS 2001 01 30 1 99999 99999 99999 99999 99999 99999 99999 99999 99999 99999 99999 99999
TBILIS 2001 01 30 2 99999 99999 99999 99999 99999 99999 99999 99999 99999 99999  9248  9257
TBILIS 2001 01 31 1  9237  9259  9290  9293  9278  9260  9263  9279  9263  9230  9286  9319
TBILIS 2001 01 31 2  9270  9301  9270  9302  9286  9319  9318  9301  9321  9337  9380  9331
Cosmic-Ray Neutron Monitor Data (Hourly, Pressure-Corrected and Scale-Adjusted Counts)
Collections: WDC for Cosmic Rays, Solar-Terrestrial Environment Laboratory, Nagoya Univ.
Data Access: http://center.stelab.nagoya-u.ac.jp/WDCCR/index.html
Project: ICSU WDC
Citation: WDC for Cosmic Rays, Solar-Terrestrial Environment Laboratory, Nagoya University
Station ID: TBILIS
Station:  TBILISI,GIORGIA,INSTITUT GEOPHYSIKY (IG), GIORGIAN ACADEMY OF SCIENCES,GIORGIA 
Instrument:  18 NM-64 NEUTRON MONITOR, CORRECTED FOR PRESSURE TO 965 MB   ,COEF.=-0.690 %/MB
Latitude (deg.):   41.72  Longitude (deg.):   44.80  Altitude (m):  510.00
Cut-Off Rigidity (GV):    6.73
Year: 2001  Month:   2
Scaling Factor (SF):    64.0   Constant (CONST):     0.0  Real Counts = (DATA + CONST)*SF
Temporal Resolution: 1 hour
UTC Start Hour:     0.0
                         FILE IS PREPARED IN IZMIRAN                            
                                                        
Monthly Average:  9343.9
Updated (YYYY MM DD): 2003 10 20
*******************************************************************************************
ID     YYYY MM DD 1     0     1     2     3     4     5     6     7     8     9    10    11
ID     YYYY MM DD 2    12    13    14    15    16    17    18    19    20    21    22    23
*******************************************************************************************
TBILIS 2001 02 01 1  9292  9282  9292  9312  9323  9264  9160  9135  9177  9207  9193  9159
TBILIS 2001 02 01 2  9142  9217  9202  9204  9232  9262  9262  9255  9203  9250  9253  9234
TBILIS 2001 02 02 1  9249  9227  9262  9244  9204  9221  9257  9253  9259  9232  9254  9249
TBILIS 2001 02 02 2  9200  9251  9250  9254  9252  9235  9245  9229  9247  9229  9287  9273
TBILIS 2001 02 03 1  9259  9284  9253  9259  9273  9266  9260  9274  9244  9294  9289  9297
TBILIS 2001 02 03 2  9315  9283  9330  9322  9279  9302  9322  9270  9316  9286  9270  9312
TBILIS 2001 02 04 1  9291  9287  9334  9336  9303  9296  9312  9287  9257  9291  9283  9302
TBILIS 2001 02 04 2  9271  9259  9297  9303  9279  9305  9320  9271  9225  9249  9194  9191
TBILIS 2001 02 05 1  9158  9219  9195  9203  9252  9205  9216  9216  9245  9271  9241  9255
TBILIS 2001 02 05 2  9226  9179  9173  9150  9215  9248  9218  9296  9277  9241  9230  9194
TBILIS 2001 02 06 1  9154  9163  9172  9127  9204  9200  9255  9293  9270  9212  9409  9425
TBILIS 2001 02 06 2  9406  9385  9402  9351  9374  9351  9355  9298  9310  9307  9296  9286
TBILIS 2001 02 07 1  9303  9277  9264  9296  9281  9239  9307  9300  9353  9367  9374  9383
TBILIS 2001 02 07 2  9363  9365  9410  9237  9326  9404  9297  9288 99999 99999 99999 99999
TBILIS 2001 02 08 1 99999 99999 99999 99999 99999 99999 99999 99999 99999 99999 99999 99999
TBILIS 2001 02 08 2 99999 99999 99999 99999 99999 99999 99999 99999 99999 99999 99999 99999
TBILIS 2001 02 09 1 99999 99999 99999 99999 99999 99999 99999 99999 99999 99999 99999 99999
TBILIS 2001 02 09 2 99999 99999 99999 99999 99999 99999 99999 99999 99999 99999 99999 99999
TBILIS 2001 02 10 1 99999 99999 99999 99999 99999 99999 99999 99999 99999 99999 99999 99999
TBILIS 2001 02 10 2 99999 99999 99999 99999 99999 99999 99999 99999 99999 99999 99999 99999
TBILIS 2001 02 11 1 99999 99999 99999 99999 99999 99999 99999 99999  9414  9432  9428  9398
TBILIS 2001 02 11 2  9370  9395  9389  9392  9420  9423  9396  9414  9413  9388  9347  9370
TBILIS 2001 02 12 1  9367  9335  9355  9368  9376  9352  9353  9328  9361  9364  9386  9390
TBILIS 2001 02 12 2  9349  9349  9369  9357  9331  9348  9342  9313  9315  9345  9324  9302
TBILIS 2001 02 13 1  9243  9270  9259  9271  9260  9255  9228  9239  9237  9287  9299  9374
TBILIS 2001 02 13 2  9325  9380  9318  9391  9363  9372  9385  9373  9383  9364  9314  9359
TBILIS 2001 02 14 1  9367  9353  9318  9297  9250  9212  9283  9255  9250  9291  9301  9310
TBILIS 2001 02 14 2  9277  9328  9324  9324  9320  9284  9359  9347  9301  9330  9308  9341
TBILIS 2001 02 15 1  9329  9328  9328  9294  9289  9287  9316  9345  9360  9339  9412  9385
TBILIS 2001 02 15 2  9382  9381  9355  9351  9327  9379  9354  9362  9398  9388  9329  9378
TBILIS 2001 02 16 1  9371  9371  9383  9366  9348  9360  9381  9357  9386  9379  9395  9416
TBILIS 2001 02 16 2  9413  9463  9421  9435  9464  9454  9382  9418  9383  9366  9408  9374
TBILIS 2001 02 17 1  9337  9328  9307  9329  9307  9338  9351  9385  9431  9484  9475  9523
TBILIS 2001 02 17 2  9516  9484  9505  9440  9495  9488  9447  9449  9470  9453  9414  9436
TBILIS 2001 02 18 1  9393  9394  9395  9364  9431  9402  9379  9438  9375  9410  9426  9429
TBILIS 2001 02 18 2  9432  9457  9432  9478  9452  9476  9474  9442  9462  9458  9476  9493
TBILIS 2001 02 19 1  9452  9451  9478  9508  9487  9431  9405  9371  9386  9425  9417  9398
TBILIS 2001 02 19 2  9465  9439  9416  9404  9407  9381  9411  9410  9402  9379  9363  9396
TBILIS 2001 02 20 1  9360  9362  9363  9340  9344  9353  9370  9380  9360  9347  9347  9361
TBILIS 2001 02 20 2  9343  9388  9374  9391  9394  9380  9408  9417  9411  9404  9384  9361
TBILIS 2001 02 21 1  9382  9402  9383  9331  9286  9354  9297  9356  9328  9306  9367  9360
TBILIS 2001 02 21 2  9359  9353  9344  9328  9295  9305  9292  9269  9267  9271  9269  9264
TBILIS 2001 02 22 1  9212  9250  9248  9266  9246  9262  9281  9300  9339  9237  9198  9249
TBILIS 2001 02 22 2  9353  9332  9291  9346  9298  9306  9293  9277  9308  9276  9303  9288
TBILIS 2001 02 23 1  9330  9337  9326  9344  9337  9310  9320  9383  9402  9473  9488  9490
TBILIS 2001 02 23 2  9468  9416  9392  9372  9442  9430  9430  9391  9422  9442  9445  9440
TBILIS 2001 02 24 1  9472  9474  9402  9416  9332  9353  9340  9361  9399  9386  9362  9337
TBILIS 2001 02 24 2  9297  9364  9337  9316  9329  9319  9297  9307  9311  9348  9359  9322
TBILIS 2001 02 25 1  9350  9339  9337  9347  9327  9305  9340  9359  9385  9364  9347  9381
TBILIS 2001 02 25 2  9332  9364  9398  9367  9382  9365  9360  9331  9329  9378  9397  9389
TBILIS 2001 02 26 1  9377  9394  9367  9317  9358  9346  9354  9352  9367  9361  9390  9385
TBILIS 2001 02 26 2  9393  9398  9405  9458  9419  9441  9438  9415  9448  9450  9409  9414
TBILIS 2001 02 27 1  9422  9422  9424  9418  9418  9409  9416  9453  9506  9485  9455  9446
TBILIS 2001 02 27 2  9451  9483  9459  9436  9422  9414  9468  9398  9405  9420  9405  9415
TBILIS 2001 02 28 1  9448  9422  9402  9381  9386  9364  9400  9389  9383  9399  9436  9446
TBILIS 2001 02 28 2  9470  9519  9467  9469  9333  9376  9482  9447  9450  9421  9445  9445
TBILIS 2001 02 29 1 99999 99999 99999 99999 99999 99999 99999 99999 99999 99999 99999 99999
TBILIS 2001 02 29 2 99999 99999 99999 99999 99999 99999 99999 99999 99999 99999 99999 99999
TBILIS 2001 02 30 1 99999 99999 99999 99999 99999 99999 99999 99999 99999 99999 99999 99999
TBILIS 2001 02 30 2 99999 99999 99999 99999 99999 99999 99999 99999 99999 99999 99999 99999
TBILIS 2001 02 31 1 99999 99999 99999 99999 99999 99999 99999 99999 99999 99999 99999 99999
TBILIS 2001 02 31 2 99999 99999 99999 99999 99999 99999 99999 99999 99999 99999 99999 99999
Cosmic-Ray Neutron Monitor Data (Hourly, Pressure-Corrected and Scale-Adjusted Counts)
Collections: WDC for Cosmic Rays, Solar-Terrestrial Environment Laboratory, Nagoya Univ.
Data Access: http://center.stelab.nagoya-u.ac.jp/WDCCR/index.html
Project: ICSU WDC
Citation: WDC for Cosmic Rays, Solar-Terrestrial Environment Laboratory, Nagoya University
Station ID: TBILIS
Station:  TBILISI,GIORGIA,INSTITUT GEOPHYSIKY (IG), GIORGIAN ACADEMY OF SCIENCES,GIORGIA 
Instrument:  18 NM-64 NEUTRON MONITOR, CORRECTED FOR PRESSURE TO 965 MB   ,COEF.=-0.690 %/MB
Latitude (deg.):   41.72  Longitude (deg.):   44.80  Altitude (m):  510.00
Cut-Off Rigidity (GV):    6.73
Year: 2001  Month:   3
Scaling Factor (SF):    64.0   Constant (CONST):     0.0  Real Counts = (DATA + CONST)*SF
Temporal Resolution: 1 hour
UTC Start Hour:     0.0
                         FILE IS PREPARED IN IZMIRAN                            
                                                        
Monthly Average:  9074.8
Updated (YYYY MM DD): 2003 10 20
*******************************************************************************************
ID     YYYY MM DD 1     0     1     2     3     4     5     6     7     8     9    10    11
ID     YYYY MM DD 2    12    13    14    15    16    17    18    19    20    21    22    23
*******************************************************************************************
TBILIS 2001 03 01 1  9084  9083  9047  9024  9032  8990  9067  9079  9063  9048  9065  9076
TBILIS 2001 03 01 2  9078  9103  9117  9068  9083  9074  9081  9138  9093  9110  9042  9160
TBILIS 2001 03 02 1  9112  9131  9148  9140  9178  9146  9142  9178  9166  9202  9216  9225
TBILIS 2001 03 02 2  9234  9201  9222  9233  9212  9281  9247  9256  9268  9240  9207  9224
TBILIS 2001 03 03 1  9180  9166  9151  9187  9133  9136  9099  9150  9174  9189  9191  9210
TBILIS 2001 03 03 2  9248  9215  9174  9164  9174  9155  9170  9120  9087  8974  8994  8973
TBILIS 2001 03 04 1  8951  8966  8998  8976  8997  8947  8976  9063  9040  9066  9074  9085
TBILIS 2001 03 04 2  9109  9101  9116  9121  9109  9083  9074  9150  9154  9158  9131  9124
TBILIS 2001 03 05 1  9138  9105  9080  8960  8985  8933  8889  8916  8964  9001  9000  9045
TBILIS 2001 03 05 2  9056  9020  9014  8982  8912  8948  8952  8963  8919  8956  8911  8918
TBILIS 2001 03 06 1  8974  8993  8954  8967  8966  8964  8970  9011  9074  9050  9071  9036
TBILIS 2001 03 06 2  8987  9009  8931  8859  8901  8855  8906  8920  8983  8974  9028  9045
TBILIS 2001 03 07 1  9073  9051  9041  9074  9098  9044  9014  9045  9045  9087  9109  9077
TBILIS 2001 03 07 2  9061  9115  9071  9078  9120  9142  9109  9093  9138  9107  9126  9099
TBILIS 2001 03 08 1  9081  9056  9066  9056  9039  9073  9065  9132  9152  9170  9156  9170
TBILIS 2001 03 08 2  9189  9132  9116  9120  9154  9143  9118  9161  9208  9173  9146  9166
TBILIS 2001 03 09 1  9129  9177  9164  9164  9148  9145  9168  9148  9230  9248  9252  9232
TBILIS 2001 03 09 2  9263  9237  9271  9261  9245  9236  9284  9286  9282  9263  9253  9228
TBILIS 2001 03 10 1  9264  9221  9203  9228  9192  9198  9221  9157  9210  9193  9225  9191
TBILIS 2001 03 10 2  9203  9231  9180  9191  9142  9227  9230  9260  9214  9180  9189  9157
TBILIS 2001 03 11 1  9176  9184  9194  9197  9198  9177  9180  9160  9174  9188  9205  9212
TBILIS 2001 03 11 2  9206  9239  9254  9225  9198  9291  9256  9214  9274  9243  9227  9184
TBILIS 2001 03 12 1  9190  9209  9237  9212  9214  9242  9244  9263  9179  9179  9154  9270
TBILIS 2001 03 12 2  9221  9192  9135  9164  9168  9169  9144  9226  9203  9175  9149  9120
TBILIS 2001 03 13 1  9181  9173  9174  9180  9231  9199  9204  9242  9239  9248  9295  9227
TBILIS 2001 03 13 2  9224  9184  9185  9172  9159  9144  9121  9207  9157  9140  9174  9162
TBILIS 2001 03 14 1  9123  9148  9140  9160  9123  9141  9173  9188  9217  9212  9242  9202
TBILIS 2001 03 14 2  9228  9259  9264  9244  9248  9232  9226  9234  9257  9178  9162  9174
TBILIS 2001 03 15 1  9177  9152  9211  9219  9162  9162  9157  9147  9173  9216  9241  9249
TBILIS 2001 03 15 2  9240  9199  9220  9259  9186  9172  9212  9186  9224  9149  9189  9142
TBILIS 2001 03 16 1  9141  9141  9161  9148  9144  9134  9140  9180  9157  9181  9158  9205
TBILIS 2001 03 16 2  9215  9228  9246  9203  9166  9182  9224  9195  9175  9222  9124  9157
TBILIS 2001 03 17 1  9172  9174  9194  9156  9173  9144  9163  9160  9132  9146  9156  9140
TBILIS 2001 03 17 2  9116  9098  9122  9059  9094  9042  9042  9130  9145  9105  9111  9104
TBILIS 2001 03 18 1  9050  9109  9062  9012  9054  9044  9024  9070  9104  9059  9065  9097
TBILIS 2001 03 18 2  9115  9091  9076  9063  9055  9065  9057  9008  9059  9118  9040  9059
TBILIS 2001 03 19 1  9085  9087  9084  9063  9025  9025  9060  9105  9109  9098  9071  9017
TBILIS 2001 03 19 2  9070  9099  9065  8983  8991  9049  9035  8983  9040  9072  8974  8980
TBILIS 2001 03 20 1  8971  8979  8937  8904  8941  9032  9038  9046  9023  9039  9106  9061
TBILIS 2001 03 20 2  9143  9147  9130  9128  9054  9052  9126  9088  9088  9047  9113  9075
TBILIS 2001 03 21 1  9092  9077  9037  9030  9045  9112  9033  9048  9013  9035  9021  9040
TBILIS 2001 03 21 2  8985  8957  8973  9029  9027  9034  9033  9068  9033  9016  9023  9050
TBILIS 2001 03 22 1  9111  9058  9114  9075  9099  9072  9039  9025  9039  9031  9068  9043
TBILIS 2001 03 22 2  9047  9047  9036  9045  9075  9050  9080  9034  9042  9001  9039  9076
TBILIS 2001 03 23 1  9076  9056  9080  9089  9107  9123  9136  9161  9130  9198  9204  9188
TBILIS 2001 03 23 2  9157  9119  9171  9223  9227  9174  9147  9158  9104  9105  9100  9083
TBILIS 2001 03 24 1  9105  9068  9062  9078  9070  9132  9204  9141  9149  9140  9134  9124
TBILIS 2001 03 24 2  9133  9143  9127  9172  9145  9175  9170  9179  9115  9130  9133  9149
TBILIS 2001 03 25 1  9154  9202  9211  9151  9262  9095  9163  9126  9184  9199  9213  9159
TBILIS 2001 03 25 2  9192  9179  9189  9113  9093  9096  9079  9142  9139  9178  9089  9107
TBILIS 2001 03 26 1  9145  9094  9101  9139  9064  9045  9098  9069  9068  9074  9072  9141
TBILIS 2001 03 26 2  9146  9066  9112  9068  9027  9067  9089  9081  8972  8902  8926  8878
TBILIS 2001 03 27 1  8920  8922  8853  8896  8889  8867  8892  8928  8886  8907  8942  8847
TBILIS 2001 03 27 2  8832  8848  8824  8803  8724  8668  8537  8540  8560  8577  8641  8641
TBILIS 2001 03 28 1  8661  8720  8721  8722  8751  8736  8755  8793  8786  8783  8790  8798
TBILIS 2001 03 28 2  8833  8906  8906  8900  8822  8847  8857  8886  8879  8885  8872  8838
TBILIS 2001 03 29 1  8843  8812  8802  8837  8906  8835  8834  8818  8879  8830  8839  8801
TBILIS 2001 03 29 2  8837  8872  8835  8832  8811  8809  8808  8828  8811  8829  8821  8831
TBILIS 2001 03 30 1  8798  8855  8847  8821  8844  8766  8812  8796  8854  8874  8911  8893
TBILIS 2001 03 30 2  8878  8895  8889  8944  8908  8944  8885  8865  8866  8860  8844  8881
TBILIS 2001 03 31 1  8868 99999 99999 99999 99999 99999 99999 99999 99999 99999 99999 99999
TBILIS 2001 03 31 2  8776  8807  8769  8758  8752  8759  8810  8820  8782  8772  8710  8638
Cosmic-Ray Neutron Monitor Data (Hourly, Pressure-Corrected and Scale-Adjusted Counts)
Collections: WDC for Cosmic Rays, Solar-Terrestrial Environment Laboratory, Nagoya Univ.
Data Access: http://center.stelab.nagoya-u.ac.jp/WDCCR/index.html
Project: ICSU WDC
Citation: WDC for Cosmic Rays, Solar-Terrestrial Environment Laboratory, Nagoya University
Station ID: TBILIS
Station:  TBILISI,GIORGIA,INSTITUT GEOPHYSIKY (IG), GIORGIAN ACADEMY OF SCIENCES,GIORGIA 
Instrument:  18 NM-64 NEUTRON MONITOR, CORRECTED FOR PRESSURE TO 965 MB   ,COEF.=-0.690 %/MB
Latitude (deg.):   41.72  Longitude (deg.):   44.80  Altitude (m):  510.00
Cut-Off Rigidity (GV):    6.73
Year: 2001  Month:   4
Scaling Factor (SF):    64.0   Constant (CONST):     0.0  Real Counts = (DATA + CONST)*SF
Temporal Resolution: 1 hour
UTC Start Hour:     0.0
                         FILE IS PREPARED IN IZMIRAN                            
                                                        
Monthly Average:  8596.2
Updated (YYYY MM DD): 2003 10 20
*******************************************************************************************
ID     YYYY MM DD 1     0     1     2     3     4     5     6     7     8     9    10    11
ID     YYYY MM DD 2    12    13    14    15    16    17    18    19    20    21    22    23
*******************************************************************************************
TBILIS 2001 04 01 1  8745  8718  8700  8746  8678  8715  8724  8670  8687  8728  8711  8726
TBILIS 2001 04 01 2  8714  8705  8692  8740  8776  8777  8771  8754  8702  8769  8769  8739
TBILIS 2001 04 02 1  8774  8772  8752  8771  8683  8697  8687  8696  8736  8749  8723  8756
TBILIS 2001 04 02 2  8749  8751  8763  8808  8826  8825  8842  8843  8828  8854  8822  8858
TBILIS 2001 04 03 1  8827  8819  8776  8757  8777  8801  8816  8814  8824  8834  8844  8831
TBILIS 2001 04 03 2  8815  8860  8835  8859  8836  8823  8830  8858  8817  8831  8834  8814
TBILIS 2001 04 04 1  8804  8778  8813  8832  8819  8823  8858  8892  8821  8843  8823  8863
TBILIS 2001 04 04 2  8878  8859  8892  8866  8791  8772  8761  8634  8526  8560  8604  8528
TBILIS 2001 04 05 1  8541  8531  8541  8492  8563  8595  8595  8633  8689  8698  8687  8676
TBILIS 2001 04 05 2  8707  8640  8635  8611  8621  8603  8640  8642  8667  8657  8638  8704
TBILIS 2001 04 06 1  8734  8712  8740  8791  8758  8747  8738  8837  8844  8766  8783  8784
TBILIS 2001 04 06 2  8779  8773  8768  8755  8743  8697  8733  8776  8787  8755  8678  8669
TBILIS 2001 04 07 1  8744  8668  8645  8669  8674  8729  8769  8728  8700  8698  8687  8762
TBILIS 2001 04 07 2  8755  8727  8709  8690  8663  8664  8600  8578  8556  8583  8595  8580
TBILIS 2001 04 08 1  8599  8525  8554  8509  8534  8545  8603  8589  8595  8535  8551  8537
TBILIS 2001 04 08 2  8535  8542  8546  8537  8418  8351  8300  8248  8296  8276  8255  8234
TBILIS 2001 04 09 1  8251  8264  8287  8255  8340  8373  8398  8523  8469  8485  8532  8522
TBILIS 2001 04 09 2  8511  8545  8569  8564  8529  8504  8510  8495  8534  8488  8537  8528
TBILIS 2001 04 10 1  8512  8525  8485  8503  8503  8525  8606  8573  8629  8614  8615  8675
TBILIS 2001 04 10 2  8650  8696  8674  8672  8675  8634  8630  8594  8601  8603  8601  8627
TBILIS 2001 04 11 1  8596  8612  8605  8569  8579  8581  8571  8657  8676  8682  8695  8751
TBILIS 2001 04 11 2  8727  8703  8715  8695  8663  8737  8673  8522  8402  8289  8295  8261
TBILIS 2001 04 12 1  8130  8123  8114  8161  8165  8138  8129  8146  8099  8107  8087  8089
TBILIS 2001 04 12 2  8070  7978  7965  8008  7983  7954  7953  7966  8072  8049  8068  8077
TBILIS 2001 04 13 1  8064  8072  8058  8086  8087  8125  8125  8107  8113  8168  8082  8058
TBILIS 2001 04 13 2  8107  8120  8114  8167  8187  8189  8203  8228  8226  8221  8267  8261
TBILIS 2001 04 14 1  8264  8267  8263  8296  8381  8328  8361  8394  8359  8369  8367  8343
TBILIS 2001 04 14 2  8317  8285  8278  8261  8215  8231  8278  8281  8229  8228  8280  8289
TBILIS 2001 04 15 1  8243  8225  8312  8318  8328  8361  8404  8449  8468  8488  8508  8508
TBILIS 2001 04 15 2  8544  8506  8627  8624  8534  8492  8478  8461  8480  8444  8455  8502
TBILIS 2001 04 16 1  8486  8494  8487  8412  8446  8431  8478  8506  8485  8567  8487  8514
TBILIS 2001 04 16 2  8492  8601  8507  8541  8533  8514  8520  8498  8481  8465  8448  8417
TBILIS 2001 04 17 1  8455  8431  8448  8429  8435  8495  8445  8490  8501  8542  8611  8605
TBILIS 2001 04 17 2  8626  8626  8643  8604  8680  8670  8644  8653  8673  8623  8574  8595
TBILIS 2001 04 18 1  8613  8612  8593  8644  8651  8588  8663  8706  8652  8601  8586  8614
TBILIS 2001 04 18 2  8590  8612  8611  8572  8526  8533  8499  8559  8536  8565  8514  8531
TBILIS 2001 04 19 1  8560  8511  8541  8512  8539  8567  8585  8643  8694  8683  8678  8726
TBILIS 2001 04 19 2  8737  8679  8676  8627  8611  8651  8536  8611  8566  8487  8464  8485
TBILIS 2001 04 20 1  8509  8526  8579  8577  8610  8583  8624  8657  8609  8683  8711  8730
TBILIS 2001 04 20 2  8730  8661  8712  8712  8721  8689  8693  8711  8717  8702  8666  8695
TBILIS 2001 04 21 1  8663  8640  8682  8711  8739  8767  8760  8731  8772  8788  8812  8816
TBILIS 2001 04 21 2  8802  8809  8815  8777  8800  8716  8691  8696  8651  8617  8626  8629
TBILIS 2001 04 22 1  8595  8578  8583  8587  8607  8652  8729  8746  8764  8762  8750  8742
TBILIS 2001 04 22 2  8708  8769  8762  8792  8778  8737  8746  8757  8747  8706  8757  8726
TBILIS 2001 04 23 1  8735  8722  8693  8660  8703  8707  8727  8843  8824  8875  8839  8854
TBILIS 2001 04 23 2  8833  8846  8894  8840  8855  8802  8711  8672  8669  8683  8702  8692
TBILIS 2001 04 24 1  8692  8691  8674  8678  8729  8739  8790  8829  8805  8873  8852  8863
TBILIS 2001 04 24 2  8875  8853  8862  8826  8828  8810  8790  8784  8758  8730  8737  8756
TBILIS 2001 04 25 1  8671  8706  8732  8730  8747  8758  8804  8809  8836  8784  8777  8760
TBILIS 2001 04 25 2  8792  8791  8759  8741  8710  8751  8745  8744  8727  8753  8725  8756
TBILIS 2001 04 26 1  8772  8726  8734  8734  8737  8771  8795  8829  8878  8879  8905  8883
TBILIS 2001 04 26 2  8874  8879  8833  8846  8754  8768  8760  8785  8818  8788  8769  8768
TBILIS 2001 04 27 1  8740  8753  8801  8797  8771  8775  8786  8791  8817  8858  8783  8779
TBILIS 2001 04 27 2  8774  8783  8776  8748  8733  8765  8768  8770  8780  8831  8828  8817
TBILIS 2001 04 28 1  8799  8770  8779  8760  8835  8807  8661  8637  8688  8618  8647  8713
TBILIS 2001 04 28 2  8676  8595  8498  8550  8459  8433  8422  8445  8458  8463  8371  8438
TBILIS 2001 04 29 1  8384  8367  8331  8299  8343  8333  8395  8371  8406  8418  8455  8491
TBILIS 2001 04 29 2  8465  8417  8372  8434  8386  8350  8335  8292  8355  8361  8388  8411
TBILIS 2001 04 30 1  8395  8418  8375  8379  8367  8384  8375  8394  8425  8475  8514  8562
TBILIS 2001 04 30 2  8550  8491  8441  8455  8407  8388  8404  8390  8409  8433  8426  8425
TBILIS 2001 04 31 1 99999 99999 99999 99999 99999 99999 99999 99999 99999 99999 99999 99999
TBILIS 2001 04 31 2 99999 99999 99999 99999 99999 99999 99999 99999 99999 99999 99999 99999
Cosmic-Ray Neutron Monitor Data (Hourly, Pressure-Corrected and Scale-Adjusted Counts)
Collections: WDC for Cosmic Rays, Solar-Terrestrial Environment Laboratory, Nagoya Univ.
Data Access: http://center.stelab.nagoya-u.ac.jp/WDCCR/index.html
Project: ICSU WDC
Citation: WDC for Cosmic Rays, Solar-Terrestrial Environment Laboratory, Nagoya University
Station ID: TBILIS
Station:  TBILISI,GIORGIA,INSTITUT GEOPHYSIKY (IG), GIORGIAN ACADEMY OF SCIENCES,GIORGIA 
Instrument:  18 NM-64 NEUTRON MONITOR, CORRECTED FOR PRESSURE TO 965 MB   ,COEF.=-0.690 %/MB
Latitude (deg.):   41.72  Longitude (deg.):   44.80  Altitude (m):  510.00
Cut-Off Rigidity (GV):    6.73
Year: 2001  Month:   5
Scaling Factor (SF):    64.0   Constant (CONST):     0.0  Real Counts = (DATA + CONST)*SF
Temporal Resolution: 1 hour
UTC Start Hour:     0.0
                         FILE IS PREPARED IN IZMIRAN                            
                                                        
Monthly Average:  8624.8
Updated (YYYY MM DD): 2003 10 20
*******************************************************************************************
ID     YYYY MM DD 1     0     1     2     3     4     5     6     7     8     9    10    11
ID     YYYY MM DD 2    12    13    14    15    16    17    18    19    20    21    22    23
*******************************************************************************************
TBILIS 2001 05 01 1  8312  8319  8308  8321  8324  8319  8360  8381  8347  8378  8367  8406
TBILIS 2001 05 01 2  8409  8410  8397  8376  8385  8399  8433  8468  8451  8494  8480  8484
TBILIS 2001 05 02 1  8443  8433  8424  8423  8432  8443  8469  8480  8465  8461  8517  8509
TBILIS 2001 05 02 2  8512  8477  8499  8486  8516  8524  8488  8508  8480  8480  8502  8471
TBILIS 2001 05 03 1  8493  8502  8473  8488  8495  8533  8551  8590  8631  8627  8604  8632
TBILIS 2001 05 03 2  8625  8582  8542  8502  8546  8540  8585  8585  8620  8621  8608  8627
TBILIS 2001 05 04 1  8594  8579  8546  8494  8512  8522  8520  8525  8547  8561  8591  8576
TBILIS 2001 05 04 2  8587  8583  8560  8536  8580  8591  8595  8580  8607  8570  8610  8611
TBILIS 2001 05 05 1  8583  8542  8519  8537  8556  8599  8631  8600  8665  8681  8710  8716
TBILIS 2001 05 05 2  8674  8686  8679  8662  8678  8696  8683  8655  8694  8733  8690  8690
TBILIS 2001 05 06 1  8700  8683  8630  8623  8591  8618  8634  8644  8679  8711  8652  8748
TBILIS 2001 05 06 2  8753  8729  8705  8757  8781  8786  8773  8818  8792  8745  8777  8738
TBILIS 2001 05 07 1  8739  8690  8700  8703  8671  8655  8657  8704  8730  8737  8729  8719
TBILIS 2001 05 07 2  8758  8746  8753  8754  8732  8740  8749  8719  8723  8707  8682  8693
TBILIS 2001 05 08 1  8657  8649  8666  8618  8629  8638  8715  8751  8699  8707  8715  8714
TBILIS 2001 05 08 2  8730  8739  8735  8756  8723  8746  8734  8723  8709  8735  8692  8697
TBILIS 2001 05 09 1  8715  8711  8730  8707  8713  8670  8705  8697  8757  8788  8788  8741
TBILIS 2001 05 09 2  8816  8806  8818  8777  8751  8779  8832  8807  8803  8831  8815  8764
TBILIS 2001 05 10 1  8711  8694  8702  8665  8671  8654  8673  8706  8760  8757  8765  8780
TBILIS 2001 05 10 2  8760  8736  8754  8735  8724  8755  8700  8650  8701  8707  8722  8709
TBILIS 2001 05 11 1  8708  8671  8656  8661  8656  8669  8733  8751  8782  8780  8805  8781
TBILIS 2001 05 11 2  8787  8791  8831  8789  8821  8836  8778  8785  8788  8761  8756  8778
TBILIS 2001 05 12 1  8744  8721  8644  8648  8652  8676  8695  8673  8743  8737  8776  8779
TBILIS 2001 05 12 2  8831  8781  8759  8713  8653  8670  8693  8702  8720  8703  8681  8682
TBILIS 2001 05 13 1  8730  8730  8697  8731  8692  8691  8668  8624  8679  8681  8663  8664
TBILIS 2001 05 13 2  8703  8701  8715  8733  8704  8702  8679  8671  8679  8705  8733  8674
TBILIS 2001 05 14 1  8682  8682  8653  8669  8638  8667  8697  8710  8733  8713  8727  8720
TBILIS 2001 05 14 2  8735  8723  8703  8688  8700  8691  8719  8736  8711  8674  8672  8678
TBILIS 2001 05 15 1  8651  8616  8651  8631  8606  8618  8589  8636  8626  8661  8702  8661
TBILIS 2001 05 15 2  8705  8699  8695  8660  8676  8676  8681  8725  8710  8678  8678  8681
TBILIS 2001 05 16 1  8698  8688  8665  8701  8677  8675  8720  8733  8734  8737  8727  8707
TBILIS 2001 05 16 2  8713  8725  8749  8699  8752  8694  8723  8681  8666  8641  8640  8632
TBILIS 2001 05 17 1  8626  8637  8632  8673  8666  8632  8689  8707  8733  8742  8707  8713
TBILIS 2001 05 17 2  8763  8720  8708  8717  8711  8726  8719  8717  8750  8758  8766  8758
TBILIS 2001 05 18 1  8741  8753  8730  8717  8695  8736  8736  8769  8800  8753  8766  8738
TBILIS 2001 05 18 2  8688  8754  8822  8796  8794  8797  8794  8777  8783  8788  8755  8761
TBILIS 2001 05 19 1  8788  8799  8801  8780  8794  8773  8788  8814  8854  8817  8822  8795
TBILIS 2001 05 19 2  8850  8808  8780  8767  8777  8747  8746  8725  8718  8760  8781  8739
TBILIS 2001 05 20 1  8705  8696  8742  8742  8727  8694  8703  8756  8743  8734  8767  8775
TBILIS 2001 05 20 2  8774  8761  8793  8804  8847  8788  8782  8755  8763  8772  8774  8807
TBILIS 2001 05 21 1  8809  8739  8745  8718  8738  8756  8767  8755  8693  8692  8749  8742
TBILIS 2001 05 21 2  8743  8679  8740  8705  8694  8687  8675  8694  8737  8762  8732  8679
TBILIS 2001 05 22 1  8716  8666  8623  8612  8595  8631  8580  8629  8634  8614  8624  8616
TBILIS 2001 05 22 2  8683  8632  8663  8637  8654  8658  8657  8606  8630  8611  8592  8580
TBILIS 2001 05 23 1  8575  8579  8558  8548  8573  8570  8564  8600  8592  8590  8615  8543
TBILIS 2001 05 23 2  8566  8555  8533  8498  8506  8502  8508  8516  8506  8502  8506  8529
TBILIS 2001 05 24 1  8525  8486  8530  8535  8570  8540  8591  8581  8543  8527  8558  8576
TBILIS 2001 05 24 2  8549  8563  8607  8571  8550  8545  8558  8545  8597  8576  8572  8592
TBILIS 2001 05 25 1  8527  8523  8551  8524  8565  8584  8554  8573  8595  8564  8558  8561
TBILIS 2001 05 25 2  8508  8479  8443  8446  8405  8387  8408  8393  8410  8456  8461  8479
TBILIS 2001 05 26 1  8436  8445  8432  8449  8447  8509  8537  8554  8564  8563  8530  8543
TBILIS 2001 05 26 2  8527  8554  8503  8505  8520  8531  8498  8495  8510  8505  8497  8491
TBILIS 2001 05 27 1  8492  8517  8475  8464  8477  8457  8460  8495  8504  8480  8540  8505
TBILIS 2001 05 27 2  8519  8501  8487  8512  8480  8396  8350  8276  8294  8299  8306  8276
TBILIS 2001 05 28 1  8323  8280  8270  8275  8272  8312  8274  8312  8300  8330  8338  8348
TBILIS 2001 05 28 2  8384  8405  8426  8458  8444  8485  8444  8451  8447  8444  8445  8463
TBILIS 2001 05 29 1  8464  8458  8427  8459  8479  8487  8525  8525  8521  8517  8470  8491
TBILIS 2001 05 29 2  8482  8548  8502  8488  8471  8462  8469  8456  8418  8431  8452  8462
TBILIS 2001 05 30 1  8444  8433  8448  8453  8452  8480  8519  8540  8528  8496  8499  8517
TBILIS 2001 05 30 2  8500  8528  8504  8513  8534  8517  8530  8507  8554  8555  8543  8522
TBILIS 2001 05 31 1  8557  8586  8567  8573  8595  8549  8575  8600  8607  8604  8621  8682
TBILIS 2001 05 31 2  8673  8647  8615  8668  8651  8624  8661  8701  8696  8645  8589  8580
Cosmic-Ray Neutron Monitor Data (Hourly, Pressure-Corrected and Scale-Adjusted Counts)
Collections: WDC for Cosmic Rays, Solar-Terrestrial Environment Laboratory, Nagoya Univ.
Data Access: http://center.stelab.nagoya-u.ac.jp/WDCCR/index.html
Project: ICSU WDC
Citation: WDC for Cosmic Rays, Solar-Terrestrial Environment Laboratory, Nagoya University
Station ID: TBILIS
Station:  TBILISI,GIORGIA,INSTITUT GEOPHYSIKY (IG), GIORGIAN ACADEMY OF SCIENCES,GIORGIA 
Instrument:  18 NM-64 NEUTRON MONITOR, CORRECTED FOR PRESSURE TO 965 MB   ,COEF.=-0.690 %/MB
Latitude (deg.):   41.72  Longitude (deg.):   44.80  Altitude (m):  510.00
Cut-Off Rigidity (GV):    6.73
Year: 2001  Month:   6
Scaling Factor (SF):    64.0   Constant (CONST):     0.0  Real Counts = (DATA + CONST)*SF
Temporal Resolution: 1 hour
UTC Start Hour:     0.0
                         FILE IS PREPARED IN IZMIRAN                            
                                                        
Monthly Average:  8662.5
Updated (YYYY MM DD): 2003 10 20
*******************************************************************************************
ID     YYYY MM DD 1     0     1     2     3     4     5     6     7     8     9    10    11
ID     YYYY MM DD 2    12    13    14    15    16    17    18    19    20    21    22    23
*******************************************************************************************
TBILIS 2001 06 01 1  8567  8562  8571  8588  8570  8583  8615  8685  8645  8630  8655  8681
TBILIS 2001 06 01 2  8672  8694  8699  8703  8680  8710  8707  8671  8663  8598  8662  8605
TBILIS 2001 06 02 1  8606  8611  8568  8593  8603  8624  8619  8615  8602  8591  8634  8644
TBILIS 2001 06 02 2  8621  8630  8599  8604  8599  8596  8605  8600  8623  8584  8591  8582
TBILIS 2001 06 03 1  8549  8532  8541  8569  8546  8569  8599  8587  8599  8572  8578  8545
TBILIS 2001 06 03 2  8537  8576  8617  8569  8561  8525  8543  8536  8539  8530  8572  8555
TBILIS 2001 06 04 1  8572  8523  8523  8565  8553  8556  8545  8540  8577  8586  8611  8568
TBILIS 2001 06 04 2  8594  8602  8643  8621  8612  8600  8612  8604  8599  8627  8606  8576
TBILIS 2001 06 05 1  8605  8617  8627  8623  8645  8685  8668  8688  8699  8695  8717  8706
TBILIS 2001 06 05 2  8756  8703  8709  8693  8669  8650  8652  8657  8673  8659  8671  8657
TBILIS 2001 06 06 1  8665  8669  8679  8681  8660  8684  8710  8726  8683  8723  8695  8695
TBILIS 2001 06 06 2  8638  8730  8717  8715  8733  8777  8797  8753  8712  8714  8714  8712
TBILIS 2001 06 07 1  8717  8709  8647  8664  8665  8649  8633  8633  8693  8704  8690  8711
TBILIS 2001 06 07 2  8682  8658  8664  8616  8657  8642  8633  8586  8661  8583  8592  8577
TBILIS 2001 06 08 1  8571  8540  8544  8518  8533  8519  8564  8524  8524  8525  8549  8585
TBILIS 2001 06 08 2  8598  8620  8624  8657  8636  8645  8630  8602  8620  8571  8580  8574
TBILIS 2001 06 09 1  8548  8561  8538  8504  8538  8559  8575  8586  8623  8620  8601  8640
TBILIS 2001 06 09 2  8661  8627  8615  8621  8603  8567  8618  8636  8627  8629  8608  8569
TBILIS 2001 06 10 1  8578  8598  8543  8556  8593  8587  8594  8627  8659  8639  8609  8660
TBILIS 2001 06 10 2  8686  8682  8641  8655  8634  8649  8682  8682  8630  8608  8591  8591
TBILIS 2001 06 11 1  8602  8636  8582  8566  8603  8573  8603  8618  8641  8625  8620  8623
TBILIS 2001 06 11 2  8630  8645  8673  8641  8694  8694  8660  8678  8625  8678  8673  8661
TBILIS 2001 06 12 1  8648  8615  8597  8621  8653  8627  8626  8581  8578  8583  8626  8586
TBILIS 2001 06 12 2  8605  8608  8611  8604  8591  8665  8646  8632  8626  8644  8621  8613
TBILIS 2001 06 13 1  8601  8586  8589  8592  8638  8631  8639  8630  8646  8655  8646  8691
TBILIS 2001 06 13 2  8693  8707  8690  8687  8696  8666  8658  8650  8679  8678  8718  8625
TBILIS 2001 06 14 1  8634  8656  8674  8594  8608  8635  8655  8657  8679  8704  8691  8713
TBILIS 2001 06 14 2  8746  8749  8740  8741  8749  8747  8748  8747  8748  8732  8655  8679
TBILIS 2001 06 15 1  8677  8715  8717  8700  8674  8686  8664  8635  8622  8609  8634  8613
TBILIS 2001 06 15 2  8700  8669  8667  8672  8681  8668  8679  8656  8669  8691  8668  8691
TBILIS 2001 06 16 1  8699  8659  8668  8710  8670  8638  8688  8743  8659  8723  8707  8728
TBILIS 2001 06 16 2  8736  8755  8745  8728  8731  8754  8760  8779  8785  8777  8826  8793
TBILIS 2001 06 17 1  8784  8799  8751  8767  8747  8749  8713  8706  8719  8693  8680  8657
TBILIS 2001 06 17 2  8703  8754  8755  8810  8823  8781  8816  8768  8728  8796  8763  8770
TBILIS 2001 06 18 1  8770  8770  8713  8660  8672  8686  8634  8602  8643  8701  8698  8664
TBILIS 2001 06 18 2  8732  8670  8678  8722  8679  8699  8734  8721  8679  8736  8743  8688
TBILIS 2001 06 19 1  8672  8667  8673  8696  8623  8652  8625  8703  8718  8745  8763  8759
TBILIS 2001 06 19 2  8763  8757  8745  8703  8677  8617  8645  8636  8587  8615  8592  8546
TBILIS 2001 06 20 1  8552  8552  8492  8495  8488  8472  8485  8508  8548  8553  8588  8560
TBILIS 2001 06 20 2  8537  8641  8605  8654  8562  8551  8588  8541  8585  8568  8592  8590
TBILIS 2001 06 21 1  8546  8546  8587  8509  8513  8590  8547  8581  8620  8642  8662  8667
TBILIS 2001 06 21 2  8658  8636  8666  8711  8670  8707  8675  8669  8675  8636  8626  8648
TBILIS 2001 06 22 1  8644  8595  8575  8595  8586  8593  8630  8659  8639  8691  8729  8725
TBILIS 2001 06 22 2  8711  8675  8666  8677  8667  8646  8627  8627  8633  8644  8647  8637
TBILIS 2001 06 23 1  8582  8615  8612  8611  8653  8663  8660  8627  8672  8675  8633  8672
TBILIS 2001 06 23 2  8669  8684  8684  8689  8656  8590  8619  8592  8582  8604  8578  8597
TBILIS 2001 06 24 1  8597  8612  8642  8601  8664  8600  8655  8644  8681  8699  8680  8673
TBILIS 2001 06 24 2  8698  8716  8729  8663  8736  8723  8670  8707  8669  8673  8630  8653
TBILIS 2001 06 25 1  8672  8648  8665  8653  8629  8662  8651  8673  8666  8649  8704  8726
TBILIS 2001 06 25 2  8764  8704  8716  8747  8695  8752  8672  8646  8648  8631  8621  8585
TBILIS 2001 06 26 1  8598  8584  8559  8589  8584  8608  8584  8577  8589  8675  8616  8670
TBILIS 2001 06 26 2  8704  8689  8818  8811  8799  8804  8832  8825  8811  8774  8796  8773
TBILIS 2001 06 27 1  8759  8759  8763  8727  8732  8730  8708  8743  8717  8722  8736  8713
TBILIS 2001 06 27 2  8772  8747  8751  8752  8748  8768  8736  8778  8783  8753  8749  8740
TBILIS 2001 06 28 1  8719  8723  8725  8692  8669  8731  8721  8739  8771  8803  8792  8788
TBILIS 2001 06 28 2  8780  8796  8781  8773  8758  8803  8762  8775  8761  8762  8745  8738
TBILIS 2001 06 29 1  8688  8686  8723  8753  8742  8691  8741  8753  8753  8812  8833  8823
TBILIS 2001 06 29 2  8832  8818  8864  8840  8832  8860  8848  8807  8790  8769  8754  8790
TBILIS 2001 06 30 1  8771  8750  8774  8792  8780  8775  8746  8701  8755  8728  8778  8799
TBILIS 2001 06 30 2  8804  8793  8768  8776  8777  8732  8755  8729  8717  8718  8731  8712
TBILIS 2001 06 31 1 99999 99999 99999 99999 99999 99999 99999 99999 99999 99999 99999 99999
TBILIS 2001 06 31 2 99999 99999 99999 99999 99999 99999 99999 99999 99999 99999 99999 99999
Cosmic-Ray Neutron Monitor Data (Hourly, Pressure-Corrected and Scale-Adjusted Counts)
Collections: WDC for Cosmic Rays, Solar-Terrestrial Environment Laboratory, Nagoya Univ.
Data Access: http://center.stelab.nagoya-u.ac.jp/WDCCR/index.html
Project: ICSU WDC
Citation: WDC for Cosmic Rays, Solar-Terrestrial Environment Laboratory, Nagoya University
Station ID: TBILIS
Station:  TBILISI,GIORGIA,INSTITUT GEOPHYSIKY (IG), GIORGIAN ACADEMY OF SCIENCES,GIORGIA 
Instrument:  18 NM-64 NEUTRON MONITOR, CORRECTED FOR PRESSURE TO 965 MB   ,COEF.=-0.690 %/MB
Latitude (deg.):   41.72  Longitude (deg.):   44.80  Altitude (m):  510.00
Cut-Off Rigidity (GV):    6.73
Year: 2001  Month:   7
Scaling Factor (SF):    64.0   Constant (CONST):     0.0  Real Counts = (DATA + CONST)*SF
Temporal Resolution: 1 hour
UTC Start Hour:     0.0
                         FILE IS PREPARED IN IZMIRAN                            
                                                        
Monthly Average:  8743.2
Updated (YYYY MM DD): 2003 10 20
*******************************************************************************************
ID     YYYY MM DD 1     0     1     2     3     4     5     6     7     8     9    10    11
ID     YYYY MM DD 2    12    13    14    15    16    17    18    19    20    21    22    23
*******************************************************************************************
TBILIS 2001 07 01 1  8681  8720  8685  8702  8695  8757  8728  8783  8810  8819  8813  8843
TBILIS 2001 07 01 2  8824  8781  8796  8805  8746  8716  8723  8727  8726  8734  8677  8674
TBILIS 2001 07 02 1  8774  8718  8708  8702  8707  8715  8745  8791  8789  8761  8773  8761
TBILIS 2001 07 02 2  8716  8743  8724  8725  8747  8724  8748  8713  8751  8697  8677  8647
TBILIS 2001 07 03 1  8670  8667  8615  8622  8616  8613  8658  8643  8683  8713  8725  8709
TBILIS 2001 07 03 2  8685  8700  8649  8622  8640  8613  8609  8625  8653  8674  8641  8587
TBILIS 2001 07 04 1  8610  8617  8612  8593  8579  8614  8656  8677  8698  8657  8680  8671
TBILIS 2001 07 04 2  8641  8645  8657  8647  8684  8646  8662  8618  8622  8598  8625  8611
TBILIS 2001 07 05 1  8573  8563  8599  8576  8587  8623  8620  8613  8654  8683  8652  8638
TBILIS 2001 07 05 2  8668  8658  8636  8659  8618  8641  8630  8597  8614  8627  8566  8621
TBILIS 2001 07 06 1  8631  8629  8623  8600  8603  8612  8613  8634  8635  8639  8631  8650
TBILIS 2001 07 06 2  8618  8606  8621  8634  8631  8615  8631  8638  8642  8670  8645  8684
TBILIS 2001 07 07 1  8635  8595  8654  8599  8586  8579  8594  8616  8656  8683  8695  8682
TBILIS 2001 07 07 2  8683  8710  8737  8714  8702  8702  8666  8691  8662  8675  8641  8636
TBILIS 2001 07 08 1  8647  8647  8626  8642  8622  8650  8700  8702  8676  8685  8682  8701
TBILIS 2001 07 08 2  8663  8670  8655  8634  8624  8606  8576  8592  8616  8639  8653  8665
TBILIS 2001 07 09 1  8671  8672  8655  8653  8697  8697  8704  8691  8714  8705  8710  8748
TBILIS 2001 07 09 2  8740  8762  8731  8719  8736  8722  8701  8712  8747  8749  8730  8737
TBILIS 2001 07 10 1  8733  8768  8779  8796  8794  8778  8737  8740  8759  8760  8766  8767
TBILIS 2001 07 10 2  8797  8814  8799  8819  8830  8842  8907  8924  8955  8910  8947  8954
TBILIS 2001 07 11 1  8892  8874  8834  8802  8819  8825  8831  8831  8768  8810  8778  8767
TBILIS 2001 07 11 2  8779  8808  8803  8788  8812  8791  8802  8780  8748  8756  8701  8737
TBILIS 2001 07 12 1  8722  8754  8733  8743  8718  8781  8753  8782  8801  8858  8840  8849
TBILIS 2001 07 12 2  8838  8850  8862  8811  8812  8819  8819  8822  8761  8805  8819  8791
TBILIS 2001 07 13 1  8759  8772  8754  8749  8746  8753  8735  8816  8765  8801  8825  8842
TBILIS 2001 07 13 2  8854  8882  8855  8862  8875  8872  8856  8829  8780  8814  8789  8780
TBILIS 2001 07 14 1  8766  8744  8732  8719  8722  8755  8761  8784  8793  8816  8827  8813
TBILIS 2001 07 14 2  8809  8834  8853  8876  8867  8856  8840  8816  8786  8786  8820  8785
TBILIS 2001 07 15 1  8770  8797  8771  8746  8763  8795  8777  8736  8776  8758  8820  8839
TBILIS 2001 07 15 2  8850  8848  8832  8848  8869  8897  8884  8861  8880  8881  8798  8841
TBILIS 2001 07 16 1  8807  8845  8780  8742  8753  8788  8810  8796  8812  8835  8830  8857
TBILIS 2001 07 16 2  8838  8840  8913  8862  8894  8918  8889  8875  8833  8818  8842  8849
TBILIS 2001 07 17 1  8796  8827  8846  8834  8812  8850  8831  8852  8878  8855  8870  8850
TBILIS 2001 07 17 2  8910  8875  8870  8838  8829  8832  8803  8822  8798  8798  8800  8814
TBILIS 2001 07 18 1  8792  8810  8817  8780  8806  8828  8783  8844  8822  8791  8848  8800
TBILIS 2001 07 18 2  8859  8846  8832  8827  8859  8873  8856  8835  8800  8789  8798  8768
TBILIS 2001 07 19 1  8764  8753  8761  8774  8736  8747  8812  8794  8814  8786  8759  8762
TBILIS 2001 07 19 2  8787  8787  8779  8805  8792  8829  8760  8717  8675  8679  8692  8735
TBILIS 2001 07 20 1  8796  8806  8774  8769  8744  8803  8830  8834  8845  8828  8827  8855
TBILIS 2001 07 20 2  8852  8810  8837  8885  8856  8850  8838  8839  8838  8841  8825  8827
TBILIS 2001 07 21 1  8821  8785  8776  8766  8749  8733  8729  8797  8787  8810  8794  8772
TBILIS 2001 07 21 2  8795  8832  8849  8828  8812  8770  8819  8788  8742  8744  8784  8776
TBILIS 2001 07 22 1  8812  8781  8791  8806  8827  8806  8832  8845  8835  8847  8798  8845
TBILIS 2001 07 22 2  8833  8847  8822  8838  8812  8823  8822  8778  8790  8757  8755  8751
TBILIS 2001 07 23 1  8702  8726  8730  8696  8740  8685  8702  8716  8765  8765  8751  8786
TBILIS 2001 07 23 2  8788  8782  8786  8798  8810  8805  8751  8745  8711  8745  8721  8689
TBILIS 2001 07 24 1  8691  8697  8670  8687  8676  8683  8680  8685  8726  8746  8751  8816
TBILIS 2001 07 24 2  8809  8821  8813  8783  8838  8785  8716  8731  8690  8675  8647  8619
TBILIS 2001 07 25 1  8636  8663  8630  8633  8637  8650  8676  8645  8685  8714  8750  8717
TBILIS 2001 07 25 2  8733  8728  8730  8748  8718  8773  8803  8774  8757  8734  8706  8700
TBILIS 2001 07 26 1  8671  8637  8660  8672  8677  8652  8635  8631  8644  8665  8651  8696
TBILIS 2001 07 26 2  8722  8701  8753  8754  8727  8732  8696  8637  8701  8664  8671  8666
TBILIS 2001 07 27 1  8685  8662  8663  8668  8683  8673  8713  8728  8681  8721  8727  8761
TBILIS 2001 07 27 2  8739  8711  8762  8789  8757  8724  8716  8736  8693  8710  8690  8690
TBILIS 2001 07 28 1  8678  8714  8690  8687  8662  8707  8684  8702  8702  8717  8740  8747
TBILIS 2001 07 28 2  8768  8754  8751  8790  8758  8759  8716  8721  8706  8684  8677  8677
TBILIS 2001 07 29 1  8657  8667  8692  8662  8662  8652  8691  8693  8713  8696  8739  8755
TBILIS 2001 07 29 2  8703  8752  8753  8757  8760  8768  8722  8713  8669  8685  8649  8674
TBILIS 2001 07 30 1  8706  8667  8657  8681  8650  8681  8705  8701  8712  8765  8727  8772
TBILIS 2001 07 30 2  8729  8772  8811  8764  8782  8768  8739  8775  8739  8742  8796  8768
TBILIS 2001 07 31 1  8714  8705  8734  8713  8727  8774  8735  8790  8795  8771  8800  8819
TBILIS 2001 07 31 2  8826  8823  8808  8802  8826  8817  8805  8767  8747  8687  8657  8646
Cosmic-Ray Neutron Monitor Data (Hourly, Pressure-Corrected and Scale-Adjusted Counts)
Collections: WDC for Cosmic Rays, Solar-Terrestrial Environment Laboratory, Nagoya Univ.
Data Access: http://center.stelab.nagoya-u.ac.jp/WDCCR/index.html
Project: ICSU WDC
Citation: WDC for Cosmic Rays, Solar-Terrestrial Environment Laboratory, Nagoya University
Station ID: TBILIS
Station:  TBILISI,GIORGIA,INSTITUT GEOPHYSIKY (IG), GIORGIAN ACADEMY OF SCIENCES,GIORGIA 
Instrument:  18 NM-64 NEUTRON MONITOR, CORRECTED FOR PRESSURE TO 965 MB   ,COEF.=-0.690 %/MB
Latitude (deg.):   41.72  Longitude (deg.):   44.80  Altitude (m):  510.00
Cut-Off Rigidity (GV):    6.73
Year: 2001  Month:   8
Scaling Factor (SF):    64.0   Constant (CONST):     0.0  Real Counts = (DATA + CONST)*SF
Temporal Resolution: 1 hour
UTC Start Hour:     0.0
                         FILE IS PREPARED IN IZMIRAN                            
                                                        
Monthly Average:  8619.6
Updated (YYYY MM DD): 2003 10 20
*******************************************************************************************
ID     YYYY MM DD 1     0     1     2     3     4     5     6     7     8     9    10    11
ID     YYYY MM DD 2    12    13    14    15    16    17    18    19    20    21    22    23
*******************************************************************************************
TBILIS 2001 08 01 1  8624  8634  8616  8661  8642  8628  8678  8711  8724  8751  8764  8748
TBILIS 2001 08 01 2  8732  8710  8696  8671  8640  8630  8608  8678  8723  8684  8669  8666
TBILIS 2001 08 02 1  8645  8663  8674  8636  8648  8644  8669  8629  8659  8657  8682  8649
TBILIS 2001 08 02 2  8674  8658  8671  8671  8685  8719  8663  8652  8603  8603  8609  8573
TBILIS 2001 08 03 1  8534  8478  8495  8516  8516  8539  8553  8640  8641  8630  8634  8660
TBILIS 2001 08 03 2  8652  8617  8637  8630  8552  8499  8503  8420  8475  8479  8491  8504
TBILIS 2001 08 04 1  8489  8529  8528  8569  8594  8589  8637  8613  8656  8618  8608  8614
TBILIS 2001 08 04 2  8606  8614  8635  8632  8614  8605  8631  8638  8650  8627  8660  8628
TBILIS 2001 08 05 1  8634  8619  8620  8607  8632  8624  8650  8650  8678  8672  8679  8647
TBILIS 2001 08 05 2  8657  8740  8699  8724  8688  8699  8714  8695  8698  8666  8637  8672
TBILIS 2001 08 06 1  8663  8678  8655  8672  8653  8645  8665  8669  8679  8683  8709  8683
TBILIS 2001 08 06 2  8702  8676  8688  8700  8653  8688  8654  8685  8654  8677  8645  8658
TBILIS 2001 08 07 1  8649  8662  8658  8650  8648  8607  8605  8626  8651  8731  8721  8740
TBILIS 2001 08 07 2  8684  8706  8675  8660  8643  8686  8696  8658  8677  8671  8650  8660
TBILIS 2001 08 08 1  8659  8674  8639  8648  8639  8619  8672  8719  8738  8711  8737  8707
TBILIS 2001 08 08 2  8745  8731  8736  8738  8742  8719  8744  8729  8735  8698  8741  8719
TBILIS 2001 08 09 1  8723  8722  8751  8715  8723  8717  8668  8671  8725  8711  8659  8686
TBILIS 2001 08 09 2  8677  8710  8719  8711  8778  8714  8726  8718  8730  8754  8695  8729
TBILIS 2001 08 10 1  8690  8679  8647  8645  8659  8675  8723  8735  8762  8741  8750  8739
TBILIS 2001 08 10 2  8736  8748  8792  8730  8785  8723  8730  8775  8714  8723  8727  8738
TBILIS 2001 08 11 1  8719  8698  8712  8708  8695  8749  8724  8733  8773  8814  8791  8784
TBILIS 2001 08 11 2  8753  8779  8779  8766  8761  8728  8733  8770  8771  8741  8718  8695
TBILIS 2001 08 12 1  8750  8761  8763  8751  8799  8796  8772  8786  8806  8825  8813  8766
TBILIS 2001 08 12 2  8775  8758  8752  8761  8761  8717  8698  8703  8727  8713  8747  8719
TBILIS 2001 08 13 1  8720  8737  8735  8759  8760  8776  8807  8798  8773  8793  8809  8800
TBILIS 2001 08 13 2  8801  8813  8799  8778  8729  8682  8657  8652  8648  8635  8617  8635
TBILIS 2001 08 14 1  8645  8627  8631  8620  8636  8689  8689  8715  8730  8760  8781  8797
TBILIS 2001 08 14 2  8837  8800  8791  8731  8755  8716  8715  8703  8694  8677  8676  8686
TBILIS 2001 08 15 1  8692  8680  8714  8712  8710  8724  8746  8748  8796  8798  8782  8787
TBILIS 2001 08 15 2  8788  8740  8731  8709  8693  8707  8690  8687  8695  8704  8684  8685
TBILIS 2001 08 16 1  8652  8678  8675  8699  8678  8730  8739  8776  8768  8800  8799  8832
TBILIS 2001 08 16 2  8834  8805  8795  8783  8762  8746  8733  8724  8685  8664  8642  8634
TBILIS 2001 08 17 1  8664  8647  8657  8690  8748  8749  8794  8813  8812  8823  8872  8774
TBILIS 2001 08 17 2  8766  8768  8723  8689  8533  8575  8563  8569  8621  8569  8489  8534
TBILIS 2001 08 18 1  8590  8590  8562  8535  8556  8566  8582  8555  8578  8544  8573  8555
TBILIS 2001 08 18 2  8535  8545  8567  8654  8639  8617  8646  8627  8615  8664  8666  8651
TBILIS 2001 08 19 1  8648  8542  8584  8586  8582  8602  8603  8574  8567  8598  8568  8592
TBILIS 2001 08 19 2  8582  8591  8639  8651  8619  8618  8600  8653  8630  8640  8603  8603
TBILIS 2001 08 20 1  8606  8591  8586  8561  8567  8555  8534  8574  8595  8565  8599  8595
TBILIS 2001 08 20 2  8626  8563  8589  8550  8577  8623  8574  8585  8634  8589  8601  8636
TBILIS 2001 08 21 1  8628  8643  8604  8605  8604  8629  8592  8610  8573  8605  8613  8656
TBILIS 2001 08 21 2  8623  8642  8634  8640  8610  8636  8614  8639  8638  8612  8598  8605
TBILIS 2001 08 22 1  8560  8575  8537  8563  8548  8542  8589  8566  8644  8668  8659  8682
TBILIS 2001 08 22 2  8643  8607  8629  8650  8648  8619  8652  8640  8641  8599  8574  8567
TBILIS 2001 08 23 1  8555  8555  8570  8533  8527  8546  8555  8565  8565  8593  8600  8563
TBILIS 2001 08 23 2  8585  8572  8563  8597  8616  8599  8614  8596  8598  8603  8559  8587
TBILIS 2001 08 24 1  8575  8585  8600  8599  8592  8605  8643  8625  8660  8660  8662  8638
TBILIS 2001 08 24 2  8637  8636  8608  8648  8671  8709  8635  8632  8597  8615  8613  8627
TBILIS 2001 08 25 1  8607  8615  8610  8617  8634  8613  8687  8650  8738  8684  8699  8712
TBILIS 2001 08 25 2  8678  8711  8703  8693  8657  8675  8675  8711  8718  8706  8660  8651
TBILIS 2001 08 26 1  8699  8660  8608  8639  8574  8611  8628  8673  8696  8650  8659  8642
TBILIS 2001 08 26 2  8626  8623  8567  8568  8546  8519  8565  8586  8590  8624  8606  8575
TBILIS 2001 08 27 1  8586  8608  8580  8549  8549  8561  8592  8618  8594  8589  8616  8623
TBILIS 2001 08 27 2  8623  8614  8611  8607  8640  8638  8571  8514  8410  8359  8318  8284
TBILIS 2001 08 28 1  8287  8321  8273  8258  8310  8315  8385  8396  8495  8539  8537  8495
TBILIS 2001 08 28 2  8507  8470  8410  8346  8211  8173  8118  8132  8153  8186  8200  8165
TBILIS 2001 08 29 1  8176  8199  8153  8183  8173  8195  8212  8264  8321  8388  8400  8424
TBILIS 2001 08 29 2  8398  8389  8405  8420  8363  8366  8359  8324  8340  8352  8351  8321
TBILIS 2001 08 30 1  8321  8322  8299  8293  8302  8338  8347  8357  8360  8368  8375  8383
TBILIS 2001 08 30 2  8377  8392  8357  8405  8429  8353  8364  8362  8312  8351  8349  8338
TBILIS 2001 08 31 1  8348  8360  8372  8382  8341  8389  8377  8437  8476  8462  8484  8450
TBILIS 2001 08 31 2  8491  8473  8456  8414  8453  8442  8461  8472  8461  8461  8458  8455
Cosmic-Ray Neutron Monitor Data (Hourly, Pressure-Corrected and Scale-Adjusted Counts)
Collections: WDC for Cosmic Rays, Solar-Terrestrial Environment Laboratory, Nagoya Univ.
Data Access: http://center.stelab.nagoya-u.ac.jp/WDCCR/index.html
Project: ICSU WDC
Citation: WDC for Cosmic Rays, Solar-Terrestrial Environment Laboratory, Nagoya University
Station ID: TBILIS
Station:  TBILISI,GIORGIA,INSTITUT GEOPHYSIKY (IG), GIORGIAN ACADEMY OF SCIENCES,GIORGIA 
Instrument:  18 NM-64 NEUTRON MONITOR, CORRECTED FOR PRESSURE TO 965 MB   ,COEF.=-0.690 %/MB
Latitude (deg.):   41.72  Longitude (deg.):   44.80  Altitude (m):  510.00
Cut-Off Rigidity (GV):    6.73
Year: 2001  Month:   9
Scaling Factor (SF):    64.0   Constant (CONST):     0.0  Real Counts = (DATA + CONST)*SF
Temporal Resolution: 1 hour
UTC Start Hour:     0.0
                         FILE IS PREPARED IN IZMIRAN                            
                                                        
Monthly Average:  8674.3
Updated (YYYY MM DD): 2003 10 20
*******************************************************************************************
ID     YYYY MM DD 1     0     1     2     3     4     5     6     7     8     9    10    11
ID     YYYY MM DD 2    12    13    14    15    16    17    18    19    20    21    22    23
*******************************************************************************************
TBILIS 2001 09 01 1  8455  8471  8454  8444  8449  8501  8542  8559  8553  8569  8545  8548
TBILIS 2001 09 01 2  8557  8537  8550  8542  8545  8516  8514  8517  8500  8493  8527  8506
TBILIS 2001 09 02 1  8532  8543  8485  8524  8484  8491  8483  8505  8538  8523  8550  8541
TBILIS 2001 09 02 2  8498  8568  8557  8566  8579  8586  8586  8563  8574  8530  8534  8552
TBILIS 2001 09 03 1  8515  8516  8511  8545  8512  8506  8553  8532  8591  8615  8620  8586
TBILIS 2001 09 03 2  8630  8633  8650  8656  8649  8618  8604  8644  8589  8605  8577  8602
TBILIS 2001 09 04 1  8604  8599  8600  8606  8599  8580  8618  8617  8680  8690  8693  8704
TBILIS 2001 09 04 2  8681  8688  8709  8657  8656  8661  8673  8679  8643  8676  8680  8678
TBILIS 2001 09 05 1  8619  8627  8627  8629  8628  8667  8620  8640  8643  8663  8627  8722
TBILIS 2001 09 05 2  8715  8718  8738  8703  8697  8686  8669  8679  8686  8681  8614  8630
TBILIS 2001 09 06 1  8627  8610  8613  8622  8643  8661  8672  8665  8652  8660  8711  8726
TBILIS 2001 09 06 2  8788  8760  8780  8786  8781  8756  8711  8738  8733  8728  8657  8670
TBILIS 2001 09 07 1  8636  8632  8616  8637  8651  8654  8649  8638  8657  8647  8669  8675
TBILIS 2001 09 07 2  8686  8703  8661  8636  8654  8638  8632  8670  8637  8651  8629  8653
TBILIS 2001 09 08 1  8659  8643  8642  8665  8637  8609  8667  8624  8681  8717  8756  8732
TBILIS 2001 09 08 2  8707  8685  8744  8727  8701  8715  8717  8686  8713  8644  8635  8665
TBILIS 2001 09 09 1  8684  8655  8675  8658  8672  8723  8727  8726  8723  8697  8717  8728
TBILIS 2001 09 09 2  8725  8782  8804  8797  8809  8830  8811  8780  8743  8788  8784  8796
TBILIS 2001 09 10 1  8832  8803  8776  8815  8789  8755  8735  8771  8781  8788  8784  8817
TBILIS 2001 09 10 2  8832  8820  8836  8830  8842  8835  8787  8816  8809  8806  8796  8828
TBILIS 2001 09 11 1  8781  8771  8749  8750  8711  8719  8722  8728  8745  8745  8791  8792
TBILIS 2001 09 11 2  8759  8762  8761  8788  8800  8802  8823  8835  8813  8812  8785  8782
TBILIS 2001 09 12 1  8733  8775  8736  8699  8732  8770  8738  8763  8796  8742  8776  8765
TBILIS 2001 09 12 2  8794  8806  8824  8819  8819  8784  8811  8768  8720  8737  8745  8749
TBILIS 2001 09 13 1  8710  8726  8733  8728  8706  8771  8755  8746  8773  8802  8812  8777
TBILIS 2001 09 13 2  8788  8840  8922  8871  8826  8843  8777  8759  8824  8764  8795  8800
TBILIS 2001 09 14 1  8774  8779  8733  8730  8751  8704  8723  8672  8670  8701  8718  8732
TBILIS 2001 09 14 2  8758  8728  8704  8736  8749  8776  8741  8756  8761  8761  8662  8677
TBILIS 2001 09 15 1  8677  8675  8698  8728  8699  8690  8712  8709  8693  8700  8679  8700
TBILIS 2001 09 15 2  8700  8651  8666  8677  8668  8647  8665  8687  8640  8679  8672  8615
TBILIS 2001 09 16 1  8643  8658  8641  8663  8710  8674  8707  8694  8743  8708  8697  8740
TBILIS 2001 09 16 2  8713  8743  8772  8760  8752  8725  8781  8775  8768  8757  8773  8717
TBILIS 2001 09 17 1  8737  8729  8729  8690  8714  8707  8680  8728  8747  8763  8762  8726
TBILIS 2001 09 17 2  8772  8770  8726  8772  8760  8797  8800  8776  8799  8743  8781  8754
TBILIS 2001 09 18 1  8700  8693  8704  8706  8698  8707  8745  8747  8741  8711  8704  8731
TBILIS 2001 09 18 2  8760  8765  8766  8823  8858  8823  8763  8831  8820  8763  8771  8746
TBILIS 2001 09 19 1  8783  8786  8725  8737  8706  8687  8690  8752  8689  8751  8747  8764
TBILIS 2001 09 19 2  8753  8768  8786  8813  8813  8819  8847  8797  8817  8803  8792  8814
TBILIS 2001 09 20 1  8782  8730  8739  8759  8747  8733  8738  8760  8794  8802  8792  8781
TBILIS 2001 09 20 2  8812  8819  8816  8827  8770  8822  8783  8816  8826  8818  8822  8784
TBILIS 2001 09 21 1  8749  8761  8789  8777  8754  8760  8766  8801  8780  8837  8848  8803
TBILIS 2001 09 21 2  8799  8797  8819  8834  8908  8907  8834  8869  8850  8853  8864  8833
TBILIS 2001 09 22 1  8942  8911  8924  8939  8921  8860  8799  8790  8786  8771  8850  8822
TBILIS 2001 09 22 2  8841  8860  8907  8920  8914  8910  8903  8936  8959  8901  8939  8920
TBILIS 2001 09 23 1  8901  8874  8847  8805  8781  8822  8839  8832  8828  8812  8801  8788
TBILIS 2001 09 23 2  8818  8851  8850  8827  8796  8813  8842  8829  8810  8792  8744  8732
TBILIS 2001 09 24 1  8740  8728  8706  8701  8712  8727  8814  8753  8768  8769  8768  8787
TBILIS 2001 09 24 2  8794  8788  8795  8775  8787  8786  8787  8802  8792  8782  8778  8751
TBILIS 2001 09 25 1  8764  8744  8758  8752  8724  8745  8746  8743  8761  8751  8731  8773
TBILIS 2001 09 25 2  8735  8774  8783  8779  8773  8779  8792  8745  8629  8493  8451  8453
TBILIS 2001 09 26 1  8430  8502  8484  8373  8294  8290  8262  8234  8233  8238  8198  8279
TBILIS 2001 09 26 2  8303  8361  8354  8375  8378  8419  8438  8408  8393  8376  8381  8366
TBILIS 2001 09 27 1  8376  8398  8382  8426  8387  8352  8379  8366  8365  8376  8367  8381
TBILIS 2001 09 27 2  8330  8406  8386  8433  8463  8499  8518  8511  8474  8457  8474  8458
TBILIS 2001 09 28 1  8481  8475  8434  8421  8423  8431  8461  8438  8428  8432  8431  8470
TBILIS 2001 09 28 2  8484  8439  8514  8519  8539  8516  8489  8531  8530  8541  8560  8539
TBILIS 2001 09 29 1  8477  8512  8485  8530  8487  8487  8485  8466  8486  8515  8527  8558
TBILIS 2001 09 29 2  8530  8558  8500  8505  8526  8557  8674  8675  8656  8638  8592  8471
TBILIS 2001 09 30 1  8391  8361  8294  8301  8314  8300  8372  8396  8416  8396  8400  8401
TBILIS 2001 09 30 2  8447  8474  8503  8495  8534  8514  8522  8545  8460  8377  8237  8211
TBILIS 2001 09 31 1 99999 99999 99999 99999 99999 99999 99999 99999 99999 99999 99999 99999
TBILIS 2001 09 31 2 99999 99999 99999 99999 99999 99999 99999 99999 99999 99999 99999 99999
Cosmic-Ray Neutron Monitor Data (Hourly, Pressure-Corrected and Scale-Adjusted Counts)
Collections: WDC for Cosmic Rays, Solar-Terrestrial Environment Laboratory, Nagoya Univ.
Data Access: http://center.stelab.nagoya-u.ac.jp/WDCCR/index.html
Project: ICSU WDC
Citation: WDC for Cosmic Rays, Solar-Terrestrial Environment Laboratory, Nagoya University
Station ID: TBILIS
Station:  TBILISI,GIORGIA,INSTITUT GEOPHYSIKY (IG), GIORGIAN ACADEMY OF SCIENCES,GIORGIA 
Instrument:  18 NM-64 NEUTRON MONITOR, CORRECTED FOR PRESSURE TO 965 MB   ,COEF.=-0.690 %/MB
Latitude (deg.):   41.72  Longitude (deg.):   44.80  Altitude (m):  510.00
Cut-Off Rigidity (GV):    6.73
Year: 2001  Month:  10
Scaling Factor (SF):    64.0   Constant (CONST):     0.0  Real Counts = (DATA + CONST)*SF
Temporal Resolution: 1 hour
UTC Start Hour:     0.0
                         FILE IS PREPARED IN IZMIRAN                            
                                                        
Monthly Average:  8630.2
Updated (YYYY MM DD): 2003 10 20
*******************************************************************************************
ID     YYYY MM DD 1     0     1     2     3     4     5     6     7     8     9    10    11
ID     YYYY MM DD 2    12    13    14    15    16    17    18    19    20    21    22    23
*******************************************************************************************
TBILIS 2001 10 01 1  8142  8176  8183  8266  8327  8409  8419  8395  8448  8514  8507  8494
TBILIS 2001 10 01 2  8463  8464  8486  8513  8534  8520  8505  8434  8440  8410  8387  8377
TBILIS 2001 10 02 1  8358  8308  8335  8295  8280  8274  8331  8367  8416  8452  8417  8431
TBILIS 2001 10 02 2  8450  8428  8457  8418  8421  8431  8448  8440  8431  8485  8451  8453
TBILIS 2001 10 03 1  8446  8443  8427  8466  8420  8439  8435  8444  8429  8463  8496  8541
TBILIS 2001 10 03 2  8602  8563  8567  8481  8486  8422  8407  8410  8397  8394  8391  8392
TBILIS 2001 10 04 1  8408  8408  8459  8433  8466  8453  8491  8540  8568  8589  8539  8494
TBILIS 2001 10 04 2  8505  8505  8430  8446  8457  8490  8437  8445  8437  8419  8454  8507
TBILIS 2001 10 05 1  8521  8533  8529  8530  8554  8547  8580  8590  8623  8644  8625  8630
TBILIS 2001 10 05 2  8596  8601  8607  8585  8556  8582  8593  8547  8573  8582  8581  8567
TBILIS 2001 10 06 1  8563  8563  8546  8548  8555  8568  8586  8551  8561  8570  8633  8596
TBILIS 2001 10 06 2  8556  8568  8544  8551  8572  8551  8529  8509  8492  8535  8543  8586
TBILIS 2001 10 07 1  8554  8559  8578  8543  8529  8555  8578  8598  8613  8619  8606  8617
TBILIS 2001 10 07 2  8581  8603  8609  8553  8538  8539  8523  8475  8454  8457  8466  8424
TBILIS 2001 10 08 1  8464  8431  8456  8491  8517  8546  8582  8648  8690  8694  8716  8748
TBILIS 2001 10 08 2  8731  8737  8759  8725  8742  8705  8676  8550  8566  8578  8569  8529
TBILIS 2001 10 09 1  8495  8523  8520  8516  8553  8523  8502  8484  8520  8555  8557  8591
TBILIS 2001 10 09 2  8568  8584  8574  8599  8593  8562  8607  8595  8568  8562  8502  8461
TBILIS 2001 10 10 1  8517  8517  8557  8607  8643 99999 99999 99999 99999 99999 99999 99999
TBILIS 2001 10 10 2  8761 99999 99999 99999 99999 99999 99999 99999  8777  8749  8763  8762
TBILIS 2001 10 11 1  8807  8792  8803  8843  8788  8779  8831  8865  8905  8854  8877  8875
TBILIS 2001 10 11 2  8892  8878  8868  8892  8866  8855  8817  8703  8612  8552  8478  8508
TBILIS 2001 10 12 1  8464  8459  8448  8456  8456  8456  8498  8485  8538  8562  8591  8619
TBILIS 2001 10 12 2  8568  8579  8561  8549  8559  8551  8511  8570  8573  8525  8533  8576
TBILIS 2001 10 13 1  8524  8483  8544  8552  8460  8489  8467  8478  8462  8441  8521  8500
TBILIS 2001 10 13 2  8531  8501  8506  8500  8544  8509  8486  8501  8497  8500  8477  8501
TBILIS 2001 10 14 1  8488  8464  8485  8490 99999  8511  8522  8562  8524  8587  8573  8606
TBILIS 2001 10 14 2  8519  8592  8597  8567  8615  8621  8619  8637  8625  8607  8619  8628
TBILIS 2001 10 15 1  8585  8591  8581  8576  8589  8569  8541  8564  8561  8585  8588  8616
TBILIS 2001 10 15 2  8626  8628  8641  8599  8637  8615  8695  8666  8676  8642  8675  8693
TBILIS 2001 10 16 1  8691  8701  8666  8651  8640  8658  8649  8625  8644  8705  8721  8718
TBILIS 2001 10 16 2  8712  8687  8706  8695 99999 99999 99999 99999 99999 99999 99999 99999
TBILIS 2001 10 17 1 99999 99999 99999 99999 99999 99999  8684  8704  8726  8739  8769  8765
TBILIS 2001 10 17 2  8734 99999 99999 99999 99999 99999 99999  8756  8731  8748  8711  8688
TBILIS 2001 10 18 1  8724  8711 99999  8691  8692  8668  8669  8668  8671  8695  8703  8717
TBILIS 2001 10 18 2  8731  8773  8708  8785  8734  8735  8768  8800  8789  8762  8777  8799
TBILIS 2001 10 19 1  8746  8757  8751  8746  8734  8753  8763  8775  8770  8752  8796  8819
TBILIS 2001 10 19 2  8795  8802  8801  8768  8811  8812  8825  8778  8765  8766  8749  8805
TBILIS 2001 10 20 1  8776  8777  8741  8731  8728  8720  8757  8763  8774  8789  8814  8857
TBILIS 2001 10 20 2  8846  8867  8866  8898  8882  8834  8853  8821  8865  8852  8848  8857
TBILIS 2001 10 21 1  8871  8856  8854  8801  8797  8810  8821  8798  8812  8849  8839  8813
TBILIS 2001 10 21 2  8868  8850  8840  8860  8866  8907  8923  8844  8916  8741  8704  8702
TBILIS 2001 10 22 1  8592  8598  8658  8651  8644  8620  8621  8637  8662  8652  8669  8692
TBILIS 2001 10 22 2  8743  8731  8700  8745  8728  8773  8710  8717  8689  8700  8669  8658
TBILIS 2001 10 23 1  8685  8690  8676  8667  8649  8664  8676  8654  8667  8646  8667  8627
TBILIS 2001 10 23 2  8674  8648  8655  8673  8657  8687  8669  8698  8707  8678  8720  8670
TBILIS 2001 10 24 1  8706  8673  8641  8650  8656  8658  8671  8693  8735  8739  8748  8769
TBILIS 2001 10 24 2  8742  8740  8735  8697  8736  8729  8732  8730  8733  8745  8743  8732
TBILIS 2001 10 25 1  8729  8664  8695  8709  8721  8743  8685  8783  8790  8781  8751  8749
TBILIS 2001 10 25 2  8710  8723  8684  8636  8627  8578  8592  8572  8522  8556  8568  8546
TBILIS 2001 10 26 1  8520  8541  8533  8530  8568  8571  8558  8578  8580  8629  8629  8683
TBILIS 2001 10 26 2  8669  8677  8687  8660  8653  8658  8621  8604  8577  8582  8589  8575
TBILIS 2001 10 27 1  8611  8598  8598  8579  8610  8622  8681  8673  8659  8696  8708  8720
TBILIS 2001 10 27 2  8694  8719  8704  8681  8662  8707  8737  8678  8657  8611  8560  8580
TBILIS 2001 10 28 1  8612  8690  8711  8695  8668  8630  8635  8625  8674  8738  8710  8738
TBILIS 2001 10 28 2  8711  8683  8643  8604  8607 99999  8669  8686  8705  8688  8670  8705
TBILIS 2001 10 29 1  8716  8723  8755  8721  8751  8692  8691 99999 99999  8741  8739  8758
TBILIS 2001 10 29 2  8709  8735  8738  8772  8748  8731  8718  8700  8698  8709  8712  8692
TBILIS 2001 10 30 1  8760  8693  8717  8686  8678  8676  8690  8705  8756  8756  8740  8735
TBILIS 2001 10 30 2  8747  8762  8722  8745  8746  8767  8722  8717  8698  8676  8692  8668
TBILIS 2001 10 31 1  8609  8601  8598  8638  8632  8677  8730  8722  8738  8786  8737  8705
TBILIS 2001 10 31 2  8744  8726  8728  8711  8752  8784  8777  8737  8746  8729  8744  8767
Cosmic-Ray Neutron Monitor Data (Hourly, Pressure-Corrected and Scale-Adjusted Counts)
Collections: WDC for Cosmic Rays, Solar-Terrestrial Environment Laboratory, Nagoya Univ.
Data Access: http://center.stelab.nagoya-u.ac.jp/WDCCR/index.html
Project: ICSU WDC
Citation: WDC for Cosmic Rays, Solar-Terrestrial Environment Laboratory, Nagoya University
Station ID: TBILIS
Station:  TBILISI,GIORGIA,INSTITUT GEOPHYSIKY (IG), GIORGIAN ACADEMY OF SCIENCES,GIORGIA 
Instrument:  18 NM-64 NEUTRON MONITOR, CORRECTED FOR PRESSURE TO 965 MB   ,COEF.=-0.690 %/MB
Latitude (deg.):   41.72  Longitude (deg.):   44.80  Altitude (m):  510.00
Cut-Off Rigidity (GV):    6.73
Year: 2001  Month:  11
Scaling Factor (SF):    64.0   Constant (CONST):     0.0  Real Counts = (DATA + CONST)*SF
Temporal Resolution: 1 hour
UTC Start Hour:     0.0
                         FILE IS PREPARED IN IZMIRAN                            
                                                        
Monthly Average:  8741.7
Updated (YYYY MM DD): 2003 10 20
*******************************************************************************************
ID     YYYY MM DD 1     0     1     2     3     4     5     6     7     8     9    10    11
ID     YYYY MM DD 2    12    13    14    15    16    17    18    19    20    21    22    23
*******************************************************************************************
TBILIS 2001 11 01 1  8744  8798  8841  8770  8758  8691  8723  8720  8715  8792  8803  8768
TBILIS 2001 11 01 2  8809  8821  8806  8799  8803  8789  8736  8718  8750  8707  8705  8701
TBILIS 2001 11 02 1  8691  8708  8742  8788  8816  8842  8819  8829  8804  8836  8846  8791
TBILIS 2001 11 02 2  8815  8813  8788  8815  8827  8838  8830  8827  8821  8829  8853  8846
TBILIS 2001 11 03 1  8824  8833  8815  8841  8803  8804  8788  8790  8803  8825  8788  8813
TBILIS 2001 11 03 2  8802  8810  8793  8774  8802  8795  8837  8838  8808  8798  8788  8802
TBILIS 2001 11 04 1  8773  8767  8770  8738  8736  8755  8724  8718  8750  8766  8778  8783
TBILIS 2001 11 04 2  8804  8848  8819  8783  8818  8801  8808  8806  8841  8841  8828  8814
TBILIS 2001 11 05 1  8853  8829  8804  8830  8812  8823  8832  8850  8871  8851  8888  8913
TBILIS 2001 11 05 2  8885  8879  8874  8850  8904  8913  8925  8948  8972  9007  9000  8982
TBILIS 2001 11 06 1  9047  9063  8947  8912  8894  8933  8815  8753  8726  8747  8740  8693
TBILIS 2001 11 06 2  8641  8621  8600  8568  8487  8423  8378  8344  8413  8398  8354  8445
TBILIS 2001 11 07 1  8448  8394  8425  8409  8413  8476  8496  8540  8552  8592  8573  8586
TBILIS 2001 11 07 2  8609  8611  8587  8611  8607  8615  8625  8577  8591  8598  8593  8610
TBILIS 2001 11 08 1  8607  8583  8600  8600  8564  8593  8626  8656  8710  8717  8743  8718
TBILIS 2001 11 08 2  8735  8769  8742  8713  8726  8716  8698  8716  8691  8698  8706  8685
TBILIS 2001 11 09 1  8665  8667  8659  8634  8639  8674  8686  8707  8765  8760  8762  8767
TBILIS 2001 11 09 2  8753  8772  8716  8732  8744  8719  8710  8733  8695  8698  8705  8706
TBILIS 2001 11 10 1  8712  8693  8691  8684  8709  8727  8700  8719  8747  8794  8727  8749
TBILIS 2001 11 10 2  8742  8750  8767  8779  8739  8734  8772  8733  8725  8727  8718  8703
TBILIS 2001 11 11 1  8766  8784  8789  8799  8812  8806  8792  8790  8804  8812  8831  8825
TBILIS 2001 11 11 2  8814  8804  8799  8795  8795  8787  8776  8787  8764  8716  8687  8713
TBILIS 2001 11 12 1  8734  8703  8682  8717  8671  8716  8750  8846  8857  8875  8849  8874
TBILIS 2001 11 12 2  8882  8875  8842  8772  8762  8764  8765  8751  8692  8669  8638  8651
TBILIS 2001 11 13 1  8646  8630  8641  8592  8590  8604  8551  8621  8658  8684  8709  8747
TBILIS 2001 11 13 2  8755  8785  8768  8808  8819  8775  8771  8740  8667  8651  8647  8607
TBILIS 2001 11 14 1  8650  8613  8630  8635  8668  8690  8761  8739  8772  8760  8767  8760
TBILIS 2001 11 14 2  8774  8817  8814  8801  8793  8773  8785  8740  8717  8689  8713  8740
TBILIS 2001 11 15 1  8750  8756  8786  8726  8738  8770  8746  8774  8818  8813  8758  8784
TBILIS 2001 11 15 2  8803  8790  8795  8816  8782  8857  8904  8839  8832  8784  8817  8773
TBILIS 2001 11 16 1  8813  8789  8835  8803  8801  8818  8800  8834  8808  8829  8856  8858
TBILIS 2001 11 16 2  8882  8868  8839  8862  8848  8802  8855  8839  8870  8853  8898  8914
TBILIS 2001 11 17 1  8934  8900  8913  8939  8918  8920  8871  8893  8861  8908  8985  8997
TBILIS 2001 11 17 2  8981  9021  8999  8951  8954  8986  8949  8898  8867  8878  8865  8889
TBILIS 2001 11 18 1  8833  8830  8823  8812  8848  8793  8839  8871  8872  8877  8873  8907
TBILIS 2001 11 18 2  8929  8965  8908  8940  8951  8942  8907  8923  8884  8912  8919  8910
TBILIS 2001 11 19 1  8880  8874  8844  8835  8814  8780  8822  8876  8894  8912  8906  8942
TBILIS 2001 11 19 2  8899  8899  8907  8905  8941  8916  8887  8835  8831  8773  8810  8768
TBILIS 2001 11 20 1  8724  8751  8762  8738  8782  8752  8779  8834  8900  8887  8906  8921
TBILIS 2001 11 20 2  8892  8877  8857  8871  8833  8866  8871  8868  8864  8898  8866  8860
TBILIS 2001 11 21 1  8851  8778  8805  8783  8801  8765  8761  8742  8715  8739  8750  8730
TBILIS 2001 11 21 2  8741  8743  8791  8815  8824  8841  8807  8800  8745  8810  8781  8768
TBILIS 2001 11 22 1  8776  8775  8747  8718  8672  8650  8606  8589  8590  8634  8638  8671
TBILIS 2001 11 22 2  8658  8698  8635  8665  8675  8644  8702  8683  8715  8713  8768  8728
TBILIS 2001 11 23 1  8725  8691  8694  8703  8687  8673  8690  8707  8710  8722  8728  8735
TBILIS 2001 11 23 2  8701  8736  8723  8725  8738  8729  8755  8741  8757  8771  8742  8755
TBILIS 2001 11 24 1  8793  8849  8822  8858  8822  8792  8804  8824  8728  8651  8537  8592
TBILIS 2001 11 24 2  8688  8763  8856  8794  8660  8663  8506  8469  8489  8414  8340  8302
TBILIS 2001 11 25 1  8293  8339  8425  8415  8448  8379  8333  8367  8414  8417  8433  8454
TBILIS 2001 11 25 2  8435  8416  8348  8376  8369  8376  8391  8374  8350  8331  8322  8357
TBILIS 2001 11 26 1  8396  8414  8397  8440  8448  8481  8501  8513  8546  8572  8553  8564
TBILIS 2001 11 26 2  8584  8583  8589  8654  8670  8638  8663  8642  8633  8563  8564  8564
TBILIS 2001 11 27 1  8546  8528  8529  8526  8556  8550  8580  8606  8698  8709  8718  8732
TBILIS 2001 11 27 2  8746  8675  8761  8714  8712  8719  8726  8702  8686  8607  8662  8625
TBILIS 2001 11 28 1  8603  8607  8640  8641  8679  8708  8735  8706  8752  8788  8810  8790
TBILIS 2001 11 28 2  8797  8802  8804  8786  8761  8742  8729  8717  8714  8712  8694  8704
TBILIS 2001 11 29 1  8697  8725  8690  8730  8738  8756  8768  8814  8804  8826  8802  8788
TBILIS 2001 11 29 2  8818  8814  8799  8764  8812  8835  8782  8747  8747  8722  8716  8767
TBILIS 2001 11 30 1  8739  8761  8778  8761  8807  8761  8791  8831  8856  8846  8864  8886
TBILIS 2001 11 30 2  8838  8843  8844  8853  8881  8842  8805  8853  8813  8802  8810  8819
TBILIS 2001 11 31 1 99999 99999 99999 99999 99999 99999 99999 99999 99999 99999 99999 99999
TBILIS 2001 11 31 2 99999 99999 99999 99999 99999 99999 99999 99999 99999 99999 99999 99999
Cosmic-Ray Neutron Monitor Data (Hourly, Pressure-Corrected and Scale-Adjusted Counts)
Collections: WDC for Cosmic Rays, Solar-Terrestrial Environment Laboratory, Nagoya Univ.
Data Access: http://center.stelab.nagoya-u.ac.jp/WDCCR/index.html
Project: ICSU WDC
Citation: WDC for Cosmic Rays, Solar-Terrestrial Environment Laboratory, Nagoya University
Station ID: TBILIS
Station:  TBILISI,GIORGIA,INSTITUT GEOPHYSIKY (IG), GIORGIAN ACADEMY OF SCIENCES,GIORGIA 
Instrument:  18 NM-64 NEUTRON MONITOR, CORRECTED FOR PRESSURE TO 965 MB   ,COEF.=-0.690 %/MB
Latitude (deg.):   41.72  Longitude (deg.):   44.80  Altitude (m):  510.00
Cut-Off Rigidity (GV):    6.73
Year: 2001  Month:  12
Scaling Factor (SF):    64.0   Constant (CONST):     0.0  Real Counts = (DATA + CONST)*SF
Temporal Resolution: 1 hour
UTC Start Hour:     0.0
                         FILE IS PREPARED IN IZMIRAN                            
                                                        
Monthly Average:  8709.0
Updated (YYYY MM DD): 2003 10 20
*******************************************************************************************
ID     YYYY MM DD 1     0     1     2     3     4     5     6     7     8     9    10    11
ID     YYYY MM DD 2    12    13    14    15    16    17    18    19    20    21    22    23
*******************************************************************************************
TBILIS 2001 12 01 1  8815  8825  8816  8815  8812  8771  8752  8750  8742  8802  8796  8778
TBILIS 2001 12 01 2  8742  8726  8744  8745  8743  8708  8718  8695  8750  8704  8691  8686
TBILIS 2001 12 02 1  8743  8679  8693  8677  8656  8669  8646  8721  8722  8749  8731  8737
TBILIS 2001 12 02 2  8757  8755  8748  8786  8783  8771  8793  8812  8779  8782  8769  8781
TBILIS 2001 12 03 1  8788  8729  8770  8778  8735  8726  8705  8704  8763  8763  8780  8770
TBILIS 2001 12 03 2  8740  8771  8789  8815  8784  8826  8743  8789  8787  8731  8741  8712
TBILIS 2001 12 04 1  8735  8702  8724  8682  8674 99999 99999  8634  8604  8623  8637  8719
TBILIS 2001 12 04 2  8744  8717  8706  8662  8649  8632  8629  8602  8629  8624  8619  8568
TBILIS 2001 12 05 1  8556  8593  8571  8569  8583  8648  8637  8658  8666  8643  8644  8676
TBILIS 2001 12 05 2  8590  8547  8580  8588  8530  8511  8540  8520  8494  8498  8486  8487
TBILIS 2001 12 06 1  8516  8486  8486  8465  8480  8489  8474  8496  8509  8516  8506  8511
TBILIS 2001 12 06 2  8570  8539  8564  8576  8583  8570  8535  8518  8539  8537  8558  8560
TBILIS 2001 12 07 1  8566  8516  8533  8499  8502  8484  8521  8533  8587  8585  8585  8588
TBILIS 2001 12 07 2  8534  8598  8579  8608  8624  8617  8616  8628  8614  8623  8588  8621
TBILIS 2001 12 08 1  8570  8617  8639  8617  8627  8611  8617  8619  8643  8638  8624  8611
TBILIS 2001 12 08 2  8618  8620  8631  8639  8657  8656  8665  8612  8650  8634  8627  8635
TBILIS 2001 12 09 1  8682  8684  8670  8632  8634  8642  8598  8625  8683  8685  8716  8678
TBILIS 2001 12 09 2  8700  8680  8696  8686  8703  8732  8686  8723  8753  8745  8788  8698
TBILIS 2001 12 10 1  8766  8776  8759  8757  8724  8740  8730  8728  8742  8779  8760  8726
TBILIS 2001 12 10 2  8742  8722  8757  8770  8797  8769  8748  8754  8732  8726  8755  8751
TBILIS 2001 12 11 1  8791  8792  8766  8764  8757  8759  8766  8759  8768  8798  8751  8796
TBILIS 2001 12 11 2  8775  8822  8808  8801  8815  8796  8780  8807  8820  8761  8769  8748
TBILIS 2001 12 12 1  8724  8734  8762  8760  8788  8785  8766  8777  8816  8804  8795  8815
TBILIS 2001 12 12 2  8841  8799  8849  8822  8882  8841  8841  8809  8837  8834  8806  8815
TBILIS 2001 12 13 1  8819  8795  8826  8842  8791  8806  8807  8813  8830  8869  8871  8835
TBILIS 2001 12 13 2  8828  8859  8830  8838  8858  8838  8884  8849  8867  8843  8822  8816
TBILIS 2001 12 14 1  8821  8805  8776  8735  8735  8739  8758  8794  8792  8841  8837  8850
TBILIS 2001 12 14 2  8856  8838  8872  8882  8900  8870  8902  8853  8885  8862  8822  8769
TBILIS 2001 12 15 1  8783  8806  8771  8798  8804  8829  8871  8856  8865  8880  8883  8885
TBILIS 2001 12 15 2  8868  8903  8877  8754  8727  8696  8669  8630  8599  8608  8666  8668
TBILIS 2001 12 16 1  8655  8648  8678  8620  8562  8603  8640  8772  8766  8777  8773  8790
TBILIS 2001 12 16 2  8786  8776  8735  8734  8683  8676  8631  8613  8604  8596  8565  8617
TBILIS 2001 12 17 1  8616  8606  8576  8606  8575  8616  8615  8598  8597  8594  8612  8629
TBILIS 2001 12 17 2  8654  8673  8678  8685  8701  8688  8654  8648  8651  8620  8609  8621
TBILIS 2001 12 18 1  8635  8685  8659  8681  8669  8613  8616  8567  8602  8657  8673  8669
TBILIS 2001 12 18 2  8720  8748  8757  8773  8780  8772  8747  8753  8731  8772  8743  8753
TBILIS 2001 12 19 1  8760  8752  8791  8751  8770  8730  8749  8736  8736  8778  8735  8737
TBILIS 2001 12 19 2  8725  8757  8696  8737  8749  8759  8757  8739  8760  8734  8764  8751
TBILIS 2001 12 20 1  8720  8753  8741  8743  8709  8765  8785  8787  8785  8804  8780  8802
TBILIS 2001 12 20 2  8797  8783  8758  8825  8774  8791  8770  8769  8752  8754  8770  8744
TBILIS 2001 12 21 1  8683  8666  8670  8657  8659  8695  8694  8762  8796  8783  8793  8806
TBILIS 2001 12 21 2  8771  8788  8759  8801  8814  8768  8765  8783  8760  8809  8789  8737
TBILIS 2001 12 22 1  8736  8705  8706  8671  8702  8686  8712  8719  8778  8739  8797  8784
TBILIS 2001 12 22 2  8802  8784  8767  8784  8766  8735  8714  8730  8693  8683  8709 99999
TBILIS 2001 12 23 1 99999 99999 99999 99999 99999 99999 99999 99999 99999 99999 99999 99999
TBILIS 2001 12 23 2 99999 99999 99999  8756  8736  8723  8721  8719  8670  8646  8668 99999
TBILIS 2001 12 24 1 99999 99999 99999 99999  8708 99999  8767  8792  8748  8759  8779  8834
TBILIS 2001 12 24 2  8817  8818  8841  8850  8849  8844  8898  8862  8855  8829  8825  8813
TBILIS 2001 12 25 1  8796  8806  8794  8800  8833  8840  8843  8805  8837  8805  8867  8835
TBILIS 2001 12 25 2  8812  8833  8820  8795  8791  8781  8795  8769  8739  8740  8735  8765
TBILIS 2001 12 26 1  8767  8788  8782  8815  8798  8820  8883  8856  8842  8846  8821  8792
TBILIS 2001 12 26 2  8776  8735  8716  8700  8728  8708  8699  8632  8654  8614  8608  8629
TBILIS 2001 12 27 1  8644  8627  8708  8719  8682  8736  8739  8777  8787  8776  8788  8769
TBILIS 2001 12 27 2  8758  8741  8712  8706  8693  8710  8692  8698  8706  8717  8722  8738
TBILIS 2001 12 28 1  8723  8689  8726  8740  8736  8708  8698  8776  8765  8763  8736  8717
TBILIS 2001 12 28 2  8765  8754  8754  8760  8804  8815  8823  8798  8785  8776  8743  8746
TBILIS 2001 12 29 1  8744  8746  8714  8662  8714  8700  8649  8579  8579  8581  8573  8533
TBILIS 2001 12 29 2  8577  8584  8581  8595  8590  8600  8606  8601  8586  8615  8607  8629
TBILIS 2001 12 30 1  8601  8580  8634  8680  8671  8696  8713  8697  8650  8691  8695  8693
TBILIS 2001 12 30 2  8703  8716  8727  8723  8760  8810  8742  8727  8606  8635  8662  8599
TBILIS 2001 12 31 1  8651  8656  8625  8576  8555  8505  8476  8450  8435  8490  8529  8539
TBILIS 2001 12 31 2  8514  8468  8389  8338  8340  8295  8318  8350  8338  8324  8306  8344
