Cosmic-Ray Neutron Monitor Data (Hourly, Pressure-Corrected and Scale-Adjusted Counts)
Collections: WDC for Cosmic Rays, Solar-Terrestrial Environment Laboratory, Nagoya Univ.
Data Access: http://center.stelab.nagoya-u.ac.jp/WDCCR/index.html
Project: ICSU WDC
Citation: WDC for Cosmic Rays, Solar-Terrestrial Environment Laboratory, Nagoya University
Station ID: TBILIS
Station:  TBILISI,GIORGIA,INSTITUT GEOPHYSIKY (IG), GIORGIAN ACADEMY OF SCIENCES,GIORGIA 
Instrument: 18-NM-64 Corrected to 965 mb Standard Pressure, Coef =-0.69 %/mb                
Latitude (deg.):   41.43  Longitude (deg.):   44.48  Altitude (m):  510.00
Cut-Off Rigidity (GV):    6.73
Year: 2009  Month:   1
Scaling Factor (SF):    64.0   Constant (CONST):     0.0  Real Counts = (DATA + CONST)*SF
Temporal Resolution: 1 hour
UTC Start Hour:     0.0
TBILISI,NUTSUBIDSE 77, GIORGIA           DATA FROM  IZMIRAN                     
ftp://cr0.izmiran.rssi.ru/Cosray!/FTP_NM/C/             
Monthly Average:  9099.6
Updated (YYYY MM DD): 2010 08 08
*******************************************************************************************
ID     YYYY MM DD 1     0     1     2     3     4     5     6     7     8     9    10    11
ID     YYYY MM DD 2    12    13    14    15    16    17    18    19    20    21    22    23
*******************************************************************************************
TBILIS 2009 01 01 1  9101  9118  9145  9110  9115  9090  9123  9074  9107  9170  9231  9202
TBILIS 2009 01 01 2  9159  9171  9168  9178  9099  9139  9107  9081  9083  9127  9082  9063
TBILIS 2009 01 02 1  9097  9070  9072  9054  9044  9067  9031  9033  9033  9089  9096  9068
TBILIS 2009 01 02 2  9071  9074  9093  9084  9069  9054  9076  9047  9003  9046  9051  9058
TBILIS 2009 01 03 1  9064  9095  9069  9040  9050  9110  9072  9017  9077  9134  9123  9049
TBILIS 2009 01 03 2  9086  9017  9025  9042  9017  9017  9003  9004  9043  9013  9009  8991
TBILIS 2009 01 04 1  9013  8946  8986  8987  8999  9018  8974  9047  9061  9086  9109  9090
TBILIS 2009 01 04 2  9032  9010  9023  9007  8984  8997  9007  8954  8975  8989  8948  8950
TBILIS 2009 01 05 1  8973  8984  9032  9072  9097  9073  9082  9096  9110  9155  9109  9059
TBILIS 2009 01 05 2  9093  9091  9119  9100  9081  9102  9087  9055  9073  9048  9030  8994
TBILIS 2009 01 06 1  8940  8951  8968  8990  8989  9095  9045  9090  9148  9150  9184  9205
TBILIS 2009 01 06 2  9107  9137  9122  9086  9089  9103  9077  9109  9109  9071  9069  9013
TBILIS 2009 01 07 1  9045  9038  9048  9059  9046  9082  9062  9097  9101  9115  9114  9112
TBILIS 2009 01 07 2  9096  9079  9088  9081  9150  9150  9131  9107  9078  9091  9067  9030
TBILIS 2009 01 08 1  9087  9082  9087  9045  9058  9081  9054  9062  9122  9111  9118  9107
TBILIS 2009 01 08 2  9130  9118  9126  9174  9065  9096  9086  9065  9037  9033  9071  9087
TBILIS 2009 01 09 1  9048  9059  9052  9052  9054  9065  9113  9138  9127  9171  9133  9133
TBILIS 2009 01 09 2  9176  9097  9137  9112  9075  9056  9015  9062  9019  9040  9033  9016
TBILIS 2009 01 10 1  9017  9034  8986  8993  8998  9030  9085  9077  9092  9070  9076  9129
TBILIS 2009 01 10 2  9092  9130  9084  9136  9149  9145  9161  9147  9116  9147  9141  9130
TBILIS 2009 01 11 1  9143  9151  9137  9104  9094  9084  9082  9092  9104  9092  9185  9174
TBILIS 2009 01 11 2  9170  9160  9141  9144  9115  9110  9072  9082  9109  9095  9085  9040
TBILIS 2009 01 12 1  9050  9025  9057  9034  9081  9083  9097  9110  9141  9090  9111  9142
TBILIS 2009 01 12 2  9119  9124  9086  9088  9131  9160  9114  9109  9101  9081  9106  9012
TBILIS 2009 01 13 1  9003  9061  9018  9061  9042  9040  9078  9047  9093  9072  9068  9081
TBILIS 2009 01 13 2  9064  9097  9048  9014  8995  9010  9028  9021  9010  9002  8963  8991
TBILIS 2009 01 14 1  8961  8995  9009  9006  8994  9045  9050  9085  9089  9088  9124  9157
TBILIS 2009 01 14 2  9119  9157  9121  9086  9092  9092  9106  9075  9120  9110  9052  9073
TBILIS 2009 01 15 1  9068  9093  9049  9024  9061  9082  9093  9055  9049  9086  9089  9114
TBILIS 2009 01 15 2  9131  9138  9084  9056  9070  9092  9092  9115  9085  9067  9063  9039
TBILIS 2009 01 16 1  9045  9065  9045  9046  9085  9064  9082  9097  9126  9135  9143  9123
TBILIS 2009 01 16 2  9095  9082  9123  9118  9176  9156  9165  9156  9180  9162  9099  9119
TBILIS 2009 01 17 1  9148  9140  9155  9151  9093  9100  9144  9153  9133  9130  9152  9152
TBILIS 2009 01 17 2  9135  9142  9139  9149  9178  9165  9182  9176  9147  9136  9139  9105
TBILIS 2009 01 18 1  9088  9066  9065  9063  9051  9080  9095  9124  9186  9182  9162  9163
TBILIS 2009 01 18 2  9225  9141  9120  9127  9147  9140  9121  9103  9085  9095  9065  9091
TBILIS 2009 01 19 1  9101  9067  9084  9064  9074  9018  9059  9067  9088  9139  9123  9125
TBILIS 2009 01 19 2  9083  9052  9035  9009  9078  9120  9146  9175  9152  9099  9095  9077
TBILIS 2009 01 20 1  9073  9035  9090  9069  9073  9041  9084  9110  9129  9159  9141  9142
TBILIS 2009 01 20 2  9150  9117  9153  9106  9139  9132  9067  9094  9081  9061  9065  9056
TBILIS 2009 01 21 1  9039  9023  9077  9051  9010  9044  9111  9070  9103  9126  9125  9098
TBILIS 2009 01 21 2  9099  9094  9119  9119  9118  9121  9112  9056  9041  9035  9047  9016
TBILIS 2009 01 22 1  9045  9026  8984  9012  9023  9036  9052  9056  9088  9121  9131  9144
TBILIS 2009 01 22 2  9150  9187  9145  9133  9161  9194  9195  9160  9156  9152  9128  9134
TBILIS 2009 01 23 1  9149  9120  9090  9108  9107  9099  9105  9128  9092  9123  9194  9148
TBILIS 2009 01 23 2  9135  9153  9152  9120  9162  9151  9203  9144  9164  9151  9172  9209
TBILIS 2009 01 24 1  9209  9177  9243  9232  9197  9209  9184  9161  9175  9171  9199  9163
TBILIS 2009 01 24 2  9219  9167  9176  9125  9117  9143  9156  9131  9147  9140  9172  9124
TBILIS 2009 01 25 1  9106  9109  9119  9130  9117  9137  9190  9179  9150  9212  9191  9196
TBILIS 2009 01 25 2  9247  9218  9202  9178  9184  9215  9194  9168  9163  9198  9162  9148
TBILIS 2009 01 26 1  9139  9113  9096  9113  9142  9099  9128  9094  9132  9121  9093  9133
TBILIS 2009 01 26 2  9170  9173  9187  9168  9135  9173  9167  9171  9115  9093  9073  9072
TBILIS 2009 01 27 1  9061  9047  9073  9049  9056  9128  9078  9070  9071  9112  9146  9133
TBILIS 2009 01 27 2  9121  9183  9146  9167  9126  9138  9138  9149  9148  9078  9102  9114
TBILIS 2009 01 28 1  9109  9134  9132  9117  9141  9155  9176  9130  9152  9183  9146  9177
TBILIS 2009 01 28 2  9137  9105  9127  9110  9085  9072  9084  9074  9068  9031  9055  9053
TBILIS 2009 01 29 1  9031  9038  9062  9022  9043  9038  9068  9050  9089  9135  9187  9187
TBILIS 2009 01 29 2  9174  9141  9105  9155  9191  9185  9184  9148  9179  9177  9158  9237
TBILIS 2009 01 30 1  9202  9191  9173  9176  9150  9144  9181  9203  9202  9181  9190  9160
TBILIS 2009 01 30 2  9118  9151  9160  9123  9114  9111  9111  9094  9105  9119  9070  9065
TBILIS 2009 01 31 1  9035  9040  9036  9024  9006  9049  9092  9105  9131  9164  9136  9138
TBILIS 2009 01 31 2  9166  9167  9137  9127  9143  9091  9077  9100  9088  9060  9073  9037
Cosmic-Ray Neutron Monitor Data (Hourly, Pressure-Corrected and Scale-Adjusted Counts)
Collections: WDC for Cosmic Rays, Solar-Terrestrial Environment Laboratory, Nagoya Univ.
Data Access: http://center.stelab.nagoya-u.ac.jp/WDCCR/index.html
Project: ICSU WDC
Citation: WDC for Cosmic Rays, Solar-Terrestrial Environment Laboratory, Nagoya University
Station ID: TBILIS
Station:  TBILISI,GIORGIA,INSTITUT GEOPHYSIKY (IG), GIORGIAN ACADEMY OF SCIENCES,GIORGIA 
Instrument: 18-NM-64 Corrected to 965 mb Standard Pressure, Coef =-0.69 %/mb                
Latitude (deg.):   41.43  Longitude (deg.):   44.48  Altitude (m):  510.00
Cut-Off Rigidity (GV):    6.73
Year: 2009  Month:   2
Scaling Factor (SF):    64.0   Constant (CONST):     0.0  Real Counts = (DATA + CONST)*SF
Temporal Resolution: 1 hour
UTC Start Hour:     0.0
TBILISI,NUTSUBIDSE 77, GIORGIA           DATA FROM  IZMIRAN                     
ftp://cr0.izmiran.rssi.ru/Cosray!/FTP_NM/C/             
Monthly Average:  9142.5
Updated (YYYY MM DD): 2010 08 08
*******************************************************************************************
ID     YYYY MM DD 1     0     1     2     3     4     5     6     7     8     9    10    11
ID     YYYY MM DD 2    12    13    14    15    16    17    18    19    20    21    22    23
*******************************************************************************************
TBILIS 2009 02 01 1  9095  9114  9087  9083  9043  9065  9111  9141  9127  9125  9135  9163
TBILIS 2009 02 01 2  9161  9136  9114  9109  9092  9108  9092  9083  9036  9027  9036  9032
TBILIS 2009 02 02 1  9043  9049  9013  9066  9070  9086  9135  9131  9178  9161  9135  9195
TBILIS 2009 02 02 2  9102  9133  9139  9099  9028  9039  9064  9103  9087  9058  9141  9090
TBILIS 2009 02 03 1  9082  9122  9109  9136  9137  9171  9142  9125  9154  9129  9141  9125
TBILIS 2009 02 03 2  9159  9147  9157  9125  9135  9159  9147  9160  9130  9128  9127  9107
TBILIS 2009 02 04 1  9108  9097  9115  9141  9090  9047  9082  9102  9090  9053  9086  9070
TBILIS 2009 02 04 2  9112  9078  9102  9115  9078  9122  9163  9081  9136  9133  9130  9117
TBILIS 2009 02 05 1  9107  9095  9109  9139  9139  9125  9153  9200  9190  9244  9279  9262
TBILIS 2009 02 05 2  9238  9258  9264  9269  9287  9263  9286  9257  9262  9253  9215  9194
TBILIS 2009 02 06 1  9231  9220  9207  9202  9181  9188  9198  9201  9189  9210  9182  9184
TBILIS 2009 02 06 2  9195  9189  9177  9167  9161  9142  9122  9146  9130  9105  9123  9110
TBILIS 2009 02 07 1  9125  9122  9110  9129  9120  9089  9159  9157  9140  9146  9128  9158
TBILIS 2009 02 07 2  9138  9167  9121  9089  9091  9104  9075  9044  9029  9054  9015  9006
TBILIS 2009 02 08 1  9030  9035  9037  9083  9125  9110  9126  9139  9145  9145  9169  9175
TBILIS 2009 02 08 2  9156  9162  9189  9194  9168  9188  9134  9163  9184  9141  9144  9122
TBILIS 2009 02 09 1  9132  9125  9096  9133  9095  9115  9167  9143  9114  9136  9137  9135
TBILIS 2009 02 09 2  9117  9111  9126  9103  9099  9088  9071  9081  9105  9059  9041  9025
TBILIS 2009 02 10 1  9061  9050  9036  9055  9033  9069  9123  9149  9137  9187  9236  9187
TBILIS 2009 02 10 2  9219  9163  9201  9148  9175  9196  9235  9214  9212  9225  9168  9211
TBILIS 2009 02 11 1  9138  9171  9191  9181  9133  9104  9117  9191  9216  9191  9211  9193
TBILIS 2009 02 11 2  9246  9234  9202  9207  9195  9205  9193  9189  9180  9143  9147  9151
TBILIS 2009 02 12 1  9127  9043  9043  9068  9067  9128  9150  9143  9226  9153  9140  9170
TBILIS 2009 02 12 2  9165  9115  9101  9065  9087  9109  9125  9113  9124  9127  9096  9124
TBILIS 2009 02 13 1  9107  9102  9124  9118  9161  9147  9151  9136  9162  9157  9192  9170
TBILIS 2009 02 13 2  9165  9215  9195  9209  9175  9164  9134  9089  9118  9134  9105  9115
TBILIS 2009 02 14 1  9111  9124  9126  9127  9091  9069  9131  9159  9136  9152  9145  9140
TBILIS 2009 02 14 2  9158  9192  9150  9152  9158  9155  9179  9185  9152  9142  9108  9118
TBILIS 2009 02 15 1  9101  9142  9127  9123  9136  9103  9173  9190  9242  9257  9228  9245
TBILIS 2009 02 15 2  9216  9197  9196  9215  9183  9198  9229  9223  9216  9177  9162  9139
TBILIS 2009 02 16 1  9206  9160  9187  9145  9199  9166  9173  9179  9201  9182  9196  9196
TBILIS 2009 02 16 2  9221  9201  9245  9204  9253  9232  9225  9224  9196  9195  9152  9151
TBILIS 2009 02 17 1  9140  9154  9163  9205  9224  9201  9185  9146  9154  9139  9172  9165
TBILIS 2009 02 17 2  9121  9180  9144  9156  9148  9161  9120  9173  9147  9147  9112  9099
TBILIS 2009 02 18 1  9089  9092  9085  9095  9097  9086  9164  9189  9178  9175  9160  9181
TBILIS 2009 02 18 2  9185  9182  9173  9177  9206  9195  9196  9207  9195  9154  9138  9156
TBILIS 2009 02 19 1  9115  9133  9126  9160  9152  9135  9152  9202  9217  9188  9221  9201
TBILIS 2009 02 19 2  9182  9167  9174  9133  9140  9120  9090  9118  9080  9133  9131  9155
TBILIS 2009 02 20 1  9143  9141  9187  9133  9142  9167  9187  9160  9141  9141  9220  9163
TBILIS 2009 02 20 2  9183  9177  9164  9142  9173  9192  9174  9167  9180  9185  9160  9175
TBILIS 2009 02 21 1  9125  9207  9206  9172  9183  9177  9187  9194  9160  9225  9249  9248
TBILIS 2009 02 21 2  9188  9205  9179  9207  9214  9204  9216  9211  9205  9170  9151  9179
TBILIS 2009 02 22 1  9118  9156  9139  9138  9184  9172  9146  9164  9189  9225  9231  9228
TBILIS 2009 02 22 2  9243  9225  9174  9163  9191  9149  9153  9140  9105  9116  9086  9087
TBILIS 2009 02 23 1  9053  9032  9080  9069  9063  9122  9094  9088  9116  9102  9116  9143
TBILIS 2009 02 23 2  9122  9115  9104  9101  9116  9077  9095  9118  9074  9065  9028  9025
TBILIS 2009 02 24 1  9028  8983  9043  9051  9049  9071  9097  9117  9159  9187  9160  9149
TBILIS 2009 02 24 2  9098  9087  9088  9040  9039  9045  9084  9050  9084  9068  9020  9065
TBILIS 2009 02 25 1  9105  9106  9063  9115  9130  9110  9140  9185  9137  9210  9178  9196
TBILIS 2009 02 25 2  9131  9123  9128  9114  9113  9158  9157  9153  9100  9105  9110  9141
TBILIS 2009 02 26 1  9073  9113  9118  9137  9124  9235  9159  9218  9190  9164  9189  9216
TBILIS 2009 02 26 2  9198  9151  9146  9106  9115  9137  9114  9121  9089  9107  9043  9058
TBILIS 2009 02 27 1  9046  9089  9091  9055  9101  9121  9131  9173  9173  9164  9171  9189
TBILIS 2009 02 27 2  9176  9143  9160  9133  9146  9101  9102  9082  9123  9096  9103  9083
TBILIS 2009 02 28 1  9101  9143  9139  9171  9174  9155  9173  9167  9197  9261  9245  9203
TBILIS 2009 02 28 2  9206  9218  9233  9157  9164  9150  9118  9177  9101  9077  9064  9027
TBILIS 2009 02 29 1 99999 99999 99999 99999 99999 99999 99999 99999 99999 99999 99999 99999
TBILIS 2009 02 29 2 99999 99999 99999 99999 99999 99999 99999 99999 99999 99999 99999 99999
TBILIS 2009 02 30 1 99999 99999 99999 99999 99999 99999 99999 99999 99999 99999 99999 99999
TBILIS 2009 02 30 2 99999 99999 99999 99999 99999 99999 99999 99999 99999 99999 99999 99999
TBILIS 2009 02 31 1 99999 99999 99999 99999 99999 99999 99999 99999 99999 99999 99999 99999
TBILIS 2009 02 31 2 99999 99999 99999 99999 99999 99999 99999 99999 99999 99999 99999 99999
Cosmic-Ray Neutron Monitor Data (Hourly, Pressure-Corrected and Scale-Adjusted Counts)
Collections: WDC for Cosmic Rays, Solar-Terrestrial Environment Laboratory, Nagoya Univ.
Data Access: http://center.stelab.nagoya-u.ac.jp/WDCCR/index.html
Project: ICSU WDC
Citation: WDC for Cosmic Rays, Solar-Terrestrial Environment Laboratory, Nagoya University
Station ID: TBILIS
Station:  TBILISI,GIORGIA,INSTITUT GEOPHYSIKY (IG), GIORGIAN ACADEMY OF SCIENCES,GIORGIA 
Instrument: 18-NM-64 Corrected to 965 mb Standard Pressure, Coef =-0.69 %/mb                
Latitude (deg.):   41.43  Longitude (deg.):   44.48  Altitude (m):  510.00
Cut-Off Rigidity (GV):    6.73
Year: 2009  Month:   3
Scaling Factor (SF):    64.0   Constant (CONST):     0.0  Real Counts = (DATA + CONST)*SF
Temporal Resolution: 1 hour
UTC Start Hour:     0.0
TBILISI,NUTSUBIDSE 77, GIORGIA           DATA FROM  IZMIRAN                     
ftp://cr0.izmiran.rssi.ru/Cosray!/FTP_NM/C/             
Monthly Average:  9141.7
Updated (YYYY MM DD): 2010 08 08
*******************************************************************************************
ID     YYYY MM DD 1     0     1     2     3     4     5     6     7     8     9    10    11
ID     YYYY MM DD 2    12    13    14    15    16    17    18    19    20    21    22    23
*******************************************************************************************
TBILIS 2009 03 01 1  9028  9028  9041  9034  9066  9093  9125  9132  9202  9229  9203  9170
TBILIS 2009 03 01 2  9179  9150  9147  9164  9149  9099  9129  9132  9149  9177  9114  9091
TBILIS 2009 03 02 1  9112  9111  9086  9088  9072  9124  9104  9131  9157  9160  9158  9173
TBILIS 2009 03 02 2  9183  9183  9177  9189  9158  9177  9202  9142  9144  9159  9142  9143
TBILIS 2009 03 03 1  9125  9120  9155  9133  9157  9156  9133  9115  9126  9121  9128  9141
TBILIS 2009 03 03 2  9153  9129  9095  9151  9127  9146  9120  9078  9089  9080  9108  9037
TBILIS 2009 03 04 1  9078  9115  9103  9098  9104  9086  9134  9131  9148  9172  9189  9184
TBILIS 2009 03 04 2  9172  9199  9169  9144  9176  9140  9153  9174  9141  9149  9143  9120
TBILIS 2009 03 05 1  9107  9125  9124  9163  9144  9094  9160  9150  9187  9157  9172  9181
TBILIS 2009 03 05 2  9177  9181  9171  9140  9144  9146  9183  9142  9105  9108  9087  9061
TBILIS 2009 03 06 1  9063  9073  9054  9044  9034  9040  9102  9076  9111  9120  9074  9130
TBILIS 2009 03 06 2  9139  9114  9104  9079  9126  9123  9076  9115  9080  9093  9087  9032
TBILIS 2009 03 07 1  9078  9061  9072  9077  9053  9040  9080  9110  9115  9144  9135  9136
TBILIS 2009 03 07 2  9118  9122  9091  9141  9100  9096  9147  9087  9113  9115  9126  9110
TBILIS 2009 03 08 1  9092  9101  9081  9101  9091  9108  9067  9088  9098  9117  9099  9100
TBILIS 2009 03 08 2  9115  9148  9123  9184  9156  9169  9117  9093  9105  9073  9128  9110
TBILIS 2009 03 09 1 99999 99999 99999 99999 99999 99999 99999 99999 99999 99999 99999 99999
TBILIS 2009 03 09 2 99999 99999 99999 99999 99999 99999 99999 99999 99999 99999 99999 99999
TBILIS 2009 03 10 1  9153  9195  9120  9147  9177  9166  9190  9147  9137  9166  9175  9204
TBILIS 2009 03 10 2  9183  9189  9208  9219  9215  9227  9222  9159  9247  9233  9185  9126
TBILIS 2009 03 11 1  9159  9093  9124  9115  9126  9123  9116  9148  9167  9157  9147  9137
TBILIS 2009 03 11 2  9129  9141  9153  9163  9130  9139  9109  9092  9096  9039  9067  9059
TBILIS 2009 03 12 1  9095  9085  9084  9080  9104  9065  9036  9081  9130  9083  9108  9088
TBILIS 2009 03 12 2  9086  9057  9067  9079  9048  9037  9008  9029  9038  9056  9098  9113
TBILIS 2009 03 13 1  9081  9122  9111  9106  9125  9130  9100  9124  9138  9148  9097  9121
TBILIS 2009 03 13 2  9126  9106  9123  9112  9136  9144  9207  9221  9229  9182  9161  9184
TBILIS 2009 03 14 1  9168  9196  9160  9164  9137  9112  9103  9111  9125  9157  9158  9169
TBILIS 2009 03 14 2  9180  9179  9130  9160  9127  9123  9146  9167  9128  9113  9130  9138
TBILIS 2009 03 15 1  9097  9091  9084  9104  9049  9087  9100  9210  9162  9176  9194  9161
TBILIS 2009 03 15 2  9153  9159  9142  9143  9125  9121  9153  9174  9139  9133  9108  9139
TBILIS 2009 03 16 1  9131  9120  9137  9145  9125  9142  9158  9160  9171  9131  9146  9139
TBILIS 2009 03 16 2  9092  9113  9106  9143  9062  9087  9106  9104  9136  9099  9105  9117
TBILIS 2009 03 17 1  9099  9116  9079  9054  9014  9084  9109  9094  9174  9170  9166  9167
TBILIS 2009 03 17 2  9131  9105  9130  9123  9120  9087  9118  9142  9174  9158  9125  9131
TBILIS 2009 03 18 1  9094  9102  9078  9037  9073  9093  9100  9116  9116  9072  9153  9151
TBILIS 2009 03 18 2  9127  9135  9133  9143  9157  9162  9144  9140  9112  9114  9125  9107
TBILIS 2009 03 19 1  9116  9094  9066  9065  9107  9089  9130  9125  9150  9179  9138  9159
TBILIS 2009 03 19 2  9124  9184  9161  9164  9139  9164  9180  9204  9232  9238  9220  9193
TBILIS 2009 03 20 1  9189  9179  9200  9166  9183  9214  9154  9147  9113  9135  9153  9181
TBILIS 2009 03 20 2  9180  9212  9185  9217  9164  9191  9222  9214  9225  9187  9120  9098
TBILIS 2009 03 21 1  9136  9078  9081  9060  9068  9093  9075  9123  9111  9110  9168  9177
TBILIS 2009 03 21 2  9170  9227  9148  9139  9139  9063  9089  9066  9095  9108  9120  9111
TBILIS 2009 03 22 1  9110  9114  9129  9148  9129  9163  9168  9200  9168  9206  9226  9271
TBILIS 2009 03 22 2  9236  9269  9266  9248  9245  9261  9220  9212  9182  9192  9187  9167
TBILIS 2009 03 23 1  9155  9160  9164  9178  9154  9141  9139  9136  9119  9139  9157  9157
TBILIS 2009 03 23 2  9174  9174  9166  9126  9105  9088  9097  9125  9126  9141  9107  9101
TBILIS 2009 03 24 1  9091  9081  9123  9115  9101  9121  9149  9176  9188  9197  9196  9188
TBILIS 2009 03 24 2  9192  9169  9176  9234  9232  9203  9219  9196  9177  9167  9165  9137
TBILIS 2009 03 25 1  9158  9154  9139  9146  9189  9195  9209  9173  9158  9166  9192  9166
TBILIS 2009 03 25 2  9143  9153  9156  9153  9138  9118  9153  9149  9149  9157  9149  9153
TBILIS 2009 03 26 1  9175  9165  9173  9158  9171  9174  9248  9189  9173  9166  9161  9144
TBILIS 2009 03 26 2  9119  9164  9143  9172  9122  9122  9106  9103  9095  9120  9135  9125
TBILIS 2009 03 27 1  9150  9181  9155  9180  9187  9164  9161  9205  9203  9162  9204  9174
TBILIS 2009 03 27 2  9188  9186  9134  9186  9145  9177  9154  9129  9142  9152  9156  9141
TBILIS 2009 03 28 1  9124  9135  9171  9135  9097  9147  9142  9173  9172  9168  9174  9130
TBILIS 2009 03 28 2  9176  9155  9145  9185  9129  9137  9137  9181  9177  9135  9139  9160
TBILIS 2009 03 29 1  9203  9182  9142  9151  9176  9134  9155  9124  9187  9135  9129  9132
TBILIS 2009 03 29 2  9131  9147  9155  9179  9089  9116  9100  9138  9134  9124  9154  9152
TBILIS 2009 03 30 1  9164  9168  9195  9168  9227  9186  9195  9236  9221  9229  9207  9232
TBILIS 2009 03 30 2  9237  9227  9257  9233  9234  9228  9213  9252  9198  9255  9200  9248
TBILIS 2009 03 31 1  9210  9211  9210  9240  9217  9191  9198  9194  9221  9184  9221  9224
TBILIS 2009 03 31 2  9222  9255  9188  9182  9189  9174  9151  9125  9095  9113  9102  9096
Cosmic-Ray Neutron Monitor Data (Hourly, Pressure-Corrected and Scale-Adjusted Counts)
Collections: WDC for Cosmic Rays, Solar-Terrestrial Environment Laboratory, Nagoya Univ.
Data Access: http://center.stelab.nagoya-u.ac.jp/WDCCR/index.html
Project: ICSU WDC
Citation: WDC for Cosmic Rays, Solar-Terrestrial Environment Laboratory, Nagoya University
Station ID: TBILIS
Station:  TBILISI,GIORGIA,INSTITUT GEOPHYSIKY (IG), GIORGIAN ACADEMY OF SCIENCES,GIORGIA 
Instrument: 18-NM-64 Corrected to 965 mb Standard Pressure, Coef =-0.69 %/mb                
Latitude (deg.):   41.43  Longitude (deg.):   44.48  Altitude (m):  510.00
Cut-Off Rigidity (GV):    6.73
Year: 2009  Month:   4
Scaling Factor (SF):    64.0   Constant (CONST):     0.0  Real Counts = (DATA + CONST)*SF
Temporal Resolution: 1 hour
UTC Start Hour:     0.0
TBILISI,NUTSUBIDSE 77, GIORGIA           DATA FROM  IZMIRAN                     
ftp://cr0.izmiran.rssi.ru/Cosray!/FTP_NM/C/             
Monthly Average:  9124.4
Updated (YYYY MM DD): 2010 08 08
*******************************************************************************************
ID     YYYY MM DD 1     0     1     2     3     4     5     6     7     8     9    10    11
ID     YYYY MM DD 2    12    13    14    15    16    17    18    19    20    21    22    23
*******************************************************************************************
TBILIS 2009 04 01 1  9093  9106  9106  9136  9158  9141  9186  9212  9175  9207  9251  9223
TBILIS 2009 04 01 2  9171  9149  9150  9173  9138  9117  9053  9125  9112  9100  9123  9059
TBILIS 2009 04 02 1  9099  9059  9095  9082  9042  9081  9125  9181  9208  9222  9203  9148
TBILIS 2009 04 02 2  9204  9214  9199  9209  9199  9176  9197  9199  9165  9212  9165  9137
TBILIS 2009 04 03 1  9110  9110  9210  9143  9148  9126  9151  9117  9123  9072  9138  9113
TBILIS 2009 04 03 2  9140  9100  9127  9134  9176  9150  9151  9193  9138  9146  9101  9122
TBILIS 2009 04 04 1  9156  9121  9133  9128  9129  9152  9259  9200  9227  9231  9247  9195
TBILIS 2009 04 04 2  9218  9195  9215  9200  9165  9174  9190  9169  9183  9168  9171  9132
TBILIS 2009 04 05 1  9132  9114  9110  9127  9089  9073  9076  9136  9128  9146  9187  9152
TBILIS 2009 04 05 2  9123  9131  9120  9147  9116  9077  9074  9085  9082  9070  9072  9119
TBILIS 2009 04 06 1  9085  9080  9071  9068  9081  9092  9079  9098  9088  9131  9125  9131
TBILIS 2009 04 06 2  9100  9100  9097  9111  9087  9085  9066  9070  9111  9082  9072  9088
TBILIS 2009 04 07 1  9081  9105  9137  9105  9081  9126  9152  9145  9159  9172  9181  9210
TBILIS 2009 04 07 2  9241  9198  9232  9208  9209  9214  9219  9220  9195  9207  9220  9179
TBILIS 2009 04 08 1  9212  9182  9179  9187  9181  9209  9118  9170  9191  9222  9220  9199
TBILIS 2009 04 08 2  9184  9173  9170  9203  9182  9180  9201  9192  9166  9143  9179  9155
TBILIS 2009 04 09 1 99999 99999 99999 99999 99999 99999 99999 99999 99999 99999 99999 99999
TBILIS 2009 04 09 2 99999 99999 99999 99999 99999 99999 99999 99999 99999 99999 99999 99999
TBILIS 2009 04 10 1  8919  8991  8978  8959  8952  8988  9002  9014  8995  9080  9097  9102
TBILIS 2009 04 10 2  9134  9105  9085  9084  9088  9077  9105  9163  9082  9074  9067  9055
TBILIS 2009 04 11 1  9061  9068  9091  9103  9067  9114  9104  9112  9113  9111  9117  9124
TBILIS 2009 04 11 2  9140  9130  9134  9111  9076  9054  9103  9099  9080  9122  9107  9116
TBILIS 2009 04 12 1  9095  9081  9061  9073  9058  9099  9079  9114  9085  9088  9085  9101
TBILIS 2009 04 12 2  9081  9041  9105  9075  9050  9074  9091  9110  9119  9089  9093  9054
TBILIS 2009 04 13 1  9089  9074  9072  9070  9111  9130  9117  9140  9140  9084  9119  9115
TBILIS 2009 04 13 2  9104  9108  9087  9076  9083  9077  9072  9071  9070  9076  9052  9003
TBILIS 2009 04 14 1  8993  8986  8989  9010  8975  9012  8999  9023  9039  9069  9097  9069
TBILIS 2009 04 14 2  9077  9091  9096  9123  9131  9074  9082  9090  9074  9086  9119  9141
TBILIS 2009 04 15 1  9154  9152  9138  9139  9158  9209  9144  9106  9109  9129  9140  9120
TBILIS 2009 04 15 2  9116  9123  9115  9120  9137  9207  9156  9168  9151  9165  9160  9199
TBILIS 2009 04 16 1  9149  9115  9121  9146  9178  9128  9128  9195  9151  9132  9148  9150
TBILIS 2009 04 16 2  9165  9164  9175  9175  9044  9040  9049  9068  9031  8918  8901  8877
TBILIS 2009 04 17 1  8905  8925  8941  8953  8990  9006  9028  9065  9081  9087  9093  9064
TBILIS 2009 04 17 2  9167  9162  9144  9073  9101  9106  9124  9084  9092  9087  9115  9096
TBILIS 2009 04 18 1  9069  9041  9068  9099  9090  9090  9102  9154  9188  9153  9173  9159
TBILIS 2009 04 18 2  9187  9154  9169  9147  9169  9144  9139  9190  9143  9202  9202  9194
TBILIS 2009 04 19 1  9159  9154  9159  9136  9157  9160  9157  9189  9160  9178  9137  9131
TBILIS 2009 04 19 2  9116  9097  9107  9100  9097  9087  9144  9069  9108  9084  9059  9076
TBILIS 2009 04 20 1  9031  9018  9075  9060  9068  9089  9089  9117  9126  9149  9142  9115
TBILIS 2009 04 20 2  9166  9163  9173  9140  9140  9118  9122  9137  9087  9122  9123  9108
TBILIS 2009 04 21 1  9086  9086  9131  9105  9109  9139  9134  9149  9180  9164  9219  9192
TBILIS 2009 04 21 2  9193  9154  9140  9159  9110  9138  9145  9121  9125  9140  9177  9126
TBILIS 2009 04 22 1  9112  9111  9187  9170  9187  9162  9177  9222  9175  9169  9149  9204
TBILIS 2009 04 22 2  9208  9239  9170  9192  9171  9125  9112  9107  9090  9114  9098  9103
TBILIS 2009 04 23 1  9098  9105  9122  9094  9133  9107  9140  9134  9149  9171  9133  9177
TBILIS 2009 04 23 2  9186  9177  9165  9168  9176  9143  9157  9158  9153  9148  9154  9156
TBILIS 2009 04 24 1  9135  9099  9120  9122  9084  9133  9069  9134  9090  9108  9109  9094
TBILIS 2009 04 24 2  9121  9075  9112  9116  9093  9112  9126  9103  9076  9036  9085  9087
TBILIS 2009 04 25 1  9093  9090  9045  9102  9057  9070  9055  9095  9050  9083  9119  9110
TBILIS 2009 04 25 2  9138  9122  9148  9097  9132  9099  9081  9035  9075  9055  9038  9057
TBILIS 2009 04 26 1  9043  9071  9029  9032  9008  9021  9053  9108  9112  9147  9140  9154
TBILIS 2009 04 26 2  9183  9181  9124  9163  9131  9105  9107  9069  9130  9094  9111  9143
TBILIS 2009 04 27 1  9160  9136  9107  9165  9144  9172  9136  9136  9129  9140  9160  9105
TBILIS 2009 04 27 2  9172  9150  9146  9157  9151  9175  9167  9122  9095  9093  9104  9050
TBILIS 2009 04 28 1  9061  9102  9108  9143  9138  9108  9162  9159  9129  9150  9158  9095
TBILIS 2009 04 28 2  9155  9145  9161  9161  9139  9125  9094  9155  9183  9127  9125  9101
TBILIS 2009 04 29 1  9095  9152  9120  9094  9112  9117  9132  9179  9153  9162  9206  9207
TBILIS 2009 04 29 2  9233  9248  9220  9180  9197  9197  9198  9180  9212  9182  9190  9176
TBILIS 2009 04 30 1  9205  9212  9160  9141  9145  9160  9129  9175  9192  9131  9186  9232
TBILIS 2009 04 30 2  9217  9194  9233  9179  9204  9219  9159  9190  9132  9153  9197  9163
TBILIS 2009 04 31 1 99999 99999 99999 99999 99999 99999 99999 99999 99999 99999 99999 99999
TBILIS 2009 04 31 2 99999 99999 99999 99999 99999 99999 99999 99999 99999 99999 99999 99999
Cosmic-Ray Neutron Monitor Data (Hourly, Pressure-Corrected and Scale-Adjusted Counts)
Collections: WDC for Cosmic Rays, Solar-Terrestrial Environment Laboratory, Nagoya Univ.
Data Access: http://center.stelab.nagoya-u.ac.jp/WDCCR/index.html
Project: ICSU WDC
Citation: WDC for Cosmic Rays, Solar-Terrestrial Environment Laboratory, Nagoya University
Station ID: TBILIS
Station:  TBILISI,GIORGIA,INSTITUT GEOPHYSIKY (IG), GIORGIAN ACADEMY OF SCIENCES,GIORGIA 
Instrument: 18-NM-64 Corrected to 965 mb Standard Pressure, Coef =-0.69 %/mb                
Latitude (deg.):   41.43  Longitude (deg.):   44.48  Altitude (m):  510.00
Cut-Off Rigidity (GV):    6.73
Year: 2009  Month:   5
Scaling Factor (SF):    64.0   Constant (CONST):     0.0  Real Counts = (DATA + CONST)*SF
Temporal Resolution: 1 hour
UTC Start Hour:     0.0
TBILISI,NUTSUBIDSE 77, GIORGIA           DATA FROM  IZMIRAN                     
ftp://cr0.izmiran.rssi.ru/Cosray!/FTP_NM/C/             
Monthly Average:  9110.6
Updated (YYYY MM DD): 2010 08 08
*******************************************************************************************
ID     YYYY MM DD 1     0     1     2     3     4     5     6     7     8     9    10    11
ID     YYYY MM DD 2    12    13    14    15    16    17    18    19    20    21    22    23
*******************************************************************************************
TBILIS 2009 05 01 1  9164  9168  9158  9182  9193  9139  9170  9164  9189  9181  9184  9168
TBILIS 2009 05 01 2  9183  9214  9199  9176  9131  9149  9117  9129  9116  9123  9125  9086
TBILIS 2009 05 02 1  9065  9096  9113  9084  9135  9208  9159  9177  9145  9182  9173  9161
TBILIS 2009 05 02 2  9179  9147  9134  9131  9109  9101  9117  9098  9116  9112  9104  9092
TBILIS 2009 05 03 1  9114  9139  9146  9121  9110  9146  9153  9154  9129  9131  9132  9177
TBILIS 2009 05 03 2  9188  9161  9166  9131  9063  9128  9136  9131  9117  9120  9107  9090
TBILIS 2009 05 04 1  9118  9129  9099  9134  9130  9137  9142  9158  9128  9126  9160  9194
TBILIS 2009 05 04 2  9209  9183  9173  9170  9172  9187  9166  9166  9148  9134  9140  9143
TBILIS 2009 05 05 1  9123  9195  9144  9130  9167  9164  9177  9156  9132  9213  9206  9195
TBILIS 2009 05 05 2  9178  9210  9182  9153  9185  9167  9134  9133  9172  9192  9198  9081
TBILIS 2009 05 06 1  9042  9095  9147  9136  9132  9108  9156  9155  9126  9170  9142  9176
TBILIS 2009 05 06 2  9189  9187  9122  9153  9164  9164  9156  9162  9150  9137  9139  9129
TBILIS 2009 05 07 1  9181  9139  9112  9097  9123  9129  9098  9092  9078  9121  9112  9113
TBILIS 2009 05 07 2  9085  9079  9081  9125  9128  9108  9085  9096  9088  9078  9100  9062
TBILIS 2009 05 08 1  9097  9067  9093  9076  9092  9125  9127  9115  9095  9114  9124  9117
TBILIS 2009 05 08 2  9120  9135  9083  9081  9064  9063  9089  9080  9061  9078  9053  9074
TBILIS 2009 05 09 1 99999 99999 99999 99999 99999 99999 99999 99999 99999 99999 99999 99999
TBILIS 2009 05 09 2 99999 99999 99999 99999 99999 99999 99999 99999 99999 99999 99999 99999
TBILIS 2009 05 10 1  9168  9153  9154  9160  9148  9140  9140  9182  9163  9104  9104  9132
TBILIS 2009 05 10 2  9102  9094  9066  9070  9050  9053  9044  9079  9081  9074  9080  9093
TBILIS 2009 05 11 1  9072  9065  9063  9065  9086  9048  9120  9075  9112  9082  9124  9122
TBILIS 2009 05 11 2  9116  9138  9101  9060  9079  9055  9052  9085  9083  9099  9043  9052
TBILIS 2009 05 12 1  9053  9031  9062  9048  9091  9069  9078  9083  9093  9083  9112  9126
TBILIS 2009 05 12 2  9101  9116  9076  9085  9085  9071  9089  9024  9062  9056  9094  9103
TBILIS 2009 05 13 1  9070  9055  9094  9073  9058  9103  9099  9118  9158  9126  9101  9108
TBILIS 2009 05 13 2  9091  9121  9074  9091  9102  9085  9000  9045  9028  9024  9095  9065
TBILIS 2009 05 14 1  9049  9082  9021  9059  9061  9063  9075  9063  9069  9110  9131  9103
TBILIS 2009 05 14 2  9137  9138  9104  9111  9087  9089  9103  9121  9129  9152  9179  9169
TBILIS 2009 05 15 1  9121  9088  9074  9066  9092  9096  9112  9114  9145  9164  9122  9103
TBILIS 2009 05 15 2  9124  9067  9066  9048  9047  9043  9061  9046  9050  9071  9076  9057
TBILIS 2009 05 16 1  9047  9013  9038  9027  9066  9049  9075  9105  9124  9108  9114  9098
TBILIS 2009 05 16 2  9100  9082  9071  9059  9008  9072  9017  9055  9035  9009  9021  9031
TBILIS 2009 05 17 1  9030  9032  9046  9019  9046  9053  9100  9124  9118  9107  9122  9146
TBILIS 2009 05 17 2  9098  9077  9094  9110  9075  9093  9116  9059  9091  9090  9125  9066
TBILIS 2009 05 18 1  9128  9097  9144  9109  9118  9085  9124  9133  9117  9139  9146  9194
TBILIS 2009 05 18 2  9166  9125  9131  9126  9125  9102  9112  9116  9073  9105  9118  9077
TBILIS 2009 05 19 1  9107  9082  9070  9092  9089  9084  9166  9081  9122  9126  9177  9209
TBILIS 2009 05 19 2  9194  9190  9187  9177  9107  9157  9096  9115  9053  9050  9019  9083
TBILIS 2009 05 20 1  9069  9076  9086  9089  9090  9098  9127  9165  9146  9148  9136  9142
TBILIS 2009 05 20 2  9170  9170  9141  9152  9120  9118  9106  9114  9158  9122  9109  9085
TBILIS 2009 05 21 1  9038  9064  9074  9095  9071  9077  9090  9129  9064  9093  9053  9059
TBILIS 2009 05 21 2  9089  9048  9052  9121  9044  9034  9025  9025  9009  9001  9010  8995
TBILIS 2009 05 22 1  9012  9007  9065  9062  9053  9087  9099  9101  9118  9106  9133  9124
TBILIS 2009 05 22 2  9113  9132  9142  9144  9163  9147  9136  9141  9107  9118  9104  9078
TBILIS 2009 05 23 1  9101  9087  9112  9072  9083  9077  9153  9162  9166  9179  9158  9188
TBILIS 2009 05 23 2  9156  9176  9168  9107  9150  9130  9172  9152  9192  9111  9122  9128
TBILIS 2009 05 24 1  9147  9136  9147  9146  9142  9144  9117  9165  9229  9212  9149  9213
TBILIS 2009 05 24 2  9113  9156  9137  9049  8983  8988  8997  9028  9089  9044  9052  9099
TBILIS 2009 05 25 1  9092  9150  9180  9125  9104  9102  9091  9125  9124  9172  9151  9148
TBILIS 2009 05 25 2  9146  9115  9098  9067  9053  9025  9047  9029  9038  9081  9055  9076
TBILIS 2009 05 26 1  9095  9082  9081  9107  9105  9160  9141  9150  9156  9134  9169  9147
TBILIS 2009 05 26 2  9146  9123  9164  9168  9161  9133  9132  9159  9187  9124  9125  9132
TBILIS 2009 05 27 1  9126  9132  9114  9127  9184  9136  9178  9142  9130  9153  9115  9105
TBILIS 2009 05 27 2  9090  9117  9081  9062  9089  9084  9098  9099  9102  9100  9091  9114
TBILIS 2009 05 28 1  9124  9128  9153  9102  9115  9133  9109  9125  9108  9101  9125  9146
TBILIS 2009 05 28 2  9170  9148  9117  9126  9105  9102  9036  9104  9097  9096  9133  9121
TBILIS 2009 05 29 1  9101  9112  9135  9103  9066  9083  9128  9129  9141  9137  9136  9126
TBILIS 2009 05 29 2  9143  9123  9125  9043  9090  9087  9073  9096  9137  9104  9098  9122
TBILIS 2009 05 30 1  9118  9053  9070  9077  9078  9084  9055  9143  9117  9095  9075  9100
TBILIS 2009 05 30 2  9167  9049  9090  9071  9084  9095  9069  9103  9089  9091  9066  9039
TBILIS 2009 05 31 1  9062  9076  9072  9094  9079  9086  9165  9160  9184  9153  9161  9150
TBILIS 2009 05 31 2  9116  9099  9094  9125  9093  9078  9085  9099  9120  9152  9070  9162
Cosmic-Ray Neutron Monitor Data (Hourly, Pressure-Corrected and Scale-Adjusted Counts)
Collections: WDC for Cosmic Rays, Solar-Terrestrial Environment Laboratory, Nagoya Univ.
Data Access: http://center.stelab.nagoya-u.ac.jp/WDCCR/index.html
Project: ICSU WDC
Citation: WDC for Cosmic Rays, Solar-Terrestrial Environment Laboratory, Nagoya University
Station ID: TBILIS
Station:  TBILISI,GIORGIA,INSTITUT GEOPHYSIKY (IG), GIORGIAN ACADEMY OF SCIENCES,GIORGIA 
Instrument: 18-NM-64 Corrected to 965 mb Standard Pressure, Coef =-0.69 %/mb                
Latitude (deg.):   41.43  Longitude (deg.):   44.48  Altitude (m):  510.00
Cut-Off Rigidity (GV):    6.73
Year: 2009  Month:   6
Scaling Factor (SF):    64.0   Constant (CONST):     0.0  Real Counts = (DATA + CONST)*SF
Temporal Resolution: 1 hour
UTC Start Hour:     0.0
TBILISI,NUTSUBIDSE 77, GIORGIA           DATA FROM  IZMIRAN                     
ftp://cr0.izmiran.rssi.ru/Cosray!/FTP_NM/C/             
Monthly Average:  9108.1
Updated (YYYY MM DD): 2010 08 08
*******************************************************************************************
ID     YYYY MM DD 1     0     1     2     3     4     5     6     7     8     9    10    11
ID     YYYY MM DD 2    12    13    14    15    16    17    18    19    20    21    22    23
*******************************************************************************************
TBILIS 2009 06 01 1  9155  9151  9146  9173  9157  9171  9145  9191  9187  9171  9166  9171
TBILIS 2009 06 01 2  9155  9159  9131  9124  9118  9117  9148  9113  9135  9121  9077  9096
TBILIS 2009 06 02 1  9100  9110  9116  9115  9119  9181  9156  9160  9137  9130  9150  9165
TBILIS 2009 06 02 2  9150  9153  9161  9164  9183  9131  9125  9133  9150  9159  9152  9130
TBILIS 2009 06 03 1  9147  9118  9092  9111  9086  9123  9089  9178  9194  9133  9127  9146
TBILIS 2009 06 03 2  9116  9107  9107  9124  9110  9086  9051  9032  9026  9067  9050  9016
TBILIS 2009 06 04 1  9032  9011  9027  9039  9031  9056  9094  9068  9072  9107  9103  9121
TBILIS 2009 06 04 2  9084  9097  9099  9077  9063  9062  9037  9075  9068  9103  9183  9126
TBILIS 2009 06 05 1  9175  9211  9182  9197  9203  9168  9229  9206  9208  9265  9227  9164
TBILIS 2009 06 05 2  9156  9174  9127  9206  9199  9144  9128  9126  9127  9126  9150  9128
TBILIS 2009 06 06 1  9122  9124  9134  9149  9150  9134  9164  9174  9179  9154  9177  9159
TBILIS 2009 06 06 2  9150  9113  9089  9097  9118  9095  9092  9103  9109  9083  9068  8998
TBILIS 2009 06 07 1  9039  9035  9078  9083  9060  9074  9112  9100  9103  9080  9135  9119
TBILIS 2009 06 07 2  9143  9161  9128  9110  9118  9119  9076  9085  9070  9121  9124  9127
TBILIS 2009 06 08 1  9080  9067  9129  9083  9093  9141  9113  9119  9075  9150  9163  9118
TBILIS 2009 06 08 2  9146  9126  9146  9146  9120  9099  9095  9120  9143  9179  9178  9204
TBILIS 2009 06 09 1 99999 99999 99999 99999 99999 99999 99999 99999 99999 99999 99999 99999
TBILIS 2009 06 09 2 99999 99999 99999 99999 99999 99999 99999 99999 99999 99999 99999 99999
TBILIS 2009 06 10 1  9139  9116  9133  9144  9128  9132  9105  9108  9129  9126  9127  9132
TBILIS 2009 06 10 2  9170  9118  9110  9132  9103  9112  9088  9079  9116  9104  9087  9117
TBILIS 2009 06 11 1  9122  9120  9115  9116  9111  9101  9155  9124  9148  9143  9145  9150
TBILIS 2009 06 11 2  9158  9197  9154  9174  9141  9138  9132  9155  9173  9148  9146  9165
TBILIS 2009 06 12 1  9200  9154  9136  9142  9149  9114  9134  9138  9114  9112  9154  9178
TBILIS 2009 06 12 2  9126  9114  9121  9108  9100  9071  9029  8964  9005  9032  9030  9071
TBILIS 2009 06 13 1  9054  9051  9051  9085  9125  9105  9142  9112  9129  9143  9150  9161
TBILIS 2009 06 13 2  9176  9185  9163  9133  9141  9095  9006  9183  9082  9146  9149  9121
TBILIS 2009 06 14 1  9073  9134  9100  9140  9130  9143  9144  9141  9126  9089  9114  9078
TBILIS 2009 06 14 2  9110  9126  9112  9080  8993  8975  9027  9010  9004  8974  8978  8977
TBILIS 2009 06 15 1  9023  9081  9104  9102  9145  9109  9122  9108  9101  9094  9085  9117
TBILIS 2009 06 15 2  9144  9104  9118  9112  9084  9066  9062  9036  9075  9095  9139  9154
TBILIS 2009 06 16 1  9133  9120  9135  9118  9134  9094  9106  9134  9113  9117  9147  9144
TBILIS 2009 06 16 2  9145  9084  9138  9104  9108  9119  9101  9103  9096  9065  9054  9078
TBILIS 2009 06 17 1  9088  9105  9084  9102  9078  9078  9097  9130  9167  9180  9189  9173
TBILIS 2009 06 17 2  9134  9173  9157  9139  9111  9150  9159  9166  9137  9116  9143  9112
TBILIS 2009 06 18 1  9125  9085  9118  9136  9119  9087  9144  9128  9123  9126  9130  9146
TBILIS 2009 06 18 2  9097  9128  9097  9065  9098  9088  9055  9000  9041  9036  9021  9058
TBILIS 2009 06 19 1  9055  9005  9011  9014  9015  9018  9081  9112  9114  9140  9138  9125
TBILIS 2009 06 19 2  9130  9120  9094  9111  9115  9087  9036  9043  9018  9045  9034  9016
TBILIS 2009 06 20 1  9029  9026  9001  9018  9038  9080  9082  9088  9092  9122  9115  9151
TBILIS 2009 06 20 2  9178  9146  9106  9132  9091  9055  9061  9063  9084  9132  9135  9112
TBILIS 2009 06 21 1  9114  9162  9181  9155  9106  9100  9125  9165  9120  9115  9132  9131
TBILIS 2009 06 21 2  9174  9176  9140  9111  9135  9159  9084  9112  9092  9075  9104  9079
TBILIS 2009 06 22 1  9103  9098  9110  9106  9120  9043  9082  9081  9076  9079  9082  9082
TBILIS 2009 06 22 2  9092  9061  9078  9074  9044  9100  9089  9061  9078  9061  9037  9068
TBILIS 2009 06 23 1  9067  9049  9044  9050  9049  9052  9088  9122  9111  9094  9073  9092
TBILIS 2009 06 23 2  9096  9111  9105  9165  9083  9105  9132  9145  9123  9104  9105  9106
TBILIS 2009 06 24 1  9087  9071  9033  9065  9026  9027  9128  9117  9156  9118  9140  9135
TBILIS 2009 06 24 2  9120  9117  9116  9104  9072  9036  9015  9041  9049  9080  9058  9064
TBILIS 2009 06 25 1  8993  9048  8989  8995  9002  9011  9061  9087  9092  9114  9085  9155
TBILIS 2009 06 25 2  9106  9129  9083  9133  9120  9095  9078  9096  9104  9058  9073  9024
TBILIS 2009 06 26 1  9026  9037  9016  9060  9059  9062  9099  9159  9136  9138  9075  8940
TBILIS 2009 06 26 2  8934  8906  8860  8873  8903  8946  8990  8977  8971  8965  8965  8959
TBILIS 2009 06 27 1  8959  8959  8965  8971  8965  8959  8940  8916  8891  8854  8830  8799
TBILIS 2009 06 27 2  8781  8806  8818  8830  8903  8977  9046  8971  8955  9002  9015  9033
TBILIS 2009 06 28 1  9064  9077  9108  9136  9143  9143  9143  9143  9118  9099  9086  9086
TBILIS 2009 06 28 2  9086  9105  9136  9187  9099  9238  9276  9295  9328  9353  9379  9379
TBILIS 2009 06 29 1  9373  9366  9366  9366  9360  9360  9365  9359  9307  9281  9256  9237
TBILIS 2009 06 29 2  9205  9211  9154  9161  9161  9173  9205  9205  9211  9180  9167  9167
TBILIS 2009 06 30 1  9161  9161  9161  9161  9154  9154  9142  9116  9091  9066  9276  9237
TBILIS 2009 06 30 2  9230  9225  9172  9193  9155  9160  9225  9196  9185  9182  9161  9216
TBILIS 2009 06 31 1 99999 99999 99999 99999 99999 99999 99999 99999 99999 99999 99999 99999
TBILIS 2009 06 31 2 99999 99999 99999 99999 99999 99999 99999 99999 99999 99999 99999 99999
Cosmic-Ray Neutron Monitor Data (Hourly, Pressure-Corrected and Scale-Adjusted Counts)
Collections: WDC for Cosmic Rays, Solar-Terrestrial Environment Laboratory, Nagoya Univ.
Data Access: http://center.stelab.nagoya-u.ac.jp/WDCCR/index.html
Project: ICSU WDC
Citation: WDC for Cosmic Rays, Solar-Terrestrial Environment Laboratory, Nagoya University
Station ID: TBILIS
Station:  TBILISI,GIORGIA,INSTITUT GEOPHYSIKY (IG), GIORGIAN ACADEMY OF SCIENCES,GIORGIA 
Instrument: 18-NM-64 Corrected to 965 mb Standard Pressure, Coef =-0.69 %/mb                
Latitude (deg.):   41.43  Longitude (deg.):   44.48  Altitude (m):  510.00
Cut-Off Rigidity (GV):    6.73
Year: 2009  Month:   7
Scaling Factor (SF):    64.0   Constant (CONST):     0.0  Real Counts = (DATA + CONST)*SF
Temporal Resolution: 1 hour
UTC Start Hour:     0.0
TBILISI,NUTSUBIDSE 77, GIORGIA           DATA FROM  IZMIRAN                     
ftp://cr0.izmiran.rssi.ru/Cosray!/FTP_NM/C/             
Monthly Average:  9128.1
Updated (YYYY MM DD): 2010 08 08
*******************************************************************************************
ID     YYYY MM DD 1     0     1     2     3     4     5     6     7     8     9    10    11
ID     YYYY MM DD 2    12    13    14    15    16    17    18    19    20    21    22    23
*******************************************************************************************
TBILIS 2009 07 01 1  9154  9162  9153  9186  9178  9184  9139  9122  9138  9079  9094  9098
TBILIS 2009 07 01 2  9110  9096  9089  9083  9072  9096  9077  9045  9063  9070  9058  9033
TBILIS 2009 07 02 1  9039  8999  9027  9022  9045  9106  9120  9104  9143  9140  9080  9098
TBILIS 2009 07 02 2  9101  9101  9098  9164  9089  9064  9090  9098  9117  9127  9104  9096
TBILIS 2009 07 03 1  9100  9062  9105  9079  9113  9125  9124  9132  9150  9145  9175  9178
TBILIS 2009 07 03 2  9201  9172  9200  9191  9152  9137  9099  9105  9096  9079  9093  9120
TBILIS 2009 07 04 1  9110  9085  9115  9096  9142  9170  9160  9146  9188  9189  9189  9144
TBILIS 2009 07 04 2  9134  9140  9124  9135  9114  9125  9148  9187  9165  9135  9153  9118
TBILIS 2009 07 05 1  9143  9143  9112  9131  9118  9101  9129  9166  9138  9150  9169  9161
TBILIS 2009 07 05 2  9134  9128  9075  9128  9162  9112  9123  9126  9187  9188  9147  9133
TBILIS 2009 07 06 1  9172  9178  9170  9156  9174  9131  9141  9173  9118  9122  9169  9151
TBILIS 2009 07 06 2  9145  9192  9195  9145  9165  9158  9153  9122  9102  9100  9091  9156
TBILIS 2009 07 07 1  9124  9130  9145  9127  9182  9220  9170  9205  9157  9110  9106  9100
TBILIS 2009 07 07 2  9090  9084  9075  9091  9093  9110  9078  9106  9071  9034  9015  9003
TBILIS 2009 07 08 1  9010  9027  9052  9049  9115  9147  9156  9134  9124  9124  9110  9105
TBILIS 2009 07 08 2  9126  9146  9092  9068  9081  9055  9102  9084  9100  9093  9043  9072
TBILIS 2009 07 09 1 99999 99999 99999 99999 99999 99999 99999 99999 99999 99999 99999 99999
TBILIS 2009 07 09 2 99999 99999 99999 99999 99999 99999 99999 99999 99999 99999 99999 99999
TBILIS 2009 07 10 1  9084  9111  9081  9128  9117  9071  9092  9082  9094  9086  9072  9083
TBILIS 2009 07 10 2  9086  9091  9121  9074  9097  9058  9073  9103  9138  9104  9070  9091
TBILIS 2009 07 11 1  9054  9039  9036  9087  9075  9105  9112  9148  9126  9157  9152  9124
TBILIS 2009 07 11 2  9140  9132  9148  9106  9124  9139  9117  9135  9147  9151  9165  9121
TBILIS 2009 07 12 1  9107  9092  9121  9111  9150  9176  9145  9095  9119  9127  9109  9103
TBILIS 2009 07 12 2  9087  9102  9120  9089  9092  9060  9107  9133  9115  9079  9097  9061
TBILIS 2009 07 13 1  9044  9074  9013  9064  9091  9221  9160  9206  9179  9198  9140  9141
TBILIS 2009 07 13 2  9138  9155  9195  9182  9143  9122  9107  9094  9084  9057  9087  9113
TBILIS 2009 07 14 1  9120  9123  9136  9158  9159  9145  9185  9175  9134  9198  9185  9161
TBILIS 2009 07 14 2  9161  9142  9134  9080  9086  9128  9081  9132  9081  9133  9099  9114
TBILIS 2009 07 15 1  9121  9131  9103  9133  9163  9173  9131  9145  9157  9210  9207  9229
TBILIS 2009 07 15 2  9239  9250  9223  9224  9226  9171  9176  9202  9130  9168  9144  9177
TBILIS 2009 07 16 1  9180  9156  9146  9152  9152  9154  9180  9154  9205  9152  9189  9143
TBILIS 2009 07 16 2  9135  9162  9100  9101  9119  9115  9139  9132  9140  9138  9117  9095
TBILIS 2009 07 17 1  9101  9090  9121  9123  9130  9171  9165  9177  9170  9204  9188  9183
TBILIS 2009 07 17 2  9195  9153  9162  9197  9156  9149  9157  9148  9116  9142  9103  9122
TBILIS 2009 07 18 1  9132  9110  9100  9109  9121  9154  9155  9178  9177  9172  9196  9157
TBILIS 2009 07 18 2  9184  9159  9147  9148  9080  9102  9088  9097  9093  9142  9083  9083
TBILIS 2009 07 19 1  9079  9083  9063  9068  9082  9127  9157  9163  9197  9173  9163  9185
TBILIS 2009 07 19 2  9188  9198  9280  9257  9227  9212  9133  9077  9047  9075  9074  9138
TBILIS 2009 07 20 1  9109  9089  9125  9133  9121  9140  9141  9135  9138  9091  9106  9181
TBILIS 2009 07 20 2  9198  9219  9343  9297  9233  9221  9217  9203  9168  9129  9099  9083
TBILIS 2009 07 21 1  9118  9121  9157  9154  9132  9127  9185  9148  9159  9167  9141  9148
TBILIS 2009 07 21 2  9147  9155  9148  9131  9090  9129  9130  9077  9082  9072  9079  9072
TBILIS 2009 07 22 1  9087  9071  9080  9110  9106  9136  9155  9151  9165  9188  9178  9195
TBILIS 2009 07 22 2  9171  9159  9177  9184  9169  9169  9157  9170  9137  9174  9153  9155
TBILIS 2009 07 23 1  9117  9145  9198  9164  9191  9139  9162  9160  9163  9149  9123  9099
TBILIS 2009 07 23 2  9112  9166  9172  9129  9126  9100  9077  9129  9095  9086  9153  9103
TBILIS 2009 07 24 1  9129  9138  9156  9135  9104  9143  9145  9168  9120  9130  9126  9195
TBILIS 2009 07 24 2  9124  9166  9142  9093  9098  9097  9086  9087  9072  9116  9080  9099
TBILIS 2009 07 25 1  9072  9054  9079  9055  9050  9091  9085  9112  9109  9179  9110  9132
TBILIS 2009 07 25 2  9124  9115  9138  9121  9095  9081  9106  9089  9094  9103  9086  9092
TBILIS 2009 07 26 1  9105  9095  9132  9106  9133  9100  9171  9159  9179  9204  9147  9150
TBILIS 2009 07 26 2  9144  9164  9157  9165  9117  9124  9110  9118  9138  9110  9090  9084
TBILIS 2009 07 27 1  9044  9070  9058  9083  9136  9169  9174  9169  9170  9174  9170  9150
TBILIS 2009 07 27 2  9169  9155  9121  9093  9085  9118  9096  9115  9109  9115  9094  9127
TBILIS 2009 07 28 1  9098  9073  9036  9079  9148  9196  9116  9163  9164  9198  9207  9176
TBILIS 2009 07 28 2  9189  9157  9172  9074  9137  9137  9197  9290  9214  9173  9160  9181
TBILIS 2009 07 29 1  9147  9138  9153  9156  9135  9100  9154  9125  9144  9151  9110  9093
TBILIS 2009 07 29 2  9115  9108  9163  9124  9057  9094  9134  9104  9104  9078  9114  9111
TBILIS 2009 07 30 1  9081  9083  9036  9037  9081  9089  9143  9136  9125  9126  9110  9135
TBILIS 2009 07 30 2  9151  9147  9103  9090  9046  9086  9094  9084  9132  9046  9059  9102
TBILIS 2009 07 31 1  9040  9068  9106  9050  9111  9128  9145  9144  9187  9161  9159  9145
TBILIS 2009 07 31 2  9146  9118  9149  9174  9137  9127  9134  9132  9154  9113  9124  9136
Cosmic-Ray Neutron Monitor Data (Hourly, Pressure-Corrected and Scale-Adjusted Counts)
Collections: WDC for Cosmic Rays, Solar-Terrestrial Environment Laboratory, Nagoya Univ.
Data Access: http://center.stelab.nagoya-u.ac.jp/WDCCR/index.html
Project: ICSU WDC
Citation: WDC for Cosmic Rays, Solar-Terrestrial Environment Laboratory, Nagoya University
Station ID: TBILIS
Station:  TBILISI,GIORGIA,INSTITUT GEOPHYSIKY (IG), GIORGIAN ACADEMY OF SCIENCES,GIORGIA 
Instrument: 18-NM-64 Corrected to 965 mb Standard Pressure, Coef =-0.69 %/mb                
Latitude (deg.):   41.43  Longitude (deg.):   44.48  Altitude (m):  510.00
Cut-Off Rigidity (GV):    6.73
Year: 2009  Month:   8
Scaling Factor (SF):    64.0   Constant (CONST):     0.0  Real Counts = (DATA + CONST)*SF
Temporal Resolution: 1 hour
UTC Start Hour:     0.0
TBILISI,NUTSUBIDSE 77, GIORGIA           DATA FROM  IZMIRAN                     
ftp://cr0.izmiran.rssi.ru/Cosray!/FTP_NM/C/             
Monthly Average:  9111.0
Updated (YYYY MM DD): 2010 08 08
*******************************************************************************************
ID     YYYY MM DD 1     0     1     2     3     4     5     6     7     8     9    10    11
ID     YYYY MM DD 2    12    13    14    15    16    17    18    19    20    21    22    23
*******************************************************************************************
TBILIS 2009 08 01 1  9096  9113  9058  9144  9140  9156  9125  9149  9133  9155  9128  9195
TBILIS 2009 08 01 2  9196  9183  9191  9165  9139  9215  9188  9212  9215  9164  9183  9130
TBILIS 2009 08 02 1  9122  9132  9146  9179  9156  9140  9154  9189  9192  9144  9151  9130
TBILIS 2009 08 02 2  9113  9102  9144  9162  9161  9121  9143  9149  9120  9095  9089  9127
TBILIS 2009 08 03 1  9124  9146  9137  9101  9088  9133  9154  9107  9116  9093  9093  9115
TBILIS 2009 08 03 2  9100  9082  9086  9057  9063  9028  9075  9082  9010  8986  9003  9049
TBILIS 2009 08 04 1  9008  9036  9016  9005  9049  9143  9125  9122  9136  9144  9135  9152
TBILIS 2009 08 04 2  9154  9174  9178  9167  9130  9119  9146  9173  9132  9153  9143  9113
TBILIS 2009 08 05 1  9105  9101  9112  9116  9107  9101  9124  9100  9112  9102  9095  9155
TBILIS 2009 08 05 2  9124  9116  9157  9105  9062  9096  9083  9054  9075  9055  9007  9015
TBILIS 2009 08 06 1  9052  9055  9052  9051  9032  9112  9096  9130  9079  9103  9116  9107
TBILIS 2009 08 06 2  9075  9069  9094  9068  9100  9066  9082  9073  9083  9063  9038  9059
TBILIS 2009 08 07 1  9102  9078  9103  9119  9113  9146  9200  9145  9104  9009  9097  9104
TBILIS 2009 08 07 2  9115  9105  9132  9071  9063  9082  9071  9064  9103  9150  9098  9112
TBILIS 2009 08 08 1  9129  9063  9091  9070  9125  9127  9164  9175  9172  9189  9111  9150
TBILIS 2009 08 08 2  9109  9119  9085  9035  9094  9051  9091  9028  9056  9039  9056  9072
TBILIS 2009 08 09 1  9044  9027  9076  9083  9105  9080  9092  9125  9098  9083  9106  9096
TBILIS 2009 08 09 2  9075  9051  9056  9019  9030  8970  9014  9031  8995  8999  9008  9005
TBILIS 2009 08 10 1  8999  8988  9023  9051  9013  9066  9064  9121  9110  9103  9113  9122
TBILIS 2009 08 10 2  9117  9101  9104  9112  9024  9105  9058  9084  9085  9130  9045  9038
TBILIS 2009 08 11 1  9045  9067  9059  9106  9085  9126  9161  9112  9149  9132  9115  9118
TBILIS 2009 08 11 2  9130  9138  9111  9091  9102  9124  9115  9105  9103  9067  9062  9110
TBILIS 2009 08 12 1  9097  9105  9137  9130  9155  9159  9165  9118  9166  9122  9117  9114
TBILIS 2009 08 12 2  9089  9109  9107  9075  9077  9083  9111  9100  9104  9072  9109  9133
TBILIS 2009 08 13 1  9089  9117  9099  9097  9100  9140  9098  9091  9096  9091  9129  9089
TBILIS 2009 08 13 2  9140  9101  9094  9095  9101  9130  9089  9085  9078  9078  9076  9066
TBILIS 2009 08 14 1  9054  9107  9109  9104  9067  9055  9111  9119  9111  9101  9103  9103
TBILIS 2009 08 14 2  9101  9127  9104  9115  9098  9085  9119  9120  9074  9080  9100  9132
TBILIS 2009 08 15 1  9076  9047  9067  9062  9076  9087  9083  9105  9105  9104  9101  9080
TBILIS 2009 08 15 2  9118  9088  9108  9099  9129  9131  9150  9141  9097  9122  9134  9165
TBILIS 2009 08 16 1  9141  9141  9185  9169  9148  9176  9227  9231  9234  9260  9244  9245
TBILIS 2009 08 16 2  9248  9238  9248  9234  9235  9213  9220  9209  9218  9147  9165  9154
TBILIS 2009 08 17 1  9121  9158  9163  9166  9156  9158  9145  9125  9125  9142  9116  9165
TBILIS 2009 08 17 2  9156  9166  9130  9151  9101  9123  9124  9140  9168  9142  9133  9079
TBILIS 2009 08 18 1  9144  9067  9065  9057  9094  9138  9141  9143  9169  9182  9154  9168
TBILIS 2009 08 18 2  9132  9160  9159  9146  9116  9126  9062  9109  9192  9157  9102  9125
TBILIS 2009 08 19 1  9109  9079  9095  9108  9082  9089  9101  9103  9119  9118  9087  9113
TBILIS 2009 08 19 2  9121  9160  9175  9235  9151  9124  9108  9089  9083  9114  9132  9125
TBILIS 2009 08 20 1  9072  9069  9098  9095  9129  9127  9128  9095  9106  9113  9094  9136
TBILIS 2009 08 20 2  9132  9073  9126  9110  9117  9122  9151  9122  9159  9175  9147  9070
TBILIS 2009 08 21 1  9086  9113  9057  9116  9088  9104  9148  9180  9182  9149  9175  9103
TBILIS 2009 08 21 2  9150  9140  9172  9175  9155  9119  9171  9137  9152  9145  9135  9157
TBILIS 2009 08 22 1  9130  9109  9116  9102  9140  9113  9136  9154  9161  9123  9160  9189
TBILIS 2009 08 22 2  9139  9164  9128  9135  9083  9095  9053  9038  9072  9080  9093  9062
TBILIS 2009 08 23 1  9073  9075  9068  9072  9080  9086  9129  9139  9117  9111  9156  9126
TBILIS 2009 08 23 2  9124  9145  9075  9103  9053  9116  9125  9101  9134  9122  9132  9060
TBILIS 2009 08 24 1  9064  9047  9046  9039  9062  9052  9103  9114  9148  9104  9101  9144
TBILIS 2009 08 24 2  9172  9145  9122  9081  9080  9077  9141  9063  9131  9092  9070  9054
TBILIS 2009 08 25 1  9064  9066  9063  9084  9104  9070  9055  9125  9105  9140  9161  9145
TBILIS 2009 08 25 2  9133  9160  9142  9124  9105  9106  9093  9105  9105  9104  9094  9105
TBILIS 2009 08 26 1  9105  9091  9097  9076  9117  9108  9105  9187  9157  9162  9088  9165
TBILIS 2009 08 26 2  9158  9160  9125  9082  9081  9050  9077  9060  9026  9077  9012  8991
TBILIS 2009 08 27 1  9023  9005  9067  9067  9091  9088  9100  9129  9128  9124  9098  9081
TBILIS 2009 08 27 2  9113  9081  9116  9091  9095  9111  9093  9060  9026  9053  9028  9012
TBILIS 2009 08 28 1  9022  9028  9019  9037  9024  9038  9094  9102  9080  9083  9049  9071
TBILIS 2009 08 28 2  9078  9067  9069  9100  9089  9091  9076  9071  9102  9055  9048  9057
TBILIS 2009 08 29 1  9063  9058  9065  9088  9137  9081  9159  9138  9136  9114  9153  9183
TBILIS 2009 08 29 2  9142  9167  9173  9171  9137  9168  9144  9164  9162  9165  9109  9124
TBILIS 2009 08 30 1  9132  9121  9110  9087  9132  9121  9133  9223  9144  9135  9170  9130
TBILIS 2009 08 30 2  9121  9099  9120  9173  9153  9180  9131  9128  9081  9105  9120  9120
TBILIS 2009 08 31 1  9107  9069  9118  9122  9103  9103  9146  9114  9108  9165  9175  9154
TBILIS 2009 08 31 2  9169  9162  9168  9147  9152  9166  9165  9153  9152  9163  9176  9160
Cosmic-Ray Neutron Monitor Data (Hourly, Pressure-Corrected and Scale-Adjusted Counts)
Collections: WDC for Cosmic Rays, Solar-Terrestrial Environment Laboratory, Nagoya Univ.
Data Access: http://center.stelab.nagoya-u.ac.jp/WDCCR/index.html
Project: ICSU WDC
Citation: WDC for Cosmic Rays, Solar-Terrestrial Environment Laboratory, Nagoya University
Station ID: TBILIS
Station:  TBILISI,GIORGIA,INSTITUT GEOPHYSIKY (IG), GIORGIAN ACADEMY OF SCIENCES,GIORGIA 
Instrument: 18-NM-64 Corrected to 965 mb Standard Pressure, Coef =-0.69 %/mb                
Latitude (deg.):   41.43  Longitude (deg.):   44.48  Altitude (m):  510.00
Cut-Off Rigidity (GV):    6.73
Year: 2009  Month:   9
Scaling Factor (SF):    64.0   Constant (CONST):     0.0  Real Counts = (DATA + CONST)*SF
Temporal Resolution: 1 hour
UTC Start Hour:     0.0
TBILISI,NUTSUBIDSE 77, GIORGIA           DATA FROM  IZMIRAN                     
ftp://cr0.izmiran.rssi.ru/Cosray!/FTP_NM/C/             
Monthly Average:  9124.5
Updated (YYYY MM DD): 2010 08 08
*******************************************************************************************
ID     YYYY MM DD 1     0     1     2     3     4     5     6     7     8     9    10    11
ID     YYYY MM DD 2    12    13    14    15    16    17    18    19    20    21    22    23
*******************************************************************************************
TBILIS 2009 09 01 1  9120  9130  9141  9181  9167  9161  9137  9145  9145  9147  9176  9152
TBILIS 2009 09 01 2  9112  9132  9167  9169  9148  9139  9123  9126  9138  9099  9132  9120
TBILIS 2009 09 02 1  9092  9068  9108  9107  9098  9129  9161  9153  9171  9182  9141  9169
TBILIS 2009 09 02 2  9180  9161  9181  9140  9136  9154  9140  9165  9155  9146  9128  9142
TBILIS 2009 09 03 1  9143  9087  9113  9149  9134  9144  9147  9160  9162  9165  9164  9172
TBILIS 2009 09 03 2  9163  9127  9145  9194  9120  9134  9149  9181  9180  9146  9118  9112
TBILIS 2009 09 04 1  9125  9140  9098  9083  9123  9059  9098  9182  9133  9157  9169  9180
TBILIS 2009 09 04 2  9158  9172  9162  9131  9128  9157  9157  9131  9130  9120  9129  9100
TBILIS 2009 09 05 1  9099  9101  9103  9125  9135  9124  9118  9156  9183  9161  9142  9153
TBILIS 2009 09 05 2  9166  9168  9136  9162  9148  9130  9175  9162  9194  9153  9180  9160
TBILIS 2009 09 06 1  9157  9146  9125  9159  9134  9132  9125  9120  9121  9183  9147  9185
TBILIS 2009 09 06 2  9185  9162  9153  9182  9190  9129  9184  9162  9168  9155  9177  9154
TBILIS 2009 09 07 1  9121  9089  9098  9113  9153  9088  9136  9011  9011  9042  9134  9077
TBILIS 2009 09 07 2  9112  9108  9129  9138  9142  9160  9154  9129  9123  9089  9104  9116
TBILIS 2009 09 08 1  9140  9111  9115  9154  9104  9166  9191  9180  9170  9160  9186  9188
TBILIS 2009 09 08 2  9181  9196  9153  9168  9194  9195  9188  9182  9197  9177  9183  9165
TBILIS 2009 09 09 1  9153  9152  9178  9187  9185  9175  9164  9197  9177  9211  9163  9145
TBILIS 2009 09 09 2  9163  9181  9156  9130  9063  9093  9142  9151  9162  9166  9117  9110
TBILIS 2009 09 10 1  9128  9150  9183  9182  9181  9220  9228  9192  9182  9144  9156  9125
TBILIS 2009 09 10 2  9147  9118  9138  9141  9128  9063  9133  9085  9057  9030  9029  9023
TBILIS 2009 09 11 1  9033  9021  9046  9058  9067  9080  9070  9033  9040  9050  9019  9044
TBILIS 2009 09 11 2  9028  9039  9043  9053  9036  9076  9086  9103  9128  9090  9064  9113
TBILIS 2009 09 12 1  9075  9099  9092  9132  9100  9112  9132  9174  9134  9117  9105  9100
TBILIS 2009 09 12 2  9126  9145  9131  9135  9116  9127  9124  9085  9107  9097  9101  9097
TBILIS 2009 09 13 1  9089  9091  9096  9111  9081  9126  9167  9207  9168  9193  9130  9106
TBILIS 2009 09 13 2  9167  9131  9127  9154  9120  9143  9123  9130  9163  9159  9122  9166
TBILIS 2009 09 14 1  9151  9173  9105  9156  9188  9143  9171  9178  9153  9157  9155  9141
TBILIS 2009 09 14 2  9119  9086  9104  9064  9091  9099  9105  9106  9122  9121  9080  9058
TBILIS 2009 09 15 1  9064  9039  9035  9049  9079  9107  9129  9135  9156  9152  9109  9161
TBILIS 2009 09 15 2  9128  9164  9176  9185  9123  9101  9131  9153  9100  9116  9073  9133
TBILIS 2009 09 16 1  9081  9114  9074  9091  9142  9086  9159  9162  9163  9169  9131  9109
TBILIS 2009 09 16 2  9120  9145  9143  9144  9150  9139  9118  9129  9150  9110  9119  9105
TBILIS 2009 09 17 1  9143  9119  9145  9142  9127  9118  9178  9180  9191  9190  9162  9145
TBILIS 2009 09 17 2  9199  9177  9181  9171  9157  9156  9135  9131  9108  9096  9108  9124
TBILIS 2009 09 18 1  9102  9140  9137  9080  9100  9118  9135  9132  9153  9166  9116  9186
TBILIS 2009 09 18 2  9194  9173  9153  9152  9152  9172  9182  9146  9150  9207  9149  9159
TBILIS 2009 09 19 1  9134  9131  9161  9163  9158  9112  9150  9123  9124  9112  9149  9114
TBILIS 2009 09 19 2  9122  9143  9145  9191  9182  9182  9189  9204  9191  9207  9199  9154
TBILIS 2009 09 20 1  9184  9188  9189  9166  9175  9168  9172  9131  9115  9149  9148  9079
TBILIS 2009 09 20 2  9054  9061  9046  9023  8993  9026  9066  9005  9015  9034  9007  9002
TBILIS 2009 09 21 1  9014  9041  9022  9025  9032  9074  9054  9109  9172  9157  9146  9175
TBILIS 2009 09 21 2  9163  9107  9130  9123  9071  9077  9069  9089  9081  9073  9060  9123
TBILIS 2009 09 22 1  9034  9055  9082  9118  9105  9142  9113  9105  9099  9109  9098  9113
TBILIS 2009 09 22 2  9157  9110  9104  9111  9098  9090  9131  9085  9078  9126  9100  9096
TBILIS 2009 09 23 1  9037  9110  9122  9125  9133  9106  9154  9137  9166  9249  9188  9162
TBILIS 2009 09 23 2  9187  9211  9173  9179  9126  9181  9185  9147  9178  9149  9158  9149
TBILIS 2009 09 24 1  9133  9169  9180  9151  9115  9176  9219  9192  9164  9174  9177  9220
TBILIS 2009 09 24 2  9206  9240  9150  9155  9158  9164  9187  9156  9141  9141  9172  9147
TBILIS 2009 09 25 1  9155  9117  9139  9088  9110  9089  9141  9149  9132  9147  9119  9078
TBILIS 2009 09 25 2  9102  9099  9092  9069  9119  9130  9113  9070  9105  9066  9072  9053
TBILIS 2009 09 26 1  9094  9059  9068  9079  9113  9095  9118  9102  9140  9139  9157  9150
TBILIS 2009 09 26 2  9103  9104  9138  9103  9113  9097  9055  9063  9071  9096  9084  9090
TBILIS 2009 09 27 1  9117  9101  9144  9180  9172  9119  9066  9071  9079  9077  9094  9137
TBILIS 2009 09 27 2  9104  9111  9077  9090  9080  9098  9055  9067  9041  9097  9071  9085
TBILIS 2009 09 28 1  9073  9080  9050  9013  9021  9018  9044  9077  9123  9091  9035  9052
TBILIS 2009 09 28 2  9114  9067  9087  9078  9070  9078  9074  9067  9071  9070  9064  9049
TBILIS 2009 09 29 1  9093  9086  9069  9116  9116  9107  9122  9159  9154  9150  9161  9145
TBILIS 2009 09 29 2  9157  9133  9126  9144  9167  9167  9141  9122  9103  9133  9114  9135
TBILIS 2009 09 30 1  9127  9105  9154  9115  9123  9143  9133  9109  9077  9075  9082  9052
TBILIS 2009 09 30 2  9006  9021  9017  8992  8975  8997  9046  9003  9041  9019  9035  9011
TBILIS 2009 09 31 1 99999 99999 99999 99999 99999 99999 99999 99999 99999 99999 99999 99999
TBILIS 2009 09 31 2 99999 99999 99999 99999 99999 99999 99999 99999 99999 99999 99999 99999
Cosmic-Ray Neutron Monitor Data (Hourly, Pressure-Corrected and Scale-Adjusted Counts)
Collections: WDC for Cosmic Rays, Solar-Terrestrial Environment Laboratory, Nagoya Univ.
Data Access: http://center.stelab.nagoya-u.ac.jp/WDCCR/index.html
Project: ICSU WDC
Citation: WDC for Cosmic Rays, Solar-Terrestrial Environment Laboratory, Nagoya University
Station ID: TBILIS
Station:  TBILISI,GIORGIA,INSTITUT GEOPHYSIKY (IG), GIORGIAN ACADEMY OF SCIENCES,GIORGIA 
Instrument: 18-NM-64 Corrected to 965 mb Standard Pressure, Coef =-0.69 %/mb                
Latitude (deg.):   41.43  Longitude (deg.):   44.48  Altitude (m):  510.00
Cut-Off Rigidity (GV):    6.73
Year: 2009  Month:  10
Scaling Factor (SF):    64.0   Constant (CONST):     0.0  Real Counts = (DATA + CONST)*SF
Temporal Resolution: 1 hour
UTC Start Hour:     0.0
TBILISI,NUTSUBIDSE 77, GIORGIA           DATA FROM  IZMIRAN                     
ftp://cr0.izmiran.rssi.ru/Cosray!/FTP_NM/C/             
Monthly Average:  9063.9
Updated (YYYY MM DD): 2010 08 08
*******************************************************************************************
ID     YYYY MM DD 1     0     1     2     3     4     5     6     7     8     9    10    11
ID     YYYY MM DD 2    12    13    14    15    16    17    18    19    20    21    22    23
*******************************************************************************************
TBILIS 2009 10 01 1  9056  9026  9072  9051  9080  9113  9109  9096  9143  9115  9081  9055
TBILIS 2009 10 01 2  9044  9058  9087  9081  9108  9083  9075  9136  9096  9060  9065  9094
TBILIS 2009 10 02 1  9094  9084  9050  9105  9062  9038  9024  9013  9110  9082  9067  9080
TBILIS 2009 10 02 2  9069  9057  9055  9018  9058  9065  9062  9059  9036  8983  9023  8991
TBILIS 2009 10 03 1  9011  9028  9040  8994  9051  9080  9066  9108  9062  9022  9045  9035
TBILIS 2009 10 03 2  9024  9043  9046  9054  9015  9011  8972  9040  9051  9047  9033  9004
TBILIS 2009 10 04 1  9048  9043  9059  9060  9041  9061  9068  9077  9092  9010  8992  9028
TBILIS 2009 10 04 2  9020  8999  9016  9019  8992  8973  8980  8972  8941  8973  8966  8944
TBILIS 2009 10 05 1  8974  8974  8960  9002  9011  8981  9015  9043  9030  9006  8976  9065
TBILIS 2009 10 05 2  9076  9080  9052  9096  9093  9052  9036  9077  9031  9035  9012  9050
TBILIS 2009 10 06 1  9070  9021  8985  9027  9059  9025  9053  9086  9012  9060  9081  9081
TBILIS 2009 10 06 2  9099  9061  9094  9041  9051  9038  9045  9020  9035  9059  9008  9074
TBILIS 2009 10 07 1  9025  9074  9061  9040  9062  9053  9022  9042  9077  9059  9038  9054
TBILIS 2009 10 07 2  9059  9073  9065  9064  9053  9027  9068  9066  9052  9025  9057  9037
TBILIS 2009 10 08 1  9012  9020  9021  9055  9035  9059  9047  9029  9037  8979  8978  8978
TBILIS 2009 10 08 2  8961  8940  8985  8976  8963  8914  8973  8966  8929  8986  8959  8946
TBILIS 2009 10 09 1  8958  8945  8965  8964  8989  8997  9025  9045  9073  9040  9044  9078
TBILIS 2009 10 09 2  9090  9087  9063  9096  9115  9117  9114  9096  9081  9092  9051  9088
TBILIS 2009 10 10 1  9117  9108  9117  9073  9092  9091  9131  9101  9106  9092  9093  9115
TBILIS 2009 10 10 2  9090  9078  9074  9048  9047  9022  9049  9050  9062  9015  9004  9032
TBILIS 2009 10 11 1  9030  8993  9013  9008  9050  9038  9049  9093  9045  9075  9126  9066
TBILIS 2009 10 11 2  9086  9112  9096  9075  9096  9084  9036  9071  9079  9064  9022  9044
TBILIS 2009 10 12 1  9040  9018  9051  9023  9062  9044  9086  9095  9090  9042  9084  9062
TBILIS 2009 10 12 2  9071  9047  9017  9032  9007  8986  9007  8958  8947  8969  8973  8979
TBILIS 2009 10 13 1  8979  8976  8974  8976  8987  8982  9062  9009  9033  9020  9039  9059
TBILIS 2009 10 13 2  8998  9027  9034  9026  8983  9005  8995  9023  9040  8990  9042  9021
TBILIS 2009 10 14 1  9024  9029  8975  9017  9067  9036  9079  9076  9077  9069  9104  9087
TBILIS 2009 10 14 2  9103  9126  9117  9123  9087  9103  9092  9052  9082  9024  9017  9076
TBILIS 2009 10 15 1  9053  9054  9046  9025  9027  9055  9099  9087  9047  9032  9037  9046
TBILIS 2009 10 15 2  9005  9025  9070  9034  9008  9014  9026  9008  9017  9028  9013  9060
TBILIS 2009 10 16 1  9002  8972  9007  9024  9014  9020  9028  9033  9074  9058  9006  9064
TBILIS 2009 10 16 2  9069  9077  9072  9091  9075  9105  9119  9079  9078  9071  9070  9076
TBILIS 2009 10 17 1  9049  9051  9059  9100  9087  9048  9152  9075  9092  9082  9104  9104
TBILIS 2009 10 17 2  9083  9097  9092  9112  9127  9089  9068  9082  9070  9065  9048  9103
TBILIS 2009 10 18 1  9065  9065  9094  9062  9027  9065  9075  9076  9106  9150  9118  9107
TBILIS 2009 10 18 2  9105  9116  9143  9144  9121  9138  9117  9101  9156  9114  9127  9100
TBILIS 2009 10 19 1  9112  9100  9103  9121  9064  9112  9123  9084  9071  9135  9092  9095
TBILIS 2009 10 19 2  9081  9078  9112  9114  9104  9079  9053  9087  9083  9083  9049  9057
TBILIS 2009 10 20 1  9078  9056  9043  9083  9051  9037  9060  9032  9013  9068  9072  9105
TBILIS 2009 10 20 2  9112  9103  9088  9090  9078  9066  9070  9069  9035  9046  9055  9057
TBILIS 2009 10 21 1  9041  9030  9067  9088  9085  9090  9111  9141  9109  9098  9151  9129
TBILIS 2009 10 21 2  9145  9108  9124  9107  9111  9113  9108  9142  9125  9098  9087  9104
TBILIS 2009 10 22 1  9092  9081  9072  9112  9120  9125  9141  9145  9168  9149  9119  9146
TBILIS 2009 10 22 2  9108  9083  9035  9015  9073  9043  8987  9032  9046  9073  9077  9105
TBILIS 2009 10 23 1  9088  9046  9053  9037  9041  9057  9069  9131  9096  9091  9081  9083
TBILIS 2009 10 23 2  9050  9092  9071  9010  9036  9034  9039  9073  9054  9056  9068  9064
TBILIS 2009 10 24 1  9051  9094  9063  9140  9108  9112  9140  9117  9163  9142  9161  9118
TBILIS 2009 10 24 2  9144  9099  9138  9108  9141  9185  9190  9178  9160  9150  9158  9141
TBILIS 2009 10 25 1  9152  9139  9170  9151  9147  9118  9136  9153  9162  9187  9163  9196
TBILIS 2009 10 25 2  9138  9171  9141  9146  9180  9139  9138  9127  9101  9113  9087  9130
TBILIS 2009 10 26 1  9107  9068  9065  9093  9110  9118  9129  9080  9074  9075  9092  9071
TBILIS 2009 10 26 2  9080  9028  9050  9060  9063  9049  9077  9057  9061  9083  9060  9062
TBILIS 2009 10 27 1  9069  9065  9074  9074  9069  9122  9112  9071  9045  9044  9042  9047
TBILIS 2009 10 27 2  9071  9045  9076  9077  9053  9077  9032  9055  9068  9089  9042  9102
TBILIS 2009 10 28 1  9083  9075  9116  9088  9121  9113  9110  9109  9142  9124  9107  9128
TBILIS 2009 10 28 2  9104  9097  9101  9104  9093  9097  9107  9096  9091  9063  9055  9065
TBILIS 2009 10 29 1  9091  9069  9080  9080  9071  9059  9073  9112  9113  9130  9068  9045
TBILIS 2009 10 29 2  9026  9041  9028  9091  9027  9043  9058  9088  9067  9108  9058  9087
TBILIS 2009 10 30 1  9067  9080  9079  9117  9131  9118  9112  9088  9111  9084  9073  9067
TBILIS 2009 10 30 2  9077  9068  9049  9059  9048  9083  9075  9071  9067  9067  9075  9110
TBILIS 2009 10 31 1  9117  9079  9072  9054  9073  9010  9021  8994  8989  9003  9001  8976
TBILIS 2009 10 31 2  8980  9006  8989  8941  8978  8994  8975  8969  8966  8964  8987  8987
Cosmic-Ray Neutron Monitor Data (Hourly, Pressure-Corrected and Scale-Adjusted Counts)
Collections: WDC for Cosmic Rays, Solar-Terrestrial Environment Laboratory, Nagoya Univ.
Data Access: http://center.stelab.nagoya-u.ac.jp/WDCCR/index.html
Project: ICSU WDC
Citation: WDC for Cosmic Rays, Solar-Terrestrial Environment Laboratory, Nagoya University
Station ID: TBILIS
Station:  TBILISI,GIORGIA,INSTITUT GEOPHYSIKY (IG), GIORGIAN ACADEMY OF SCIENCES,GIORGIA 
Instrument: 18-NM-64 Corrected to 965 mb Standard Pressure, Coef =-0.69 %/mb                
Latitude (deg.):   41.43  Longitude (deg.):   44.48  Altitude (m):  510.00
Cut-Off Rigidity (GV):    6.73
Year: 2009  Month:  11
Scaling Factor (SF):    64.0   Constant (CONST):     0.0  Real Counts = (DATA + CONST)*SF
Temporal Resolution: 1 hour
UTC Start Hour:     0.0
TBILISI,NUTSUBIDSE 77, GIORGIA           DATA FROM  IZMIRAN                     
ftp://cr0.izmiran.rssi.ru/Cosray!/FTP_NM/C/             
Monthly Average:  9033.6
Updated (YYYY MM DD): 2010 08 08
*******************************************************************************************
ID     YYYY MM DD 1     0     1     2     3     4     5     6     7     8     9    10    11
ID     YYYY MM DD 2    12    13    14    15    16    17    18    19    20    21    22    23
*******************************************************************************************
TBILIS 2009 11 01 1  8991  8989  9017  9008  9004  9031  9042  9056  9058  9028  9019  9038
TBILIS 2009 11 01 2  9019  9036  9012  9049  8992  9007  9045  9025  9060  9048  9059  9060
TBILIS 2009 11 02 1  9054  9075  9050  9114  9055  9047  9047  9078  9084  9070  9102  9090
TBILIS 2009 11 02 2  9072  9069  9054  9010  9051  9053  9035  9026  9013  9053  9050  9055
TBILIS 2009 11 03 1  9060  9016  9042  9035  9056  8999  9039  9033  9054  9063  9122  9092
TBILIS 2009 11 03 2  9065  9088  9048  9070  9025  9011  9017  9024  9020  9018  9023  9018
TBILIS 2009 11 04 1  9024  8963  9025  9016  9009  9022  9044  9039  9030  9034  9019  9025
TBILIS 2009 11 04 2  9012  9026  8997  9030  9026  9036  9021  9027  9013  8995  9016  8996
TBILIS 2009 11 05 1  8981  9004  8996  9024  9053  9030  9039  9037  9047  9024  9049  9065
TBILIS 2009 11 05 2  9036  9082  9058  9025  8995  9011  8938  8981  9001  8990  8946  8950
TBILIS 2009 11 06 1  8991  8986  8959  9009  9039  9005  9033  9013  9023  9008  9005  9031
TBILIS 2009 11 06 2  8997  8984  8962  8972  8941  8975  8941  8922  8924  8940  8919  8936
TBILIS 2009 11 07 1  8916  8956  8943  8925  8956  8939  8962  8934  8953  8940  8987  8975
TBILIS 2009 11 07 2  8979  8952  8978  8963  8942  8971  8979  8977  8949  8942  8972  8920
TBILIS 2009 11 08 1  8982  8949  8947  8911  8990  8996  8989  9000  9029  9029  9040  9066
TBILIS 2009 11 08 2  9025  9042  9016  9039  9056  9016  9028  9054  9077  9039  9042  8997
TBILIS 2009 11 09 1  9011  9015  9015  9028  9037  9059  9084  9048  9030  9092  9041  9052
TBILIS 2009 11 09 2  9041  9046  9006  9037  9022  9028  9048  8989  8996  8992  8984  8989
TBILIS 2009 11 10 1  9005  9008  9005  9009  9006  9065  9056  9077  9108  9084  9105  9098
TBILIS 2009 11 10 2  9081  9064  9031  9037  9069  9060  9028  9004  9012  9001  8998  8995
TBILIS 2009 11 11 1  8979  8987  9037  8982  9029  9039  9077  9049  9093  9048  9078  9077
TBILIS 2009 11 11 2  9085  9074  9077  9090  9077  9072  9072  9062  9062  9035  9070  9031
TBILIS 2009 11 12 1  9015  8998  9037  9055  9035  9035  9029  9041  9128  9107  9117  9100
TBILIS 2009 11 12 2  9065  9045  9035  9051  8997  9019  9014  8997  8974  8956  9008  9003
TBILIS 2009 11 13 1  8997  8936  9008  8994  8990  9006  9040  9087  9048  9085  9048  9006
TBILIS 2009 11 13 2  9074  9055  9040  9064  9041  9035  9052  9044  9032  9021  8994  8997
TBILIS 2009 11 14 1  9008  8994  8989  9023  9004  9000  9022  9020  9038  9065  9034  9065
TBILIS 2009 11 14 2  9064  9072  9046  9047  9031  9012  9042  9009  9049  9009  9028  9051
TBILIS 2009 11 15 1  9050  9060  9085  9111  9048  9142  9084  9110  9097  9079  9070  9072
TBILIS 2009 11 15 2  9095  9107  9108  9067  9091  9127  9120  9097  9119  9088  9102  9084
TBILIS 2009 11 16 1  9068  9061  9124  9154  9138  9115  9145  9112  9111  9122  9157  9128
TBILIS 2009 11 16 2  9149  9149  9147  9137  9154  9100  9084  9064  9078  9095  9057  9038
TBILIS 2009 11 17 1  9079  9077  9104  9113  9061  9107  9071  9081  9086  9084  9069  9075
TBILIS 2009 11 17 2  9100  9103  9050  9058  9100  9070  9056  9079  9005  9056  9052  9025
TBILIS 2009 11 18 1  9001  9051  9005  9022  9008  9000  9033  9039  9047  9031  9078  9043
TBILIS 2009 11 18 2  9051  9050  9077  9043  9032  9036  9017  8997  9009  8996  8988  8996
TBILIS 2009 11 19 1  8996  9022  9027  9000  9021  9064  9091  9109  9063  9099  9060  9032
TBILIS 2009 11 19 2  9031  9045  9075  9067  9066  9091  9034  9021  9047  9062  9041  9072
TBILIS 2009 11 20 1  9065  9077  9061  9092  9039  9060  9043  9072  9041  9052  9039  9037
TBILIS 2009 11 20 2  9029  9081  9036  9067  9076  9056  9049  9021  9032  9007  9001  9034
TBILIS 2009 11 21 1  9016  9069  9029  9031  9032  9051  9087  9089  9081  9098  9079  9078
TBILIS 2009 11 21 2  9035  9012  9023  8964  9028  8986  8987  9021  8990  8992  8959  8948
TBILIS 2009 11 22 1  8959  8967  8998  9004  8997  9043  9084  9053  9054  9052  8994  9026
TBILIS 2009 11 22 2  9006  9038  9052  9033  9026  9034  9002  9057  9007  9008  9001  9019
TBILIS 2009 11 23 1  8999  8967  8955  9015  8964  9032  8993  8962  9066  9103  9086  9087
TBILIS 2009 11 23 2  9050  9068  9047  9006  8936  8964  8987  8955  8954  8959  8981  8947
TBILIS 2009 11 24 1  8929  8962  8910  8899  8920  8934  8986  9018  9013  8991  9014  9001
TBILIS 2009 11 24 2  9026  9087  9009  9040  8998  9009  9000  9012  8995  8959  8936  8978
TBILIS 2009 11 25 1  9002  8984  8990  8983  8999  9041  9040  9103  9116  9071  9101  9095
TBILIS 2009 11 25 2  9126  9052  9054  9067  9104  9090  9061  9087  9043  9026  9065  9037
TBILIS 2009 11 26 1  9025  9043  9071  9047  9036  9057  9034  9069  9072  9090  9143  9117
TBILIS 2009 11 26 2  9152  9142  9177  9077  9121  9085  9070  9026  9024  9025  9025  9040
TBILIS 2009 11 27 1  9043  8978  8973  9040  8962  8961  9090  9128  9140  9116  9085  9089
TBILIS 2009 11 27 2  9070  9114  9071  9100  9088  9057  9069  9089  8993  8965  9014  8973
TBILIS 2009 11 28 1  8993  8996  9009  9011  8994  9014  9043  9031  9002  8977  9001  8989
TBILIS 2009 11 28 2  8978  9027  8991  9036  9036  9041  9076  9022  9022  9008  9018  8992
TBILIS 2009 11 29 1  8993  9058  8967  9036  9027  9039  9024  9005  8967  8961  8958  8981
TBILIS 2009 11 29 2  8976  8940  8973  8951  8995  8969  8997  9001  8985  8974  8973  8986
TBILIS 2009 11 30 1  8982  9043  9053  9023  9037  9054  9031  9024  9001  9012  9023  9053
TBILIS 2009 11 30 2  9019  9080  9087  9062  9070  9082  9119  9060  9101  9061  9069  9077
TBILIS 2009 11 31 1 99999 99999 99999 99999 99999 99999 99999 99999 99999 99999 99999 99999
TBILIS 2009 11 31 2 99999 99999 99999 99999 99999 99999 99999 99999 99999 99999 99999 99999
Cosmic-Ray Neutron Monitor Data (Hourly, Pressure-Corrected and Scale-Adjusted Counts)
Collections: WDC for Cosmic Rays, Solar-Terrestrial Environment Laboratory, Nagoya Univ.
Data Access: http://center.stelab.nagoya-u.ac.jp/WDCCR/index.html
Project: ICSU WDC
Citation: WDC for Cosmic Rays, Solar-Terrestrial Environment Laboratory, Nagoya University
Station ID: TBILIS
Station:  TBILISI,GIORGIA,INSTITUT GEOPHYSIKY (IG), GIORGIAN ACADEMY OF SCIENCES,GIORGIA 
Instrument: 18-NM-64 Corrected to 965 mb Standard Pressure, Coef =-0.69 %/mb                
Latitude (deg.):   41.43  Longitude (deg.):   44.48  Altitude (m):  510.00
Cut-Off Rigidity (GV):    6.73
Year: 2009  Month:  12
Scaling Factor (SF):    64.0   Constant (CONST):     0.0  Real Counts = (DATA + CONST)*SF
Temporal Resolution: 1 hour
UTC Start Hour:     0.0
TBILISI,NUTSUBIDSE 77, GIORGIA           DATA FROM  IZMIRAN                     
ftp://cr0.izmiran.rssi.ru/Cosray!/FTP_NM/C/             
Monthly Average:  9018.9
Updated (YYYY MM DD): 2010 08 08
*******************************************************************************************
ID     YYYY MM DD 1     0     1     2     3     4     5     6     7     8     9    10    11
ID     YYYY MM DD 2    12    13    14    15    16    17    18    19    20    21    22    23
*******************************************************************************************
TBILIS 2009 12 01 1  9087  9113  9142  9116  9143  9120  9152  9150  9147  9089  9059  9022
TBILIS 2009 12 01 2  9065  9057  9059  9074  9062  9057  9051  9050  9050  9001  9015  9064
TBILIS 2009 12 02 1  9044  9006  9051  9079  9041  9098  9109  9093  9089  9018  9028  8996
TBILIS 2009 12 02 2  8983  8996  8947  8980  8992  8972  9005  9027  9001  8983  8947  8972
TBILIS 2009 12 03 1  9003  9039  9070  9041  9101  9108  9152  9079  9100  9092  9026  9045
TBILIS 2009 12 03 2  9050  9024  9029  9009  9024  9039  9045  9026  9014  9016  9025  9025
TBILIS 2009 12 04 1  9017  8989  9068  9053  9030  9042  9041  9056  9040  9065  9046  9019
TBILIS 2009 12 04 2  8998  9021  9015  9071  9033  9044  9016  9004  9010  8975  8965  8977
TBILIS 2009 12 05 1  8952  8966  9008  9001  8996  9065  8982  8965  9032  9075  9129  9073
TBILIS 2009 12 05 2  9057  9058  9099  9115  9083  9088  9058  9123  9086  9054  9043  9032
TBILIS 2009 12 06 1  9030  9015  9120  9092  9084  9089  9108  9073  9118  9140  9140  9091
TBILIS 2009 12 06 2  9097  9115  9056  9035  9056  9061  9020  9002  9012  8994  8978  8928
TBILIS 2009 12 07 1  8969  8958  8944  8953  8961  8973  9028  9024  9023  9033  9060  9055
TBILIS 2009 12 07 2  9032  9018  9021  9049  9079  9049  9045  9029  9070  9044  9044  9013
TBILIS 2009 12 08 1  9024  9010  9043  9023  9048  9074  9052  9036  9038  9088  9079  9090
TBILIS 2009 12 08 2  9081  9057  9067  9049  9027  9056  9014  9009  8993  8986  8991  8978
TBILIS 2009 12 09 1  8989  8997  8979  8967  8977  9000  9041  9035  9051  9080  9065  9101
TBILIS 2009 12 09 2  9087  9063  9105  9062  9060  9037  9041  9028  9010  9008  8999  9041
TBILIS 2009 12 10 1  9011  8993  8984  8986  9017  9018  9007  9049  9086  9129  9117  9097
TBILIS 2009 12 10 2  9085  9084  9103  9052  9069  9091  9097  9059  9056  9063  9032  9019
TBILIS 2009 12 11 1  9008  9039  9035  9037  9025  9054  9061  9069  9060  9062  9022  9011
TBILIS 2009 12 11 2  9006  8987  9006  8992  9025  8997  9013  8951  8963  8959  8989  8986
TBILIS 2009 12 12 1  9017  8993  8985  9044  9030  9014  9049  9032  9053  9123  9123  9089
TBILIS 2009 12 12 2  9050  9089  9057  9069  9093  9053  9072  9080  9064  9071  9094  9089
TBILIS 2009 12 13 1  9075  9106  9100  9073  9048  9079  9089  9105  9082  9109  9089  9070
TBILIS 2009 12 13 2  9023  9018  9011  9017  8999  9002  8975  8963  8969  8984  8982  8938
TBILIS 2009 12 14 1  8949  8969  8980  9025  9048  9020  9097  9050  9057  9104  9060  8993
TBILIS 2009 12 14 2  9068  8999  9051  9039  9045  9036  9068  9044  9077  9074  9055  9055
TBILIS 2009 12 15 1  9064  9066  9025  9036  8971  8959  9000  9106  9084  9049  9079  9103
TBILIS 2009 12 15 2  9030  9066  9091  9054  9085  9078  9030  9026  9041  9102  9020  9021
TBILIS 2009 12 16 1  9052  9061  9072  9082  9107  9082  9120  9082  9112  9097  9002  9047
TBILIS 2009 12 16 2  9073  9055  9071  9075  9062  9042  9088  9058  9057  9049  9049  9021
TBILIS 2009 12 17 1  9053  9064  9053  9051  9073  9109  9085  9112  9123  9138  9123  9093
TBILIS 2009 12 17 2  9091  9072  9106  9057  9041  9044  9064  9049  9044  9093  9034  9061
TBILIS 2009 12 18 1  9057  9039  9054  9091  9067  9046  9030  9087  9107  9079  9067  9085
TBILIS 2009 12 18 2  9053  9061  9046  9043  9052  9074  9005  9014  8987  8995  9027  8974
TBILIS 2009 12 19 1  9001  9056  9017  9006  9025  8975  9021  9006  9035  9030  8990  9042
TBILIS 2009 12 19 2  9017  9009  9022  9012  9008  8977  8997  8948  8940  8951  8955  8919
TBILIS 2009 12 20 1  8894  8890  8900  8907  8929  8988  9033  9011  9021  9034  9076  9002
TBILIS 2009 12 20 2  9023  8978  9007  8990  9016  8999  9005  8957  8972  8974  8963  8955
TBILIS 2009 12 21 1  8946  8975  8926  8924  8955  8941  9018  8981  9009  9009  8999  8961
TBILIS 2009 12 21 2  9006  9047  9027  9026  9049  9063  9047  9004  9044  9048  9015  8981
TBILIS 2009 12 22 1  9029  9023  9055  9096  9041  8999  9038  9044  9041  9005  9015  9010
TBILIS 2009 12 22 2  9021  9013  9027  9001  8979  8967  8952  8915  8959  8971  8952  8941
TBILIS 2009 12 23 1  8920  8956  8971  8988  8951  8992  8991  9044  9019  9067  9064  9020
TBILIS 2009 12 23 2  9023  9022  9049  9024  8971  8989  8974  8979  9011  9010  8995  8999
TBILIS 2009 12 24 1  9039  9000  8986  9004  8987  8991  9010  8971  9036  9003  9021  9044
TBILIS 2009 12 24 2  9000  8979  8943  8966  8960  8939  8983  8965  8969  8997  8952  8978
TBILIS 2009 12 25 1  8966  8961  8991  9000  8980  8988  9011  9021  9010  9016  9034  9035
TBILIS 2009 12 25 2  8983  9025  9039  9009  8983  9002  8984  8986  8971  8977  8950  8926
TBILIS 2009 12 26 1  8926  8929  8957  8965  9012  8930  8935  8921  8928  8937  8940  8890
TBILIS 2009 12 26 2  8885  8918  8877  8891  8892  8896  8864  8874  8860  8848  8827  8787
TBILIS 2009 12 27 1  8827  8837  8819  8833  8838  8848  8826  8864  8879  8854  8847  8891
TBILIS 2009 12 27 2  8839  8873  8885  8944  8959  8981  8954  8990  9004  8967  8978  8933
TBILIS 2009 12 28 1  8956  8937  8951  8941  8947  8962  8982  8982  9051  9011  8961  9015
TBILIS 2009 12 28 2  8973  8928  8955  8936  8951  8913  8935  9030  8924  8934  8927  8927
TBILIS 2009 12 29 1  8970  8926  8935  8965  8866  8898  8984  9050  9119  9116  9105  9092
TBILIS 2009 12 29 2  9090  9096  9031  9011  9069  9019  9091  9020  8969  9032  8970  8993
TBILIS 2009 12 30 1  8971  8992  9004  9018  9021  9071  9015  9044  9034  9054  9101  9104
TBILIS 2009 12 30 2  9070  9009  9035  9012  9004  8995  8999  8952  8991  8985  8972  8955
TBILIS 2009 12 31 1  8977  8982  9013  8992  8990  8970  8977  8974  8962  9016  9007  9027
TBILIS 2009 12 31 2  9008  9032  9025  9027  8985  9023  8980  9036  9006  9033  9064  9064
