Cosmic-Ray Neutron Monitor Data (Hourly, Pressure-Corrected and Scale-Adjusted Counts)
Collections: WDC for Cosmic Rays, Solar-Terrestrial Environment Laboratory, Nagoya Univ.
Data Access: http://center.stelab.nagoya-u.ac.jp/WDCCR/index.html
Project: ICSU WDC
Citation: WDC for Cosmic Rays, Solar-Terrestrial Environment Laboratory, Nagoya University
Station ID: TBILIS
Station:  TBILISI,GIORGIA,INSTITUT GEOPHYSIKY (IG), GIORGIAN ACADEMY OF SCIENCES,GIORGIA 
Instrument:  18 NM-64 NEUTRON MONITOR, CORRECTED FOR PRESSURE TO 965 MB   ,COEF.=-0.690 %/MB
Latitude (deg.):   41.72  Longitude (deg.):   44.80  Altitude (m):  510.00
Cut-Off Rigidity (GV):    6.73
Year: 2007  Month:   1
Scaling Factor (SF):    64.0   Constant (CONST):     0.0  Real Counts = (DATA + CONST)*SF
Temporal Resolution: 1 hour
UTC Start Hour:     0.0
                         FILE IS PREPARED IN IZMIRAN                            
                                                        
Monthly Average:  8997.6
Updated (YYYY MM DD): 2007 05 31
*******************************************************************************************
ID     YYYY MM DD 1     0     1     2     3     4     5     6     7     8     9    10    11
ID     YYYY MM DD 2    12    13    14    15    16    17    18    19    20    21    22    23
*******************************************************************************************
TBILIS 2007 01 01 1  8904  8866  8925  8929  8924  8953  8995  8997  8994  9059  9084  9102
TBILIS 2007 01 01 2  9077  9067  9049  9056  9051  9061  9088  9041  9035  9041  9014  8953
TBILIS 2007 01 02 1  9000  8995  8956  8964  8958  8938  8981  8968  8985  8938  8996  9029
TBILIS 2007 01 02 2  9001  9007  9024  9002  8953  8971  8963  8949  8932  8942  8882  8903
TBILIS 2007 01 03 1  8905  8891  8916  8897  8889  8893  8875  8932  8908  8950  8949  8918
TBILIS 2007 01 03 2  8949  8966  8923  8913  8947  8931  8930  8956  8899  8909  8937  8849
TBILIS 2007 01 04 1  8872  8878  8885  8899  8900  8882  8906  8896  8980  8981  8981  8966
TBILIS 2007 01 04 2  8988  8972  8989  8949  8971  8969  8949  8954  8920  8954  8951  8956
TBILIS 2007 01 05 1  8939  8964  8951  8929  8971  9019  8969  8971  8983  8987  9046  8974
TBILIS 2007 01 05 2  8991  8968  8958  8949  8913  8915  8953  8939  8934  8913  8912  8947
TBILIS 2007 01 06 1  8961  8938  8906  8897  8920  8935  8943  8957  9013  9007  9034  9020
TBILIS 2007 01 06 2  8972  9014  8988  8985  8936  8969  8977  9028  8992  9011  9007  8978
TBILIS 2007 01 07 1  8941  8963  8976  8989  9014  8993  8978  9013  9039  9053  9031  9029
TBILIS 2007 01 07 2  9026  9022  8982  9026  9051  9031  8940  8943  8949  8916  8951  8947
TBILIS 2007 01 08 1  8905  8946  8924  8964  8956  8997  8973  8986  9053  9055  9032  9011
TBILIS 2007 01 08 2  9043  9059  9044  9015  9045  9023  9032  8977  8990  8975  8948  9001
TBILIS 2007 01 09 1  8974  8965  8918  8942  8946  8923  9015  9019  9021  9050  9056  9075
TBILIS 2007 01 09 2  9056  9036  9034  8972  9000  9016  8938  8986  8967  8949  8979  8975
TBILIS 2007 01 10 1  8961  8969  9015  8955  8948  8978  8987  9028  9092  9108  9097  9075
TBILIS 2007 01 10 2  9101  9096  9046  9020  9026  9023  9024  9023  9014  8961  8950  8998
TBILIS 2007 01 11 1  8999  8965  8960  8963  8985  8993  9009  9034  9040  9021  9006  9012
TBILIS 2007 01 11 2  9043  9042  9037  9023  9037  9023  9027  9027  9011  8981  8963  8947
TBILIS 2007 01 12 1  8955  8941  8969  8957  8978  8984  8997  9030  9067  9101  9088  9122
TBILIS 2007 01 12 2  9132  9129  9156  9131  9125  9118  9144  9108  9101  9064  9077  9037
TBILIS 2007 01 13 1  9035  9009  9049  9032  9021  9025  9064  9053  9051  9056  9063  9075
TBILIS 2007 01 13 2  9072  9058  9071  9043  9024  9040  9058  9014  8990  8977  8974  8963
TBILIS 2007 01 14 1  8917  8962  8930  8944  8956  8992  8977  9003  9120  9109  9117  9120
TBILIS 2007 01 14 2  9066  9081  9074  9053  9028  8967  9025  9031  8960  8910  8918  8906
TBILIS 2007 01 15 1  8843  8890  8904  8935  8933  9014  8970  8963  8964  9017  8984  8975
TBILIS 2007 01 15 2  8941  8987  9014  8918  8920  8956  8960  8910  8923  8898  8951  8946
TBILIS 2007 01 16 1  8965  8967  8970  8958  8999  9015  8953  8936  8924  8950  8955  8933
TBILIS 2007 01 16 2  8968  8931  8945  8996  8937  8932  8945  8896  8919  8958  8906  8948
TBILIS 2007 01 17 1  8921  8876  8896  8953  8900  8948  8937  8939  8979  8954  8880  8895
TBILIS 2007 01 17 2  8935  8933  8940  8996  8988  8994  8980  8976  8907  8923  8928  8936
TBILIS 2007 01 18 1  8912  8904  8923  8900  8902  8895  8879  8929  8990  9083  9068  9083
TBILIS 2007 01 18 2  9046  9029  9006  8965  8944  8922  8914  8925  8914  8921  8925  8917
TBILIS 2007 01 19 1  8920  8937  8989  8965  9011  9013  9015  9040  9053  9046  9059  9064
TBILIS 2007 01 19 2  9090  9115  9070  9084  9127  9112  9092  9084  9091  9112  9106  9088
TBILIS 2007 01 20 1  9077  9095  9090  9052  9101  9030  9044  9042  9066  9054  9088  9065
TBILIS 2007 01 20 2  9033  9070  9087  9038  9013  9042  9021  8988  9038  8992  8976  9009
TBILIS 2007 01 21 1  8960  8937  8946  8924  8952  8920  8992  8992  9039  9046  9032  9064
TBILIS 2007 01 21 2  8999  9043  8992  9052  9053  9056  9051  9019  9016  8989  8990  8971
TBILIS 2007 01 22 1  8970  8991  8977  8963  8958  8972  9009  8996  9088  9028  9014  9028
TBILIS 2007 01 22 2  9025  9014  9007  8983  9027  8990  8963  9018  8943  8976  8925  8882
TBILIS 2007 01 23 1  8937  8906  8917  8923  8917  8919  8986  8963  8956  8936  9009  8991
TBILIS 2007 01 23 2  9018  8982  9029  9018  8983  9002  8967  8964  8976  8953  8970  8950
TBILIS 2007 01 24 1  8962  8930  8961  8956  8933  8943  8968  8989  9001  9022  9021  9017
TBILIS 2007 01 24 2  9012  9003  8995  9031  9042  9004  8977  9019  9006  8991  8933  8936
TBILIS 2007 01 25 1  8975  8932  8919  8950  8950  8947  8945  8965  8991  9024  9044  9054
TBILIS 2007 01 25 2  9051  9070  9079  9068  9052  9055  9069  9034  9032  9015  9041  9017
TBILIS 2007 01 26 1  8995  8966  8946  8959  8952  8953  9011  9020  9022  9035  9064  9076
TBILIS 2007 01 26 2  9096  9088  9118  9085  9080  9039  9044  9044  9023  9063  9034  9000
TBILIS 2007 01 27 1  8987  9034  9008  9031  9029  9026  9035  9066  9076  9088  9094  9080
TBILIS 2007 01 27 2  9086  9062  9072  9050  9057  9052  9059  9019  9041  9037  9010  9033
TBILIS 2007 01 28 1  9020  9013  8968  9038  9042  9043  9064  9067  9039  9061  9099  9120
TBILIS 2007 01 28 2  9100  9096  9087  9086  9124  9069  9123  9110  9082  9053  9030  9070
TBILIS 2007 01 29 1  9064  9041  9031  9022  9019  9009  9069  8994  9005  9044  9066  9078
TBILIS 2007 01 29 2  9064  9012  9099  9069  9056  9045  9015  8975  8980  8924  8927  8946
TBILIS 2007 01 30 1  8943  8940  9010  8990  8996  9046  9030  9014  9041  9118  9123  9102
TBILIS 2007 01 30 2  9093  9081  9100  9050  9086  9063  9022  9057  9011  8975  8977  9008
TBILIS 2007 01 31 1  9001  8976  8990  8977  8985  8943  8993  9027  9006  9046  9070  9074
TBILIS 2007 01 31 2  9017  9048  8998  9013  8983  8974  8988  8988  8943  8982  8922  8981
Cosmic-Ray Neutron Monitor Data (Hourly, Pressure-Corrected and Scale-Adjusted Counts)
Collections: WDC for Cosmic Rays, Solar-Terrestrial Environment Laboratory, Nagoya Univ.
Data Access: http://center.stelab.nagoya-u.ac.jp/WDCCR/index.html
Project: ICSU WDC
Citation: WDC for Cosmic Rays, Solar-Terrestrial Environment Laboratory, Nagoya University
Station ID: TBILIS
Station:  TBILISI,GIORGIA,INSTITUT GEOPHYSIKY (IG), GIORGIAN ACADEMY OF SCIENCES,GIORGIA 
Instrument:  18 NM-64 NEUTRON MONITOR, CORRECTED FOR PRESSURE TO 965 MB   ,COEF.=-0.690 %/MB
Latitude (deg.):   41.72  Longitude (deg.):   44.80  Altitude (m):  510.00
Cut-Off Rigidity (GV):    6.73
Year: 2007  Month:   2
Scaling Factor (SF):    64.0   Constant (CONST):     0.0  Real Counts = (DATA + CONST)*SF
Temporal Resolution: 1 hour
UTC Start Hour:     0.0
                         FILE IS PREPARED IN IZMIRAN                            
                                                        
Monthly Average:  8984.1
Updated (YYYY MM DD): 2007 05 31
*******************************************************************************************
ID     YYYY MM DD 1     0     1     2     3     4     5     6     7     8     9    10    11
ID     YYYY MM DD 2    12    13    14    15    16    17    18    19    20    21    22    23
*******************************************************************************************
TBILIS 2007 02 01 1  8993  8944  8933  8899  8922  8944  8914  8951  8981  8979  8973  8997
TBILIS 2007 02 01 2  8949  8968  8935  8923  8936  8917  8920  8905  8937  8938  8922  8918
TBILIS 2007 02 02 1  8937  8942  8939  8921  8907  8924  8943  8970  8948  8948  8965  9001
TBILIS 2007 02 02 2  8996  8993  9009  8989  9037  9020  9037  9004  9026  8996  8988  8968
TBILIS 2007 02 03 1  8998  9008  9027  8976  8990  8983  9003  9010  9025  8984  9044  9044
TBILIS 2007 02 03 2  9025  9022  9015  9019  9041  9042  9005  9025  9013  9008  8982  8994
TBILIS 2007 02 04 1  8983  9007  9008  8994  8994  8985  8981  9007  8984  9008  9026  9050
TBILIS 2007 02 04 2  9056  9038  9019  9053  9017  9038  9054  9011  8973  8985  8978  8975
TBILIS 2007 02 05 1  8951  8944  8938  8936  8950  8942  8982  8974  8970  8977  8950  8949
TBILIS 2007 02 05 2  8995  8978  9000  9031  9013  9071  9064  9040  9065  9018  9047  9016
TBILIS 2007 02 06 1  9007  8995  8968  8960  8971  9003  8943  8941  8965  8981  8979  9002
TBILIS 2007 02 06 2  8991  8964  8978  8971  8948  8986  8975  8949  8922  8915  8919  8937
TBILIS 2007 02 07 1  8909  8943  8931  8910  8941  8888  8934  8939  8985  8990  8992  9016
TBILIS 2007 02 07 2  9015  8997  8972  8982  8919  8908  8880  8862  8862  8834  8858  8848
TBILIS 2007 02 08 1  8854  8850  8791  8827  8791  8819  8857  8942  8952  8942  8922  8964
TBILIS 2007 02 08 2  8975  8937  8935  8939  8878  8854  8896  8877  8897  8853  8885  8857
TBILIS 2007 02 09 1  8831  8839  8843  8837  8860  8868  8869  8890  8975  8969  8963  8981
TBILIS 2007 02 09 2  8963  8993  8961  8989  8964  8950  8977  8967  8945  8962  8930  8959
TBILIS 2007 02 10 1  8972  8980  8939  8928  8932  8973  9024  9018  9080  9088  9053  9035
TBILIS 2007 02 10 2  9044  9022  9025  9050  9056  9028  9018  9011  9019  9017  9009  8960
TBILIS 2007 02 11 1  8974  8990  8989  9023  8981  8995  8999  8997  9019  9025  9005  9018
TBILIS 2007 02 11 2  9042  9046  9006  9006  8996  9001  8982  9020  8999  8931  8957  8935
TBILIS 2007 02 12 1  8953  8935  8946  8937  8929  8976  8985  9054  9065  9055  9072  9060
TBILIS 2007 02 12 2  9053  9083  9062  9062  9072  9064  9058  9041  9028  9057  9029  9018
TBILIS 2007 02 13 1  9002  8993  8986  9002  8999  8942  8959  8961  9045  9033  9038  9072
TBILIS 2007 02 13 2  9091  9043  9041  9079  9044  9054  9032  9034  8985  8969  9038  8994
TBILIS 2007 02 14 1  9017  9001  8971  8971  8974  9061  9004  9000  9006  9044  9032  9041
TBILIS 2007 02 14 2  9052  9006  8990  8947  8959  8956  8954  8955  8944  8933  8937  8900
TBILIS 2007 02 15 1  8912  8935  8883  8921  8908  8915  9001  8992  8995  9013  9038  9059
TBILIS 2007 02 15 2  9035  9069  9042  9031  9009  8973  9002  9005  8986  8950  9001  8988
TBILIS 2007 02 16 1  8961  8934  8967  8931  8965  8959  8931  9008  8974  9012  9017  9030
TBILIS 2007 02 16 2  9111  9062  9029  9042  9021  9032  9030  9028  8971  8950  8956  8939
TBILIS 2007 02 17 1  8939  8938  8926  8945  8992  8977  8991  9001  9015  9019  9021  9008
TBILIS 2007 02 17 2  8978  9043  9019  9019  9002  9024  9021  9027  9014  9047  8988  8968
TBILIS 2007 02 18 1  8977  8947  8965  8964  8945  8935  8940  8971  8990  8999  8970  8990
TBILIS 2007 02 18 2  8991  8990  8986  8981  9005  9002  9014  8987  8968  8954  8940  8912
TBILIS 2007 02 19 1  8910  8936  8929  8936  8932  8919  8939  8949  8984  9002  9002  8994
TBILIS 2007 02 19 2  9009  9049  9025  9023  9052  9043  9026  8988  8999  8986  8978  8960
TBILIS 2007 02 20 1  8989  8987  8967  8966  8986  8970  8994  9021  8991  9006  9071  9054
TBILIS 2007 02 20 2  9072  9056  9042  9026  9012  8986  8935  8938  8910  8870  8898  8879
TBILIS 2007 02 21 1  8884  8912  8950  8935  8931  8969  8971  8948  8974  9025  9033  8994
TBILIS 2007 02 21 2  9007  9032  8997  8979  8985  9019  8995  8972  9014  8989  8941  8931
TBILIS 2007 02 22 1  8940  8960  8956  8915  9022  9011  9048  8979  8965  8946  8936  8965
TBILIS 2007 02 22 2  9036  9006  8952  8966  8986  8985  9000  8979  8943  8961  8918  8937
TBILIS 2007 02 23 1  8937  8923  8928  8969  8944  8969  8976  8964  8966  8988  8989  9024
TBILIS 2007 02 23 2  9010  8984  9020  9013  9054  9069  9073  9065  9015  9035  9043  9038
TBILIS 2007 02 24 1  9066  9054  9009  8985  9000  8955  9024  9040  9016  9052  9064  9088
TBILIS 2007 02 24 2  9066  9084  9102  8963  9065  9160  9168  9155  9121  9066  9097  9017
TBILIS 2007 02 25 1  8975  9044  8997  9041  9018  9010  9044  9044  9057  9050  9054  9019
TBILIS 2007 02 25 2  9020  9006  9014  8954  8964  8994  8971  8971  9011  8954  8933  8936
TBILIS 2007 02 26 1  8915  8953  8967  8940  8938  9041  9037  9045  8970  8981  8988  8986
TBILIS 2007 02 26 2  8974  8993  8978  8951  8976  8999  8969  8970  8981  8953  8967  8956
TBILIS 2007 02 27 1  8969  8999  9010  8988  8978  8955  8941  8977  8985  8996  9020  8974
TBILIS 2007 02 27 2  8976  8965  8946  8995  8961  8955  9034  8981  9000  8961  8955  8972
TBILIS 2007 02 28 1  8938  8968  8986  8976  8970  8986  9023  9061  9066  9027  9066  9041
TBILIS 2007 02 28 2  9013  9055  8996  8972  8974  8975  9021  8975  8988  8943  8966  8942
TBILIS 2007 02 29 1 99999 99999 99999 99999 99999 99999 99999 99999 99999 99999 99999 99999
TBILIS 2007 02 29 2 99999 99999 99999 99999 99999 99999 99999 99999 99999 99999 99999 99999
TBILIS 2007 02 30 1 99999 99999 99999 99999 99999 99999 99999 99999 99999 99999 99999 99999
TBILIS 2007 02 30 2 99999 99999 99999 99999 99999 99999 99999 99999 99999 99999 99999 99999
TBILIS 2007 02 31 1 99999 99999 99999 99999 99999 99999 99999 99999 99999 99999 99999 99999
TBILIS 2007 02 31 2 99999 99999 99999 99999 99999 99999 99999 99999 99999 99999 99999 99999
Cosmic-Ray Neutron Monitor Data (Hourly, Pressure-Corrected and Scale-Adjusted Counts)
Collections: WDC for Cosmic Rays, Solar-Terrestrial Environment Laboratory, Nagoya Univ.
Data Access: http://center.stelab.nagoya-u.ac.jp/WDCCR/index.html
Project: ICSU WDC
Citation: WDC for Cosmic Rays, Solar-Terrestrial Environment Laboratory, Nagoya University
Station ID: TBILIS
Station:  TBILISI,GIORGIA,INSTITUT GEOPHYSIKY (IG), GIORGIAN ACADEMY OF SCIENCES,GIORGIA 
Instrument:  18 NM-64 NEUTRON MONITOR, CORRECTED FOR PRESSURE TO 965 MB   ,COEF.=-0.690 %/MB
Latitude (deg.):   41.72  Longitude (deg.):   44.80  Altitude (m):  510.00
Cut-Off Rigidity (GV):    6.73
Year: 2007  Month:   3
Scaling Factor (SF):    64.0   Constant (CONST):     0.0  Real Counts = (DATA + CONST)*SF
Temporal Resolution: 1 hour
UTC Start Hour:     0.0
                         FILE IS PREPARED IN IZMIRAN                            
                                                        
Monthly Average:  9011.4
Updated (YYYY MM DD): 2007 05 31
*******************************************************************************************
ID     YYYY MM DD 1     0     1     2     3     4     5     6     7     8     9    10    11
ID     YYYY MM DD 2    12    13    14    15    16    17    18    19    20    21    22    23
*******************************************************************************************
TBILIS 2007 03 01 1  8999  8925  8941  8922  8980  8992  8998  8982  8995  9037  9017  9028
TBILIS 2007 03 01 2  9052  9058  9054  9040  9036  9055  9003  9008  9015  9010  8986  9002
TBILIS 2007 03 02 1  8982  8969  8985  8979  8992  9016  8997  9004  8993  9008  9010  9018
TBILIS 2007 03 02 2  9017  8976  8995  8970  8966  8980  8974  9013  8966  8946  8916  8909
TBILIS 2007 03 03 1  8944  8913  8917  8926  8903  8901  8991  8974  8980  9003  9045  9023
TBILIS 2007 03 03 2  9061  9053  9037  9010  9022  8990  9025  9048  9026  9001  9048  9019
TBILIS 2007 03 04 1  9050  9047  9014  9012  9045  9049  9052  9071  9032  9072  9079  9077
TBILIS 2007 03 04 2  9069  9046  9054  9071  9059  9034  9055  9018  9042  9009  9015  9030
TBILIS 2007 03 05 1  8997  9005  8954  8979  8985  8985  8985  9042  9021  9026  9064  9014
TBILIS 2007 03 05 2  9006  8997  8967  8945  8965  8959  8913  8904  8890  8908  8888  8945
TBILIS 2007 03 06 1  8963  8985  8982  8991  8992  9021  9020  9072  9022  9035  9082  9062
TBILIS 2007 03 06 2  9037  9045  9018  9036  9024  9000  9012  9032  9010  8968  8988  9000
TBILIS 2007 03 07 1  8969  9003  8943  8979  8980  9019  8992  8999  9020  9048  9020  9008
TBILIS 2007 03 07 2  8984  8953  8958  8945  8948  8965  8938  8958  8941  8944  8956  9007
TBILIS 2007 03 08 1  8978  8969  8988  9025  9032  9025  9042  9026  9044  9075  9082  9063
TBILIS 2007 03 08 2  9015  9027  9018  8980  8954  8986  8972  8983  8986  8984  8983  8984
TBILIS 2007 03 09 1  9004  8959  8972  8966  8983  8998  9003  8996  9004  9004  9012  9012
TBILIS 2007 03 09 2  9038  9019  8977  9007  8974  8948  8963  8966  8928  8920  8885  8858
TBILIS 2007 03 10 1  8894  8885  8889  8891  8874  8833  8870  8954  8981  8978  9007  8939
TBILIS 2007 03 10 2  8959  8912  8929  8938  8951  8949  8966  8920  8940  8913  8891  8903
TBILIS 2007 03 11 1  8889  8941  8918  8936  8924  8932  8967  8963  9011  8986  9036  9061
TBILIS 2007 03 11 2  9096  9017  9040  9020  9019  8994  8987  8989  9004  9005  8972  8957
TBILIS 2007 03 12 1  8954  9000  8959  8986  9006  8999  8996  9028  9019  9019  8994  9055
TBILIS 2007 03 12 2  9078  9100  9070  9020  9065  9037  9025  9025  9035  8998  8958  9000
TBILIS 2007 03 13 1  8951  8935  8959  8969  9024  9052  9061  9022  9013  9022  9022  9056
TBILIS 2007 03 13 2  9038  9042  9016  9025  9002  8966  8943  8939  8939  8993  8950  9010
TBILIS 2007 03 14 1  9019  9038  8997  9021  9031  9026  9015  8994  9017  9075  8992  9071
TBILIS 2007 03 14 2  9056  9051  9053  9000  9043  9020  9000  8991  8993  9021  9018  9030
TBILIS 2007 03 15 1  9022  8979  9047  9029  9030  9030  9041  9033  9046  9046  9058  9036
TBILIS 2007 03 15 2  9074  9061  9045  9052  9035  9017  9058  9092  9073  9115  9085  9065
TBILIS 2007 03 16 1  9089  9073  9079  9074  9061  9054  9045  9054  9084  9064  9096  9088
TBILIS 2007 03 16 2  9100  9123  9073  9074  9061  9101  9069  9062  9042  8960  8933  8958
TBILIS 2007 03 17 1  8977  8980  9014  8974  8955  8986  9022  8979  9055  9008  9071  9048
TBILIS 2007 03 17 2  9029  9067  9042  9059  9049  9055  9017  9036  9016  9037  9011  9011
TBILIS 2007 03 18 1  9011  8994  9023  8964  8991  9011  9046  9066  9076  9067  9059  9074
TBILIS 2007 03 18 2  9068  9095  9125  9141  9108  9138  9140  9120  9136  9157  9121  9132
TBILIS 2007 03 19 1  9109  9095  9069  9103  9079  9041  9089  9105  9071  9106  9076  9110
TBILIS 2007 03 19 2  9214  9122  9082  9094  9089  9108  9063  9064  9061  9043  9059  9043
TBILIS 2007 03 20 1  9031  9054  8995  8982  9028  9070  9083  9058  9047  9045  9059  9072
TBILIS 2007 03 20 2  9062  9064  9088  9062  9034  9069  9008  8992  8965  9003  8961  8957
TBILIS 2007 03 21 1  8921  8916  8936  8925  8918  8955  9004  9020  9073  9086  9077  9070
TBILIS 2007 03 21 2  9081  9117  9132  9073  9063  9083  9044  9000  9058  9053  9091  9006
TBILIS 2007 03 22 1  9036  8979  8987  9033  8998  8967  9003  9041  9010  9068  9042  9092
TBILIS 2007 03 22 2  9075  9074  9047  9047  9036  9045  9014  8981  9003  8980  9003  9042
TBILIS 2007 03 23 1  9034  9040  8987  8951  8972  9009  9011  8982  8985  9006  8979  8979
TBILIS 2007 03 23 2  8999  9030  9034  9064  9058  9042  9045  9056  9037  8995  9052  9000
TBILIS 2007 03 24 1  9037  9008  9023  9073  9003  8990  9023  9045  9042  9057  9022  9003
TBILIS 2007 03 24 2  8995  9016  9023  8974  8997  9013  9044  9024  9026  9043  8960  9025
TBILIS 2007 03 25 1  9000  9006  8969  8969  8948  8949  8947  8987  8934  9026  9016  8966
TBILIS 2007 03 25 2  8957  9005  9013  8949  8948  9008  8990  8974  8953  8965  8985  8968
TBILIS 2007 03 26 1  8955  8960  8954  8965  8944  8976  9020  9033  9009  9023  9036  9022
TBILIS 2007 03 26 2  9016  8998  9012  9008  9013  9003  8984  8960  8980  8964  8995  8947
TBILIS 2007 03 27 1  8949  8928  8949  8933  8958  8970  8973  8997  9000  9017  9042  9045
TBILIS 2007 03 27 2  9044  9089  9040  9050  9063  9057  9035  9003  8994  8988  8988  8987
TBILIS 2007 03 28 1  8984  8964  8958  8932  8940  8954  8973  8961  8963  8998  9023  9033
TBILIS 2007 03 28 2  9032  9047  9035  9018  9017  9022  9050  8993  9027  9012  9012  9017
TBILIS 2007 03 29 1  8999  9006  8987  8977  8961  8935  8981  9007  8996  9028  9006  9046
TBILIS 2007 03 29 2  9040  9012  9025  8984  9011  9000  8980  9018  9006  8984  8993  8976
TBILIS 2007 03 30 1  8967  8990  8956  8968  8977  8984  8965  8976  9010  9008  9038  9064
TBILIS 2007 03 30 2  9066  9041  9028  9014  9024  9005  8974  8962  8950  8963  8941  8958
TBILIS 2007 03 31 1  8987  8992  8987  8977  8968  8958  9014  9028  9017  9097  9115  9091
TBILIS 2007 03 31 2  9077  9087  9119  9074  9095  9068  9132  9075  9060  9069  9036  9047
Cosmic-Ray Neutron Monitor Data (Hourly, Pressure-Corrected and Scale-Adjusted Counts)
Collections: WDC for Cosmic Rays, Solar-Terrestrial Environment Laboratory, Nagoya Univ.
Data Access: http://center.stelab.nagoya-u.ac.jp/WDCCR/index.html
Project: ICSU WDC
Citation: WDC for Cosmic Rays, Solar-Terrestrial Environment Laboratory, Nagoya University
Station ID: TBILIS
Station:  TBILISI,GIORGIA,INSTITUT GEOPHYSIKY (IG), GIORGIAN ACADEMY OF SCIENCES,GIORGIA 
Instrument:  18 NM-64 NEUTRON MONITOR, CORRECTED FOR PRESSURE TO 965 MB   ,COEF.=-0.690 %/MB
Latitude (deg.):   41.72  Longitude (deg.):   44.80  Altitude (m):  510.00
Cut-Off Rigidity (GV):    6.73
Year: 2007  Month:   4
Scaling Factor (SF):    64.0   Constant (CONST):     0.0  Real Counts = (DATA + CONST)*SF
Temporal Resolution: 1 hour
UTC Start Hour:     0.0
                         FILE IS PREPARED IN IZMIRAN                            
                                                        
Monthly Average:  9027.7
Updated (YYYY MM DD): 2007 05 31
*******************************************************************************************
ID     YYYY MM DD 1     0     1     2     3     4     5     6     7     8     9    10    11
ID     YYYY MM DD 2    12    13    14    15    16    17    18    19    20    21    22    23
*******************************************************************************************
TBILIS 2007 04 01 1  9044  9054  9024  9017  9025  9007  9020  9057  9089  9056  9045  9060
TBILIS 2007 04 01 2  9048  9044  9027  9030  9009  9030  9000  9002  8947  8981  8981  9007
TBILIS 2007 04 02 1  8973  8983  8964  8968  8964  9018  9067  9061  9051  9010  9050  9019
TBILIS 2007 04 02 2  9014  9020  9001  8990  9025  8976  8995  8993  8986  9006  8999  8981
TBILIS 2007 04 03 1  9005  8996  9009  9004  9004  9004  8971  8979  9006  9053  9075  9037
TBILIS 2007 04 03 2  9036  9002  9015  9004  9034  9053  9013  9028  8989  9017  9003  9025
TBILIS 2007 04 04 1  9032  9064  9038  9067  9055  9007  9049  9022  9033  9030  9031  9059
TBILIS 2007 04 04 2  9075  9079  9071  9007  9056  9081  9041  9018  8978  8988  8997  9002
TBILIS 2007 04 05 1  9012  8981  9018  8990  8987  9004  9009  9014  9094  9072  9087  9045
TBILIS 2007 04 05 2  9068  9045  9048  9048  9036  8997  8987  8995  8976  8998  8975  8978
TBILIS 2007 04 06 1  8965  8950  8965  8978  9005  9002  8996  9003  9017  9079  9067  9052
TBILIS 2007 04 06 2  9062  9071  9080  9093  9099  9077  9127  9096  9031  9064  9079  9092
TBILIS 2007 04 07 1  9027  8973  9000  8992  8998  9027  9046  9037  9098  9070  9101  9075
TBILIS 2007 04 07 2  9070  9125  9107  9141  9156  9166  9120  9096  9117  9067  9073  9046
TBILIS 2007 04 08 1  9063  9009  9003  9021  9033  9025  9090  9042  9075  9080  9116  9107
TBILIS 2007 04 08 2  9074  9088  9107  9071  9057  9046  9048  9027  9004  8992  9002  9000
TBILIS 2007 04 09 1  8962  8976  8980  9018  8974  8963  8984  9007  9018  9044  9063  9076
TBILIS 2007 04 09 2  9084  9087  9097  9109  9083  9083  9029  9065  9043  9028  9036  9006
TBILIS 2007 04 10 1  8978  8978  8988  8999  8981  8994  8980  8984  8970  8988  8987  8992
TBILIS 2007 04 10 2  8975  9020  9015  9014  8982  9004  8995  8975  8915  8953  8946  8953
TBILIS 2007 04 11 1  8949  8948  8940  8936  8989  8944  8991  8997  9020  9097  9141  9087
TBILIS 2007 04 11 2  9136  9092  9076  9099  9059  9052  9074  9096  9091  9098  9049  9035
TBILIS 2007 04 12 1  9038  9007  9018  9004  8995  8960  8987  8940  8970  8940  9008  9053
TBILIS 2007 04 12 2  9060  9007  9013  8996  9034  9026  8990  8954  8972  8969  8973  9001
TBILIS 2007 04 13 1  8995  8976  8993  9003  8978  8969  9029  9022  9020  9047  9033  9047
TBILIS 2007 04 13 2  9047  9047  9044  9069  9060  9040  9039  9035  9018  9032  9009  9036
TBILIS 2007 04 14 1  9026  8994  9016  8988  9028  9013  9035  9039  9049  9054  9025  9031
TBILIS 2007 04 14 2  9048  9057  9063  9057  9021  8972  9064  9092  9049  9081  9069  9054
TBILIS 2007 04 15 1  9070  9047  9051  9062  9042  9041  9019  9044  9080  9047  9073  9069
TBILIS 2007 04 15 2  9079  9038  9044  9048  9014  9032  8999  9015  9044  9032  9021  9025
TBILIS 2007 04 16 1  9050  9021  9015  8981  8986  8956  8964  8954  8936  9009  8987  9030
TBILIS 2007 04 16 2  9043  9018  8989  8970  9005  8980  8960  9003  8971  8985  9016  8991
TBILIS 2007 04 17 1  9033  8990  8989  8976  8961  8995  9000  9017  9007  9039  9068  9087
TBILIS 2007 04 17 2  9110  9087  9102  9059  9059  9053  9072  9054  9040  9033  9058  9046
TBILIS 2007 04 18 1  9061  9069  9033  9046  9054  9038  9066  9094  9049  9092  9062  9138
TBILIS 2007 04 18 2  9114  9123  9099  9166  9158  9162  9158  9174  9175  9147  9133  9125
TBILIS 2007 04 19 1  9149  9139  9082  9082  9084  9043  9084  9080  9083  9098  9068  9116
TBILIS 2007 04 19 2  9110  9112  9093  9046  9039  9066  9085  9059  9102  9104  9034  9001
TBILIS 2007 04 20 1  8990  8981  9003  9027  9044  9054  9057  9034  9050  9061  9049  9072
TBILIS 2007 04 20 2  9029  9012  9005  8955  8987  8979  8983  9042  8990  9012  8975  9004
TBILIS 2007 04 21 1  8963  8987  8938  8946  8943  8969  8999  8988  9006  9047  9077  9041
TBILIS 2007 04 21 2  9048  9063  9041  8996  8970  8994  8935  8932  8976  8983  8955  8972
TBILIS 2007 04 22 1  8958  8956  8937  8908  8944  8959  8960  8980  9034  9029  9017  8990
TBILIS 2007 04 22 2  8967  9028  9012  8994  8982  8973  8976  8950  8964  8977  8963  8961
TBILIS 2007 04 23 1  8988  9017  8999  9007  8982  9068  9083  9065  9079  9082  9051  9026
TBILIS 2007 04 23 2  9027  8978  8977  8976  9002  9008  9023  9038  9034  8999  8977  8981
TBILIS 2007 04 24 1  8961  8956  8963  8943  9020  9004  9012  9004  9018  9022  9001  9000
TBILIS 2007 04 24 2  9005  8998  9049  9019  8995  8978  9000  8974  9004  8969  8942  8950
TBILIS 2007 04 25 1  8937  8967  8995  8977  8987  8976  8993  9018  9015  8992  9003  9040
TBILIS 2007 04 25 2  9044  9006  8991  9010  9000  9002  8993  8987  8996  9009  8991  8993
TBILIS 2007 04 26 1  8989  8961  8958  8974  8959  8980  9015  8994  8988  8984  8934  8945
TBILIS 2007 04 26 2  8936  8927  8917  8939  8974  8963  8976  9011  8981  8987  9018  9026
TBILIS 2007 04 27 1  9036  9017  8928  8945  8961  8951  8986  8980  9013  9015  9074  9064
TBILIS 2007 04 27 2  9077  9032  9085  9053  9057  9062  9092  9110  9083  9107  9105  9085
TBILIS 2007 04 28 1  9066  9105  9118  9072  9070  9094  9119  9079  9113  9125  9076  9108
TBILIS 2007 04 28 2  9126  9099  9119  9058  9045  9062  9057  9026  9041  9036  9045  9042
TBILIS 2007 04 29 1  9011  9018  9005  9028  9003  9048  9038  9051  9104  9096  9121  9094
TBILIS 2007 04 29 2  9093  9081  9092  9093  9094  9086  9079  9050  9058  9097  9111  9045
TBILIS 2007 04 30 1  9065  9074  9022  9063  9033  9020  9036  9076  9077  9107  9090  9111
TBILIS 2007 04 30 2  9071  9051  9087  9016  9005  9053  9052  9011  8994  8960  8953  8961
TBILIS 2007 04 31 1 99999 99999 99999 99999 99999 99999 99999 99999 99999 99999 99999 99999
TBILIS 2007 04 31 2 99999 99999 99999 99999 99999 99999 99999 99999 99999 99999 99999 99999
Cosmic-Ray Neutron Monitor Data (Hourly, Pressure-Corrected and Scale-Adjusted Counts)
Collections: WDC for Cosmic Rays, Solar-Terrestrial Environment Laboratory, Nagoya Univ.
Data Access: http://center.stelab.nagoya-u.ac.jp/WDCCR/index.html
Project: ICSU WDC
Citation: WDC for Cosmic Rays, Solar-Terrestrial Environment Laboratory, Nagoya University
Station ID: TBILIS
Station:  TBILISI,GIORGIA,INSTITUT GEOPHYSIKY (IG), GIORGIAN ACADEMY OF SCIENCES,GIORGIA 
Instrument: 18-NM-64 Corrected to 965 mb Standard Pressure, Coef =-0.69 %/mb                
Latitude (deg.):   41.43  Longitude (deg.):   44.48  Altitude (m):  510.00
Cut-Off Rigidity (GV):    6.73
Year: 2007  Month:   5
Scaling Factor (SF):    64.0   Constant (CONST):     0.0  Real Counts = (DATA + CONST)*SF
Temporal Resolution: 1 hour
UTC Start Hour:     0.0
DATA FILE IS PREPARED BY IZMIRAN (ftp://cr0.izmiran.rssi.ru/Cosray!/FTP_NM/C/)  
 Updated by IZMIRAN on 20070722                         
Monthly Average:  9037.3
Updated (YYYY MM DD): 2013 12 12
*******************************************************************************************
ID     YYYY MM DD 1     0     1     2     3     4     5     6     7     8     9    10    11
ID     YYYY MM DD 2    12    13    14    15    16    17    18    19    20    21    22    23
*******************************************************************************************
TBILIS 2007 05 01 1  9000  8988  8958  8949  8988  8983  9021  9042  9054  9081  9080  9055
TBILIS 2007 05 01 2  9048  9044  9034  9032  9010  9052  9015  8993  8968  9021  9003  8999
TBILIS 2007 05 02 1  9013  9012  9048  9055  9075  9058  9058  9064  9059  9074  9050  9086
TBILIS 2007 05 02 2  9079  9087  9032  9042  9063  9033  9086  9064  9070  9034  9030  9034
TBILIS 2007 05 03 1  9020  9033  9043  9039  9064  9039  9056  9114  9125  9142  9107  9100
TBILIS 2007 05 03 2  9125  9072  9082  8985  9013  9000  9007  9026  9013  8976  9000  8937
TBILIS 2007 05 04 1  9020  8961  8980  8949  8996  9000  9037  9071  9079  9085  9108  9105
TBILIS 2007 05 04 2  9106  9104  9121  9117  9079  9092  9065  9075  9049  9041  9032  8987
TBILIS 2007 05 05 1  8988  8991  8979  8988  9001  9009  9055  9075  9109  9112  9108  9109
TBILIS 2007 05 05 2  9092  9099  9146  9091  9064  9071  9099  9062  9034  9041  9057  9058
TBILIS 2007 05 06 1  9017  9036  9009  9000  8994  9059  9081  9109  9128  9132  9173  9146
TBILIS 2007 05 06 2  9131  9100  9153  9144  9168  9088  9085  9065  9049  9044  9031  8995
TBILIS 2007 05 07 1  9037  9056  9022  9055  9071  9035  9039  9053  9071  9024  9027  9073
TBILIS 2007 05 07 2  9072  9098  9065  9101  9101  9080  9073  9047  9044  9062  9059  9044
TBILIS 2007 05 08 1  9012  8999  8971  8991  9046  9047  9038  9082  9094  9063  9059  9094
TBILIS 2007 05 08 2  9076  9094  9040  9070  9069  9060  9046  9024  9039  9017  8983  8996
TBILIS 2007 05 09 1  8995  8988  8996  8998  9023  9033  9044  9040  9062  9076  9081  9082
TBILIS 2007 05 09 2  9071  9046  9044  9022  9057  9032  9024  9006  9019  8984  8968  8961
TBILIS 2007 05 10 1  8957  8994  8977  8973  8966  8984  9007  9042  9052  9036  9097  9052
TBILIS 2007 05 10 2  9071  9067  9090  9045  9025  9061  9040  9042  9057  9029  9032  9001
TBILIS 2007 05 11 1  8944  8988  8989  8970  9031  9015  9032  9028  9054  9058  9103  9121
TBILIS 2007 05 11 2  9114  9095  9113  9093  9108  9070  9062  9038  9061  9014  9042  9019
TBILIS 2007 05 12 1  9028  8967  9030  8994  8987  9050  9074  9018  9043  9032  9026  9018
TBILIS 2007 05 12 2  9047  9067  9048  9048  9003  8994  8980  8967  8969  8955  8974  8976
TBILIS 2007 05 13 1  8969  8963  8940  9018  9000  8992  9039  9075  9089  9137  9107  9127
TBILIS 2007 05 13 2  9164  9122  9116  9120  9105  9089  9065  9087  9056  9017  8986  8990
TBILIS 2007 05 14 1  9041  9000  9028  9024  8983  9011  9066  9094  9068  9031  9047  9106
TBILIS 2007 05 14 2  9079  9084  9087  9125  9120  9144  9144  9135  9088  9080  9054  9070
TBILIS 2007 05 15 1  9048  9024  9040  9021  9023  9058  9076  9093  9096  9129  9128  9135
TBILIS 2007 05 15 2  9156  9118  9142  9104  9088  9118  9021  9042  9018  9017  9027  9008
TBILIS 2007 05 16 1  9022  8985  9011  9041  9017  9017  9031  9071  9076  9099  9063  9100
TBILIS 2007 05 16 2  9084  9076  9132  9082  9098  9061  9035  9025  9056  9000  9011  8990
TBILIS 2007 05 17 1  8991  8947  8996  9008  8982  9019  8990  9019  9030  9021  9033  9048
TBILIS 2007 05 17 2  9048  9049  9052  9041  9056  9015  8968  8994  9014  8991  8985  9026
TBILIS 2007 05 18 1  9014  9027  9002  9034  9003  9056  9076  9082  9042  9035  9058  9093
TBILIS 2007 05 18 2  9108  9127  9094  9079  9063  9036  8983  8971  8948  8932  8963  8918
TBILIS 2007 05 19 1  8935  8937  8926  8933  8997  8969  9018  8963  8995  9015  9030  9027
TBILIS 2007 05 19 2  9000  9037  9033  9015  9014  9003  8997  9002  8955  8943  8916  8915
TBILIS 2007 05 20 1  8919  8959  8914  8943  8930  8916  8974  8949  9008  8998  9044  9033
TBILIS 2007 05 20 2  9068  9049  9052  9042  9020  9006  9052  9010  9045  9049  9033  9042
TBILIS 2007 05 21 1  9065  9061  9026  9057  9055  9064  9097  9149  9164  9090  9157  9112
TBILIS 2007 05 21 2  9138  9111  9072  9073  9080  9061  9045  9035  9032  9014  9020  9040
TBILIS 2007 05 22 1  9012  9001  8939  8958  8947  8953  8966  8950  8991  8944  8961  8971
TBILIS 2007 05 22 2  8975  9006  8990  9009  8985  8981  8987  8938  8989  8966  8981  8962
TBILIS 2007 05 23 1  8907  8963  8963  8979  8981  8993  9024  9028  9044  9050  9107  9052
TBILIS 2007 05 23 2  9077  9066  9052  8957  8958  8963  8957  8966  8941  8960  8944  9012
TBILIS 2007 05 24 1  8992  8940  8948  8946  8977  9017  9052  9054  9045  9070  9045  9020
TBILIS 2007 05 24 2  9073  9019  9032  9091  9020  8988  8985  8946  8936  8926  8899  8886
TBILIS 2007 05 25 1  8906  8928  8949  8930  8945  8962  9008  9074  9065  9098  9095  9070
TBILIS 2007 05 25 2  9072  9066  9062  9077  9065  9038  9021  9063  9034  9020  8982  9004
TBILIS 2007 05 26 1  8977  8967  8949  8984  8971  8999  9055  9063  9052  9034  9084  9133
TBILIS 2007 05 26 2  9107  9055  9078  9041  9078  9069  8987  9025  8989  9050  9029  9020
TBILIS 2007 05 27 1  9059  9052  9048  9015  9035  9052  9045  9062  9059  9061  9035  9048
TBILIS 2007 05 27 2  9070  9106  9039  9078  9004  9028  8987  8968  8971  9002  8992  8972
TBILIS 2007 05 28 1  8937  8988  8975  8983  9015  9016  9078  9066  9068  9065  9069  9075
TBILIS 2007 05 28 2  9077  9027  9040  9053  9003  9010  9008  8966  9038  8977  8974  8973
TBILIS 2007 05 29 1  9000  8998  8985  8982  9009  9013  9051  9057  9067  9075  9039  9103
TBILIS 2007 05 29 2  9083  9108  9066  9059  9067  9007  9013  9003  9011  9019  9012  9003
TBILIS 2007 05 30 1  9001  8979  8972  8969  8999  9022  9097  9096  9108  9122  9152  9168
TBILIS 2007 05 30 2  9161  9123  9115  9119  9123  9067  9118  9099  9117  9073  9059  9047
TBILIS 2007 05 31 1  9046  9056  9039  9017  9048  9052  9104  9081  9065  9081  9098  9118
TBILIS 2007 05 31 2  9110  9123  9110  9094  9081  9091  9102  9096  9110  9084  9101  9091
Cosmic-Ray Neutron Monitor Data (Hourly, Pressure-Corrected and Scale-Adjusted Counts)
Collections: WDC for Cosmic Rays, Solar-Terrestrial Environment Laboratory, Nagoya Univ.
Data Access: http://center.stelab.nagoya-u.ac.jp/WDCCR/index.html
Project: ICSU WDC
Citation: WDC for Cosmic Rays, Solar-Terrestrial Environment Laboratory, Nagoya University
Station ID: TBILIS
Station:  TBILISI,GIORGIA,INSTITUT GEOPHYSIKY (IG), GIORGIAN ACADEMY OF SCIENCES,GIORGIA 
Instrument: 18-NM-64 Corrected to 965 mb Standard Pressure, Coef =-0.69 %/mb                
Latitude (deg.):   41.43  Longitude (deg.):   44.48  Altitude (m):  510.00
Cut-Off Rigidity (GV):    6.73
Year: 2007  Month:   6
Scaling Factor (SF):    64.0   Constant (CONST):     0.0  Real Counts = (DATA + CONST)*SF
Temporal Resolution: 1 hour
UTC Start Hour:     0.0
DATA FILE IS PREPARED BY IZMIRAN (ftp://cr0.izmiran.rssi.ru/Cosray!/FTP_NM/C/)  
 Updated by IZMIRAN on 20070828                         
Monthly Average:  9078.9
Updated (YYYY MM DD): 2013 12 12
*******************************************************************************************
ID     YYYY MM DD 1     0     1     2     3     4     5     6     7     8     9    10    11
ID     YYYY MM DD 2    12    13    14    15    16    17    18    19    20    21    22    23
*******************************************************************************************
TBILIS 2007 06 01 1  9067  9059  9102  9091  9094  9119  9093  9117  9147  9125  9144  9158
TBILIS 2007 06 01 2  9148  9138  9146  9120  9135  9116  9123  9117  9062  9120  9119  9084
TBILIS 2007 06 02 1  9087  9040  9049  9085  9072  9069  9059  9063  9050  9070  9087  9098
TBILIS 2007 06 02 2  9082  9051  9054  9100  9046  9080  9083  9072  9059  9042  8984  8954
TBILIS 2007 06 03 1  8928  8972  8930  8929  8959  8951  8985  9001  9025  9073  9027  9058
TBILIS 2007 06 03 2  9062  9052  9071  9070  9060  9055  9057  9047  9065  9038  9063  9052
TBILIS 2007 06 04 1  9028  9036  9034  9047  9067  9059  9061  9029  9029  9080  9012  9047
TBILIS 2007 06 04 2  9032  9048  9050  9059  9104  9148  9100  9085  9089  9070  9081  9058
TBILIS 2007 06 05 1  9064  9051  9037  9034  9071  9060  9045  9109  9074  9046  9056  9062
TBILIS 2007 06 05 2  9067  9098  9060  9064  9059  9053  9048  9063  9024  9014  9026  9042
TBILIS 2007 06 06 1  9039  9021  9003  9028  9020  9065  9068  9079  9095  9100  9090  9096
TBILIS 2007 06 06 2  9088  9094  9090  9091  9098  9119  9081  9151  9088  9061  9044  9056
TBILIS 2007 06 07 1  9043  9052  9054  9059  9053  9062  9062  9104  9070  9109  9063  9096
TBILIS 2007 06 07 2  9101  9084  9123  9090  9054  9075  9058  9020  9056  9040  9065  9052
TBILIS 2007 06 08 1  9076  9088  9050  9103  9149  9126  9186  9140  9122  9133  9122  9134
TBILIS 2007 06 08 2  9127  9120  9113  9101  9148  9109  9105  9085  9085  9088  9061  9076
TBILIS 2007 06 09 1  9049  9023  9020  9022  9018  9003  9048  9007  9079  9069  9057  9029
TBILIS 2007 06 09 2  9063  9082  9073  9079  9075  9110  9080  9005  9067  9064  9043  9044
TBILIS 2007 06 10 1  9017  8989  8988  8979  9004  9019  9024  8997  9067  9095  9057  9053
TBILIS 2007 06 10 2  9078  9091  9075  9051  9083  9035  9066  9083  9085  9035  9045  9003
TBILIS 2007 06 11 1  9049  9077  9072  9009  9033  9051  9063  9072  9082  9121  9121  9159
TBILIS 2007 06 11 2  9103  9151  9202  9115  9168  9145  9170  9166  9139  9110  9096  9105
TBILIS 2007 06 12 1  9121  9127  9107  9107  9115  9114  9118  9145  9133  9165  9161  9177
TBILIS 2007 06 12 2  9164  9115  9153  9179  9178  9191  9147  9137  9141  9117  9139  9138
TBILIS 2007 06 13 1  9096  9097  9124  9069  9093  9080  9095  9058  9076  9063  9061  9074
TBILIS 2007 06 13 2  9101  9068  9125  9156  9150  9165  9097  9142  9128  9092  9078  9035
TBILIS 2007 06 14 1  9068  9073  9059  9026  9048  9085  9086  9123  9072  9102  9054  9104
TBILIS 2007 06 14 2  9089  9101  9121  9074  9084  9094  9098  9074  9085  9040  8994  9034
TBILIS 2007 06 15 1  8992  9017  9030  9011  9019  9025  9042  9088  9025  9036  9085  9067
TBILIS 2007 06 15 2  9077  9066  9074  9079  9054  9018  9003  8988  8972  8993  9006  8980
TBILIS 2007 06 16 1  8993  9026  9022  8999  9031  9042  9048  9055  9071  9079  9094  9083
TBILIS 2007 06 16 2  9082  9099  9088  9054  9057  9076  9092  9084  9058  9047  9065  9058
TBILIS 2007 06 17 1  9029  9049  9060  9060  9023  9065  9065  9053  9053  9091  9042  9087
TBILIS 2007 06 17 2  9075  9056  9130  9091  9063  9074  9047  9073  9061  9073  9116  9082
TBILIS 2007 06 18 1  9097  9054  9087  9031  9044  9031  9063  9061  9084  9100  9094  9075
TBILIS 2007 06 18 2  9136  9124  9146  9124  9106  9096  9072  9075  9095  9098  9103  9104
TBILIS 2007 06 19 1  9080  9112  9099  9097  9058  9105  9133  9103  9145  9123  9122  9116
TBILIS 2007 06 19 2  9098  9143  9153  9153  9163  9097  9116  9109  9113  9073  9091  9014
TBILIS 2007 06 20 1  9079  9077  9092  9056  9052  9059  9107  9119  9131  9147  9180  9173
TBILIS 2007 06 20 2  9166  9134  9080  9095  9058  9093  9099  9118  9086  9051  9055  9081
TBILIS 2007 06 21 1  9058  9043  9067  9098  9096  9096  9117  9141  9129  9132  9106  9149
TBILIS 2007 06 21 2  9170  9141  9139  9162  9146  9152  9106  9081  9066  9066  9102  9053
TBILIS 2007 06 22 1  9047  9067  9115  9095  9066  9078  9142  9196  9134  9157  9138  9160
TBILIS 2007 06 22 2  9094  9154  9123  9134  9130  9082  9112  9111  9041  9015  9028  9018
TBILIS 2007 06 23 1  8960  9011  8963  8927  8992  9061  9106  9167  9185  9170  9228  9231
TBILIS 2007 06 23 2  9226  9214  9214  9231  9206  9185  9208  9181  9220  9176  9130  9143
TBILIS 2007 06 24 1  9117  9103  9108  9111  9095  9115  9114  9123  9128  9113  9091  9072
TBILIS 2007 06 24 2  9093  9100  9072  9048  9061  9046  9055  9057  9030  9054  9100  9079
TBILIS 2007 06 25 1  9044  9072  9072  9090  9078  9119  9099  9066  9102  9110  9086  9074
TBILIS 2007 06 25 2  9094  9089  9116  9095  9065  9080  9055  9075  9072  9065  9030  9025
TBILIS 2007 06 26 1  8985  8957  8977  9003  9010  9019  9046  9026  9079  9078  9064  9076
TBILIS 2007 06 26 2  9105  9115  9137  9059  9086  9099  9042  9030  9036  9078  9054  9026
TBILIS 2007 06 27 1  9006  8989  8960  8977  9003  9031  9032  9056  9018  9033  9059  9120
TBILIS 2007 06 27 2  9075  9110  9057  9080  9089  9107  9069  9052  9042  9009  9026  9003
TBILIS 2007 06 28 1  8986  8989  8953  8969  9007  9044  9101  9129  9131  9128  9110  9115
TBILIS 2007 06 28 2  9125  9153  9116  9147  9117  9105  9089  9089  9085  9090  9072  9101
TBILIS 2007 06 29 1  9096  9106  9055  9091  9039  9084  9075  9139  9131  9126  9138  9143
TBILIS 2007 06 29 2  9164  9106  9131  9113  9128  9092  9115  9094  9096  9123  9143  9105
TBILIS 2007 06 30 1  9070  9050  9068  8994  9035  9041  9110  9077  9067  9072  9086  9024
TBILIS 2007 06 30 2  9092  9102  9047  9026  9045  8995  8984  8989  9030  9055  8968  8951
TBILIS 2007 06 31 1 99999 99999 99999 99999 99999 99999 99999 99999 99999 99999 99999 99999
TBILIS 2007 06 31 2 99999 99999 99999 99999 99999 99999 99999 99999 99999 99999 99999 99999
Cosmic-Ray Neutron Monitor Data (Hourly, Pressure-Corrected and Scale-Adjusted Counts)
Collections: WDC for Cosmic Rays, Solar-Terrestrial Environment Laboratory, Nagoya Univ.
Data Access: http://center.stelab.nagoya-u.ac.jp/WDCCR/index.html
Project: ICSU WDC
Citation: WDC for Cosmic Rays, Solar-Terrestrial Environment Laboratory, Nagoya University
Station ID: TBILIS
Station:  TBILISI,GIORGIA,INSTITUT GEOPHYSIKY (IG), GIORGIAN ACADEMY OF SCIENCES,GIORGIA 
Instrument: 18-NM-64 Corrected to 965 mb Standard Pressure, Coef =-0.69 %/mb                
Latitude (deg.):   41.43  Longitude (deg.):   44.48  Altitude (m):  510.00
Cut-Off Rigidity (GV):    6.73
Year: 2007  Month:   7
Scaling Factor (SF):    64.0   Constant (CONST):     0.0  Real Counts = (DATA + CONST)*SF
Temporal Resolution: 1 hour
UTC Start Hour:     0.0
DATA FILE IS PREPARED BY IZMIRAN (ftp://cr0.izmiran.rssi.ru/Cosray!/FTP_NM/C/)  
 Updated by IZMIRAN on 20071031                         
Monthly Average:  9070.3
Updated (YYYY MM DD): 2013 12 12
*******************************************************************************************
ID     YYYY MM DD 1     0     1     2     3     4     5     6     7     8     9    10    11
ID     YYYY MM DD 2    12    13    14    15    16    17    18    19    20    21    22    23
*******************************************************************************************
TBILIS 2007 07 01 1  9013  8999  9000  8971  8982  9012  9007  9079  9090  9107  9117  9115
TBILIS 2007 07 01 2  9141  9135  9140  9122  9137  9143  9147  9119  9133  9093  9095  9109
TBILIS 2007 07 02 1  9062  9011  9059  9015  9031  9053  9069  9045  9101  9120  9135  9096
TBILIS 2007 07 02 2  9136  9114  9115  9132  9089  9098  9092  9097  9097  9065  9091  9085
TBILIS 2007 07 03 1  9052  9023  9057  9032  9019  9002  9071  9071  9095  9106  9117  9119
TBILIS 2007 07 03 2  9119  9079  9114  9119  9160  9150  9142  9135  9124  9085  9094  9066
TBILIS 2007 07 04 1  9039  9014  9009  9021  9052  9031  9105  9104 99999 99999 99999 99999
TBILIS 2007 07 04 2 99999 99999 99999 99999  9083  9062  9042  9048  9107  9099  9003  9041
TBILIS 2007 07 05 1  8989  9030  8996  9041  9042  9075  9076  9095  9119  9167  9084  9120
TBILIS 2007 07 05 2  9132  9111  9112  9127  9126  9137  9093  9096  9095  9081  9069  9057
TBILIS 2007 07 06 1  9018  9007  8979  9022  9022  9033  9078  9077  9068  9097  9111  9109
TBILIS 2007 07 06 2  9102  9093  9087  9058  9080  9068  9076  9091  9086  9071  9062  9051
TBILIS 2007 07 07 1  9061  9034  9070  9086  9051  9067  9104  9096  9107  9105  9124  9079
TBILIS 2007 07 07 2  9079  9068  9104  9159  9130  9104  9140  9092  9039  9027  8990  8998
TBILIS 2007 07 08 1  9058  9063  9026  9072  9075  9107  9187  9158  9197  9165  9157  9157
TBILIS 2007 07 08 2  9135  9135  9116  9142  9073  9063  9005  9009  8999  9004  8994  8996
TBILIS 2007 07 09 1  8976  9020  9012  8966  8982  8988  9003  9034  9097  9051  9089  9039
TBILIS 2007 07 09 2  9048  9046  8994  9018  8999  9012  8985  8980  8972  8982  9026  9026
TBILIS 2007 07 10 1  9031  9020  9057  9018  9023  9078  9098  9137  9155  9142  9146  9085
TBILIS 2007 07 10 2  9113  9107  9087  9100  9054  9051  9062  9038  9060  9063  9024  9069
TBILIS 2007 07 11 1  9067  9045  9065  9067  9047  9041  9071  9111  9091  9100  9078  9091
TBILIS 2007 07 11 2  9053  9037  9052  9038  9062  8996  8943  8950  8979  8930  8938  8946
TBILIS 2007 07 12 1  8913  8928  8942  8944  8955  8957  8998  9045  9059  9065  9053  9054
TBILIS 2007 07 12 2  9103  9082  9077  9061  9054  9040  9076  9053  9064  9086  9062  9051
TBILIS 2007 07 13 1  9071  9056  9072  9024  9058  9065  9057  9067  9050  9082  9071  9048
TBILIS 2007 07 13 2  9054  9086  9033  9045  8988  8974  8976  8963  9004  8998  9022  8993
TBILIS 2007 07 14 1  9020  9008  9001  9039  9044  9039  9043  9026  9039  9056  9075  9027
TBILIS 2007 07 14 2  9034  9066  9093  9066  9048  9035  8990  9028  9046  9004  8995  8995
TBILIS 2007 07 15 1  8971  9000  8992  8922  8955  9007  9043  9042  9029  9021  9068  9078
TBILIS 2007 07 15 2  9041  9040  9028  9020  9012  9002  8982  9016  9034  8998  9040  9070
TBILIS 2007 07 16 1  9068  9044  9054  9051  9059  9076  9072  9061  9061  9096  9074  9046
TBILIS 2007 07 16 2  9042  9042  9056  9047  9026  9049  9024  9084  9050  9054  9032  9040
TBILIS 2007 07 17 1  9015  9026  9042  8991  9027  9012  9067  9065  9033  9010  9020  9058
TBILIS 2007 07 17 2  9076  9066  9076  9076  9018  9054  9059  9077  9061  9030  9008  9015
TBILIS 2007 07 18 1  9009  9032  9069  9039  9035  9020  8994  9020  9023  9046  9067  9067
TBILIS 2007 07 18 2  9079  9097  9067  9081  9100  9055  9063  9110  9066  9042  9044  9036
TBILIS 2007 07 19 1  9006  8995  8941  8953  8986  8987  9017  9062  9074  9049  9106  9081
TBILIS 2007 07 19 2  9055  9075  9065  9047  9076  9153  9168  9176  9151  9163  9155  9160
TBILIS 2007 07 20 1  9163  9110  9115  9066  9099  9105  9072  9103  9119  9109  9080  9074
TBILIS 2007 07 20 2  9076  9123  9080  9104  9125  9084  9113  9101  9080  9067  9072  9030
TBILIS 2007 07 21 1  9037  9012  8958  9002  8990  9048  9034  9049  9062  9063  9074  9078
TBILIS 2007 07 21 2  9062  9052  9104  9071  9044  9044  9032  9048  9079  9071  9047  9069
TBILIS 2007 07 22 1  9070  9074  9069  9080  9079  9073  9091  9080  9038  9053  9038  9083
TBILIS 2007 07 22 2  9026  9049  9045  9053  9055  9035  9038  9024  9063  9053  9032  9063
TBILIS 2007 07 23 1  9038  9029  9080  9060  9030  9067  9091  9071  9101  9094  9047  9110
TBILIS 2007 07 23 2  9120  9099  9125  9094  9099  9106  9106  9122  9101  9118  9074  9089
TBILIS 2007 07 24 1  9054  9067  9058  9070  9054  9055  9034  9071  9071  9086  9069  9131
TBILIS 2007 07 24 2  9124  9098  9092  9067  9102  9076  9030  9106  9088  9088  9063  9109
TBILIS 2007 07 25 1  9088  9071  9066  9078  9069  9051  9062  9079  9099  9108  9098  9116
TBILIS 2007 07 25 2  9118  9134  9135  9126  9129  9118  9131  9093  9145  9120  9094  9094
TBILIS 2007 07 26 1  9101  9053  9059  9068  9089  9069  9078  9077  9110  9077  9094  9083
TBILIS 2007 07 26 2  9044  9065  9044  9066  9081  9122  9124  9102  9080  9130  9119  9089
TBILIS 2007 07 27 1  9117  9114  9084  9087  9114  9088  9132  9106  9135  9114  9130  9170
TBILIS 2007 07 27 2  9180  9181  9129  9148  9105  9096  9086  9091  9061  9088  9099  9088
TBILIS 2007 07 28 1  9110  9095  9082  9130  9131  9121  9128  9130  9134  9160  9140  9135
TBILIS 2007 07 28 2  9133  9190  9137  9194  9200  9159  9096  9143  9124  9111  9191  9153
TBILIS 2007 07 29 1  9153  9124  9084  9067  9107  9111  9115  9130  9148  9135  9147  9183
TBILIS 2007 07 29 2  9173  9185  9130  9133  9072  9102  9090  9116  9109  9114  9057  9089
TBILIS 2007 07 30 1  9075  9068  9074  9041  9043  9075  9109  9115  9126  9108  9116  9113
TBILIS 2007 07 30 2  9080  9078  9072  9074  9071  9050  9076  9070  9023  9044  9055  9055
TBILIS 2007 07 31 1  9042  9040  9032  9044  9058  9069  9113  9103  9121  9144  9111  9100
TBILIS 2007 07 31 2  9109  9129  9106  9124  9104  9085  9100  9071  9104  9099  9089  9071
Cosmic-Ray Neutron Monitor Data (Hourly, Pressure-Corrected and Scale-Adjusted Counts)
Collections: WDC for Cosmic Rays, Solar-Terrestrial Environment Laboratory, Nagoya Univ.
Data Access: http://center.stelab.nagoya-u.ac.jp/WDCCR/index.html
Project: ICSU WDC
Citation: WDC for Cosmic Rays, Solar-Terrestrial Environment Laboratory, Nagoya University
Station ID: TBILIS
Station:  TBILISI,GIORGIA,INSTITUT GEOPHYSIKY (IG), GIORGIAN ACADEMY OF SCIENCES,GIORGIA 
Instrument: 18-NM-64 Corrected to 965 mb Standard Pressure, Coef =-0.69 %/mb                
Latitude (deg.):   41.43  Longitude (deg.):   44.48  Altitude (m):  510.00
Cut-Off Rigidity (GV):    6.73
Year: 2007  Month:   8
Scaling Factor (SF):    64.0   Constant (CONST):     0.0  Real Counts = (DATA + CONST)*SF
Temporal Resolution: 1 hour
UTC Start Hour:     0.0
DATA FILE IS PREPARED BY IZMIRAN (ftp://cr0.izmiran.rssi.ru/Cosray!/FTP_NM/C/)  
 Updated by IZMIRAN on 20071122                         
Monthly Average:  9119.8
Updated (YYYY MM DD): 2013 12 12
*******************************************************************************************
ID     YYYY MM DD 1     0     1     2     3     4     5     6     7     8     9    10    11
ID     YYYY MM DD 2    12    13    14    15    16    17    18    19    20    21    22    23
*******************************************************************************************
TBILIS 2007 08 01 1  9071  9055  9065  9056  9028  9068  9120  9110  9146  9137  9127  9178
TBILIS 2007 08 01 2  9199  9181  9176  9188  9183  9148  9182  9162  9104  9131  9107  9102
TBILIS 2007 08 02 1  9118  9094  9098  9110  9124  9127  9134  9171  9148  9154  9155  9153
TBILIS 2007 08 02 2  9141  9119  9180  9216  9177  9199  9151  9156  9152  9111  9119  9115
TBILIS 2007 08 03 1  9086  9102  9105  9114  9118  9146  9160  9128  9154  9137  9105  9107
TBILIS 2007 08 03 2  9137  9193  9202  9172  9217  9141  9199  9147  9157  9129  9116  9113
TBILIS 2007 08 04 1  9142  9136  9066  9082  9109  9138  9137  9144  9150  9154  9158  9151
TBILIS 2007 08 04 2  9185  9164  9157  9119  9110  9071  9077  9063  9079  9042  9060  9078
TBILIS 2007 08 05 1  9042  9028  8998  8982  9003  9046  9090  9106  9140  9131  9146  9097
TBILIS 2007 08 05 2  9121  9077  9088  9071  9068  9088  9073  9056  9087  9098  9073  9058
TBILIS 2007 08 06 1  9024  9012  9006  9020  9058  9103  9146  9158  9167  9171  9191  9198
TBILIS 2007 08 06 2  9175  9201  9189  9188  9124  9105  9094  9100  9110  9112  9119  9108
TBILIS 2007 08 07 1  9128  9066  9046  9032  9072  9126  9139  9159  9073  9191  9074  9182
TBILIS 2007 08 07 2  9196  9188  9182  9203  9231  9173  9186  9174  9053  9072  9091  9080
TBILIS 2007 08 08 1  9070  9097  9105  9119  9114  9119  9157  9166  9160  9166  9180  9137
TBILIS 2007 08 08 2  9141  9149  9119  9145  9166  9168  9135  9095  9096  9119  9101  9081
TBILIS 2007 08 09 1  9020  9049  9057  9045  9077  9095  9125  9115  9161  9192  9214  9234
TBILIS 2007 08 09 2  9256  9243  9257  9240  9253  9216  9226  9155  9139  9134  9101  9160
TBILIS 2007 08 10 1  9070  9064  9080  9097  9120  9112  9096  9146  9155  9121  9123  9143
TBILIS 2007 08 10 2  9166  9222  9209  9191  9235  9194  9128  9154  9156  9074  9111  9089
TBILIS 2007 08 11 1  9046  9055  9022  9011  9020  9041  9059  9016  9061  9095  9081  9098
TBILIS 2007 08 11 2  9099  9099  9085  9118  9117  9125  9149  9074  9073  9095  9101  9075
TBILIS 2007 08 12 1  9108  9085  9067  9041  9090  9075  9076  9124  9138  9183  9225  9248
TBILIS 2007 08 12 2  9218  9205  9193  9178  9215  9217  9178  9181  9115  9112  9108  9137
TBILIS 2007 08 13 1  9139  9100  9156  9141  9155  9148  9171  9187  9162  9174  9182  9171
TBILIS 2007 08 13 2  9176  9178  9151  9132  9140  9110  9058  9055  9041  9026  9029  9054
TBILIS 2007 08 14 1  9048  9018  9028  9037  9051  9062  9101  9079  9106  9139  9123  9150
TBILIS 2007 08 14 2  9138  9159  9170  9186  9145  9152  9107  9146  9132  9149  9136  9106
TBILIS 2007 08 15 1  9105  9119  9076  9082  9131  9107  9124  9145  9176  9217  9202  9232
TBILIS 2007 08 15 2  9214  9240  9196  9184  9154  9163  9140  9116  9143  9112  9103  9088
TBILIS 2007 08 16 1  9073  9062  9104  9123  9086  9116  9149  9189  9161  9203  9188  9232
TBILIS 2007 08 16 2  9156  9228  9229  9227  9193  9221  9209  9204  9197  9184  9157  9160
TBILIS 2007 08 17 1  9140  9107  9135  9111  9156  9188  9187  9157  9153  9171  9176  9147
TBILIS 2007 08 17 2  9134  9139  9125  9101  9065  9085  9053  9072  9083  9106  9058  9056
TBILIS 2007 08 18 1  9014  9015  9018  9037  9064  9014  9062  9060  9081  9098  9121  9146
TBILIS 2007 08 18 2  9165  9142  9134  9167  9147  9138  9106  9069  9109  9139  9087  9097
TBILIS 2007 08 19 1  9113  9099  9077  9066  9081  9044  9071  9105  9088  9114  9104  9087
TBILIS 2007 08 19 2  9137  9132  9152  9145  9146  9121  9104  9045  9060  9085  9060  9052
TBILIS 2007 08 20 1  9022  9054  9033  9003  9071  9036  9062  9093  9108  9031  9086  9102
TBILIS 2007 08 20 2  9097  9110  9091  9098  9057  9038  9064  9063  9036  9055  9014  9025
TBILIS 2007 08 21 1  9018  9061  9025  8999  9000  9035  9033  9047  9055  9062  9068  9053
TBILIS 2007 08 21 2  9068  9072  9098  9079  9076  9114  9132  9067  9042  9076  9067  9031
TBILIS 2007 08 22 1  9011  9007  9047  9007  8985  8993  9043  9047  9067  9059  9107  9108
TBILIS 2007 08 22 2  9121  9127  9156  9098  9190  9155  9208  9200  9140  9123  9149  9138
TBILIS 2007 08 23 1  9090  9095  9129  9065  9079  9102  9129  9118  9129  9176  9156  9193
TBILIS 2007 08 23 2  9216  9237  9224  9276  9233  9257  9217  9215  9221  9194  9142  9173
TBILIS 2007 08 24 1  9142  9135  9176  9134  9140  9169  9164  9129  9092  9105  9121  9144
TBILIS 2007 08 24 2  9163  9181  9248  9191  9216  9181  9166  9165  9201  9189  9181  9186
TBILIS 2007 08 25 1  9149  9125  9116  9104  9109  9162  9198  9196  9180  9231  9254  9251
TBILIS 2007 08 25 2  9286  9302  9327  9304  9315  9332  9276  9327  9299  9289  9265  9257
TBILIS 2007 08 26 1  9240  9242  9215  9165  9210  9192  9227  9236  9258  9262  9219  9242
TBILIS 2007 08 26 2  9197  9196  9160  9184  9138  9104  9110  9007  8946  8941  8945  8950
TBILIS 2007 08 27 1  9011  9061  9013  9027  9027  9037  9122  9124  9085  9075  9120  9125
TBILIS 2007 08 27 2  9131  9162  9088  9139  8995  8988  8989  8975  8940  8947  8901  8999
TBILIS 2007 08 28 1  8966  8966  8980  9004  9040  9072  9112  9075  9116  9149  9151  9165
TBILIS 2007 08 28 2  9179  9151  9160  9175  9112  9124  9156  9147  9169  9165  9120  9111
TBILIS 2007 08 29 1  9109  9089  9076  9094  9085  9073  9062  9085  9085  9086  9079  9082
TBILIS 2007 08 29 2  9074  9085  9096  9115  9067  9028  9074  9059  9009  9016  8986  8987
TBILIS 2007 08 30 1  8963  8956  8936  8980  8985  9032  9044  9092  9088  9106  9158  9143
TBILIS 2007 08 30 2  9167  9126  9141  9123  9101  9112  9104  9118  9129  9119  9088  9110
TBILIS 2007 08 31 1  9047  9026  9044  9050  9048  9071  9109  9140  9170  9154  9180  9207
TBILIS 2007 08 31 2  9206  9213  9191  9197  9159  9136  9132  9126  9118  9105  9120  9093
Cosmic-Ray Neutron Monitor Data (Hourly, Pressure-Corrected and Scale-Adjusted Counts)
Collections: WDC for Cosmic Rays, Solar-Terrestrial Environment Laboratory, Nagoya Univ.
Data Access: http://center.stelab.nagoya-u.ac.jp/WDCCR/index.html
Project: ICSU WDC
Citation: WDC for Cosmic Rays, Solar-Terrestrial Environment Laboratory, Nagoya University
Station ID: TBILIS
Station:  TBILISI,GIORGIA,INSTITUT GEOPHYSIKY (IG), GIORGIAN ACADEMY OF SCIENCES,GIORGIA 
Instrument: 18-NM-64 Corrected to 965 mb Standard Pressure, Coef =-0.69 %/mb                
Latitude (deg.):   41.43  Longitude (deg.):   44.48  Altitude (m):  510.00
Cut-Off Rigidity (GV):    6.73
Year: 2007  Month:   9
Scaling Factor (SF):    64.0   Constant (CONST):     0.0  Real Counts = (DATA + CONST)*SF
Temporal Resolution: 1 hour
UTC Start Hour:     0.0
DATA FILE IS PREPARED BY IZMIRAN (ftp://cr0.izmiran.rssi.ru/Cosray!/FTP_NM/C/)  
 Updated by IZMIRAN on 20071118                         
Monthly Average:  9117.3
Updated (YYYY MM DD): 2013 12 12
*******************************************************************************************
ID     YYYY MM DD 1     0     1     2     3     4     5     6     7     8     9    10    11
ID     YYYY MM DD 2    12    13    14    15    16    17    18    19    20    21    22    23
*******************************************************************************************
TBILIS 2007 09 01 1  9084  9094  9066  9083  9114  9080  9104  9091  9127  9151  9127  9146
TBILIS 2007 09 01 2  9111  9093  9140  9134  9142  9124  9179  9116  9112  9120  9154  9090
TBILIS 2007 09 02 1  9123  9137  9084  9059  9069  9096  9109  9141  9170  9178  9237  9283
TBILIS 2007 09 02 2  9245  9279  9252  9211  9214  9193  9241  9198  9177  9162  9161  9148
TBILIS 2007 09 03 1  9101  9130  9075  9103  9064  9063  9089  9153  9185  9176  9186  9162
TBILIS 2007 09 03 2  9195  9153  9131  9182  9146  9161  9120  9144  9111  9096  9084  9099
TBILIS 2007 09 04 1  9093  9071  9082  9051  9055  9110  9116  9137  9123  9157  9110  9148
TBILIS 2007 09 04 2  9167  9120  9100  9105  9101  9101  9071  9088  9079  9119  9134  9090
TBILIS 2007 09 05 1  9127  9103  9072  9107  9107  9109  9123  9157  9165  9187  9208  9171
TBILIS 2007 09 05 2  9226  9182  9190  9183  9165  9167  9179  9208  9185  9162  9163  9132
TBILIS 2007 09 06 1  9118  9133  9112  9139  9137  9173  9181  9222  9155  9163  9181  9208
TBILIS 2007 09 06 2  9181  9262  9261  9195  9193  9171  9160  9118  9128  9104  9081  9108
TBILIS 2007 09 07 1  9124  9151  9204  9222  9203  9201  9207  9234  9245  9278  9307  9293
TBILIS 2007 09 07 2  9310  9297  9263  9210  9216  9208  9190  9177  9218  9185  9151  9147
TBILIS 2007 09 08 1  9128  9103  9100  9119  9109  9139  9148  9178  9232  9261  9237  9250
TBILIS 2007 09 08 2  9223  9215  9189  9186  9172  9160  9156  9127  9141  9138  9116  9088
TBILIS 2007 09 09 1  9080  9091  9141  9128  9127  9124  9147  9158  9169  9191  9228  9200
TBILIS 2007 09 09 2  9161  9172  9163  9166  9131  9124  9114  9134  9125  9066  9036  9042
TBILIS 2007 09 10 1  9041  9054  9029  9061  9050  9123  9148  9183  9185  9162  9178  9203
TBILIS 2007 09 10 2  9198  9203  9198  9173  9143  9168  9143  9147  9082  9067  9036  9049
TBILIS 2007 09 11 1  9063  9064  9111  9083  9043  9069  9128  9128  9162  9170  9182  9215
TBILIS 2007 09 11 2  9208  9177  9212  9182  9197  9162  9179  9179  9159  9183  9196  9148
TBILIS 2007 09 12 1  9102  9131  9165  9143  9119  9143  9135  9109  9154  9194  9191  9217
TBILIS 2007 09 12 2  9224  9207  9185  9176  9188  9174  9174  9156  9143  9124  9104  9148
TBILIS 2007 09 13 1  9118  9120  9130  9112  9147  9159  9150  9143  9195  9218  9217  9169
TBILIS 2007 09 13 2  9144  9201  9167  9190  9201  9189  9125  9140  9165  9177  9142  9201
TBILIS 2007 09 14 1  9140  9156  9162  9154  9156  9208  9175  9181  9188  9180  9177  9201
TBILIS 2007 09 14 2  9166  9225  9188  9165  9138  9127  9122  9079  9069  9119  9171  9174
TBILIS 2007 09 15 1  9099  9152  9189  9162  9140  9154  9160  9205  9186  9165  9176  9165
TBILIS 2007 09 15 2  9153  9150  9121  9134  9115  9098  9065  9063  9082  9064  9055  9040
TBILIS 2007 09 16 1  9072  9099  9070  9106  9066  9081  9120  9119  9113  9135  9118  9117
TBILIS 2007 09 16 2  9150  9125  9136  9123  9117  9100  9097  9074  9062  9028  9018  9014
TBILIS 2007 09 17 1  8988  8985  8991  9001  8953  9020  9056  9074  9116  9124  9126  9122
TBILIS 2007 09 17 2  9114  8986  9043  9074  9071  9102  9111  9109  9065  9079  9104  9094
TBILIS 2007 09 18 1  9119  9110  9111  9104  9172  9228  9226  9239  9286  9288  9250  9270
TBILIS 2007 09 18 2  9229  9283  9270  9280  9265  9209  9225  9212  9212  9226  9199  9215
TBILIS 2007 09 19 1  9190  9182  9196  9177  9185  9137  9150  9172  9163  9169  9192  9201
TBILIS 2007 09 19 2  9202  9203  9217  9161  9174  9140  9161  9154  9161  9169  9153  9123
TBILIS 2007 09 20 1  9150  9124  9108  9102  9064  9065  9122  9105  9127  9170  9161  9170
TBILIS 2007 09 20 2  9140  9142  9115  9135  9153  9162  9166  9185  9145  9127  9128  9132
TBILIS 2007 09 21 1  9086  9088  9098  9117  9102  9169  9130  9096  9121  9127  9142  9165
TBILIS 2007 09 21 2  9182  9139  9165  9183  9146  9117  9107  9070  9052  9064  9035  9025
TBILIS 2007 09 22 1  9006  9018  8988  8981  9027  9027  9022  9059  9082  9111  9103  9118
TBILIS 2007 09 22 2  9104  9070  9087  9078  9050  9020  9045  9003  9018  9005  8996  9006
TBILIS 2007 09 23 1  8999  8988  9016  9023  8984  9010  9055  9075  9088  9094  9083  9110
TBILIS 2007 09 23 2  9089  9051  9057  9027  9058  9040  9003  8993  8990  9004  8978  8997
TBILIS 2007 09 24 1  8992  9020  9034  9016  9011  9019  9065  9080  9101  9108  9120  9128
TBILIS 2007 09 24 2  9144  9120  9110  9084  9057  9046  9026  9013  8984  8989  8985  8967
TBILIS 2007 09 25 1  8995  8957  9007  9018  9049  9066  9069  9073  9050  9069  9068  9081
TBILIS 2007 09 25 2  9083  9049  9044  9041  9023  9023  9036  9023  8982  8958  8975  8934
TBILIS 2007 09 26 1  8930  8960  8933  8955  8945  8991  9036  9026  9057  9071  9085  9063
TBILIS 2007 09 26 2  9056  9057  9090  9055  9061  9031  9032  9021  8989  9032  9006  8997
TBILIS 2007 09 27 1  9005  8990  9001  9011  8991  9026  9094  9120  9132  9121  9128  9128
TBILIS 2007 09 27 2  9104  9079  9095  9079  9060  9034  9027  9040  9036  9000  8990  8988
TBILIS 2007 09 28 1  8983  8965  8970  8996  9004  9015  9017  9041  9078  9105  9111  9093
TBILIS 2007 09 28 2  9061  9086  9112  9091  9095  9041  9016  8988  9015  9021  8952  8988
TBILIS 2007 09 29 1  8971  8954  8962  8964  8967  8984  9043  9074  9105  9126  9144  9176
TBILIS 2007 09 29 2  9151  9182  9164  9144  9181  9200  9150  9133  9150  9143  9141  9148
TBILIS 2007 09 30 1  9107  9095  9089  9107  9109  9166  9157  9198  9202  9174  9173  9164
TBILIS 2007 09 30 2  9134  9156  9131  9119  9119  9121  9114  9076  9057  9029  8989  9017
TBILIS 2007 09 31 1 99999 99999 99999 99999 99999 99999 99999 99999 99999 99999 99999 99999
TBILIS 2007 09 31 2 99999 99999 99999 99999 99999 99999 99999 99999 99999 99999 99999 99999
Cosmic-Ray Neutron Monitor Data (Hourly, Pressure-Corrected and Scale-Adjusted Counts)
Collections: WDC for Cosmic Rays, Solar-Terrestrial Environment Laboratory, Nagoya Univ.
Data Access: http://center.stelab.nagoya-u.ac.jp/WDCCR/index.html
Project: ICSU WDC
Citation: WDC for Cosmic Rays, Solar-Terrestrial Environment Laboratory, Nagoya University
Station ID: TBILIS
Station:  TBILISI,GIORGIA,INSTITUT GEOPHYSIKY (IG), GIORGIAN ACADEMY OF SCIENCES,GIORGIA 
Instrument: 18-NM-64 Corrected to 965 mb Standard Pressure, Coef =-0.69 %/mb                
Latitude (deg.):   41.43  Longitude (deg.):   44.48  Altitude (m):  510.00
Cut-Off Rigidity (GV):    6.73
Year: 2007  Month:  10
Scaling Factor (SF):    64.0   Constant (CONST):     0.0  Real Counts = (DATA + CONST)*SF
Temporal Resolution: 1 hour
UTC Start Hour:     0.0
DATA FILE IS PREPARED BY IZMIRAN (ftp://cr0.izmiran.rssi.ru/Cosray!/FTP_NM/C/)  
 Updated by IZMIRAN on 20071128                         
Monthly Average:  9069.9
Updated (YYYY MM DD): 2013 12 12
*******************************************************************************************
ID     YYYY MM DD 1     0     1     2     3     4     5     6     7     8     9    10    11
ID     YYYY MM DD 2    12    13    14    15    16    17    18    19    20    21    22    23
*******************************************************************************************
TBILIS 2007 10 01 1  9029  9039  9042  9049  9065  9073  9092  9080  9042  9111  9162  9129
TBILIS 2007 10 01 2  9125  9120  9140  9133  9115  9126  9101  9077  9072  9046  9046  9007
TBILIS 2007 10 02 1  9014  8999  9023  9043  9076  9046  9122  9102  9106  9169  9218  9185
TBILIS 2007 10 02 2  9213  9204  9202  9184  9214  9159  9165  9178  9131  9118  9078  9067
TBILIS 2007 10 03 1  9089  9067  9041  9032  9003  9024  9052  9070  9111  9114  9110  9088
TBILIS 2007 10 03 2  9103  9116  9095  9066  9048  9022  9064  9081  9071  9053  9040  9031
TBILIS 2007 10 04 1  9010  9029  9030  9010  9036  9049  9037  9065  9057  9048  9075  9110
TBILIS 2007 10 04 2  9090  9088  9090  9114  9083  9037  9010  9030  9011  9010  9028  8983
TBILIS 2007 10 05 1  8958  8989  8984  8981  9028  9038  9065  9096  9081  9086  9181  9155
TBILIS 2007 10 05 2  9151  9135  9156  9166  9152  9112  9117  9159  9130  9114  9060  9085
TBILIS 2007 10 06 1  9090  9093  9080  9098  9094  9099  9096  9104  9104  9174  9141  9122
TBILIS 2007 10 06 2  9166  9105  9158  9143  9104  9105  9121  9085  9099  9051  9047  9049
TBILIS 2007 10 07 1  9021  9068  9049  9062  9053  9153  9095  9092  9092  9116  9115  9101
TBILIS 2007 10 07 2  9152  9136  9097  9097  9118  9099  9097  9043  9004  8999  9013  9017
TBILIS 2007 10 08 1  8980  9015  8990  8997  9029  9051  9034  9075  9115  9143  9100  9151
TBILIS 2007 10 08 2  9101  9140  9114  9127  9096  9107  9114  9072  9090  9092  9083  9116
TBILIS 2007 10 09 1  9080  9056  9068  9038  9060  9084  9119  9121  9129  9151  9156  9146
TBILIS 2007 10 09 2  9113  9105  9125  9126  9096  9079  9087  9053  9050  9046  9038  9064
TBILIS 2007 10 10 1  9069  9039  9082  9088  9082  9098  9124  9138  9169  9182  9167  9197
TBILIS 2007 10 10 2  9175  9174  9174  9154  9130  9094  9116  9081  9075  9083  9061  9019
TBILIS 2007 10 11 1  9031  8988  9016  9048  9061  9082  9128  9114  9127  9146  9156  9176
TBILIS 2007 10 11 2  9172  9213  9203  9196  9145  9131  9115  9138  9110  9090  9066  9086
TBILIS 2007 10 12 1  9068  9124  9089  9130  9134  9127  9128  9167  9132  9151  9122  9129
TBILIS 2007 10 12 2  9132  9100  9091  9097  9064  9060  9043  9006  9065  9042  9032  9003
TBILIS 2007 10 13 1  9015  9022  9002  9033  9033  9065  9103  9085  9041  9121  9114  9112
TBILIS 2007 10 13 2  9104  9095  9088  9051  9067  9031  9046  9024  9065  9068  9064  9076
TBILIS 2007 10 14 1  9064  9080  9047  9013  9018  9003  9028  9071  9075  9142  9201  9187
TBILIS 2007 10 14 2  9121  9164  9148  9120  9121  9043  9092  9043  9069  9023  9028  9019
TBILIS 2007 10 15 1  9023  9066  9053  9087  9050  9126  9115  9137  9108  9115  9112  9108
TBILIS 2007 10 15 2  9094  9058  9050  9072  9084  9044  9022  9011  8984  8967  8950  8935
TBILIS 2007 10 16 1  8935  8976  8956  8991  8995  9006  9014  9056  9071  9132  9136  9092
TBILIS 2007 10 16 2  9090  9139  9119  9140  9146  9131  9124  9123  9148  9126  9110  9073
TBILIS 2007 10 17 1  9095  9109  9075  9051  9067  9108  9112  9135  9148  9182  9157  9136
TBILIS 2007 10 17 2  9122  9185  9112  9168  9142  9128  9142  9095  9113  9105  9111  9137
TBILIS 2007 10 18 1  9102  9086  9100  9077  9086  9104  9106  9103  9117  9114  9114  9092
TBILIS 2007 10 18 2  9103  9055  9044  9046  9038  8994  8952  9023  8964  9001  8953  8979
TBILIS 2007 10 19 1  8964  8988  8926  8952  8964  8971  9033  9039  9036  9076  9087  9062
TBILIS 2007 10 19 2  8997  9047  9026  9012  9005  8973  8987  8953  8953  8970  8917  8938
TBILIS 2007 10 20 1  8920  8930  8962  8988  9015  8999  9042  9069  9048  9076  9110  9083
TBILIS 2007 10 20 2  9064  9104  9072  9087  9033  9009  8988  8981  9009  8998  8975  8975
TBILIS 2007 10 21 1  8898  8918  8914  8940  8912  8961  9009  9011  9000  9014  9008  9009
TBILIS 2007 10 21 2  8966  8945  8948  8948  8907  8925  8910  8922  8896  8884  8888  8902
TBILIS 2007 10 22 1  8894  8923  8949  8933  8919  8965  9037  9065  9051  9041  9018  9008
TBILIS 2007 10 22 2  8993  9023  8993  9004  8993  8970  9001  8965  8981  8980  8972  8974
TBILIS 2007 10 23 1  9023  8998  9009  8976  8987  9041  9015  9055  9077  9095  9050  9075
TBILIS 2007 10 23 2  9047  9083  9073  9096  9067  9075  9060  9077  9106  9144  9161  9112
TBILIS 2007 10 24 1  9123  9114  9123  9125  9102  9071  9103  9096  9077  9089  9072  9065
TBILIS 2007 10 24 2  9096  9047  9029  9014  9018  9050  9011  9024  9025  9060  9009  9020
TBILIS 2007 10 25 1  9023  9044  9035  9048  9015  8997  9013  9005  9045  9041  9021  9035
TBILIS 2007 10 25 2  9038  9060  9055  9068  9037  9062  9098  9073  9047  9014  9043  9040
TBILIS 2007 10 26 1  9050  9070  9055  9035  9051  9015  9042  9074  9065  9068  9112  9154
TBILIS 2007 10 26 2  9217  9201  9160  9188  9158  9140  9118  9144  9087  9070  9102  9025
TBILIS 2007 10 27 1  9081  9049  9044  9048  9037  8978  9080  9031  9039  9059  9109  9086
TBILIS 2007 10 27 2  9076  9074  9064  9082  9065  9044  9086  9052  9029  9043  9042  9020
TBILIS 2007 10 28 1  9034  9021  9036  9048  9073  9082  9100  9096  9125  9129  9112  9070
TBILIS 2007 10 28 2  9061  9090  9121  9105  9082  9076  9080  9072  9088  9067  9022  9034
TBILIS 2007 10 29 1  9105  9099  9139  9114  9093  9101  9151  9148  9176  9167  9151  9146
TBILIS 2007 10 29 2  9149  9168  9133  9144  9145  9139  9138  9135  9113  9043  9028  9037
TBILIS 2007 10 30 1  9047  9083  9096  9070  9113  9121  9130  9112  9156  9188  9156  9111
TBILIS 2007 10 30 2  9183  9132  9061  9083  9114  9060  9041  9037  9046  9080  9029  9050
TBILIS 2007 10 31 1  9064  9017  9094  9064  9057  9030  9024  9050  9059  9091  9093  9073
TBILIS 2007 10 31 2  9079  9076  9075  9071  9052  9081  9024  9039  9055  9032  9010  9008
Cosmic-Ray Neutron Monitor Data (Hourly, Pressure-Corrected and Scale-Adjusted Counts)
Collections: WDC for Cosmic Rays, Solar-Terrestrial Environment Laboratory, Nagoya Univ.
Data Access: http://center.stelab.nagoya-u.ac.jp/WDCCR/index.html
Project: ICSU WDC
Citation: WDC for Cosmic Rays, Solar-Terrestrial Environment Laboratory, Nagoya University
Station ID: TBILIS
Station:  TBILISI,GIORGIA,INSTITUT GEOPHYSIKY (IG), GIORGIAN ACADEMY OF SCIENCES,GIORGIA 
Instrument: 18-NM-64 Corrected to 965 mb Standard Pressure, Coef =-0.69 %/mb                
Latitude (deg.):   41.43  Longitude (deg.):   44.48  Altitude (m):  510.00
Cut-Off Rigidity (GV):    6.73
Year: 2007  Month:  11
Scaling Factor (SF):    64.0   Constant (CONST):     0.0  Real Counts = (DATA + CONST)*SF
Temporal Resolution: 1 hour
UTC Start Hour:     0.0
DATA FILE IS PREPARED BY IZMIRAN (ftp://cr0.izmiran.rssi.ru/Cosray!/FTP_NM/C/)  
 Updated by IZMIRAN on 20071226                         
Monthly Average:  9017.6
Updated (YYYY MM DD): 2013 12 12
*******************************************************************************************
ID     YYYY MM DD 1     0     1     2     3     4     5     6     7     8     9    10    11
ID     YYYY MM DD 2    12    13    14    15    16    17    18    19    20    21    22    23
*******************************************************************************************
TBILIS 2007 11 01 1  8996  8966  8997  8995  9012  9027  9090  9054  9092  9072  9060  9072
TBILIS 2007 11 01 2  9029  9066  9068  9087  9089  9081  9092  9036  9067  9045  9045  9012
TBILIS 2007 11 02 1  9055  9026  9072  9055  9048  9078  9102  9089  9130  9100  9145  9106
TBILIS 2007 11 02 2  9112  9092  9091  9078  9051  9026  9006  8988  9011  9044  9028  9083
TBILIS 2007 11 03 1  9052  9052  9036  9023  9045  9049  9113  9157  9177  9148  9172  9146
TBILIS 2007 11 03 2  9140  9165  9155  9159  9123  9121  9087  9042  9065  8982  8993  8983
TBILIS 2007 11 04 1  9009  9007  9095  9086  9113  9073  9114  9105  9115  9127  9135  9102
TBILIS 2007 11 04 2  9111  9154  9131  9083  9086  9073  9055  9090  9059  9062  9082  9072
TBILIS 2007 11 05 1  9019  9018  9039  9088  9063  9081  9155  9171  9170  9216  9202  9195
TBILIS 2007 11 05 2  9207  9235  9168  9156  9194  9134  9099  9097  9088  9065  9032  9042
TBILIS 2007 11 06 1  9038  9050  9087  9072  9049  9042  9051  9068  9072  9100  9122  9139
TBILIS 2007 11 06 2  9116  9120  9106  9158  9137  9119  9155  9115  9075  9105  9116  9101
TBILIS 2007 11 07 1  9094  9061  9034  9066  9059  9067  9051  9092  9111  9048  9094  9096
TBILIS 2007 11 07 2  9075  9083  9116  9117  9108  9125  9093  9068  9040  9051  9016  9016
TBILIS 2007 11 08 1  8982  9014  8998  8993  9011  9019  9041  9059  9102  9093  9091  9086
TBILIS 2007 11 08 2  9056  9100  9058  9061  9060  9057  9046  9047  9049  9004  9022  9043
TBILIS 2007 11 09 1  9043  9082  9087  9063  9056  9063  9091  9050  9075  9065  9083  9074
TBILIS 2007 11 09 2  9040  9029  9032  9033  9018  8999  8982  8965  8962  8931  8939  8898
TBILIS 2007 11 10 1  8900  8831  8863  8849  8921  8913  8901  8862  8879  8863  8917  8951
TBILIS 2007 11 10 2  8988  8970  8980  8986  8990  8920  8930  8948  8976  8958  9004  8937
TBILIS 2007 11 11 1  8938  8982  8959  8984  9001  9015  9043  9102  9135  9131  9120  9084
TBILIS 2007 11 11 2  9081  9098  9096  9069  9094  9069  9090  9047  9076  9089  9046  9042
TBILIS 2007 11 12 1  9019  9050  9033  9047  9003  9044  9015  9008  9043  9031  9058  9005
TBILIS 2007 11 12 2  8967  8918  8916  8926  8950  8920  8945  8910  8923  8945  8898  8901
TBILIS 2007 11 13 1  8919  8903  8916  8946  8927  8948  8954  8947  8972  9024  9027  9073
TBILIS 2007 11 13 2  9003  9006  9000  8968  9000  8981  8994  8983  9006  8968  8950  8976
TBILIS 2007 11 14 1  8949  8937  9019  8989  8972  8995  8998  9027  8999  8987  8978  8913
TBILIS 2007 11 14 2  8927  8952  8945  8930  8903  8962  8889  8885  8905  8886  8858  8880
TBILIS 2007 11 15 1  8891  8870  8834  8846  8843  8879  8905  8913  8924  8946  8968  8992
TBILIS 2007 11 15 2  8980  8953  8934  8969  8971  8978  8956  8971  8932  8939  8908  8914
TBILIS 2007 11 16 1  8886  8890  8906  8930  8909  8946  8988  8947  8976  8980  8977  8983
TBILIS 2007 11 16 2  8972  8967  8977  8974  8993  8985  8998  8975  8924  8901  8910  8921
TBILIS 2007 11 17 1  8913  8925  8949  8977  8981  8959  8945  8970  9027  9006  9061  9066
TBILIS 2007 11 17 2  9022  9034  8989  9049  8990  9018  8967  8996  9007  9010  8995  8979
TBILIS 2007 11 18 1  9011  8958  8982  9009  9024  9060  9087  9101  9097  9087  9115  9083
TBILIS 2007 11 18 2  9082  9123  9145  9158  9141  9108  9121  9115  9083  9091  9099  9107
TBILIS 2007 11 19 1  9085  9037  9016  8994  8992  8988  8984  9014  9024  9043  9026  9022
TBILIS 2007 11 19 2  8992  9011  9020  9041  9053  9021  8973  8953  8897  8862  8814  8830
TBILIS 2007 11 20 1  8836  8848  8802  8864  8834  8860  8884  8925  8970  8988  8916  8949
TBILIS 2007 11 20 2  8996  9050  9041  9034  9042  9039  9037  8994  9000  9024  8986  8953
TBILIS 2007 11 21 1  8947  8955  8949  8955  8959  8975  8957  8987  8988  9027  9061  9094
TBILIS 2007 11 21 2  9092  9097  9076  9051  9035  9052  9044  9039  9033  9040  9037  9012
TBILIS 2007 11 22 1  9016  9056  9056  9056  9018  8982  8994  9001  9000  9042  9013  8975
TBILIS 2007 11 22 2  8987  8911  8935  8962  8965  8991  8993  9008  8928  8985  8947  8932
TBILIS 2007 11 23 1  8901  8957  8927  8975  8917  8996  9015  9000  9044  9064  9009  8988
TBILIS 2007 11 23 2  8993  9012  9025  8987  9002  9014  9003  8995  8952  9007  8981  8991
TBILIS 2007 11 24 1  8992  8977  8963  8986  8980  8958  9000  8993  8998  9035  9034  9015
TBILIS 2007 11 24 2  9005  9022  9009  9019  8998  9052  9010  9028  9026  8968  8957  8938
TBILIS 2007 11 25 1  8977  8966  8954  8973  8962  8959  9004  9038  9030  9014  9041  9027
TBILIS 2007 11 25 2  9008  9009  9013  8978  9022  9017  8981  8956  8936  8910  8937  8974
TBILIS 2007 11 26 1  8930  8952  8951  8944  8991  9003  9017  8999  9044  9051  9055  9074
TBILIS 2007 11 26 2  9044  9034  9010  8973  8988  9004  9042  8966  8985  8976  8964  8953
TBILIS 2007 11 27 1  8969  8957  8985  8974  8996  9015  9022  9036  8996  9041  9031  9030
TBILIS 2007 11 27 2  9004  9018  9012  8958  9013  8973  8981  8991  8973  8967  8990  9008
TBILIS 2007 11 28 1  9019  9006  9021  9040  8999  9044  9029  9048  9017  9065  9052  9035
TBILIS 2007 11 28 2  9075  9070  9058  9126  9147  9105  9090  9076  9089  9080  9056  8953
TBILIS 2007 11 29 1  9007  9011  8971  8980  8958  8999  9039  9072  9110  9091  9082  9116
TBILIS 2007 11 29 2  9115  9107  9127  9078  9058  9066  9063  9067  9023  8978  9003  8996
TBILIS 2007 11 30 1  8975  8967  8948  8961  8985  8990  9024  9052  9011  9052  9050  9052
TBILIS 2007 11 30 2  9033  9032  9031  9031  9031  9027  9048  9008  9024  9003  8997  8961
TBILIS 2007 11 31 1 99999 99999 99999 99999 99999 99999 99999 99999 99999 99999 99999 99999
TBILIS 2007 11 31 2 99999 99999 99999 99999 99999 99999 99999 99999 99999 99999 99999 99999
Cosmic-Ray Neutron Monitor Data (Hourly, Pressure-Corrected and Scale-Adjusted Counts)
Collections: WDC for Cosmic Rays, Solar-Terrestrial Environment Laboratory, Nagoya Univ.
Data Access: http://center.stelab.nagoya-u.ac.jp/WDCCR/index.html
Project: ICSU WDC
Citation: WDC for Cosmic Rays, Solar-Terrestrial Environment Laboratory, Nagoya University
Station ID: TBILIS
Station:  TBILISI,GIORGIA,INSTITUT GEOPHYSIKY (IG), GIORGIAN ACADEMY OF SCIENCES,GIORGIA 
Instrument: 18-NM-64 Corrected to 965 mb Standard Pressure, Coef =-0.69 %/mb                
Latitude (deg.):   41.43  Longitude (deg.):   44.48  Altitude (m):  510.00
Cut-Off Rigidity (GV):    6.73
Year: 2007  Month:  12
Scaling Factor (SF):    64.0   Constant (CONST):     0.0  Real Counts = (DATA + CONST)*SF
Temporal Resolution: 1 hour
UTC Start Hour:     0.0
DATA FILE IS PREPARED BY IZMIRAN (ftp://cr0.izmiran.rssi.ru/Cosray!/FTP_NM/C/)  
 Updated by IZMIRAN on 20080224                         
Monthly Average:  9035.9
Updated (YYYY MM DD): 2013 12 12
*******************************************************************************************
ID     YYYY MM DD 1     0     1     2     3     4     5     6     7     8     9    10    11
ID     YYYY MM DD 2    12    13    14    15    16    17    18    19    20    21    22    23
*******************************************************************************************
TBILIS 2007 12 01 1  9002  8968  8956  8985  8974  8964  9034  9066  9098  9129  9114  9099
TBILIS 2007 12 01 2  9102  9104  9113  9086  9065  9092  9085  9097  9052  9043  9039  9052
TBILIS 2007 12 02 1  9055  9039  9044  9064  9052  9057  9064  9016  9044  9073  9073  9040
TBILIS 2007 12 02 2  9022  9067  9034  9022  9045  9071  9051  9018  9078  9042  9023  9024
TBILIS 2007 12 03 1  9002  8978  8993  8943  8956  8981  9012  9043  9027  9074  9085  9049
TBILIS 2007 12 03 2  9039  9084  9068  9080  9056  8995  9028  8962  8986  8941  8913  8930
TBILIS 2007 12 04 1  8922  8885  8898  8913  8960  9009  9017  9025  9045  9073  9049  9102
TBILIS 2007 12 04 2  9093  9100  9042  9070  9062  9051  9026  9021  8987  9019  8945  9002
TBILIS 2007 12 05 1  8983  9015  9026  8996  9011  9122  9077  9076  9081  9082  9075  9069
TBILIS 2007 12 05 2  9067  9071  9066  9085  9063  9051  9065  9034  9053  9019  9051  9030
TBILIS 2007 12 06 1  9015  9023  9024  9026  9022  9052  9051  9056  9074  9044  9055  9052
TBILIS 2007 12 06 2  9090  9075  9080  9056  9050  9032  9054  9041  9046  9000  9014  9017
TBILIS 2007 12 07 1  9022  9020  9052  9060  9069  9029  9126  9096  9112  9141  9140  9100
TBILIS 2007 12 07 2  9087  9133  9113  9156  9170  9134  9091  9080  9057  9082  9058  9042
TBILIS 2007 12 08 1  9048  9073  9011  9094  9080  9030  9076  9096  9045  9038  9035  9049
TBILIS 2007 12 08 2  9041  8994  8998  9036  9051  8998  8976  8917  8929  8942  8868  8875
TBILIS 2007 12 09 1  8867  8872  8842  8896  8933  8939  8949  8932  8989  9031  9028  9013
TBILIS 2007 12 09 2  9019  8981  9057  9089  9034  9068  9000  9048  9054  9013  9048  8983
TBILIS 2007 12 10 1  8994  9025  8996  9059  9053  9027  9095  9070  9118  9108  9135  9119
TBILIS 2007 12 10 2  9115  9085  9100  9097  9012  8994  9035  9044  9036  9059  9075  9038
TBILIS 2007 12 11 1  9071  9004  9048  9014  9066  9058  9081  9055  9041  9052  9048  9037
TBILIS 2007 12 11 2  9046  9034  9038  9031  9022  9016  9012  8996  8999  9020  8990  8962
TBILIS 2007 12 12 1  8963  8974  8977  8997  9050  9059  9054  9057  9050  9086  9085  9031
TBILIS 2007 12 12 2  9046  8997  8990  8977  8964  8956  8963  8967  8979  8982  8983  8949
TBILIS 2007 12 13 1  8982  9039  9013  9015  8995  8999  9004  9037  9040  9065  9039  9027
TBILIS 2007 12 13 2  9057  9044  9057  9068  9068  8999  8996  9014  8973  8975  8928  8975
TBILIS 2007 12 14 1  8946  8947  8930  8966  8975  8978  8983  8982  8987  9022  9022  9009
TBILIS 2007 12 14 2  9090  9069  9065  9072  9090  9112  9105  9095  9086  9051  9032  9042
TBILIS 2007 12 15 1  9063  9020  9026  8995  8983  9016  9007  8981  9013  9048  9047  9016
TBILIS 2007 12 15 2  8997  9037  9034  9061  9028  9045  9076  9038  9004  9028  9031  9003
TBILIS 2007 12 16 1  8976  9013  8991  9025  9023  9068  9059  9101  9115  9121  9100  9115
TBILIS 2007 12 16 2  9135  9123  9095  9116  9133  9130  9091  9096  9087  9077  9084  9057
TBILIS 2007 12 17 1  9023  9027  9014  8977  9025  9032  9045  9042  9088  9102  9045  9052
TBILIS 2007 12 17 2  9084  9119  9121  9104  9102  9078  9063  9064  9045  8917  9006  8986
TBILIS 2007 12 18 1  9013  9030  9042  9030  9027  8987  8985  9093  9055  9068  9066  9094
TBILIS 2007 12 18 2  9097  9079  9087  9081  9103  9098  9081  9033  9016  9032  9075  9066
TBILIS 2007 12 19 1  9023  9033  9020  9010  9056  9069  9095  9074  9095  9122  9091  9082
TBILIS 2007 12 19 2  9093  9091  9106  9046  9034  9021  9052  8996  9021  8996  9002  8937
TBILIS 2007 12 20 1  8966  8965  8944  8918  8938  8951  8979  9016  9010  9060  9066  9050
TBILIS 2007 12 20 2  9062  9007  9061  9117  9034  9056  9000  8974  9004  8916  8981  8943
TBILIS 2007 12 21 1  8986  8951  8980  8973  8995  9002  8998  9032  9026  9049  9036  9072
TBILIS 2007 12 21 2  8989  9001  9016  9002  9034  9023  9056  9015  8939  8976  8942  8943
TBILIS 2007 12 22 1  8951  8944  8941  8940  8920  8903  8880  8885  8964  9025  9019  9066
TBILIS 2007 12 22 2  9021  9035  9048  8993  8959  8969  9015  9006  9042  9023  9054  9031
TBILIS 2007 12 23 1  9033  8995  9029  9048  9050  9014  9032  9036  9039  9087  9096  9052
TBILIS 2007 12 23 2  9096  9067  9085  9073  9101  9076  9009  9031  9023  9034  8980  8974
TBILIS 2007 12 24 1  8948  8922  8951  8935  8941  8995  9013  8990  9020  9057  9084  9035
TBILIS 2007 12 24 2  9004  9047  9021  9070  9061  9049  9012  9010  8995  8986  8953  8938
TBILIS 2007 12 25 1  8953  8980  9003  9001  9005  9069  9071  9054  9029  9068  9037  9028
TBILIS 2007 12 25 2  9056  9030  9064  9011  9047  8987  8992  8979  8933  8975  8972  8953
TBILIS 2007 12 26 1  8932  8945  8955  8974  8922  9044  8918  8981  9022  9010  9000  8998
TBILIS 2007 12 26 2  9041  9013  8999  8991  9007  8976  8969  9005  8936  8965  8954  8952
TBILIS 2007 12 27 1  8936  8945  8929  8948  8970  8973  8975  9058  9031  9046  9041  9036
TBILIS 2007 12 27 2  9032  9031  9053  9051  9057  9035  8972  9010  8973  9007  8959  8923
TBILIS 2007 12 28 1  8995  9004  9006  8983  9038  9045  9050  9079  9103  9096  9176  9112
TBILIS 2007 12 28 2  9139  9114  9154  9123  9144  9153  9115  9105  9124  9101  9085  9062
TBILIS 2007 12 29 1  9115  9149  9131  9130  9114  9124  9106  9106  9115  9125  9106  9123
TBILIS 2007 12 29 2  9104  9089  9037  9059  9032  9058  9101  9060  9012  9021  9032  9032
TBILIS 2007 12 30 1  9037  9031  9055  9066  9075  9082  9113  9148  9145  9192  9184  9186
TBILIS 2007 12 30 2  9166  9161  9173  9172  9161  9136  9137  9128  9157  9138  9121  9157
TBILIS 2007 12 31 1  9112  9109  9093  9098  9053  9050  9088  9073  9060  9078  9073  9044
TBILIS 2007 12 31 2  9064  9075  9075  9068  9059  9064  9052  9100  9098  9079  9054  9053
