Cosmic-Ray Neutron Monitor Data (Hourly, Pressure-Corrected and Scale-Adjusted Counts)
Collections: WDC for Cosmic Rays, Solar-Terrestrial Environment Laboratory, Nagoya Univ.
Data Access: http://center.stelab.nagoya-u.ac.jp/WDCCR/index.html
Project: ICSU WDC
Citation: WDC for Cosmic Rays, Solar-Terrestrial Environment Laboratory, Nagoya University
Station ID: TBILIS
Station:  TBILISI,GIORGIA,INSTITUT GEOPHYSIKY (IG), GIORGIAN ACADEMY OF SCIENCES,GIORGIA 
Instrument: 18-NM-64 Corrected to 965 mb Standard Pressure, Coef =-0.69 %/mb                
Latitude (deg.):   41.43  Longitude (deg.):   44.48  Altitude (m):  510.00
Cut-Off Rigidity (GV):    6.73
Year: 2008  Month:   1
Scaling Factor (SF):    64.0   Constant (CONST):     0.0  Real Counts = (DATA + CONST)*SF
Temporal Resolution: 1 hour
UTC Start Hour:     0.0
TBILISI,NUTSUBIDSE 77, GIORGIA           DATA FROM  IZMIRAN                     
ftp://cr0.izmiran.rssi.ru/Cosray!/FTP_NM/C/             
Monthly Average:  8947.5
Updated (YYYY MM DD): 2010 08 08
*******************************************************************************************
ID     YYYY MM DD 1     0     1     2     3     4     5     6     7     8     9    10    11
ID     YYYY MM DD 2    12    13    14    15    16    17    18    19    20    21    22    23
*******************************************************************************************
TBILIS 2008 01 01 1  9036  9080  9041  9025  9035  9004  9026  9017  9064  9074  9076  9089
TBILIS 2008 01 01 2  9091  9104  9071  9102  9118  9068  9078  9088  9044  9095  9108  9085
TBILIS 2008 01 02 1  9102  9128  9086  9083  9099  9086  9038  9067  9036  9057  9049  9077
TBILIS 2008 01 02 2  9052  9055  9061  9053  9077  9103  9100  9057  9053  9044  8991  9001
TBILIS 2008 01 03 1  8988  8993  8993  9002  9013  8976  9036  8994  9003  9004  9022  9035
TBILIS 2008 01 03 2  9011  9000  8969  8984  8985  9009  9000  8985  8977  8986  8981  8944
TBILIS 2008 01 04 1  8930  8927  8945  8968  8950  8936  8961  8951  8971  8963  8942  8979
TBILIS 2008 01 04 2  8977  8969  8962  8977  8962  8986  8969  8966  8921  8928  8911  8896
TBILIS 2008 01 05 1  8891  8891  8819  8843  8806  8825  8874  8797  8849  8860  8857  8900
TBILIS 2008 01 05 2  8862  8898  8920  8854  8865  8857  8832  8814  8822  8828  8805  8805
TBILIS 2008 01 06 1  8801  8824  8842  8808  8843  8815  8842  8863  8859  8879  8848  8848
TBILIS 2008 01 06 2  8877  8860  8863  8838  8811  8829  8794  8813  8835  8826  8843  8811
TBILIS 2008 01 07 1  8824  8850  8798  8850  8855  8860  8858  8853  8865  8890  8921  8891
TBILIS 2008 01 07 2  8922  8907  8933  8913  8897  8875  8898  8915  8878  8851  8866  8856
TBILIS 2008 01 08 1  8843  8839  8878  8869  8853  8837  8861  8850  8858  8886  8915  8916
TBILIS 2008 01 08 2  8897  8858  8905  8897  8880  8880  8856  8870  8816  8836  8811  8782
TBILIS 2008 01 09 1  8794  8806  8822  8832  8843  8830  8864  8847  8852  8872  8901  8929
TBILIS 2008 01 09 2  8937  8933  8958  8951  8956  8956  8962  8947  8925  8901  8878  8860
TBILIS 2008 01 10 1  8894  8896  8889  8886  8860  8907  8882  8880  8868  8931  8903  8955
TBILIS 2008 01 10 2  9002  8976  8928  8914  8902  8919  8970  8938  8910  8910  8857  8855
TBILIS 2008 01 11 1  8903  8821  8844  8854  8860  8897  8886  8927  8897  8908  8945  8934
TBILIS 2008 01 11 2  8953  8940  8933  8953  8935  8952  8971  9019  9002  8996  8941  8955
TBILIS 2008 01 12 1  8953  8916  8922  8917  8941  8954  8952  9048  9009  8991  8984  8971
TBILIS 2008 01 12 2  8958  8934  8920  8965  8927  8979  8936  8934  8919  8915  8905  8870
TBILIS 2008 01 13 1  8896  8916  8899  8844  8865  8877  8895  8853  8930  8971  8977  8949
TBILIS 2008 01 13 2  8964  8950  8959  8926  8919  8965  8946  8946  8907  8900  8859  8874
TBILIS 2008 01 14 1  8888  8861  8871  8916  8888  8891  8872  8909  8976  8951  8995  8991
TBILIS 2008 01 14 2  8997  9004  8979  8958  8946  8915  8934  8968  8946  8930  8868  8860
TBILIS 2008 01 15 1  8840  8821  8838  8837  8824  8829  8866  8885  8926  8954  8941  8968
TBILIS 2008 01 15 2  8955  8960  8943  8930  8903  8890  8917  8886  8887  8906  8892  8918
TBILIS 2008 01 16 1  8934  8944  8951  8925  8942  8988  8990  9023  9012  8964  8953  8953
TBILIS 2008 01 16 2  8950  8987  8966  8921  8869  8894  8897  8872  8850  8825  8816  8825
TBILIS 2008 01 17 1  8804  8823  8835  8797  8736  8772  8842  8878  8873  8891  8885  8884
TBILIS 2008 01 17 2  8957  8948  8910  8914  8892  8865  8898  8898  8831  8877  8827  8831
TBILIS 2008 01 18 1  8852  8831  8851  8849  8858  8822  8875  8902  8875  8892  8878  8903
TBILIS 2008 01 18 2  8918  8886  8898  8874  8855  8899  8891  8880  8838  8876  8867  8861
TBILIS 2008 01 19 1  8877  8881  8828  8838  8855  8917  8860  8861  8918  8936  8934  8908
TBILIS 2008 01 19 2  8908  8940  8884  8909  8920  8878  8894  8896  8899  8871  8900  8887
TBILIS 2008 01 20 1  8913  8875  8886  8880  8884  8887  8912  8912  8923  8918  8891  8889
TBILIS 2008 01 20 2  8893  8901  8864  8859  8890  8842  8882  8888  8902  8874  8888  8908
TBILIS 2008 01 21 1  8873  8854  8881  8848  8844  8893  8841  8899  8898  8897  8895  8895
TBILIS 2008 01 21 2  8944  8971  8918  8928  8919  8979  8979  8928  8923  8900  8911  8941
TBILIS 2008 01 22 1  8921  8918  8948  8953  8962  8913  8930  8965  8978  8972  8945  8947
TBILIS 2008 01 22 2  8904  8905  8889  8874  8897  8878  8891  8881  8870  8864  8853  8827
TBILIS 2008 01 23 1  8825  8780  8824  8866  8888  8882  8929  8934  8945  8936  8956  8907
TBILIS 2008 01 23 2  8922  8950  8920  8903  8925  8995  8971  8917  8921  8875  8886  8864
TBILIS 2008 01 24 1  8887  8864  8869  8881  8865  8913  8890  8925  8953  8938  8982  8934
TBILIS 2008 01 24 2  8889  8914  8886  8938  8915  8895  8919  8869  8895  8897  8935  8942
TBILIS 2008 01 25 1  8916  8924  8927  8948  8918  8910  8942  8937  8939  9001  9005  9033
TBILIS 2008 01 25 2  9016  8989  9011  9016  8984  8980  8998  8962  8939  8979  8975  8998
TBILIS 2008 01 26 1  8952  8995  9001  8991  8998  9008  9046  9025  9054  9052  9081  9066
TBILIS 2008 01 26 2  9078  9041  9014  9052  9066  9073  9053  9049  9011  9041  9053  9048
TBILIS 2008 01 27 1  9051  9050  9038  9050  9078  9062  9086  9086  9139  9129  9174  9149
TBILIS 2008 01 27 2  9126  9121  9124  9093  9038  9040  9080  9052  9063  9095  9075  9083
TBILIS 2008 01 28 1  9043  9049  9088  9059  9092  9073  9082  9062  9090  9107  9099  9120
TBILIS 2008 01 28 2  9118  9084  9099  9073  9033  9084  9086  9046  9059  9073  9070  9070
TBILIS 2008 01 29 1  9077  9085  9110  9090  9063  9048  9086  9057  9088  9126  9132  9140
TBILIS 2008 01 29 2  9141  9135  9139  9133  9122  9105  9092  9107  9089  9108  9133  9110
TBILIS 2008 01 30 1  9114  9076  9113  9075  9093  9075  9071  9034  9059  9068  9069  9062
TBILIS 2008 01 30 2  9073  9078  9092  9082  9085  9071  9052  9091  9068  9028  9022  8998
TBILIS 2008 01 31 1  8985  8998  9013  9007  9020  9042  9088  9077  9115  9113  9120  9081
TBILIS 2008 01 31 2  9097  9070  9046  9065  9018  8998  9030  9001  9031  8987  8988  8987
Cosmic-Ray Neutron Monitor Data (Hourly, Pressure-Corrected and Scale-Adjusted Counts)
Collections: WDC for Cosmic Rays, Solar-Terrestrial Environment Laboratory, Nagoya Univ.
Data Access: http://center.stelab.nagoya-u.ac.jp/WDCCR/index.html
Project: ICSU WDC
Citation: WDC for Cosmic Rays, Solar-Terrestrial Environment Laboratory, Nagoya University
Station ID: TBILIS
Station:  TBILISI,GIORGIA,INSTITUT GEOPHYSIKY (IG), GIORGIAN ACADEMY OF SCIENCES,GIORGIA 
Instrument: 18-NM-64 Corrected to 965 mb Standard Pressure, Coef =-0.69 %/mb                
Latitude (deg.):   41.43  Longitude (deg.):   44.48  Altitude (m):  510.00
Cut-Off Rigidity (GV):    6.73
Year: 2008  Month:   2
Scaling Factor (SF):    64.0   Constant (CONST):     0.0  Real Counts = (DATA + CONST)*SF
Temporal Resolution: 1 hour
UTC Start Hour:     0.0
TBILISI,NUTSUBIDSE 77, GIORGIA           DATA FROM  IZMIRAN                     
ftp://cr0.izmiran.rssi.ru/Cosray!/FTP_NM/C/             
Monthly Average:  9000.9
Updated (YYYY MM DD): 2010 08 08
*******************************************************************************************
ID     YYYY MM DD 1     0     1     2     3     4     5     6     7     8     9    10    11
ID     YYYY MM DD 2    12    13    14    15    16    17    18    19    20    21    22    23
*******************************************************************************************
TBILIS 2008 02 01 1  8968  8953  8929  8919  8911  8967  9003  8981  8976  8992  9007  8985
TBILIS 2008 02 01 2  8964  8979  8989  8991  8971  8969  8992  9000  8975  8965  8959  8957
TBILIS 2008 02 02 1  8947  8956  8992  8993  8997  9138  9049  9026  9041  9048  8991  8979
TBILIS 2008 02 02 2  9045  9050  8998  8998  8958  8936  8968  8940  8964  8969  8935  8940
TBILIS 2008 02 03 1  8960  8928  8953  8914  8972  8937  8971  9003  9022  9051  9035  9066
TBILIS 2008 02 03 2  9002  8961  8969  8945  8928  8953  8908  8906  8890  8908  8914  8936
TBILIS 2008 02 04 1  8956  8972  8986  8983  8971  8948  8943  8973  8969  8979  8977  9003
TBILIS 2008 02 04 2  8989  8953  8978  8927  8915  8905  8915  8932  8922  8924  8924  8868
TBILIS 2008 02 05 1  8902  8898  8962  8951  8963  8929  9016  8972  8976  9002  9012  9007
TBILIS 2008 02 05 2  8996  8998  8980  8968  9009  8979  8941  8975  8964  8953  8970  8957
TBILIS 2008 02 06 1  8963  8983  8940  8940  8927  8954  8997  8939  8971  8934  8956  8947
TBILIS 2008 02 06 2  8910  8933  8890  8921  8907  8918  8919  8911  8885  8869  8905  8877
TBILIS 2008 02 07 1  8887  8866  8882  8893  8912  8889  8928  8947  8964  8961  8958  8956
TBILIS 2008 02 07 2  8990  8981  8966  8959  8979  8990  8969  8940  8927  8910  8913  8924
TBILIS 2008 02 08 1  8901  8913  8924  8935  8967  8977  9037  9077  9008  8995  8986  9002
TBILIS 2008 02 08 2  8996  8975  8970  8971  8951  8969  8976  8939  8961  8978  8955  8991
TBILIS 2008 02 09 1  8963  8926  8971  8946  8939  9022  8974  8961  8993  8976  8992  8998
TBILIS 2008 02 09 2  8967  9019  9024  9001  8982  8928  8943  8941  8908  8932  8908  8933
TBILIS 2008 02 10 1  8961  8946  8955  8957  8929  8958  9013  9022  9037  9004  9011  9030
TBILIS 2008 02 10 2  9068  9064  9003  8994  9021  9001  8978  8979  8954  8973  8948  8980
TBILIS 2008 02 11 1  9017  9001  8979  8964  8995  8963  8975  8980  8999  9001  8997  9011
TBILIS 2008 02 11 2  9040  9009  9013  9016  8999  8976  8966  8993  8948  8915  8929  8934
TBILIS 2008 02 12 1  8963  8947  8990  8997  9003  9019  8955  8996  8991  9004  9040  8986
TBILIS 2008 02 12 2  8964  8943  8918  8881  8892  8902  8919  8901  8874  8891  8860  8874
TBILIS 2008 02 13 1  8873  8863  8887  8918  8946  8961  8989  8955  8957  8938  8971  8974
TBILIS 2008 02 13 2  8977  8959  8968  8923  8915  8929  8950  8941  8920  8931  8932  8915
TBILIS 2008 02 14 1  8943  8964  8989  8972  8974  8997  8996  8997  8994  9051  9065  9074
TBILIS 2008 02 14 2  9088  9076  9042  9023  9041  9033  9023  9028  9009  9028  8998  9017
TBILIS 2008 02 15 1  9011  9010  8997  9001  8999  8978  9034  9002  9004  8994  9006  9022
TBILIS 2008 02 15 2  9011  8996  8986  8984  9000  8971  8991  8995  8993  8947  8945  8934
TBILIS 2008 02 16 1  8951  8930  8937  8959  8960  8963  8941  8977  8976  9016  9009  8955
TBILIS 2008 02 16 2  8960  8970  8931  8902  8899  8887  8885  8915  8894  8856  8900  8869
TBILIS 2008 02 17 1  8919  8911  8922  8905  8954  8963  8936  8985  8990  9004  8984  9012
TBILIS 2008 02 17 2  9014  9019  9017  8996  9016  9018  8984  8997  8979  9013  8977  9020
TBILIS 2008 02 18 1  9008  9007  8961  9003  8982  8964  8974  8954  8942  9008  9064  9017
TBILIS 2008 02 18 2  9075  9057  9096  9088  9095  9109  9067  9094  9128  9074  9125  9098
TBILIS 2008 02 19 1  9135  9085  9114  9099  9129  9076  9081  9085  9111  9107  9150  9137
TBILIS 2008 02 19 2  9124  9105  9098  9087  9087  9075  9080  9045  9020  9014  9020  8995
TBILIS 2008 02 20 1  9000  9026  9015  8992  8982  9003  9020  9063  9050  9072  9096  9027
TBILIS 2008 02 20 2  9024  8996  9014  8984  8956  8963  8952  8952  8964  8970  9035  9031
TBILIS 2008 02 21 1  8978  8869  8896  8889  8915  8890  8947  8996  8966  8949  8950  8954
TBILIS 2008 02 21 2  8931  9030  9023  9027  9034  9009  9032  9001  9064  9028  9009  9008
TBILIS 2008 02 22 1  8964  8885  8891  8913  8901  8915  8980  9039  9011  9038  9060  9046
TBILIS 2008 02 22 2  9019  9012  8994  9018  9031  9029  9009  9025  9008  8990  9004  8983
TBILIS 2008 02 23 1  8982  8978  9000  8978  8969  9042  9055  9034  9045  9049  9038  9125
TBILIS 2008 02 23 2  9076  9128  9079  9063  9085  9093  9087  9060  9086  9070  9026  9033
TBILIS 2008 02 24 1  9033  9033  9045  9065  9053  9010  9090  9094  9141  9109  9165  9139
TBILIS 2008 02 24 2  9126  9106  9047  9064  9067  9048  9021  8993  9024  9056  9020  9026
TBILIS 2008 02 25 1  9061  8985  8957  8960  8940  9007  9059  9039  9093  9071  9069  9058
TBILIS 2008 02 25 2  9028  9037  9047  9033  9076  9090  9064  9056  9050  9077  9023  9007
TBILIS 2008 02 26 1  9069  9041  9029  9047  9047  9057  9068  9111  9150  9193  9193  9184
TBILIS 2008 02 26 2  9155  9157  9177  9163  9159  9135  9134  9104  9107  9079  9103  9086
TBILIS 2008 02 27 1  9082  9056  9044  9039  9023  9039  9046  9079  9106  9108  9139  9157
TBILIS 2008 02 27 2  9128  9123  9113  9097  9068  9077  9097  9100  9095  9074  9063  9057
TBILIS 2008 02 28 1  9082  9058  9045  9073  9077  9081  9126  9129  9146  9128  9128  9138
TBILIS 2008 02 28 2  9087  9057  9080  9106  9139  9110  9114  9088  9114  9125  9083  9037
TBILIS 2008 02 29 1  9019  9045  9071  9066  9056  9057  9053  9036  9042  9033  9068  9066
TBILIS 2008 02 29 2  9086  9047  9041  9039  9068  9069  9082  9012  9020  9025  8975  9043
TBILIS 2008 02 30 1 99999 99999 99999 99999 99999 99999 99999 99999 99999 99999 99999 99999
TBILIS 2008 02 30 2 99999 99999 99999 99999 99999 99999 99999 99999 99999 99999 99999 99999
TBILIS 2008 02 31 1 99999 99999 99999 99999 99999 99999 99999 99999 99999 99999 99999 99999
TBILIS 2008 02 31 2 99999 99999 99999 99999 99999 99999 99999 99999 99999 99999 99999 99999
Cosmic-Ray Neutron Monitor Data (Hourly, Pressure-Corrected and Scale-Adjusted Counts)
Collections: WDC for Cosmic Rays, Solar-Terrestrial Environment Laboratory, Nagoya Univ.
Data Access: http://center.stelab.nagoya-u.ac.jp/WDCCR/index.html
Project: ICSU WDC
Citation: WDC for Cosmic Rays, Solar-Terrestrial Environment Laboratory, Nagoya University
Station ID: TBILIS
Station:  TBILISI,GIORGIA,INSTITUT GEOPHYSIKY (IG), GIORGIAN ACADEMY OF SCIENCES,GIORGIA 
Instrument: 18-NM-64 Corrected to 965 mb Standard Pressure, Coef =-0.69 %/mb                
Latitude (deg.):   41.43  Longitude (deg.):   44.48  Altitude (m):  510.00
Cut-Off Rigidity (GV):    6.73
Year: 2008  Month:   3
Scaling Factor (SF):    64.0   Constant (CONST):     0.0  Real Counts = (DATA + CONST)*SF
Temporal Resolution: 1 hour
UTC Start Hour:     0.0
TBILISI,NUTSUBIDSE 77, GIORGIA           DATA FROM  IZMIRAN                     
ftp://cr0.izmiran.rssi.ru/Cosray!/FTP_NM/C/             
Monthly Average:  9025.0
Updated (YYYY MM DD): 2010 08 08
*******************************************************************************************
ID     YYYY MM DD 1     0     1     2     3     4     5     6     7     8     9    10    11
ID     YYYY MM DD 2    12    13    14    15    16    17    18    19    20    21    22    23
*******************************************************************************************
TBILIS 2008 03 01 1  9010  9013  9018  9028  9008  9031  9076  9063  9055  9063  9078  9048
TBILIS 2008 03 01 2  9063  9021  9013  8970  8954  8951  8963  8932  8939  8883  8881  8911
TBILIS 2008 03 02 1  8921  8931  8951  8952  8967  8968  9005  9048  9071  9113  9102  9094
TBILIS 2008 03 02 2  9085  9091  9045  9060  9065  9071  9035  9037  9048  9040  9047  9039
TBILIS 2008 03 03 1  9053  9071  9093  9093  9100  9130  9157  9174  9175  9160  9157  9147
TBILIS 2008 03 03 2  9116  9057  9063  9078  9071  9087  9046  9058  9010  9011  9034  9041
TBILIS 2008 03 04 1  9035  9048  9043  9061  9024  8998  8988  8985  8994  9043  9044  9094
TBILIS 2008 03 04 2  9088  9046  9028  9031  9040  9065  9020  8975  8933  8913  8926  8943
TBILIS 2008 03 05 1  8950  8928  8930  8920  8933  8944  9024  9009  9002  9013  9068  9048
TBILIS 2008 03 05 2  9112  9103  9096  9105  9077  9040  9003  9015  8995  8993  8991  9024
TBILIS 2008 03 06 1  8951  8989  9004  8999  8976  9039  9032  9026  9057  9059  9026  9068
TBILIS 2008 03 06 2  9049  9032  9041  9005  8985  8967  8978  8975  8947  8939  8992  8940
TBILIS 2008 03 07 1  8958  8943  8978  8930  8991  9052  9054  9048  9082  9108  9073  9078
TBILIS 2008 03 07 2  9088  9088  9090  9062  9032  9010  9025  9028  9049  9016  8987  8963
TBILIS 2008 03 08 1  8979  8968  8986  8981  8989  8989  9021  8987  9010  9005  9004  8982
TBILIS 2008 03 08 2  9012  8982  8964  8933  8930  8966  8997  8986  8973  8945  8925  8926
TBILIS 2008 03 09 1  8893  8870  8870  8923  9000  9010  9060  9014  9064  9044  9069  9006
TBILIS 2008 03 09 2  9023  9024  9000  8981  8984  8925  8946  8931  8926  8924  8931  8957
TBILIS 2008 03 10 1  8973  8953  8936  8915  8901  8936  8976  8972  9032  9046  9007  8985
TBILIS 2008 03 10 2  9010  8994  9025  8995  8966  9002  8979  8968  8956  8991  9040  9008
TBILIS 2008 03 11 1  9002  8979  8968  8996  8998  8983  8950  9007  9018  9044  9037  9022
TBILIS 2008 03 11 2  9026  9019  8997  8995  9011  9015  9023  9015  8990  8958  8948  8967
TBILIS 2008 03 12 1  8942  8951  8956  8949  8950  8923  8968  9007  8988  9010  9026  9020
TBILIS 2008 03 12 2  9011  8981  8984  8998  8954  8973  8982  8989  8975  8996  8989  8992
TBILIS 2008 03 13 1  9017  8994  8998  8986  9012  8999  9005  9008  8983  9067  9081  9076
TBILIS 2008 03 13 2  9094  9062  9066  9033  9077  9098  9111  9152  9104  9091  9087  9097
TBILIS 2008 03 14 1  9079  9057  9045  9051  9062  9031  9026  9038  9062  9071  9078  9108
TBILIS 2008 03 14 2  9114  9080  9064  9063  9043  9044  9025  9040  9009  8977  8992  8958
TBILIS 2008 03 15 1  9005  9010  9021  8986  9053  9037  9043  9099  9060  9137  9151  9147
TBILIS 2008 03 15 2  9179  9136  9163  9121  9160  9163  9135  9062  9050  9111  9111  9058
TBILIS 2008 03 16 1  9085  9069  9065  9068  9120  9127  9120  9100  9070  9110  9120  9092
TBILIS 2008 03 16 2  9125  9104  9070  9045  9073  9076  9033  9007  8973  8931  8919  8904
TBILIS 2008 03 17 1  8896  8914  8919  8942  8960  8981  9017  9027  9026  9033  9049  9057
TBILIS 2008 03 17 2  9033  9055  9060  9069  9066  9082  9037  9050  9024  8975  8956  8976
TBILIS 2008 03 18 1  8984  8991  8952  8955  8995  8949  9001  9027  9051  9022  9060  9044
TBILIS 2008 03 18 2  9060  9078  9064  9061  8994  9000  9031  9007  9020  8991  8952  8970
TBILIS 2008 03 19 1  8964  8953  8926  8990  8981  9040  9009  9025  9041  9036  9033  9095
TBILIS 2008 03 19 2  9083  9073  9092  9065  9079  9021  9056  8981  8991  9016  8960  9045
TBILIS 2008 03 20 1  9019  9016  9027  9093  9023  9039  9070  9050  9074  9061  9063  9034
TBILIS 2008 03 20 2  9086  9115  9077  9058  9049  9012  8990  8987  8967  8964  8968  8950
TBILIS 2008 03 21 1  8956  8972  9014  9007  8990  8998  9052  9049  9096  9126  9108  9094
TBILIS 2008 03 21 2  9065  9060  9071  9077  9021  9053  9013  8992  8986  8997  9039  9011
TBILIS 2008 03 22 1  9004  9020  9021  8998  8987  9023  9053  9079  9059  9105  9123  9135
TBILIS 2008 03 22 2  9132  9106  9191  9120  9149  9086  9107  9065  9072  9074  9057  9020
TBILIS 2008 03 23 1  9012  9025  9022  9005  9025  9039  9062  9075  9094  9112  9048  9088
TBILIS 2008 03 23 2  9058  9087  9062  9076  9053  9071  9048  9043  9083  9072  9071  9028
TBILIS 2008 03 24 1  8976  8986  8985  8977  9013  9021  9071  9105  9122  9112  9110  9102
TBILIS 2008 03 24 2  9104  9079  9044  9049  9034  9033  9029  9058  9071  9109  9132  9129
TBILIS 2008 03 25 1  9133  9080  9090  9072  9112  9115  9156  9192  9177  9229  9173  9162
TBILIS 2008 03 25 2  9178  9177  9212  9211  9160  9213  9177  9192  9131  9133  9129  9102
TBILIS 2008 03 26 1  9089  8968  8931  8920  8958  9028  9086  9106  9059  9112  9154  9187
TBILIS 2008 03 26 2  9127  9147  9103  9090  9143  9126  9103  9057  9043  9010  8991  8968
TBILIS 2008 03 27 1  8930  8908  8909  8976  9034  9085  9089  9090  9151  9154  9097  9105
TBILIS 2008 03 27 2  9005  9002  8968  8933  8944  8895  8931  8938  8938  8921  8893  8898
TBILIS 2008 03 28 1  8861  8891  8843  8832  8860  8892  8935  8978  8976  8981  9011  9059
TBILIS 2008 03 28 2  9014  8989  8964  8973  9014  9011  9053  9006  8935  8948  8936  8950
TBILIS 2008 03 29 1  8929  8946  8943  8965  8976  9023  9066  9085  9010  9056  9041  9031
TBILIS 2008 03 29 2  8998  8957  8880  8867  8834  8851  8904  8898  8834  8845  8836  8872
TBILIS 2008 03 30 1  8900  8845  8855  8840  8877  8955  8989  9036  9016  9039  9061  9073
TBILIS 2008 03 30 2  9066  9011  8970  8918  8913  8943  8973  8991  8970  8961  8985  8987
TBILIS 2008 03 31 1  9021  9014  9020  9035  9016  8993  8989  9024  9035  9047  9087  9091
TBILIS 2008 03 31 2  9100  9088  9105  9081  9079  9055  9095  9089  9077  9054  9058  9059
Cosmic-Ray Neutron Monitor Data (Hourly, Pressure-Corrected and Scale-Adjusted Counts)
Collections: WDC for Cosmic Rays, Solar-Terrestrial Environment Laboratory, Nagoya Univ.
Data Access: http://center.stelab.nagoya-u.ac.jp/WDCCR/index.html
Project: ICSU WDC
Citation: WDC for Cosmic Rays, Solar-Terrestrial Environment Laboratory, Nagoya University
Station ID: TBILIS
Station:  TBILISI,GIORGIA,INSTITUT GEOPHYSIKY (IG), GIORGIAN ACADEMY OF SCIENCES,GIORGIA 
Instrument: 18-NM-64 Corrected to 965 mb Standard Pressure, Coef =-0.69 %/mb                
Latitude (deg.):   41.43  Longitude (deg.):   44.48  Altitude (m):  510.00
Cut-Off Rigidity (GV):    6.73
Year: 2008  Month:   4
Scaling Factor (SF):    64.0   Constant (CONST):     0.0  Real Counts = (DATA + CONST)*SF
Temporal Resolution: 1 hour
UTC Start Hour:     0.0
TBILISI,NUTSUBIDSE 77, GIORGIA           DATA FROM  IZMIRAN                     
ftp://cr0.izmiran.rssi.ru/Cosray!/FTP_NM/C/             
Monthly Average:  9054.1
Updated (YYYY MM DD): 2010 08 08
*******************************************************************************************
ID     YYYY MM DD 1     0     1     2     3     4     5     6     7     8     9    10    11
ID     YYYY MM DD 2    12    13    14    15    16    17    18    19    20    21    22    23
*******************************************************************************************
TBILIS 2008 04 01 1  9070  9066  9075  9061  9068  9081  9082  9081  9073  9102  9089  9095
TBILIS 2008 04 01 2  9077  9078  9060  9018  9023  9024  9013  8984  9001  9019  9017  8998
TBILIS 2008 04 02 1  9029  9067  9043  9044  9080  9105  9088  9123  9132  9135  9175  9091
TBILIS 2008 04 02 2  9122  9063  9060  9048  9052  9034  9067  9033  9004  9039  9021  9062
TBILIS 2008 04 03 1  9015  9024  9004  9019  9054  9031  9087  9088  9106  9101  9079  9098
TBILIS 2008 04 03 2  9073  9083  9050  9082  9047  9021  8991  9003  9005  8984  8990  9014
TBILIS 2008 04 04 1  9016  9066  9078  9031  9056  9032  9059  9117  9109  9134  9140  9092
TBILIS 2008 04 04 2  9087  9096  9101  9084  9032  9045  9089  9083  9067  9059  9032  9002
TBILIS 2008 04 05 1  8983  8953  8964  8971  8956  9009  9055  9039  9073  9063  9059  9070
TBILIS 2008 04 05 2  9077  9073  9022  9028  8964  9040  9016  8988  8982  9018  8967  8972
TBILIS 2008 04 06 1  8951  8954  8898  8933  8939  8978  9032  9095  9081  9080  9106  9044
TBILIS 2008 04 06 2  9045  9063  9037  9040  9013  9059  9029  9005  9013  9018  9016  9013
TBILIS 2008 04 07 1  9034  9060  9036  9019  9018  9061  9061  9093  9063  9086  9073  9050
TBILIS 2008 04 07 2  9037  9046  9024  9048  9062  9004  9013  9042  9016  8964  8978  8996
TBILIS 2008 04 08 1  8995  9022  9017  9002  8993  8991  9047  9037  9110  9093  9130  9107
TBILIS 2008 04 08 2  9121  9126  9083  9059  9091  9127  9077  9059  9086  9072  9071  9068
TBILIS 2008 04 09 1  9040  9025  9083  9095  9047  9088  9104  9074  9062  9037  9034  9048
TBILIS 2008 04 09 2  9089  9055  9065  9063  9057  9021  9012  9041  9014  8965  9016  8998
TBILIS 2008 04 10 1  9040  9007  8984  8978  9003  9005  9044  9060  9067  9021  9027  9028
TBILIS 2008 04 10 2  9069  9025  9018  9090  9041  9060  9009  8996  9002  9006  8972  8990
TBILIS 2008 04 11 1  8964  8996  8962  8991  9012  9096  9050  9044  9044  9079  9068  9107
TBILIS 2008 04 11 2  9104  9089  9103  9037  9049  9018  8988  9001  9023  8967  8984  8950
TBILIS 2008 04 12 1  8964  8943  8945  8928  8935  8955  8968  8964  9011  9040  9058  9017
TBILIS 2008 04 12 2  9075  9074  9068  9057  9053  9038  9024  9047  9048  9032  9003  8999
TBILIS 2008 04 13 1  9006  9013  9018  9009  9026  9058  9096  9133  9096  9109  9132  9142
TBILIS 2008 04 13 2  9158  9160  9173  9191  9185  9137  9099  9070  9100  9057  9074  9063
TBILIS 2008 04 14 1  9053  9063  9030  9065  9098  9142  9180  9208  9212  9184  9218  9187
TBILIS 2008 04 14 2  9142  9147  9157  9135  9150  9122  9131  9149  9166  9162  9155  9169
TBILIS 2008 04 15 1  9235  9215  9159  9198  9185  9191  9247  9245  9239  9175  9209  9204
TBILIS 2008 04 15 2  9219  9190  9230  9202  9140  9112  9088  9080  9081  9084  9041  9127
TBILIS 2008 04 16 1  9070  9061  9091  9108  9128  9141  9124  9125  9114  9147  9150  9166
TBILIS 2008 04 16 2  9140  9160  9160  9115  9057  9124  9089  9033  9080  9069  9035  9060
TBILIS 2008 04 17 1  9047  9040  9025  9007  9022  9014  9014  9054  9016  9051  9158  9135
TBILIS 2008 04 17 2  9135  9133  9156  9089  9052  9059  9085  9104  9033  9010  9065  9011
TBILIS 2008 04 18 1  9007  8988  9000  8932  8952  9013  9001  8978  8997  9052  9073  9036
TBILIS 2008 04 18 2  9088  9039  9069  9067  9012  9069  9015  9031  9050  9016  9029  9046
TBILIS 2008 04 19 1  9006  9055  9017  9059  9036  9086  9087  9092  9114  9104  9116  9113
TBILIS 2008 04 19 2  9069  9091  9064  9077  9058  9064  9077  9090  9080  9068  9088  9062
TBILIS 2008 04 20 1  9032  9010  8987  8995  8977  9048  9022  9062  9068  9038  9059  9064
TBILIS 2008 04 20 2  9040  9106  9086  9053  9077  9095  9079  9054  9073  9086  9083  9020
TBILIS 2008 04 21 1  9044  9053  8999  9042  9025  9033  9051  9130  9113  9094  9091  9079
TBILIS 2008 04 21 2  9099  9066  9091  9085  9076  9078  9056  9043  9032  9043  9006  8987
TBILIS 2008 04 22 1  9018  9008  9017  8972  9036  9024  9102  9084  9076  9093  9065  9095
TBILIS 2008 04 22 2  9088  9080  9066  9053  9038  9036  9018  9026  9007  8998  8993  8980
TBILIS 2008 04 23 1  8973  8975  8946  8943  8974  8969  8977  9024  9070  9053  9064  9042
TBILIS 2008 04 23 2  9027  8996  9037  9032  9061  9048  9080  9125  9079  9105  9064  9090
TBILIS 2008 04 24 1  9021  9073  9048  9031  8999  9022  9037  9025  9087  9099  9069  9094
TBILIS 2008 04 24 2  9073  9009  9018  8994  9014  8984  8954  8948  8987  8951  8919  8972
TBILIS 2008 04 25 1  8960  8909  8951  8935  8929  8974  8980  8943  8987  8969  8987  9017
TBILIS 2008 04 25 2  9029  9017  8980  8974  8968  8888  8905  8894  8942  8899  8901  8875
TBILIS 2008 04 26 1  8869  8824  8861  8889  8870  8883  8919  8947  8936  8987  9025  8983
TBILIS 2008 04 26 2  9013  9034  9071  9108  9118  9060  9108  9121  9083  9075  9093  9134
TBILIS 2008 04 27 1  9100  9060  9122  9078  9104  9107  9150  9158  9205  9205  9188  9202
TBILIS 2008 04 27 2  9198  9177  9119  9071  9068  9086  9035  9079  9101  9097  9126  9128
TBILIS 2008 04 28 1  9123  9125  9131  9131  9105  9062  9039  9063  9048  9081  9087  9077
TBILIS 2008 04 28 2  9112  9130  9081  9055  9021  9056  9037  9040  9034  8988  9010  9012
TBILIS 2008 04 29 1  9012  9008  9031  9041  9066  9101  9121  9125  9150  9127  9121  9102
TBILIS 2008 04 29 2  9101  9138  9096  9083  9074  9065  9043  8985  9035  9036  9062  9041
TBILIS 2008 04 30 1  9064  9064  9053  9025  9017  9028  9044  9045  9064  9040  9062  9073
TBILIS 2008 04 30 2  9084  9103  9103  9055  9049  9037  8999  9033  9033  9029  9018  9006
TBILIS 2008 04 31 1 99999 99999 99999 99999 99999 99999 99999 99999 99999 99999 99999 99999
TBILIS 2008 04 31 2 99999 99999 99999 99999 99999 99999 99999 99999 99999 99999 99999 99999
Cosmic-Ray Neutron Monitor Data (Hourly, Pressure-Corrected and Scale-Adjusted Counts)
Collections: WDC for Cosmic Rays, Solar-Terrestrial Environment Laboratory, Nagoya Univ.
Data Access: http://center.stelab.nagoya-u.ac.jp/WDCCR/index.html
Project: ICSU WDC
Citation: WDC for Cosmic Rays, Solar-Terrestrial Environment Laboratory, Nagoya University
Station ID: TBILIS
Station:  TBILISI,GIORGIA,INSTITUT GEOPHYSIKY (IG), GIORGIAN ACADEMY OF SCIENCES,GIORGIA 
Instrument: 18-NM-64 Corrected to 965 mb Standard Pressure, Coef =-0.69 %/mb                
Latitude (deg.):   41.43  Longitude (deg.):   44.48  Altitude (m):  510.00
Cut-Off Rigidity (GV):    6.73
Year: 2008  Month:   5
Scaling Factor (SF):    64.0   Constant (CONST):     0.0  Real Counts = (DATA + CONST)*SF
Temporal Resolution: 1 hour
UTC Start Hour:     0.0
TBILISI,NUTSUBIDSE 77, GIORGIA           DATA FROM  IZMIRAN                     
ftp://cr0.izmiran.rssi.ru/Cosray!/FTP_NM/C/             
Monthly Average:  9022.1
Updated (YYYY MM DD): 2010 08 08
*******************************************************************************************
ID     YYYY MM DD 1     0     1     2     3     4     5     6     7     8     9    10    11
ID     YYYY MM DD 2    12    13    14    15    16    17    18    19    20    21    22    23
*******************************************************************************************
TBILIS 2008 05 01 1  9019  8976  8963  8962  8915  8959  9017  9050  9043  9052  9052  9099
TBILIS 2008 05 01 2  9055  9039  9070  8974  9006  8980  8977  8981  8938  8954  8980  8935
TBILIS 2008 05 02 1  8988  8922  8918  8931  8960  8987  9031  9058  9035  9112  9026  9039
TBILIS 2008 05 02 2  9050  9017  9039  8970  8950  8939  8924  8916  8936  8948  8958  8967
TBILIS 2008 05 03 1  8969  8909  8946  8994  8967  9065  9001  8990  9068  9011  9061  9073
TBILIS 2008 05 03 2  9051  9049  9073  9040  8966  8941  8997  8994  9004  8942  8990  8966
TBILIS 2008 05 04 1  8998  8966  8982  8964  8984  9058  9057  9071  9149  9136  9199  9218
TBILIS 2008 05 04 2  9202  9213  9238  9216  9141  9091  9173  9157  9154  9098  9140  9141
TBILIS 2008 05 05 1  9148  9091  9094  9063  9072  8995  9009  9040  9042  9003  9066  9030
TBILIS 2008 05 05 2  9008  9013  8980  8991  9000  9001  8981  8974  8979  8953  8949  8984
TBILIS 2008 05 06 1  8954  8976  8965  8985  8981  8991  9036  9066  9062  9057  9079  9067
TBILIS 2008 05 06 2  9034  9058  9064  9039  9054  9037  9009  8992  8975  8986  9018  8981
TBILIS 2008 05 07 1  8998  8995  8995  9038  9025  9014  9024  8972  8963  8976  9070  9050
TBILIS 2008 05 07 2  9089  9046  9053  9030  9024  8973  8931  8958  8966  8970  8937  8897
TBILIS 2008 05 08 1  8896  8910  8945  8941  8938  8971  9006  9027  9031  9028  9093  9087
TBILIS 2008 05 08 2  9090  9044  9069  9078  9020  9027  9024  9019  9016  8983  9013  9000
TBILIS 2008 05 09 1  8965  9007  9006  8996  9006  9018  9030  9055  9077  9062  9108  9140
TBILIS 2008 05 09 2  9125  9135  9103  9112  9086  9114  9088  9029  8985  9002  9038  8992
TBILIS 2008 05 10 1  9001  8942  8933  8949  8962  8974  9006  9052  9048  9082  9061  9045
TBILIS 2008 05 10 2  9037  9085  9095  9021  9056  8995  9004  9003  9012  8978  8979  8953
TBILIS 2008 05 11 1  8980  8992  8968  8995  9004  9024  9042  9061  8997  9058  9060  9061
TBILIS 2008 05 11 2  9077  9100  9073  9068  8987  9033  9026  9079  9052  9037  9010  8990
TBILIS 2008 05 12 1  8995  9028  8984  8995  9038  9080  9029  9018  9070  9045  9065  9063
TBILIS 2008 05 12 2  9075  9003  9013  9058  9010  8995  9004  8999  8985  8991  8989  8942
TBILIS 2008 05 13 1  8939  8967  8968  8978  9005  9032  9025  9043  9038  9094  9031  9061
TBILIS 2008 05 13 2  9054  9062  9044  9029  9007  8959  8936  8926  8986  8967  8948  8957
TBILIS 2008 05 14 1  8961  8956  8985  8969  8989  9022  9024  9054  9076  9044  9090  9105
TBILIS 2008 05 14 2  9048  9038  9027  9037  9007  8952  8989  8984  8966  8983  8935  8933
TBILIS 2008 05 15 1  8969  8965  8964  8963  8975  8975  9000  8984  9032  9059  9090  9013
TBILIS 2008 05 15 2  9008  9033  9027  9026  9008  8995  8934  8996  8979  8990  8940  8963
TBILIS 2008 05 16 1  8957  8952  8964  8984  8982  8994  9061  9021  9019  9051  9056  9042
TBILIS 2008 05 16 2  9067  9061  9011  9009  8979  8909  8879  8862  8881  8836  8901  8877
TBILIS 2008 05 17 1  8884  8866  8875  8896  8903  8929  8928  8957  8984  8985  8982  9063
TBILIS 2008 05 17 2  9030  9012  9000  8991  8956  8962  8900  8911  8970  9023  9036  9038
TBILIS 2008 05 18 1  9005  8983  8984  8995  8992  9034  9030  9027  9008  9020  9045  9066
TBILIS 2008 05 18 2  9036  9040  9023  9049  9024  9025  9016  8994  9048  8998  9012  8987
TBILIS 2008 05 19 1  9023  8995  8970  8987  8968  8979  9052  9065  9067  9100  9076  9103
TBILIS 2008 05 19 2  9078  9092  9078  9063  9057  9052  9031  9054  9039  9057  9026  9056
TBILIS 2008 05 20 1  9028  9053  9027  9022  9005  9000  9018  9020  9073  9040  9073  9096
TBILIS 2008 05 20 2  9136  9121  9145  9059  9046  9051  9093  9070  9085  9070  9062  9061
TBILIS 2008 05 21 1  9059  9049  9059  9052  9064  9063  9114  9121  9097  9085  9115  9090
TBILIS 2008 05 21 2  9105  9106  9058  9095  9100  9063  9011  8993  9024  8970  8982  8974
TBILIS 2008 05 22 1  8999  8988  8980  8984  8949  8953  8992  8969  8969  8973  9011  9015
TBILIS 2008 05 22 2  9018  8995  9020  9026  9008  9016  9020  9039  9031  9042  9046  8996
TBILIS 2008 05 23 1  9057  9017  9027  8985  8986  8973  8990  9028  8974  9006  9054  8988
TBILIS 2008 05 23 2  9044  9040  9041  9037  9000  9051  9039  9017  9011  8984  8993  8981
TBILIS 2008 05 24 1  8982  8976  8983  8990  8987  9008  8978  9020  9053  9065  9054  9081
TBILIS 2008 05 24 2  9009  9040  9061  9056  9012  8972  9006  8967  8984  9015  9019  8996
TBILIS 2008 05 25 1  9020  9010  8999  9013  9031  9042  9077  9105  9088  9112  9106  9144
TBILIS 2008 05 25 2  9095  9135  9124  9076  9082  9121  9059  9047  9054  9056  9079  9088
TBILIS 2008 05 26 1  9068  9074  9063  9046  9100  9134  9072  9102  9116  9167  9188  9135
TBILIS 2008 05 26 2  9169  9156  9124  9118  9125  9120  9110  9059  9106  9116  9113  9113
TBILIS 2008 05 27 1  9056  9091  9106  9073  9137  9103  9118  9143  9171  9145  9084  9098
TBILIS 2008 05 27 2  9077  9036  9026  9029  9059  9046  9063  9017  9029  9019  8992  8962
TBILIS 2008 05 28 1  8980  9004  8990  8992  8989  9062  9040  9045  9066  9096  9114  9117
TBILIS 2008 05 28 2  9111  9137  9063  9065  9080  9005  9029  9022  9038  9020  8993  9001
TBILIS 2008 05 29 1  8986  8997  9016  9038  9020  9075  9128  9122  9124  9146  9177  9100
TBILIS 2008 05 29 2  9019  9077  9006  8985  8970  8938  8979  8940  8925  8930  8947  8920
TBILIS 2008 05 30 1  8930  8940  8900  8937  8887  8968  8981  8999  8981  9016  8957  8992
TBILIS 2008 05 30 2  8997  8992  8991  8992  8963  8940  8919  8912  8887  8930  8926  8906
TBILIS 2008 05 31 1  8926  8871  8924  8910  8926  8913  8961  8947  8996  9016  9081  9068
TBILIS 2008 05 31 2 99999 99999 99999 99999 99999 99999 99999 99999 99999 99999 99999 99999
Cosmic-Ray Neutron Monitor Data (Hourly, Pressure-Corrected and Scale-Adjusted Counts)
Collections: WDC for Cosmic Rays, Solar-Terrestrial Environment Laboratory, Nagoya Univ.
Data Access: http://center.stelab.nagoya-u.ac.jp/WDCCR/index.html
Project: ICSU WDC
Citation: WDC for Cosmic Rays, Solar-Terrestrial Environment Laboratory, Nagoya University
Station ID: TBILIS
Station:  TBILISI,GIORGIA,INSTITUT GEOPHYSIKY (IG), GIORGIAN ACADEMY OF SCIENCES,GIORGIA 
Instrument: 18-NM-64 Corrected to 965 mb Standard Pressure, Coef =-0.69 %/mb                
Latitude (deg.):   41.43  Longitude (deg.):   44.48  Altitude (m):  510.00
Cut-Off Rigidity (GV):    6.73
Year: 2008  Month:   6
Scaling Factor (SF):    64.0   Constant (CONST):     0.0  Real Counts = (DATA + CONST)*SF
Temporal Resolution: 1 hour
UTC Start Hour:     0.0
TBILISI,NUTSUBIDSE 77, GIORGIA           DATA FROM  IZMIRAN                     
ftp://cr0.izmiran.rssi.ru/Cosray!/FTP_NM/C/             
Monthly Average:  9070.1
Updated (YYYY MM DD): 2010 08 08
*******************************************************************************************
ID     YYYY MM DD 1     0     1     2     3     4     5     6     7     8     9    10    11
ID     YYYY MM DD 2    12    13    14    15    16    17    18    19    20    21    22    23
*******************************************************************************************
TBILIS 2008 06 01 1  8936  8972  8940  8938  8917  8959  9014  9014  9037  9045  9073  9039
TBILIS 2008 06 01 2  9044  9020  9006  9002  8999  8979  9002  8968  8954  8970  8977  8960
TBILIS 2008 06 02 1  8994  8932  9010  8969  8975  8983  9023  9055  9098  9054  9057  9055
TBILIS 2008 06 02 2  9093  9009  9053  9021  9046  9028  8993  9006  9013  9044  8988  9008
TBILIS 2008 06 03 1  8963  8972  8923  8970  9006  8990  9045  9043  9056  9048  9016  9070
TBILIS 2008 06 03 2  9030  9037  9044  9050  9017  8985  8972  8943  8990  9014  9022  9035
TBILIS 2008 06 04 1  9046  9023  8976  8949  8953  8967  8991  9037  9043  9046  9058  9017
TBILIS 2008 06 04 2  9037  9087  9048  9085  9048  9067  9013  9025  8971  8997  8946  8988
TBILIS 2008 06 05 1  8969  8978  8978  8973  8981  9030  9073  9074  9095  9107  9112  9154
TBILIS 2008 06 05 2  9080  9091  9089  9058  9095  9077  9050  9046  9055  9034  9031  9038
TBILIS 2008 06 06 1  9069  9045  9047  9057  9067  9074  9084  9109  9083  9093  9119  9119
TBILIS 2008 06 06 2  9149  9144  9115  9111  9109  9111  9131  9100  9071  9062  9044  9049
TBILIS 2008 06 07 1  9017  9030  9023  9049  9050  9024  9036  9056  9068  9027  9070  9065
TBILIS 2008 06 07 2  9121  9094  9105  9144  9136  9047  9081  9107  9151  9091  9193  9192
TBILIS 2008 06 08 1  9144  9084  9093  9123  9070  9037  9063  9082  9076  9046  9042  9006
TBILIS 2008 06 08 2  9033  9080  9080  9073  9103  9107  9055  9048  9086  9091  9055  9043
TBILIS 2008 06 09 1  9041  9026  9014  8979  9012  9021  9048  9075  9072  9083  9064  9063
TBILIS 2008 06 09 2  9056  9037  9067  9159  9151  9166  9132  9110  9069  9118  9086  9117
TBILIS 2008 06 10 1  9094  9030  9054  9067  9004  9051  9104  9094  9074  9088  9048  9078
TBILIS 2008 06 10 2  9099  9124  9125  9139  9096  9087  9057  9047  9052  9080  9099  9064
TBILIS 2008 06 11 1  9108  9086  9046  9105  9057  9083  9092  9087  9073  9100  9111  9102
TBILIS 2008 06 11 2  9113  9116  9162  9122  9115  9113  9112  9108  9083  9121  9106  9099
TBILIS 2008 06 12 1  9138  9149  9090  9108  9082  9087  9102  9113  9123  9110  9144  9106
TBILIS 2008 06 12 2  9087  9111  9133  9166  9158  9091  9069  9104  9061  9071  9020  9048
TBILIS 2008 06 13 1  9088  9004  9023  9008  8985  8992  9094  9132  9110  9096  9098  9107
TBILIS 2008 06 13 2  9109  9147  9107  9102  9115  9074  9094  9044  9010  9006  9008  9005
TBILIS 2008 06 14 1  9041  9013  9005  8983  9027  9009  9088  9099  9090  9083  9121  9098
TBILIS 2008 06 14 2  9097  9082  9125  9107  9180  9118  9115  9085  9083  9077  9093  9083
TBILIS 2008 06 15 1  9061  9044  9037  9033  9020  9078  9096  9095  9144  9120  9088  9089
TBILIS 2008 06 15 2  9070  9055  9054  9065  9093  9079  9020  9033  9026  9039  9064  9047
TBILIS 2008 06 16 1  9025  9024  9024  9000  8984  9009  9004  9015  9033  9099  9094  9014
TBILIS 2008 06 16 2  9014  9039  9055  9046  9009  9013  8966  8973  9059  9023  9046  9034
TBILIS 2008 06 17 1  9051  9031  8968  8976  9001  9017  9074  9069  9048  9070  9095  9069
TBILIS 2008 06 17 2  9035  9053  9050  9067  9085  9053  9016  9073  9055  9076  9122  9113
TBILIS 2008 06 18 1  9093  9103  9106  9101  9124  9114  9093  9097  9105  9123  9125  9104
TBILIS 2008 06 18 2  9102  9084  9054  9068  9075  9084  9078  9038  9032  9068  9035  9015
TBILIS 2008 06 19 1  9048  9051  9021  9073  9042  9037  9087  9043  9064  9047  9051  9078
TBILIS 2008 06 19 2  9060  9050  9055  9061  9050  9021  8992  9051  9049  9029  9029  8997
TBILIS 2008 06 20 1  9039  9034  9009  9018  9061  9134  9178  9165  9181  9212  9185  9201
TBILIS 2008 06 20 2  9207  9172  9157  9146  9124  9107  9120  9103  9077  9092  9087  9121
TBILIS 2008 06 21 1  9095  9069  9098  9085  9095  9079  9126  9163  9066  9124  9104  9132
TBILIS 2008 06 21 2  9126  9103  9113  9087  9096  9130  9099  9106  9109  9155  9142  9141
TBILIS 2008 06 22 1  9122  9087  9103  9067  9090  9094  9146  9183  9141  9107  9135  9127
TBILIS 2008 06 22 2  9159  9133  9117  9125  9115  9074  9098  9125  9126  9108  9076  9120
TBILIS 2008 06 23 1  9103  9108  9131  9094  9069  9091  9137  9116  9128  9142  9154  9155
TBILIS 2008 06 23 2  9178  9201  9248  9240  9182  9158  9149  9138  9145  9180  9211  9132
TBILIS 2008 06 24 1  9173  9140  9157  9135  9204  9179  9208  9206  9192  9223  9235  9177
TBILIS 2008 06 24 2  9196  9185  9227  9198  9175  9212  9183  9140  9120  9115  9110  9132
TBILIS 2008 06 25 1  9114  9133  9099  9176  9134  9152  9184  9172  9195  9185  9198  9163
TBILIS 2008 06 25 2  9161  9163  9118  9111  9114  9077  9040  9042  9040  9033  9036  9041
TBILIS 2008 06 26 1  9004  8965  8995  8979  9070  9047  9070  9119  9088  9086  9053  9048
TBILIS 2008 06 26 2  9049  9013  9000  9039  8991  8996  8978  8954  8974  8940  8953  8928
TBILIS 2008 06 27 1  8938  8945  8937  8946  8955  8971  8998  8992  8992  9037  9089  9075
TBILIS 2008 06 27 2  9043  9052  9031  9018  9008  8981  8999  8969  9032  9011  9001  8975
TBILIS 2008 06 28 1  8983  9027  8967  8992  9004  9027  9023  9064  9039  9088  9047  9019
TBILIS 2008 06 28 2  9007  8986  8987  9057  9014  8985  9022  9007  8992  9016  9007  9009
TBILIS 2008 06 29 1  9048  9058  9014  9075  9091  9064  9093  9155  9143  9167  9109  9098
TBILIS 2008 06 29 2  9073  9101  9101  9102  9047  9007  8996  8994  8968  8993  9029  9022
TBILIS 2008 06 30 1  9035  9030  9054  9021  9100  9101  9139  9108  9126  9176  9153  9132
TBILIS 2008 06 30 2  9161  9144  9135  9140  9117  9145  9096  9128  9110  9094  9088  9105
TBILIS 2008 06 31 1 99999 99999 99999 99999 99999 99999 99999 99999 99999 99999 99999 99999
TBILIS 2008 06 31 2 99999 99999 99999 99999 99999 99999 99999 99999 99999 99999 99999 99999
Cosmic-Ray Neutron Monitor Data (Hourly, Pressure-Corrected and Scale-Adjusted Counts)
Collections: WDC for Cosmic Rays, Solar-Terrestrial Environment Laboratory, Nagoya Univ.
Data Access: http://center.stelab.nagoya-u.ac.jp/WDCCR/index.html
Project: ICSU WDC
Citation: WDC for Cosmic Rays, Solar-Terrestrial Environment Laboratory, Nagoya University
Station ID: TBILIS
Station:  TBILISI,GIORGIA,INSTITUT GEOPHYSIKY (IG), GIORGIAN ACADEMY OF SCIENCES,GIORGIA 
Instrument: 18-NM-64 Corrected to 965 mb Standard Pressure, Coef =-0.69 %/mb                
Latitude (deg.):   41.43  Longitude (deg.):   44.48  Altitude (m):  510.00
Cut-Off Rigidity (GV):    6.73
Year: 2008  Month:   7
Scaling Factor (SF):    64.0   Constant (CONST):     0.0  Real Counts = (DATA + CONST)*SF
Temporal Resolution: 1 hour
UTC Start Hour:     0.0
TBILISI,NUTSUBIDSE 77, GIORGIA           DATA FROM  IZMIRAN                     
ftp://cr0.izmiran.rssi.ru/Cosray!/FTP_NM/C/             
Monthly Average:  9122.4
Updated (YYYY MM DD): 2010 08 08
*******************************************************************************************
ID     YYYY MM DD 1     0     1     2     3     4     5     6     7     8     9    10    11
ID     YYYY MM DD 2    12    13    14    15    16    17    18    19    20    21    22    23
*******************************************************************************************
TBILIS 2008 07 01 1  9101  9067  9049  9026  9084  9085  9122  9149  9176  9145  9127  9170
TBILIS 2008 07 01 2  9185  9190  9178  9142  9154  9112  9097  9090  9079  9091  9034  9053
TBILIS 2008 07 02 1  9008  9035  9027  9009  9081  9087  9140  9111  9101  9108  9131  9152
TBILIS 2008 07 02 2  9155  9124  9143  9123  9090  9061  9054  9046  9077  9024  9096  9005
TBILIS 2008 07 03 1  9019  9031  9045  9060  9052  9128  9113  9109  9111  9165  9165  9146
TBILIS 2008 07 03 2  9107  9097  9176  9136  9046  9078  9131  9145  9123  9045  9054  9041
TBILIS 2008 07 04 1  9007  9032  9089  9105  9106  9078  9122  9160  9186  9169  9143  9153
TBILIS 2008 07 04 2  9121  9137  9196  9188  9170  9161  9151  9104  9120  9089  9100  9074
TBILIS 2008 07 05 1  9099  9078  9093  9070  9062  9103  9096  9107  9143  9120  9125  9142
TBILIS 2008 07 05 2  9176  9152  9146  9149  9117  9123  9099  9071  9006  9040  9046  9028
TBILIS 2008 07 06 1  9048  9038  9059  9043  9065  9094  9144  9134  9139  9151  9150  9193
TBILIS 2008 07 06 2  9168  9187  9154  9178  9146  9168  9142  9127  9121  9078  9040  9036
TBILIS 2008 07 07 1  9090  9091  9086  9109  9082  9070  9084  9143  9145  9147  9125  9184
TBILIS 2008 07 07 2  9176  9181  9177  9166  9141  9076  9090  9089  9130  9160  9142  9131
TBILIS 2008 07 08 1  9175  9158  9118  9127  9147  9117  9196  9190  9144  9157  9166  9160
TBILIS 2008 07 08 2  9147  9142  9151  9148  9150  9106  9097  9090  9131  9148  9114  9093
TBILIS 2008 07 09 1  9085  9118  9107  9107  9122  9135  9143  9173  9174  9159  9175  9198
TBILIS 2008 07 09 2  9209  9206  9177  9168  9178  9140  9143  9141  9141  9123  9134  9130
TBILIS 2008 07 10 1  9136  9081  9069  9092  9076  9111  9089  9094  9130  9154  9156  9137
TBILIS 2008 07 10 2  9116  9155  9112  9096  9120  9104  9090  9054  9038  9027  9054  9042
TBILIS 2008 07 11 1  9018  9092  9034  9035  9044  9066  9088  9122  9131  9087  9105  9094
TBILIS 2008 07 11 2  9127  9120  9158  9094  9053  9027  9018  8991  8984  8961  8940  8920
TBILIS 2008 07 12 1  8909  8899  8938  8975  9020  9030  9096  9082  9144  9143  9163  9144
TBILIS 2008 07 12 2  9155  9115  9145  9142  9110  9087  9079  9082  9068  9083  9035  9028
TBILIS 2008 07 13 1  9069  8991  9043  8978  8998  8993  9041  9094  9075  9079  9075  9101
TBILIS 2008 07 13 2  9094  9098  9117  9113  9117  9099  9068  9039  9020  9023  8972  8988
TBILIS 2008 07 14 1  8952  8980  8960  8974  8983  9072  8998  9023  9026  9090  9065  9054
TBILIS 2008 07 14 2  9055  9088  9084  9079  9072  9055  9016  9006  9006  8996  9021  9003
TBILIS 2008 07 15 1  9032  9019  9013  9013  9019  9018  9060  9049  9037  9034  9084  9066
TBILIS 2008 07 15 2  9056  9058  9068  9058  9019  9026  9038  9011  9037  9063  9022  9104
TBILIS 2008 07 16 1  9024  9012  9021  9064  9039  9097  9129  9155  9105  9130  9141  9116
TBILIS 2008 07 16 2  9137  9137  9147  9158  9173  9129  9144  9142  9137  9144  9143  9151
TBILIS 2008 07 17 1  9153  9119  9106  9148  9128  9113  9120  9150  9151  9155  9173  9179
TBILIS 2008 07 17 2  9169  9162  9167  9125  9175  9131  9120  9146  9158  9153  9140  9126
TBILIS 2008 07 18 1  9094  9149  9134  9151  9136  9148  9187  9183  9161  9197  9188  9199
TBILIS 2008 07 18 2  9152  9166  9185  9159  9189  9159  9156  9160  9159  9148  9146  9145
TBILIS 2008 07 19 1  9131  9127  9111  9114  9099  9164  9131  9115  9103  9100  9122  9119
TBILIS 2008 07 19 2  9145  9164  9120  9099  9091  9062  9025  9098  9070  9057  9062  9043
TBILIS 2008 07 20 1  9089  9062  9029  8994  9000  9048  9064  9080  9141  9122  9176  9212
TBILIS 2008 07 20 2  9226  9219  9219  9198  9212  9198  9141  9142  9138  9102  9120  9129
TBILIS 2008 07 21 1  9122  9106  9149  9113  9120  9142  9153  9121  9145  9128  9152  9169
TBILIS 2008 07 21 2  9130  9136  9122  9158  9153  9144  9125  9120  9134  9108  9088  9119
TBILIS 2008 07 22 1  9095  9093  9089  9113  9122  9123  9141  9134  9155  9169  9111  9130
TBILIS 2008 07 22 2  9088  9113  9085  9090  9136  9113  9053  9085  9090  9070  9059  9056
TBILIS 2008 07 23 1  9036  9048  9031  9062  9084  9051  9122  9108  9147  9122  9136  9129
TBILIS 2008 07 23 2  9096  9097  9120  9157  9132  9174  9127  9134  9090  9126  9130  9106
TBILIS 2008 07 24 1  9098  9105  9084  9069  9078  9100  9081  9097  9155  9165  9101  9172
TBILIS 2008 07 24 2  9252  9178  9209  9219  9195  9196  9191  9192  9177  9162  9122  9117
TBILIS 2008 07 25 1  9119  9104  9095  9090  9079  9175  9138  9188  9190  9173  9201  9204
TBILIS 2008 07 25 2  9182  9175  9216  9207  9157  9178  9188  9198  9206  9178  9140  9140
TBILIS 2008 07 26 1  9154  9131  9102  9117  9138  9159  9132  9163  9165  9198  9249  9234
TBILIS 2008 07 26 2  9246  9237  9241  9240  9258  9209  9185  9229  9239  9221  9239  9202
TBILIS 2008 07 27 1  9200  9206  9186  9220  9182  9193  9216  9212  9233  9248  9240  9306
TBILIS 2008 07 27 2  9244  9276  9294  9264  9252  9255  9252  9217  9152  9175  9207  9189
TBILIS 2008 07 28 1  9161  9141  9149  9155  9161  9149  9162  9158  9145  9164  9172  9173
TBILIS 2008 07 28 2  9223  9196  9203  9204  9168  9190  9190  9181  9177  9172  9152  9149
TBILIS 2008 07 29 1  9138  9139  9085  9118  9122  9144  9168  9229  9194  9216  9251  9177
TBILIS 2008 07 29 2  9210  9227  9217  9223  9188  9212  9146  9182  9156  9183  9176  9142
TBILIS 2008 07 30 1  9073  9106  9123  9105  9117  9142  9140  9208  9245  9262  9248  9269
TBILIS 2008 07 30 2  9178  9227  9217  9207  9206  9175  9179  9175  9174  9138  9166  9103
TBILIS 2008 07 31 1  9078  9125  9123  9109  9098  9118  9130  9180  9142  9179  9185  9208
TBILIS 2008 07 31 2  9210  9212  9202  9163  9157  9208  9165  9181  9169  9129  9136  9141
Cosmic-Ray Neutron Monitor Data (Hourly, Pressure-Corrected and Scale-Adjusted Counts)
Collections: WDC for Cosmic Rays, Solar-Terrestrial Environment Laboratory, Nagoya Univ.
Data Access: http://center.stelab.nagoya-u.ac.jp/WDCCR/index.html
Project: ICSU WDC
Citation: WDC for Cosmic Rays, Solar-Terrestrial Environment Laboratory, Nagoya University
Station ID: TBILIS
Station:  TBILISI,GIORGIA,INSTITUT GEOPHYSIKY (IG), GIORGIAN ACADEMY OF SCIENCES,GIORGIA 
Instrument: 18-NM-64 Corrected to 965 mb Standard Pressure, Coef =-0.69 %/mb                
Latitude (deg.):   41.43  Longitude (deg.):   44.48  Altitude (m):  510.00
Cut-Off Rigidity (GV):    6.73
Year: 2008  Month:   8
Scaling Factor (SF):    64.0   Constant (CONST):     0.0  Real Counts = (DATA + CONST)*SF
Temporal Resolution: 1 hour
UTC Start Hour:     0.0
TBILISI,NUTSUBIDSE 77, GIORGIA           DATA FROM  IZMIRAN                     
ftp://cr0.izmiran.rssi.ru/Cosray!/FTP_NM/C/             
Monthly Average:  9166.7
Updated (YYYY MM DD): 2010 08 08
*******************************************************************************************
ID     YYYY MM DD 1     0     1     2     3     4     5     6     7     8     9    10    11
ID     YYYY MM DD 2    12    13    14    15    16    17    18    19    20    21    22    23
*******************************************************************************************
TBILIS 2008 08 01 1  9148  9158  9133  9114  9150  9116  9156  9155  9135  9183  9223  9195
TBILIS 2008 08 01 2  9201  9160  9197  9183  9171  9216  9150  9167  9165  9170  9172  9151
TBILIS 2008 08 02 1  9129  9152  9135  9172  9160  9137  9155  9170  9184  9159  9152  9183
TBILIS 2008 08 02 2  9187  9203  9185  9185  9191  9202  9194  9147  9153  9102  9069  9085
TBILIS 2008 08 03 1  9091  9091  9086  9092  9119  9179  9168  9129  9171  9191  9197  9182
TBILIS 2008 08 03 2  9182  9182  9180  9180  9155  9170  9180  9145  9150  9146  9123  9112
TBILIS 2008 08 04 1  9138  9145  9156  9140  9100  9130  9185  9185  9166  9140  9194  9202
TBILIS 2008 08 04 2  9207  9195  9186  9212  9202  9199  9167  9201  9186  9180  9152  9227
TBILIS 2008 08 05 1  9165  9193  9190  9173  9182  9161  9188  9175  9217  9232  9236  9238
TBILIS 2008 08 05 2  9232  9205  9256  9285  9268  9185  9216  9181  9198  9212  9207  9201
TBILIS 2008 08 06 1  9179  9187  9187  9152  9167  9167  9190  9217  9174  9196  9239  9227
TBILIS 2008 08 06 2  9248  9245  9225  9230  9209  9192  9193  9146  9111  9125  9130  9091
TBILIS 2008 08 07 1  9090  9114  9138  9153  9158  9190  9219  9181  9201  9215  9169  9180
TBILIS 2008 08 07 2  9174  9161  9181  9193  9162  9162  9156  9128  9148  9156  9142  9148
TBILIS 2008 08 08 1  9161  9178  9139  9172  9171  9179  9204  9211  9229  9219  9209  9208
TBILIS 2008 08 08 2  9200  9219  9182  9157  9214  9137  9185  9145  9201  9176  9203  9166
TBILIS 2008 08 09 1  9166  9162  9133  9112  9123  9089  9134  9077  9089  9108  9139  9141
TBILIS 2008 08 09 2  9129  9148  9152  9127  9144  9113  9107  9109  9118  9129  9081  9080
TBILIS 2008 08 10 1  9079  9061  9033  9038  9070  9091  9123  9153  9153  9191  9148  9194
TBILIS 2008 08 10 2  9188  9132  9119  9133  9140  9113  9075  9076  9087  9090  9090  9072
TBILIS 2008 08 11 1  9105  9097  9108  9109  9109  9146  9160  9131  9143  9145  9181  9150
TBILIS 2008 08 11 2  9131  9162  9120  9152  9110  9098  9076  9092  9070  9065  9071  9095
TBILIS 2008 08 12 1  9092  9098  9100  9084  9084  9063  9156  9141  9116  9120  9152  9205
TBILIS 2008 08 12 2  9124  9151  9151  9134  9129  9081  9084  9067  9073  9110  9087  9042
TBILIS 2008 08 13 1  9052  9098  9095  9097  9107  9144  9124  9148  9108  9166  9142  9182
TBILIS 2008 08 13 2  9191  9177  9141  9155  9149  9079  9108  9117  9097  9081  9049  9098
TBILIS 2008 08 14 1  9088  9081  9115  9058  9086  9112  9152  9165  9164  9147  9150  9220
TBILIS 2008 08 14 2  9196  9172  9164  9166  9101  9104  9107  9139  9128  9142  9101  9123
TBILIS 2008 08 15 1  9163  9132  9155  9120  9132  9135  9169  9139  9152  9180  9191  9162
TBILIS 2008 08 15 2  9214  9200  9192  9148  9119  9139  9148  9156  9136  9172  9160  9163
TBILIS 2008 08 16 1  9177  9212  9181  9189  9217  9203  9213  9206  9209  9211  9211  9204
TBILIS 2008 08 16 2  9224  9168  9197  9200  9182  9190  9247  9200  9203  9200  9167  9197
TBILIS 2008 08 17 1  9149  9187  9200  9199  9192  9170  9180  9172  9192  9215  9187  9220
TBILIS 2008 08 17 2  9261  9205  9254  9229  9241  9246  9196  9202  9200  9201  9179  9187
TBILIS 2008 08 18 1  9177  9190  9187  9180  9191  9176  9185  9159  9153  9186  9166  9192
TBILIS 2008 08 18 2  9208  9135  9142  9133  9145  9112  9100  9068  9131  9108  9120  9087
TBILIS 2008 08 19 1  9086  9077  9101  9102  9144  9182  9175  9166  9176  9192  9188  9177
TBILIS 2008 08 19 2  9199  9241  9207  9169  9154  9135  9134  9117  9112  9107  9103  9058
TBILIS 2008 08 20 1  9088  9128  9084  9143  9096  9146  9198  9216  9226  9200  9150  9194
TBILIS 2008 08 20 2  9212  9187  9159  9139  9148  9118  9103  9097  9106  9116  9087  9125
TBILIS 2008 08 21 1  9131  9130  9166  9133  9139  9168  9147  9199  9221  9202  9272  9284
TBILIS 2008 08 21 2  9311  9302  9265  9231  9227  9165  9192  9205  9189  9230  9218  9179
TBILIS 2008 08 22 1  9138  9129  9148  9151  9162  9201  9201  9190  9202  9229  9184  9218
TBILIS 2008 08 22 2  9236  9246  9208  9205  9207  9164  9156  9131  9133  9179  9168  9149
TBILIS 2008 08 23 1  9135  9139  9148  9133  9181  9174  9164  9167  9208  9170  9180  9185
TBILIS 2008 08 23 2  9208  9237  9240  9269  9262  9205  9175  9168  9158  9206  9191  9168
TBILIS 2008 08 24 1  9166  9186  9185  9135  9122  9174  9210  9161  9186  9241  9236  9220
TBILIS 2008 08 24 2  9245  9187  9251  9226  9182  9202  9185  9186  9214  9183  9197  9156
TBILIS 2008 08 25 1  9175  9147  9152  9125  9157  9202  9202  9232  9219  9240  9201  9288
TBILIS 2008 08 25 2  9280  9256  9242  9206  9201  9211  9181  9200  9202  9195  9149  9141
TBILIS 2008 08 26 1  9124  9122  9083  9148  9119  9138  9162  9189  9211  9192  9193  9209
TBILIS 2008 08 26 2  9167  9196  9188  9212  9156  9102  9119  9118  9107  9102  9084  9066
TBILIS 2008 08 27 1  9065  9091  9027  9033  9064  9084  9161  9171  9191  9233  9185  9215
TBILIS 2008 08 27 2  9232  9211  9203  9213  9220  9189  9188  9194  9207  9175  9213  9178
TBILIS 2008 08 28 1  9144  9153  9182  9111  9156  9137  9174  9171  9224  9182  9223  9190
TBILIS 2008 08 28 2  9219  9194  9214  9192  9196  9206  9217  9157  9161  9167  9133  9156
TBILIS 2008 08 29 1  9146  9105  9142  9152  9135  9164  9260  9278  9276  9259  9254  9264
TBILIS 2008 08 29 2  9275  9249  9258  9230  9227  9230  9221  9172  9175  9161  9164  9152
TBILIS 2008 08 30 1  9120  9148  9169  9168  9137  9139  9232  9260  9256  9266  9295  9250
TBILIS 2008 08 30 2  9269  9238  9307  9229  9226  9167  9140  9124  9134  9157  9110  9130
TBILIS 2008 08 31 1  9141  9095  9140  9113  9158  9177  9185  9223  9259  9209  9234  9287
TBILIS 2008 08 31 2  9257  9256  9264  9259  9210  9236  9195  9229  9271  9245  9166  9194
Cosmic-Ray Neutron Monitor Data (Hourly, Pressure-Corrected and Scale-Adjusted Counts)
Collections: WDC for Cosmic Rays, Solar-Terrestrial Environment Laboratory, Nagoya Univ.
Data Access: http://center.stelab.nagoya-u.ac.jp/WDCCR/index.html
Project: ICSU WDC
Citation: WDC for Cosmic Rays, Solar-Terrestrial Environment Laboratory, Nagoya University
Station ID: TBILIS
Station:  TBILISI,GIORGIA,INSTITUT GEOPHYSIKY (IG), GIORGIAN ACADEMY OF SCIENCES,GIORGIA 
Instrument: 18-NM-64 Corrected to 965 mb Standard Pressure, Coef =-0.69 %/mb                
Latitude (deg.):   41.43  Longitude (deg.):   44.48  Altitude (m):  510.00
Cut-Off Rigidity (GV):    6.73
Year: 2008  Month:   9
Scaling Factor (SF):    64.0   Constant (CONST):     0.0  Real Counts = (DATA + CONST)*SF
Temporal Resolution: 1 hour
UTC Start Hour:     0.0
TBILISI,NUTSUBIDSE 77, GIORGIA           DATA FROM  IZMIRAN                     
ftp://cr0.izmiran.rssi.ru/Cosray!/FTP_NM/C/             
Monthly Average:  9127.7
Updated (YYYY MM DD): 2010 08 08
*******************************************************************************************
ID     YYYY MM DD 1     0     1     2     3     4     5     6     7     8     9    10    11
ID     YYYY MM DD 2    12    13    14    15    16    17    18    19    20    21    22    23
*******************************************************************************************
TBILIS 2008 09 01 1  9175  9191  9140  9196  9147  9236  9207  9223  9238  9203  9208  9242
TBILIS 2008 09 01 2  9258  9201  9208  9244  9235  9173  9197  9171  9106  9097  9100  9098
TBILIS 2008 09 02 1  9083  9088  9121  9160  9096  9148  9198  9175  9184  9242  9187  9192
TBILIS 2008 09 02 2  9175  9210  9218  9227  9306  9247  9279  9236  9252  9202  9223  9232
TBILIS 2008 09 03 1  9249  9223  9234  9224  9209  9203  9189  9245  9233  9280  9285  9251
TBILIS 2008 09 03 2  9248  9265  9259  9235  9169  9149  9111  9134  9089  9107  9065  9128
TBILIS 2008 09 04 1  9124  9176  9158  9209  9244  9211  9201  9232  9293  9169  9166  9165
TBILIS 2008 09 04 2  9151  9108  9125  9137  9068  9113  9080  9042  9059  9021  9015  9033
TBILIS 2008 09 05 1  8988  8967  8992  8994  9012  9025  9135  9120  9111  9132  9115  9141
TBILIS 2008 09 05 2  9162  9134  9118  9155  9099  9107  9080  9086  9095  9080  9079  8983
TBILIS 2008 09 06 1  9078  9018  9042  9054  9044  9095  9065  9057  9114  9069  9063  9091
TBILIS 2008 09 06 2  9058  9103  9088  9071  9004  9037  8989  9025  9032  9062  9027  9041
TBILIS 2008 09 07 1  9042  9038  9070  9065  9069  9062  9102  9161  9110  9097  9091  9122
TBILIS 2008 09 07 2  9086  9139  9096  9138  9084  9078  9142  9100  9102  9103  9080  9068
TBILIS 2008 09 08 1  9064  9050  9056  9068  9103  9123  9127  9123  9147  9159  9150  9175
TBILIS 2008 09 08 2  9149  9112  9116  9140  9108  9101  9126  9094  9126  9076  9069  9040
TBILIS 2008 09 09 1  9024  9053  9059  9097  9081  9079  9152  9196  9143  9191  9220  9195
TBILIS 2008 09 09 2  9205  9218  9194  9191  9128  9126  9115  9103  9082  9083  9076  9066
TBILIS 2008 09 10 1  9060  9079  9099  9052  9126  9081  9104  9147  9158  9161  9232  9250
TBILIS 2008 09 10 2  9152  9170  9131  9175  9164  9154  9121  9132  9146  9119  9096  9136
TBILIS 2008 09 11 1  9123  9078  9096  9087  9081  9101  9124  9166  9181  9197  9233  9219
TBILIS 2008 09 11 2  9183  9143  9164  9165  9164  9150  9164  9152  9085  9106  9118  9094
TBILIS 2008 09 12 1  9087  9076  9122  9114  9069  9077  9112  9159  9153  9143  9140  9185
TBILIS 2008 09 12 2  9125  9122  9118  9136  9093  9071  9079  9073  9073  9048  9047  9059
TBILIS 2008 09 13 1  9054  9030  9023  9066  9124  9103  9156  9177  9157  9134  9183  9169
TBILIS 2008 09 13 2  9163  9160  9144  9146  9156  9136  9116  9091  9160  9130  9132  9134
TBILIS 2008 09 14 1  9100  9131  9149  9125  9119  9163  9190  9168  9157  9197  9221  9197
TBILIS 2008 09 14 2  9168  9195  9169  9170  9115  9149  9165  9105  9094  9091  9104  9116
TBILIS 2008 09 15 1  9139  9118  9067  9081  9056  9107  9128  9109  9183  9188  9204  9206
TBILIS 2008 09 15 2  9200  9187  9125  9093  9075  9086  9087  9063  9086  9105  9068  9061
TBILIS 2008 09 16 1  9035  9041  9062  9052  9019  9053  9061  9100  9116  9144  9141  9164
TBILIS 2008 09 16 2  9148  9164  9129  9157  9168  9145  9164  9102  9085  9061  9065  9021
TBILIS 2008 09 17 1  9068  9065  9125  9124  9163  9135  9188  9191  9210  9187  9180  9145
TBILIS 2008 09 17 2  9131  9186  9189  9166  9177  9140  9127  9142  9088  9134  9089  9077
TBILIS 2008 09 18 1  9062  9086  9097  9127  9106  9100  9213  9178  9160  9194  9197  9250
TBILIS 2008 09 18 2  9244  9207  9227  9177  9209  9181  9155  9167  9159  9179  9152  9114
TBILIS 2008 09 19 1  9093  9069  9088  9099  9093  9106  9115  9163  9177  9225  9193  9206
TBILIS 2008 09 19 2  9206  9197  9087  9148  9117  9124  9129  9119  9096  9048  9029  9075
TBILIS 2008 09 20 1  9049  9046  9076  9053  9027  9059  9078  9089  9131  9130  9158  9108
TBILIS 2008 09 20 2  9122  9081  9084  9106  9094  9090  9117  9079  9065  9094  9118  9084
TBILIS 2008 09 21 1  9064  9021  9027  9016  9042  9056  9099  9123  9090  9126  9124  9152
TBILIS 2008 09 21 2  9140  9192  9163  9129  9122  9084  9072  9055  9064  9065  9079  9093
TBILIS 2008 09 22 1  9098  9125  9131  9124  9162  9162  9135  9207  9177  9168  9178  9164
TBILIS 2008 09 22 2  9161  9195  9163  9195  9151  9181  9129  9180  9124  9132  9107  9175
TBILIS 2008 09 23 1  9169  9188  9169  9151  9137  9162  9161  9201  9202  9184  9212  9226
TBILIS 2008 09 23 2  9203  9237  9194  9222  9191  9212  9235  9192  9219  9162  9173  9153
TBILIS 2008 09 24 1  9107  9101  9156  9142  9150  9137  9155  9143  9155  9150  9187  9171
TBILIS 2008 09 24 2  9173  9173  9172  9181  9157  9119  9072  9088  9099  9075  9059  9082
TBILIS 2008 09 25 1  9045  9049  9048  9073  9058  9100  9092  9144  9163  9150  9127  9109
TBILIS 2008 09 25 2  9071  9095  9134  9119  9121  9084  9103  9071  9090  9101  9115  9092
TBILIS 2008 09 26 1  9081  9084  9089  9087  9092  9113  9194  9193  9190  9223  9190  9109
TBILIS 2008 09 26 2  9191  9185  9146  9206  9157  9150  9141  9148  9127  9136  9143  9137
TBILIS 2008 09 27 1  9171  9144  9148  9142  9145  9156  9125  9156  9176  9163  9182  9140
TBILIS 2008 09 27 2  9141  9160  9151  9144  9105  9091  9125  9129  9091  9113  9119  9100
TBILIS 2008 09 28 1  9155  9153  9155  9152  9184  9132  9128  9161  9141  9127  9141  9115
TBILIS 2008 09 28 2  9122  9113  9163  9164  9131  9089  9094  9065  9073  9055  9034  9034
TBILIS 2008 09 29 1  9014  9031  9019  9023  9027  9052  9068  9102  9067  9029  9073  9019
TBILIS 2008 09 29 2  9087  9088  9080  9037  9069  9044  9050  9043  9035  9031  9026  9049
TBILIS 2008 09 30 1  9045  9041  9069  9062  9113  9098  9133  9147  9156  9142  9150  9141
TBILIS 2008 09 30 2  9186  9169  9166  9147  9148  9179  9180  9154  9137  9129  9138  9178
TBILIS 2008 09 31 1 99999 99999 99999 99999 99999 99999 99999 99999 99999 99999 99999 99999
TBILIS 2008 09 31 2 99999 99999 99999 99999 99999 99999 99999 99999 99999 99999 99999 99999
Cosmic-Ray Neutron Monitor Data (Hourly, Pressure-Corrected and Scale-Adjusted Counts)
Collections: WDC for Cosmic Rays, Solar-Terrestrial Environment Laboratory, Nagoya Univ.
Data Access: http://center.stelab.nagoya-u.ac.jp/WDCCR/index.html
Project: ICSU WDC
Citation: WDC for Cosmic Rays, Solar-Terrestrial Environment Laboratory, Nagoya University
Station ID: TBILIS
Station:  TBILISI,GIORGIA,INSTITUT GEOPHYSIKY (IG), GIORGIAN ACADEMY OF SCIENCES,GIORGIA 
Instrument: 18-NM-64 Corrected to 965 mb Standard Pressure, Coef =-0.69 %/mb                
Latitude (deg.):   41.43  Longitude (deg.):   44.48  Altitude (m):  510.00
Cut-Off Rigidity (GV):    6.73
Year: 2008  Month:  10
Scaling Factor (SF):    64.0   Constant (CONST):     0.0  Real Counts = (DATA + CONST)*SF
Temporal Resolution: 1 hour
UTC Start Hour:     0.0
TBILISI,NUTSUBIDSE 77, GIORGIA           DATA FROM  IZMIRAN                     
ftp://cr0.izmiran.rssi.ru/Cosray!/FTP_NM/C/             
Monthly Average:  9091.1
Updated (YYYY MM DD): 2010 08 08
*******************************************************************************************
ID     YYYY MM DD 1     0     1     2     3     4     5     6     7     8     9    10    11
ID     YYYY MM DD 2    12    13    14    15    16    17    18    19    20    21    22    23
*******************************************************************************************
TBILIS 2008 10 01 1  9164  9145  9167  9159  9124  9142  9155  9163  9152  9118  9069  9113
TBILIS 2008 10 01 2  9155  9119  9100  9124  9103  9136  9088  9099  9068  9069  9018  9009
TBILIS 2008 10 02 1  9040  9043  9056  9061  9051  9093  9119  9133  9119  9085  9089  9137
TBILIS 2008 10 02 2  9136  9158  9117  9048  9066  9088  9114  9074  9067  9057  9064  9035
TBILIS 2008 10 03 1  9043  9028  9036  9036  9024  9027  9054  9082  9080  9041  9040  9070
TBILIS 2008 10 03 2  9089  9051  9105  9128  9085  9081  9056  9021  9016  9045  9052  9035
TBILIS 2008 10 04 1  9072  9064  9052  9058  9045  9033  9067  9061  9079  9084  9070  9126
TBILIS 2008 10 04 2  9120  9112  9132  9089  9052  9061  9064  9071  9068  9061  9063  9050
TBILIS 2008 10 05 1  9059  9050  9066  9100  9094  9066  9114  9121  9117  9088  9110  9083
TBILIS 2008 10 05 2  9089  9088  9073  9089  9082  9046  9066  9064  9072  9101  9051  9040
TBILIS 2008 10 06 1  9071  9086  9084  9052  9079  9102  9093  9129  9132  9116  9089  9118
TBILIS 2008 10 06 2  9092  9080  9076  9143  9096  9091  9091  9084  9087  9045  9046  9087
TBILIS 2008 10 07 1  9058  9042  9059  9053  9025  9083  9086  9101  9101  9081  9071  9112
TBILIS 2008 10 07 2  9105  9131  9138  9141  9148  9118  9136  9108  9119  9104  9093  9059
TBILIS 2008 10 08 1  9074  9071  9096  9116  9110  9108  9146  9168  9145  9143  9169  9183
TBILIS 2008 10 08 2  9176  9125  9149  9170  9120  9187  9140  9114  9124  9083  9091  9062
TBILIS 2008 10 09 1  9121  9083  9073  9062  9092  9065  9085  9112  9154  9096  9114  9139
TBILIS 2008 10 09 2  9168  9123  9102  9113  9072  9016  9075  9100  9069  9057  9025  9050
TBILIS 2008 10 10 1  9078  9115  9087  9071  9059  9087  9078  9133  9107  9087  9090  9106
TBILIS 2008 10 10 2  9120  9144  9179  9157  9121  9069  9109  9117  9096  9112  9098  9061
TBILIS 2008 10 11 1  9067  9047  9061  9046  9089  9113  9079  9124  9107  9149  9180  9213
TBILIS 2008 10 11 2  9175  9203  9206  9217  9219  9216  9203  9204  9207  9144  9129  9125
TBILIS 2008 10 12 1  9142  9092  9142  9106  9113  9082  9138  9118  9118  9131  9123  9118
TBILIS 2008 10 12 2  9124  9118  9099  9114  9092  9126  9110  9069  9087  9062  9000  9043
TBILIS 2008 10 13 1  9016  9057  9025  9054  9106  9121  9091  9133  9122  9151  9151  9120
TBILIS 2008 10 13 2  9097  9107  9129  9182  9168  9166  9189  9134  9104  9129  9128  9113
TBILIS 2008 10 14 1  9079  9103  9108  9077  9110  9076  9088  9101  9092  9090  9080  9115
TBILIS 2008 10 14 2  9082  9148  9112  9099  9076  9093  9084  9104  9052  9001  8994  9021
TBILIS 2008 10 15 1  9033  9004  9049  9047  9097  9110  9115  9104  9111  9124  9102  9118
TBILIS 2008 10 15 2  9138  9102  9105  9101  9155  9106  9100  9077  9053  9087  9077  9064
TBILIS 2008 10 16 1  9052  9077  9070  9066  9110  9120  9152  9135  9183  9192  9165  9179
TBILIS 2008 10 16 2  9157  9150  9113  9109  9120  9111  9074  9106  9107  9104  9097  9036
TBILIS 2008 10 17 1  9054  9011  9059  9066  9079  9042  9071  9119  9139  9141  9088  9142
TBILIS 2008 10 17 2  9139  9107  9118  9074  9102  9142  9114  9105  9098  9109  9102  9095
TBILIS 2008 10 18 1  9105  9080  9070  9070  9058  9090  9112  9124  9098  9134  9114  9110
TBILIS 2008 10 18 2  9098  9105  9118  9052  9065  9076  9051  9024  9006  9028  9013  9024
TBILIS 2008 10 19 1  9004  9008  8972  9034  9025  8985  9010  9059  9054  9113  9071  9118
TBILIS 2008 10 19 2  9063  9070  9078  9070  9118  9127  9121  9123  9085  9099  9072  9127
TBILIS 2008 10 20 1  9086  9115  9126  9066  9118  9113  9114  9093  9147  9116  9107  9143
TBILIS 2008 10 20 2  9120  9106  9086  9103  9123  9108  9105  9096  9080  9062  9078  9058
TBILIS 2008 10 21 1  9041  9058  9053  9073  9095  9123  9120  9130  9153  9118  9102  9124
TBILIS 2008 10 21 2  9113  9122  9110  9082  9083  9089  9087  9070  9052  9090  9061  9041
TBILIS 2008 10 22 1  9044  9031  9025  9036  9046  9018  9050  9071  9076  9079  9050  9047
TBILIS 2008 10 22 2  9124  9107  9108  9115  9122  9080  9112  9053  9050  9060  9016  9039
TBILIS 2008 10 23 1  9067  9088  9081  9104  9115  9088  9074  9056  9077  9078  9084  9118
TBILIS 2008 10 23 2  9119  9090  9112  9107  9049  9059  9052  9084  9086  9117  9053  9042
TBILIS 2008 10 24 1  9030  9060  9040  9018  8998  9024  9050  9052  9034  9073  9082  9066
TBILIS 2008 10 24 2  9088  9130  9114  9094  9069  9128  9095  9050  9086  9079  9068  9033
TBILIS 2008 10 25 1  9069  9098  9046  9062  9072  9043  9068  9120  9132  9146  9128  9109
TBILIS 2008 10 25 2  9132  9147  9130  9147  9151  9150  9159  9186  9167  9166  9188  9127
TBILIS 2008 10 26 1  9149  9143  9157  9179  9150  9096  9091  9094  9088  9100  9172  9133
TBILIS 2008 10 26 2  9186  9185  9202  9179  9181  9149  9144  9154  9121  9151  9160  9125
TBILIS 2008 10 27 1  9164  9137  9141  9138  9139  9103  9112  9087  9105  9053  9024  9072
TBILIS 2008 10 27 2  9028  9043  9037  9096  9052  9073  9021  9066  9059  9076  9049  9060
TBILIS 2008 10 28 1  9095  9091  9103  9149  9159  9131  9152  9119  9089  9090  9099  9086
TBILIS 2008 10 28 2  9062  9057  9062  9061  9072  9054  9051  9065  9023  8990  8971  9014
TBILIS 2008 10 29 1  8978  8958  8953  8986  9007  9065  9112  9095  9110  9125  9112  9087
TBILIS 2008 10 29 2  9074  9082  9068  9075  9113  9053  9093  9080  9040  9041  9056  9015
TBILIS 2008 10 30 1  9015  9051  9053  9087  9036  9104  9095  9051  9095  9141  9099  9091
TBILIS 2008 10 30 2  9054  9082  9048  9037  9035  9053  9038  9064  9022  9020  9008  9027
TBILIS 2008 10 31 1  9004  9018  9035  9039  9021  9016  9022  9070  9084  9122  9133  9100
TBILIS 2008 10 31 2  9106  9104  9074  9084  9026  9082  9105  9071  9078  9089  9032  9030
Cosmic-Ray Neutron Monitor Data (Hourly, Pressure-Corrected and Scale-Adjusted Counts)
Collections: WDC for Cosmic Rays, Solar-Terrestrial Environment Laboratory, Nagoya Univ.
Data Access: http://center.stelab.nagoya-u.ac.jp/WDCCR/index.html
Project: ICSU WDC
Citation: WDC for Cosmic Rays, Solar-Terrestrial Environment Laboratory, Nagoya University
Station ID: TBILIS
Station:  TBILISI,GIORGIA,INSTITUT GEOPHYSIKY (IG), GIORGIAN ACADEMY OF SCIENCES,GIORGIA 
Instrument: 18-NM-64 Corrected to 965 mb Standard Pressure, Coef =-0.69 %/mb                
Latitude (deg.):   41.43  Longitude (deg.):   44.48  Altitude (m):  510.00
Cut-Off Rigidity (GV):    6.73
Year: 2008  Month:  11
Scaling Factor (SF):    64.0   Constant (CONST):     0.0  Real Counts = (DATA + CONST)*SF
Temporal Resolution: 1 hour
UTC Start Hour:     0.0
TBILISI,NUTSUBIDSE 77, GIORGIA           DATA FROM  IZMIRAN                     
ftp://cr0.izmiran.rssi.ru/Cosray!/FTP_NM/C/             
Monthly Average:  9083.0
Updated (YYYY MM DD): 2010 08 08
*******************************************************************************************
ID     YYYY MM DD 1     0     1     2     3     4     5     6     7     8     9    10    11
ID     YYYY MM DD 2    12    13    14    15    16    17    18    19    20    21    22    23
*******************************************************************************************
TBILIS 2008 11 01 1  9053  9058  9034  9058  9036  9061  9061  9069  9079  9108  9088  9096
TBILIS 2008 11 01 2  9086  9091  9102  9104  9118  9064  9112  9129  9084  9044  9030  9069
TBILIS 2008 11 02 1  9023  9018  9005  9040  9038  8999  9077  9073  9149  9147  9164  9203
TBILIS 2008 11 02 2  9160  9129  9137  9110  9137  9081  9080  9099  9079  9074  9083  9106
TBILIS 2008 11 03 1  9112  9070  9060  9078  9097  9057  9088  9095  9145  9145  9196  9161
TBILIS 2008 11 03 2  9162  9161  9137  9134  9135  9155  9141  9142  9148  9127  9127  9085
TBILIS 2008 11 04 1  9113  9106  9110  9078  9121  9111  9080  9081  9074  9133  9141  9163
TBILIS 2008 11 04 2  9229  9193  9190  9161  9185  9158  9162  9150  9102  9095  9127  9109
TBILIS 2008 11 05 1  9125  9062  9059  9131  9097  9062  9100  9089  9075  9084  9081  9057
TBILIS 2008 11 05 2  9080  9128  9106  9127  9120  9152  9146  9153  9121  9166  9148  9127
TBILIS 2008 11 06 1  9138  9127  9136  9145  9099  9093  9096  9111  9120  9122  9109  9108
TBILIS 2008 11 06 2  9126  9116  9153  9107  9113  9106  9122  9140  9148  9123  9138  9093
TBILIS 2008 11 07 1  9112  9111  9108  9119  9085  9097  9166  9100  9114  9162  9136  9169
TBILIS 2008 11 07 2  9149  9109  9154  9180  9147  9157  9153  9122  9061  9058  9061  9028
TBILIS 2008 11 08 1  9017  9034  9069  9061  9048  9077  9020  9067  9101  9108  9086  9077
TBILIS 2008 11 08 2  9086  9100  9103  9078  9070  9050  9019  9049  9084  9043  9065  9035
TBILIS 2008 11 09 1  9027  9062  9097  9103  9091  9064  9058  9036  9094  9114  9129  9114
TBILIS 2008 11 09 2  9091  9094  9066  9033  9076  9039  9037  9006  9034  9028  9035  9051
TBILIS 2008 11 10 1  9067  9073  9053  9061  9076  9139  9087  9063  9076  9059  9084  9113
TBILIS 2008 11 10 2  9118  9070  9087  9092  9041  9087  9042  9034  9056  9029  9032  8983
TBILIS 2008 11 11 1  9008  9032  9053  9057  9042  9046  9107  9120  9149  9173  9184  9141
TBILIS 2008 11 11 2  9136  9128  9118  9089  9082  9069  9092  9048  9020  9052  9044  9041
TBILIS 2008 11 12 1  9036  9085  9097  9072  9066  9056  9034  9060  9083  9109  9113  9092
TBILIS 2008 11 12 2  9080  9061  9044  9092  9094  9095  9097  9051  9072  9096  9086  9068
TBILIS 2008 11 13 1  9099  9096  9097  9080  9080  9150  9107  9137  9100  9074  9106  9063
TBILIS 2008 11 13 2  9081  9097  9095  9097  9058  9086  9047  9021  9041  8991  8970  9048
TBILIS 2008 11 14 1  9029  9007  9006  9020  9057  9026  9059  9087  9072  9083  9058  9091
TBILIS 2008 11 14 2  9066  9093  9070  9077  9084  9046  9024  9032  8996  9010  9004  9028
TBILIS 2008 11 15 1  9024  8968  8966  9057  9020  9027  9073  9054  9072  9105  9083  9126
TBILIS 2008 11 15 2  9094  9068  9097  9086  9065  9044  9058  9027  9007  9012  8958  8991
TBILIS 2008 11 16 1  8998  8986  9012  9030  9063  9073  9108  9121  9087  9089  9069  9032
TBILIS 2008 11 16 2  9036  9068  9008  9075  9058  9013  9000  9027  9055  8973  8997  8997
TBILIS 2008 11 17 1  8994  9023  8996  9019  9053  9028  9102  9128  9094  9152  9125  9150
TBILIS 2008 11 17 2  9131  9099  9146  9130  9068  9068  9037  9026  9061  9048  9015  9060
TBILIS 2008 11 18 1  9033  9060  9048  9098  9087  9044  9078  9075  9113  9138  9118  9178
TBILIS 2008 11 18 2  9174  9175  9182  9139  9140  9091  9088  9074  9083  9073  9062  9036
TBILIS 2008 11 19 1  9071  9067  9086  9064  9051  9004  9031  9055  9064  9046  9067  9075
TBILIS 2008 11 19 2  9087  9102  9088  9075  9104  9081  9065  9096  9084  9081  9104  9055
TBILIS 2008 11 20 1  9050  9047  9071  9066  9057  9051  9089  9095  9055  9083  9118  9096
TBILIS 2008 11 20 2  9076  9108  9155  9106  9096  9058  9065  9057  9094  9079  9094  9097
TBILIS 2008 11 21 1  9089  9081  9060  9030  9035  8999  9030  9024  9050  9103  9092  9104
TBILIS 2008 11 21 2  9125  9136  9113  9077  9076  9083  9083  9073  9079  9111  9103  9073
TBILIS 2008 11 22 1  9047  9027  9059  9002  9056  9020  9101  9077  9087  9090  9121  9093
TBILIS 2008 11 22 2  9096  9097  9103  9092  9059  9058  9060  9048  9038  9024  9003  9016
TBILIS 2008 11 23 1  9061  9006  9016  9059  9062  9029  9074  9109  9104  9118  9125  9109
TBILIS 2008 11 23 2  9126  9063  9089  9104  9130  9108  9045  9041  8998  8986  9008  9024
TBILIS 2008 11 24 1  9006  9024  9015  9012  8989  9018  9031  9061  9065  9070  9062  9076
TBILIS 2008 11 24 2  9092  9057  9041  9041  9046  9062  9029  9013  9018  9026  9028  9027
TBILIS 2008 11 25 1  9001  9011  9018  8996  9043  9077  9069  9105  9060  9093  9075  9056
TBILIS 2008 11 25 2  9029  9040  9030  9052  9030  9027  9048  9036  9020  9048  9031  9026
TBILIS 2008 11 26 1  9074  9107  9080  9062  9058  9072  9053  9094  9129  9121  9088  9105
TBILIS 2008 11 26 2  9065  9044  9049  9075  9061  9098  9074  9105  9066  9066  9096  9103
TBILIS 2008 11 27 1  9078  9105  9098  9100  9105  9108  9074  9123  9168  9139  9130  9132
TBILIS 2008 11 27 2  9137  9151  9099  9126  9169  9131  9154  9134  9161  9165  9138  9139
TBILIS 2008 11 28 1  9099  9062  9132  9113  9104  9145  9157  9124  9171  9154  9167  9125
TBILIS 2008 11 28 2  9105  9056  9106  9070  9091  9056  9062  9054  9093  9105  9077  9049
TBILIS 2008 11 29 1  9063  9052  9109  9036  9067  9063  9124  9093  9156  9148  9113  9095
TBILIS 2008 11 29 2  9123  9114  9152  9123  9155  9160  9115  9078  9084  9135  9132  9132
TBILIS 2008 11 30 1  9096  9088  9125  9106  9099  9077  9100  9137  9181  9177  9168  9160
TBILIS 2008 11 30 2  9175  9134  9130  9145  9104  9124  9104  9098  9110  9087  9073  9094
TBILIS 2008 11 31 1 99999 99999 99999 99999 99999 99999 99999 99999 99999 99999 99999 99999
TBILIS 2008 11 31 2 99999 99999 99999 99999 99999 99999 99999 99999 99999 99999 99999 99999
Cosmic-Ray Neutron Monitor Data (Hourly, Pressure-Corrected and Scale-Adjusted Counts)
Collections: WDC for Cosmic Rays, Solar-Terrestrial Environment Laboratory, Nagoya Univ.
Data Access: http://center.stelab.nagoya-u.ac.jp/WDCCR/index.html
Project: ICSU WDC
Citation: WDC for Cosmic Rays, Solar-Terrestrial Environment Laboratory, Nagoya University
Station ID: TBILIS
Station:  TBILISI,GIORGIA,INSTITUT GEOPHYSIKY (IG), GIORGIAN ACADEMY OF SCIENCES,GIORGIA 
Instrument: 18-NM-64 Corrected to 965 mb Standard Pressure, Coef =-0.69 %/mb                
Latitude (deg.):   41.43  Longitude (deg.):   44.48  Altitude (m):  510.00
Cut-Off Rigidity (GV):    6.73
Year: 2008  Month:  12
Scaling Factor (SF):    64.0   Constant (CONST):     0.0  Real Counts = (DATA + CONST)*SF
Temporal Resolution: 1 hour
UTC Start Hour:     0.0
TBILISI,NUTSUBIDSE 77, GIORGIA           DATA FROM  IZMIRAN                     
ftp://cr0.izmiran.rssi.ru/Cosray!/FTP_NM/C/             
Monthly Average:  9071.2
Updated (YYYY MM DD): 2010 08 08
*******************************************************************************************
ID     YYYY MM DD 1     0     1     2     3     4     5     6     7     8     9    10    11
ID     YYYY MM DD 2    12    13    14    15    16    17    18    19    20    21    22    23
*******************************************************************************************
TBILIS 2008 12 01 1  9063  9116  9101  9093  9103  9092  9092  9130  9165  9155  9161  9174
TBILIS 2008 12 01 2  9136  9128  9097  9099  9127  9104  9131  9108  9125  9111  9097  9079
TBILIS 2008 12 02 1  9082  9053  9052  9060  9045  9189  9144  9114  9169  9171  9185  9151
TBILIS 2008 12 02 2  9135  9116  9127  9089  9081  9084  9068  9081  9039  9035  9039  9039
TBILIS 2008 12 03 1  8997  9042  8996  9031  8994  9030  9058  9098  9106  9165  9125  9145
TBILIS 2008 12 03 2  9129  9118  9134  9138  9092  9100  9052  9073  9075  9084  9038  9012
TBILIS 2008 12 04 1  9048  9026  9029  9078  9055  9079  9102  9104  9152  9156  9135  9181
TBILIS 2008 12 04 2  9142  9153  9118  9110  9073  9044  9046  9067  9059  9021  9034  9013
TBILIS 2008 12 05 1  8992  9024  8971  9006  9020  9045  9119  9071  9086  9161  9205  9099
TBILIS 2008 12 05 2  9100  9064  9035  9064  9016  9009  9035  9006  8973  8964  8987  8973
TBILIS 2008 12 06 1  8978  9036  8982  9040  9034  9042  9054  9080  9126  9120  9106  9071
TBILIS 2008 12 06 2  9049  9028  9016  8992  8994  8983  8956  8973  8965  8939  9006  8989
TBILIS 2008 12 07 1  8983  9023  9063  9073  9083  9104  9088  9171  9133  9107  9134  9155
TBILIS 2008 12 07 2  9114  9124  9134  9130  9106  9123  9141  9173  9112  9111  9109  9115
TBILIS 2008 12 08 1  9159  9162  9146  9113  9138  9086  9150  9154  9182  9190  9142  9108
TBILIS 2008 12 08 2  9153  9124  9088  9089  9082  9041  9022  9043  9081  9032  9019  9019
TBILIS 2008 12 09 1  9009  9012  9050  9059  9046  9110  9081  9085  9095  9110  9076  9108
TBILIS 2008 12 09 2  9109  9131  9109  9094  9092  9082  9073  9106  9061  9043  9093  9083
TBILIS 2008 12 10 1  9048  9064  9036  9006  9037  9065  9081  9034  9093  9136  9133  9105
TBILIS 2008 12 10 2  9116  9152  9117  9088  9149  9083  9129  9085  9093  9108  9156  9108
TBILIS 2008 12 11 1  9143  9156  9114  9158  9159  9185  9224  9195  9201  9217  9221  9162
TBILIS 2008 12 11 2  9169  9106  9146  9100  9102  9108  9073  9099  9064  9083  9060  9095
TBILIS 2008 12 12 1  9079  9065  9067  9065  9088  9098  9130  9158  9167  9145  9183  9179
TBILIS 2008 12 12 2  9165  9180  9199  9159  9105  9147  9075  9090  9105  9128  9119  9133
TBILIS 2008 12 13 1  9115  9131  9181  9146  9129  9113  9141  9113  9144  9114  9177  9126
TBILIS 2008 12 13 2  9150  9151  9137  9123  9144  9129  9113  9125  9120  9120  9082  9120
TBILIS 2008 12 14 1  9122  9107  9117  9109  9110  9086  9135  9118  9173  9170  9152  9093
TBILIS 2008 12 14 2  9152  9124  9137  9164  9159  9153  9146  9164  9155  9179  9150  9128
TBILIS 2008 12 15 1  9103  9115  9074  9112  9055  9044  9025  9032  9073  9109  9059  9090
TBILIS 2008 12 15 2  9065  9074  9074  9030  8994  9005  9050  9023  9023  9008  9005  8981
TBILIS 2008 12 16 1  8997  9006  8992  8995  9032  9058  9113  9040  9043  9108  9088  9082
TBILIS 2008 12 16 2  9105  9075  9127  9074  9042  9079  9052  9011  9023  8985  8931  8934
TBILIS 2008 12 17 1  8915  8928  8917  8917  8945  8983  8988  8952  8968  8949  8978  8980
TBILIS 2008 12 17 2  8910  8962  8949  8949  8950  8963  8951  8968  8961  8969  8982  8950
TBILIS 2008 12 18 1  8977  9008  9010  9021  9000  8985  9033  9025  9073  9053  9100  9075
TBILIS 2008 12 18 2  9073  9060  9097  9078  9066  9016  9058  9016  9010  9037  9036  9005
TBILIS 2008 12 19 1  9075  9047  9005  9038  9051  9013  9038  8962  9006  8969  9035  8997
TBILIS 2008 12 19 2  8991  9003  9018  9012  8984  9024  8978  8946  8898  8939  8930  8899
TBILIS 2008 12 20 1  8960  8919  8972  8959  8993  8991  9018  9023  9058  9064  9023  9028
TBILIS 2008 12 20 2  9062  9016  9005  9011  8992  8991  8948  8945  8927  8930  8969  8951
TBILIS 2008 12 21 1  8980  9009  8983  8972  9059  9083  9099  9069  9105  9149  9150  9122
TBILIS 2008 12 21 2  9056  9074  9050  9060  9096  9115  9012  9013  9033  9023  9075  9028
TBILIS 2008 12 22 1  8998  9006  9000  9026  9082  9019  9057  9064  9084  9123  9070  9061
TBILIS 2008 12 22 2  9068  9030  9069  9044  9034  9093  9043  9040  8975  9022  9000  9003
TBILIS 2008 12 23 1  9033  9015  9002  9000  8991  9004  9090  9003  9058  9053  9059  9054
TBILIS 2008 12 23 2  9037  9064  9030  9087  9106  9144  9156  9150  9101  9121  9170  9163
TBILIS 2008 12 24 1  9112  9143  9130  9087  9106  9105  9082  9106  9129  9136  9127  9088
TBILIS 2008 12 24 2  9078  9077  9052  9073  9030  9066  9105  9081  9076  9079  9080  9077
TBILIS 2008 12 25 1  9099  9068  9065  9067  9070  9098  9056  9087  9091  9085  9113  9129
TBILIS 2008 12 25 2  9114  9061  9084  9054  9084  9104  9046  9027  9043  8991  9006  8981
TBILIS 2008 12 26 1  8965  8961  8963  8983  9046  9065  9062  9075  9069  9071  9107  9118
TBILIS 2008 12 26 2  9118  9070  9084  9055  9057  9052  9023  8998  8998  9021  9028  9006
TBILIS 2008 12 27 1  8995  8991  8983  9044  8992  9068  9093  9076  9095  9151  9109  9118
TBILIS 2008 12 27 2  9093  9116  9110  9080  9089  9057  9091  9080  9075  9058  9068  9064
TBILIS 2008 12 28 1  9007  9067  9053  9023  9000  9004  9024  9031  9070  9088  9086  9096
TBILIS 2008 12 28 2  9084  9070  9078  9072  9032  9015  9057  9039  9058  9071  9089  9069
TBILIS 2008 12 29 1  9034  9079  9078  9113  9119  9132  9155  9107  9131  9186  9126  9104
TBILIS 2008 12 29 2  9122  9102  9090  9085  9101  9071  9069  9060  9031  9021  9058  8992
TBILIS 2008 12 30 1  9043  9086  9096  9078  9065  9054  9040  9076  9068  9116  9075  9058
TBILIS 2008 12 30 2  9055  9135  9102  9101  9144  9143  9129  9107  9127  9103  9121  9074
TBILIS 2008 12 31 1  9117  9123  9150  9121  9156  9087  9087  9115  9109  9149  9116  9075
TBILIS 2008 12 31 2  9047  9071  9051  9063  9089  9121  9140  9089  9050  9084  9083  9083
