Cosmic-Ray Neutron Monitor Data (Hourly, Pressure-Corrected and Scale-Adjusted Counts)
Collections: WDC for Cosmic Rays, Solar-Terrestrial Environment Laboratory, Nagoya Univ.
Data Access: http://center.stelab.nagoya-u.ac.jp/WDCCR/index.html
Project: ICSU WDC
Citation: WDC for Cosmic Rays, Solar-Terrestrial Environment Laboratory, Nagoya University
Station ID: TBILIS
Station:  TBILISI,GIORGIA,INSTITUT GEOPHYSIKY (IG), GIORGIAN ACADEMY OF SCIENCES,GIORGIA 
Instrument:  18 NM-64 NEUTRON MONITOR, CORRECTED FOR PRESSURE TO 965 MB   ,COEF.=-0.690 %/MB
Latitude (deg.):   41.72  Longitude (deg.):   44.80  Altitude (m):  510.00
Cut-Off Rigidity (GV):    6.73
Year: 2006  Month:   1
Scaling Factor (SF):    64.0   Constant (CONST):     0.0  Real Counts = (DATA + CONST)*SF
Temporal Resolution: 1 hour
UTC Start Hour:     0.0
                         FILE IS PREPARED IN IZMIRAN                            
                                                        
Monthly Average:  8832.4
Updated (YYYY MM DD): 2007 02 01
*******************************************************************************************
ID     YYYY MM DD 1     0     1     2     3     4     5     6     7     8     9    10    11
ID     YYYY MM DD 2    12    13    14    15    16    17    18    19    20    21    22    23
*******************************************************************************************
TBILIS 2006 01 01 1  8752  8769  8767  8806  8803  8779  8785  8790  8780  8816  8810  8806
TBILIS 2006 01 01 2  8751  8786  8749  8732  8745  8756  8768  8722  8735  8815  8749  8761
TBILIS 2006 01 02 1  8750  8726  8711  8680  8708  8753  8830  8836  8833  8809  8851  8787
TBILIS 2006 01 02 2  8777  8760  8787  8808  8820  8819  8832  8779  8853  8829  8805  8828
TBILIS 2006 01 03 1  8837  8835  8827  8809  8837  8833  8813  8843  8810  8796  8865  8819
TBILIS 2006 01 03 2  8796  8801  8773  8750  8794  8770  8796  8805  8756  8752  8747  8714
TBILIS 2006 01 04 1  8720  8787  8782  8776  8744  8785  8810  8804  8846  8826  8805  8845
TBILIS 2006 01 04 2  8832  8784  8791  8775  8751  8784  8771  8735  8747  8743  8762  8751
TBILIS 2006 01 05 1  8758  8787  8764  8751  8747  8735  8768  8810  8782  8796  8807  8838
TBILIS 2006 01 05 2  8810  8800  8825  8843  8873  8838  8841  8845  8829  8881  8847  8837
TBILIS 2006 01 06 1  8867  8873  8837  8832  8855  8832  8932  8900  8946  8942  8922  8917
TBILIS 2006 01 06 2  8891  8874  8862  8915  8875  8849  8805  8837  8814  8805  8807  8798
TBILIS 2006 01 07 1  8766  8799  8810  8813  8826  8805  8839  8876  8892  8944  8945  8896
TBILIS 2006 01 07 2  8905  8880  8922  8931  8920  8914  8913  8858  8841  8846  8861  8835
TBILIS 2006 01 08 1  8891  8843  8875  8872  8883  8847  8847  8887  8857  8875  8881  8861
TBILIS 2006 01 08 2  8836  8916  8806  8892  8886  8849  8836  8848  8880  8818  8843  8895
TBILIS 2006 01 09 1  8847  8866  8853  8843  8791  8776  8799  8784  8795  8820  8807  8850
TBILIS 2006 01 09 2  8814  8815  8817  8837  8866  8842  8769  8838  8831  8834  8844  8814
TBILIS 2006 01 10 1  8823  8836  8891  8827  8841  8845  8798  8784  8800  8772  8775  8788
TBILIS 2006 01 10 2  8787  8805  8809  8787  8774  8798  8819  8784  8794  8801  8788  8777
TBILIS 2006 01 11 1  8740  8756  8718  8730  8762  8740  8737  8804  8751  8810  8783  8807
TBILIS 2006 01 11 2  8814  8846  8853  8854  8842  8855  8856  8828  8856  8866  8869  8849
TBILIS 2006 01 12 1  8878  8896  8879  8872  8888  8857  8885  8866  8863  8842  8891  8882
TBILIS 2006 01 12 2  8851  8846  8880  8880  8843  8853  8871  8846  8864  8796  8752  8697
TBILIS 2006 01 13 1  8732  8673  8682  8688  8610  8667  8684  8657  8667  8723  8754  8678
TBILIS 2006 01 13 2  8707  8713  8706  8773  8781  8770  8738  8766  8779  8778  8754  8761
TBILIS 2006 01 14 1  8756  8760  8802  8802  8844  8849  8914  8877  8884  8942  8879  8847
TBILIS 2006 01 14 2  8841  8870  8886  8895  8898  8880  8863  8841  8789  8818  8776  8783
TBILIS 2006 01 15 1  8774  8827  8811  8842  8846  8833  8920  8887  8896  8964  8946  8920
TBILIS 2006 01 15 2  8914  8945  8891  8924  8932  8967  8940  8940  8943  8929  8979  8895
TBILIS 2006 01 16 1  8927  8915  8922  8966  8909  8928  8925  8938  8958  8927  8900  8951
TBILIS 2006 01 16 2  8947  8975  9056  9041  9030  9002  9011  8966  8933  8895  8830  8889
TBILIS 2006 01 17 1  8915  8929  8865  8890  8911  8903  8876  8903  8910  8928  8919  8878
TBILIS 2006 01 17 2  8884  8897  8965  8844  8892  8915  8958  8916  8888  8862  8841  8821
TBILIS 2006 01 18 1  8830  8803  8866  8811  8875  8893  8907  8911  8928  8918  8868  8843
TBILIS 2006 01 18 2  8796  8859  8845  8857  8840  8787  8799  8800  8797  8797  8810  8761
TBILIS 2006 01 19 1  8821  8806  8823  8842  8783  8794  8796  8810  8786  8829  8832  8868
TBILIS 2006 01 19 2  8858  8868  8851  8809  8863  8856  8863  8881  8879  8890  8881  8833
TBILIS 2006 01 20 1  8866  8880  8865  8931  8962  8946  8947  8923  8923  8929  8923  8904
TBILIS 2006 01 20 2  8902  8901  8927  8914  8938  8947  8937  8981  8935  8902  8927  8917
TBILIS 2006 01 21 1  8903  8874  8875  8913  8886  8922  8833  8831  8840  8851  8862  8845
TBILIS 2006 01 21 2  8829  8781  8850  8793  8780  8710  8736  8798  8815  8828  8752  8782
TBILIS 2006 01 22 1  8759  8808  8743  8780  8752  8774  8778  8832  8838  8876  8916  8920
TBILIS 2006 01 22 2  8958  8925  8942  8989  8973  8901  8903  8940  8906  8915  8854  8873
TBILIS 2006 01 23 1  8906  8837  8935  8952  8983  8983  8964  8991  8985  9048  9033  9020
TBILIS 2006 01 23 2  8985  8987  8968  8936  8929  8900  8970  8924  8921  8922  8919  8884
TBILIS 2006 01 24 1  8898  8915  8880  8872  8856  8837  8816  8850  8874  8909  8887  8849
TBILIS 2006 01 24 2  8869  8882  8889  8907  8883  8907  8908  8913  8877  8878  8887  8895
TBILIS 2006 01 25 1  8847  8876  8885  8899  8855  8857  8851  8841  8870  8837  8809  8827
TBILIS 2006 01 25 2  8804  8811  8809  8798  8788  8809  8818  8852  8835  8813  8866  8876
TBILIS 2006 01 26 1  8841  8838  8771  8772  8743  8736  8746  8738  8776  8739  8746  8686
TBILIS 2006 01 26 2  8660  8683  8660  8712  8793  8770  8733  8708  8688  8690  8709  8687
TBILIS 2006 01 27 1  8682  8668  8664  8702  8671  8657  8685  8712  8723  8735  8743  8734
TBILIS 2006 01 27 2  8716  8701  8686  8699  8736  8731  8757  8714  8709  8680  8736  8740
TBILIS 2006 01 28 1  8745  8743  8731  8754  8751  8751  8807  8748  8784  8796  8821  8805
TBILIS 2006 01 28 2  8780  8803  8766  8772  8782  8803  8772  8759  8776  8768  8764  8731
TBILIS 2006 01 29 1  8753  8744  8769  8788  8742  8756  8811  8805  8803  8838  8827  8841
TBILIS 2006 01 29 2  8793  8854  8803  8851  8788  8817  8809  8788  8761  8762  8782  8791
TBILIS 2006 01 30 1  8759  8796  8803  8835  8835  8883  8853  8859  8885  8880  8867  8833
TBILIS 2006 01 30 2  8835  8834  8850  8811  8818  8840  8780  8775  8795  8802  8829  8830
TBILIS 2006 01 31 1  8807  8844  8844  8854  8848  8838  8874  8841  8876  8871  8840  8894
TBILIS 2006 01 31 2  8854  8858  8850  8822  8846  8846  8852  8822  8827  8843  8842  8855
Cosmic-Ray Neutron Monitor Data (Hourly, Pressure-Corrected and Scale-Adjusted Counts)
Collections: WDC for Cosmic Rays, Solar-Terrestrial Environment Laboratory, Nagoya Univ.
Data Access: http://center.stelab.nagoya-u.ac.jp/WDCCR/index.html
Project: ICSU WDC
Citation: WDC for Cosmic Rays, Solar-Terrestrial Environment Laboratory, Nagoya University
Station ID: TBILIS
Station:  TBILISI,GIORGIA,INSTITUT GEOPHYSIKY (IG), GIORGIAN ACADEMY OF SCIENCES,GIORGIA 
Instrument:  18 NM-64 NEUTRON MONITOR, CORRECTED FOR PRESSURE TO 965 MB   ,COEF.=-0.690 %/MB
Latitude (deg.):   41.72  Longitude (deg.):   44.80  Altitude (m):  510.00
Cut-Off Rigidity (GV):    6.73
Year: 2006  Month:   2
Scaling Factor (SF):    64.0   Constant (CONST):     0.0  Real Counts = (DATA + CONST)*SF
Temporal Resolution: 1 hour
UTC Start Hour:     0.0
                         FILE IS PREPARED IN IZMIRAN                            
                                                        
Monthly Average:  8939.0
Updated (YYYY MM DD): 2007 02 01
*******************************************************************************************
ID     YYYY MM DD 1     0     1     2     3     4     5     6     7     8     9    10    11
ID     YYYY MM DD 2    12    13    14    15    16    17    18    19    20    21    22    23
*******************************************************************************************
TBILIS 2006 02 01 1  8842  8857  8858  8860  8870  8857  8859  8901  8874  8887  8867  8882
TBILIS 2006 02 01 2  8881  8880  8828  8837  8832  8792  8777  8790  8811  8802  8830  8794
TBILIS 2006 02 02 1  8783  8778  8803  8777  8783  8799  8795  8802  8811  8832  8872  8841
TBILIS 2006 02 02 2  8812  8864  8843  8875  8834  8874  8864  8857  8849  8846  8828  8821
TBILIS 2006 02 03 1  8811  8825  8823  8849  8857  8810  8807  8837  8857  8843  8865  8866
TBILIS 2006 02 03 2  8852  8847  8835  8824  8784  8807  8857  8811  8775  8757  8748  8737
TBILIS 2006 02 04 1  8739  8745  8772  8811  8785  8775  8795  8798  8852  8863  8898  8873
TBILIS 2006 02 04 2  8844  8836  8833  8848  8851  8819  8790  8820  8790  8821  8812  8818
TBILIS 2006 02 05 1  8813  8862  8840  8832  8833  8863  8849  8930  8872  8935  8976  8927
TBILIS 2006 02 05 2  8923  8892  8917  8913  8892  8914  8948  8934  8924  8935  8929  8892
TBILIS 2006 02 06 1  8929  8912  8969  8950  8926  8942  8921  8924  8912  8954  8922  8925
TBILIS 2006 02 06 2  8957  8949  8940  8954  8945  8952  8937  8959  8938  8923  8933  8984
TBILIS 2006 02 07 1  8948  8977  8987  8933  9003  8978  8994  8995  9015  9001  9004  8970
TBILIS 2006 02 07 2  8983  8925  8927  8905  8893  8907  8908  8873  8892  8923  8898  8905
TBILIS 2006 02 08 1  8932  8909  8924  8941  8897  8903  8935  8965  8921  8914  8927  8941
TBILIS 2006 02 08 2  8924  8925  8945  8960  8990  8983  9018  9026  8978  9020  9035  9011
TBILIS 2006 02 09 1  8985  9022  9014  9034  9011  8964  8968  8965  8981  8992  8974  8992
TBILIS 2006 02 09 2  8981  8965  8954  8934  8959  8950  8940  8936  8995  8976  8939  8907
TBILIS 2006 02 10 1  8917  8882  8859  8905  8877  8906  8922  8929  8925  8962  8978  8965
TBILIS 2006 02 10 2  8929  8924  8906  8945  8949  8947  8898  8910  8877  8856  8867  8903
TBILIS 2006 02 11 1  8903  8909  8903  8898  8921  8908  8928  8958  8959  8949  9031  9027
TBILIS 2006 02 11 2  9012  9025  9011  8952  8964  8985  8962  8924  8940  8888  8910  8969
TBILIS 2006 02 12 1  8936  8958  8959  8960  8931  8953  8933  8947  8970  8976  9000  8941
TBILIS 2006 02 12 2  8973  9016  8984  8946  8950  8927  8944  8961  8926  8915  8932  8936
TBILIS 2006 02 13 1  8951  8911  8888  8907  8877  8917  8933  8952  8977  9003  9034  9007
TBILIS 2006 02 13 2  8968  8986  8962  8946  8991  8961  8948  8936  8977  8978  8930  8932
TBILIS 2006 02 14 1  8951  8929  8892  8913  8892  8913  9009  8928  8952  8966  8943  8952
TBILIS 2006 02 14 2  8934  8969  8961  8976  8962  8948  8905  8915  8913  8922  8921  8898
TBILIS 2006 02 15 1  8969  8927  8927  8975  8946  8935  8979  8977  8946  9011  9043  8960
TBILIS 2006 02 15 2  8955  8952  8992  8972  8983  8987  9013  8942  8946  8956  8986  8985
TBILIS 2006 02 16 1  8945  8949  8985  8903  8939  8950  9007  9021  9014  9049  9043  9028
TBILIS 2006 02 16 2  9039  9017  9032  9039  9009  9016  9049  9068  9016  8982  8968  8919
TBILIS 2006 02 17 1  8922  8887  8945  8941  8943  8957  8964  9037  8972  8990  9048  9088
TBILIS 2006 02 17 2  9033  9026  9007  9012  9034  9103  9135  9138  9101  9101  9071  9082
TBILIS 2006 02 18 1  9083  9051  9024  9088  9054  9040  8990  9031  9018  8995  9028  9007
TBILIS 2006 02 18 2  8990  9008  9029  8976  9032  8985  9002  9000  8994  9000  9031  9040
TBILIS 2006 02 19 1  9041  9017  9030  9027  9025  9040  9028  9071  9066  9043  8990  8982
TBILIS 2006 02 19 2  8960  8947  8982  8953  8964  9039  9010  8990  8954  8990  9003  8979
TBILIS 2006 02 20 1  8948  8919  8913  8932  8936  8949  8947  9016  9014  8998  9049  9074
TBILIS 2006 02 20 2  9075  9036  9009  8990  9012  8933  8935  8944  8928  8962  8967  8947
TBILIS 2006 02 21 1  8971  8969  8949  8942  8940  8922  8965  8986  9055  9038  9032  9019
TBILIS 2006 02 21 2  9010  9005  9009  8989  8915  8909  8906  8940  8880  8888  8903  8865
TBILIS 2006 02 22 1  8854  8891  8899  8856  8889  8892  8905  8942  8956  8981  8958  8962
TBILIS 2006 02 22 2  8920  8938  8934  8929  8948  8901  8892  8867  8870  8905  8864  8891
TBILIS 2006 02 23 1  8915  8844  8918  8958  8935  8911  8914  8956  8980  8978  8990  8955
TBILIS 2006 02 23 2  8943  8943  8941  8942  9008  8995  8979  8989  8999  8934  8944  8951
TBILIS 2006 02 24 1  9007  8952  8974  8960  8955  8922  8931  8911  8942  8957  8972  8979
TBILIS 2006 02 24 2  8991  8995  8948  8970  8933  8960  8973  8927  8927  8941  8921  8962
TBILIS 2006 02 25 1  8980  8964  8988  8996  9019  8969  8984  9029  8994  9015  9016  8976
TBILIS 2006 02 25 2  8998  8961  8906  8920  8935  8914  8895  8901  8925  8957  8941  8935
TBILIS 2006 02 26 1  8936  8977  8934  8972  8995  8964  8953  8931  8952  8942  8950  8908
TBILIS 2006 02 26 2  8944  8947  8956  8966  8956  8983  8968  8953  8972  8937  8926  8938
TBILIS 2006 02 27 1  8907  8899  8928  8907  8933  8976  8969  8971  9012  9042  9041  9007
TBILIS 2006 02 27 2  8978  8965  8949  8960  8951  8942  8946  8909  8945  8953  8937  8971
TBILIS 2006 02 28 1  8973  8924  8951  8912  8898  8879  8895  8942  8926  8989  9022  9016
TBILIS 2006 02 28 2  8969  8943  8905  8909  8893  8915  8890  8902  8853  8874  8861  8853
TBILIS 2006 02 29 1 99999 99999 99999 99999 99999 99999 99999 99999 99999 99999 99999 99999
TBILIS 2006 02 29 2 99999 99999 99999 99999 99999 99999 99999 99999 99999 99999 99999 99999
TBILIS 2006 02 30 1 99999 99999 99999 99999 99999 99999 99999 99999 99999 99999 99999 99999
TBILIS 2006 02 30 2 99999 99999 99999 99999 99999 99999 99999 99999 99999 99999 99999 99999
TBILIS 2006 02 31 1 99999 99999 99999 99999 99999 99999 99999 99999 99999 99999 99999 99999
TBILIS 2006 02 31 2 99999 99999 99999 99999 99999 99999 99999 99999 99999 99999 99999 99999
Cosmic-Ray Neutron Monitor Data (Hourly, Pressure-Corrected and Scale-Adjusted Counts)
Collections: WDC for Cosmic Rays, Solar-Terrestrial Environment Laboratory, Nagoya Univ.
Data Access: http://center.stelab.nagoya-u.ac.jp/WDCCR/index.html
Project: ICSU WDC
Citation: WDC for Cosmic Rays, Solar-Terrestrial Environment Laboratory, Nagoya University
Station ID: TBILIS
Station:  TBILISI,GIORGIA,INSTITUT GEOPHYSIKY (IG), GIORGIAN ACADEMY OF SCIENCES,GIORGIA 
Instrument:  18 NM-64 NEUTRON MONITOR, CORRECTED FOR PRESSURE TO 965 MB   ,COEF.=-0.690 %/MB
Latitude (deg.):   41.72  Longitude (deg.):   44.80  Altitude (m):  510.00
Cut-Off Rigidity (GV):    6.73
Year: 2006  Month:   3
Scaling Factor (SF):    64.0   Constant (CONST):     0.0  Real Counts = (DATA + CONST)*SF
Temporal Resolution: 1 hour
UTC Start Hour:     0.0
                         FILE IS PREPARED IN IZMIRAN                            
                                                        
Monthly Average:  8978.3
Updated (YYYY MM DD): 2007 02 01
*******************************************************************************************
ID     YYYY MM DD 1     0     1     2     3     4     5     6     7     8     9    10    11
ID     YYYY MM DD 2    12    13    14    15    16    17    18    19    20    21    22    23
*******************************************************************************************
TBILIS 2006 03 01 1  8884  8880  8918  8925  8906  8924  8923  8963  8986  9006  9001  8984
TBILIS 2006 03 01 2  8983  8986  8960  8960  8949  8950  8981  9027  9017  9010  8964  8989
TBILIS 2006 03 02 1  8994  8951  8935  8884  8933  8942  8980  9010  8994  8965  8981  8999
TBILIS 2006 03 02 2  8996  9012  8979  8947  8959  8928  8954  8931  8941  8906  8915  8925
TBILIS 2006 03 03 1  8927  8934  8952  8949  8940  8947  8958  8991  8993  8999  9008  9004
TBILIS 2006 03 03 2  8959  8981  8995  8970  8933  8964  8991  8979  8902  8951  8943  8963
TBILIS 2006 03 04 1  8900  8864  8888  8902  8931  8931  8919  8949  8969  8976  8995  8999
TBILIS 2006 03 04 2  8970  8934  8954  8921  8919  8910  8966  9000  9007  9024  9003  8971
TBILIS 2006 03 05 1  8984  8948  8933  8933  8969  9005  9036  9004  9024  9053  9028  9062
TBILIS 2006 03 05 2  9042  9051  8993  8991  9002  8985  8952  8994  8986  8954  8958  8953
TBILIS 2006 03 06 1  8985  9002  8980  9010  9024  9010  9033  9058  9070  9102  9049  9050
TBILIS 2006 03 06 2  9000  9033  9040  9034  9030  9011  9057  9009  9028  9020  9028  9005
TBILIS 2006 03 07 1  9022  9029  9028  9007  9004  8971  9050  9015  9046  9018  9000  9027
TBILIS 2006 03 07 2  9013  8988  9003  9003  8991  8958  9011  8993  8974  8953  8949  8995
TBILIS 2006 03 08 1  9006  8971  8935  8958  9012  8987  8993  8987  8999  9003  8986  9012
TBILIS 2006 03 08 2  9000  9050  9026  8958  8991  8972  8999  8981  9012  9043  9017  9042
TBILIS 2006 03 09 1  9022  9050  9028  9046  9060  9050  9032  9065  8986  8973  8979  8987
TBILIS 2006 03 09 2  8982  8992  8985  8909  8954  8943  8923  8931  8915  8899  8924  8928
TBILIS 2006 03 10 1  8919  8918  8922  8939  8930  8949  8954  8967  9003  9022  9031  8993
TBILIS 2006 03 10 2  8985  8975  8959  8991  9034  9045  9043  9048  9102  9121  9050  9040
TBILIS 2006 03 11 1  9018  8988  8996  9003  9013  8984  8956  8974  9004  8971  9012  9007
TBILIS 2006 03 11 2  8975  8991  8947  8966  8960  8969  8920  8910  8912  8915  8870  8863
TBILIS 2006 03 12 1  8843  8876  8854  8864  8874  8887  8890  8880  8885  8924  8948  8988
TBILIS 2006 03 12 2  8968  8981  8953  8930  8906  8884  8864  8794  8812  8816  8805  8847
TBILIS 2006 03 13 1  8837  8835  8891  8879  8887  8895  8943  8980  9018  8987  9054  9036
TBILIS 2006 03 13 2  9047  9016  8984  9010  8965  8930  8937  8892  8900  8887  8888  8864
TBILIS 2006 03 14 1  8866  8895  8915  8931  8934  8893  8922  9026  8990  8978  9010  9053
TBILIS 2006 03 14 2  9037  8998  9002  8990  8947  8911  8868  8860  8880  8892  8855  8839
TBILIS 2006 03 15 1  8852  8844  8869  8906  8910  8916  8983  8946  8972  9031  9011  8974
TBILIS 2006 03 15 2  9001  8990  8935  8969  8946  8961  8972  8960  8951  8922  8922  8921
TBILIS 2006 03 16 1  8875  8877  8911  8903  8935  8902  8950  8969  8968  8957  8983  8947
TBILIS 2006 03 16 2  8960  8958  8987  8968  8967  8967  8946  8913  8866  8901  8861  8855
TBILIS 2006 03 17 1  8887  8857  8883  8872  8898  8890  8941  8954  8946  8972  9003  9002
TBILIS 2006 03 17 2  8973  9018  8985  8995  8959  8943  8923  8898  8912  8909  8929  8933
TBILIS 2006 03 18 1  8937  8947  8952  8939  8972  9032  8999  9044  9065  9087  9090  9053
TBILIS 2006 03 18 2  9038  9065  9043  9066  9027  9026  9037  9015  9023  8965  8951  8968
TBILIS 2006 03 19 1  8959  8915  8933  9011  9046  9017  9043  9049  9033  9011  9019  9047
TBILIS 2006 03 19 2  9048  9066  9055  9069  9043  9019  8993  9004  9013  9084  9044  9036
TBILIS 2006 03 20 1  9026  9022  9019  8997  8991  9033  9047  9084  9121  9116  9104  9090
TBILIS 2006 03 20 2  9020  8996  8987  8938  8929  8962  8915  8918  8914  8905  8884  8907
TBILIS 2006 03 21 1  8884  8894  8906  8913  8909  8907  8909  8991  9013  9007  8961  9000
TBILIS 2006 03 21 2  9025  9069  9049  9028  9037  8995  8996  9024  8973  8955  8953  8952
TBILIS 2006 03 22 1  8949  8937  8969  8938  8961  8921  8930  8966  9003  9051  9025  9031
TBILIS 2006 03 22 2  9031  9048  9038  9036  9039  9016  9017  9030  9020  9011  9004  9023
TBILIS 2006 03 23 1  8989  9018  8999  8986  9020  9040  9025  9012  9037  9006  9042  9029
TBILIS 2006 03 23 2  9018  9046  8998  8983  8968  8984  9009  8947  8977  8985  8932  8933
TBILIS 2006 03 24 1  8914  8904  8939  8939  8972  8981  8997  9049  9035  9064  9079  9030
TBILIS 2006 03 24 2  8999  8987  8952  9007  9010  8946  8927  8939  8914  8935  8901  8911
TBILIS 2006 03 25 1  8968  8945  8949  8947  8997  9041  8984  9017  9045  9036  9062  9088
TBILIS 2006 03 25 2  9076  9070  8968  8983  8978  8981  8943  8941  8866  8853  8865  8862
TBILIS 2006 03 26 1  8853  8913  8923  8933  8910  8965  8901  8923  8956  8950  8957  8966
TBILIS 2006 03 26 2  8951  8958  8977  8956  8975  9003  9010  9043  8996  9024  8977  9002
TBILIS 2006 03 27 1  9008  8998  8996  8946  8983  8976  9005  8979  8977  8995  8997  8995
TBILIS 2006 03 27 2  8983  8978  8971  8928  8875  8959  8918  8914  8909  8902  8958  8988
TBILIS 2006 03 28 1  9001  9004  8997  8950  8970  9001  9025  9017  8988  8995  9015  9025
TBILIS 2006 03 28 2  9024  9033  9016  8997  8984  8957  8971  8998  8960  8934  8979  8958
TBILIS 2006 03 29 1  8951  8923  8946  8949  8956  8969  8998  8977  8970  8962  8989  9036
TBILIS 2006 03 29 2  9037  9096  9022  9038  9052  9034  8978  8983  8995  9057  9013  9007
TBILIS 2006 03 30 1  9045  8989  8982  9012  9014  9040  9066  9096  9077  9084  9085  9101
TBILIS 2006 03 30 2  9090  9127  9146  9144  9114  9086  9080  9060  9053  9018  9033  9026
TBILIS 2006 03 31 1  9021  9041  9048  9034  8985  8992  9037  8979  9031  9057  9064  9090
TBILIS 2006 03 31 2  9078  9074  9038  9042  8978  9008  8978  8996  9002  9051  8971  8959
Cosmic-Ray Neutron Monitor Data (Hourly, Pressure-Corrected and Scale-Adjusted Counts)
Collections: WDC for Cosmic Rays, Solar-Terrestrial Environment Laboratory, Nagoya Univ.
Data Access: http://center.stelab.nagoya-u.ac.jp/WDCCR/index.html
Project: ICSU WDC
Citation: WDC for Cosmic Rays, Solar-Terrestrial Environment Laboratory, Nagoya University
Station ID: TBILIS
Station:  TBILISI,GIORGIA,INSTITUT GEOPHYSIKY (IG), GIORGIAN ACADEMY OF SCIENCES,GIORGIA 
Instrument:  18 NM-64 NEUTRON MONITOR, CORRECTED FOR PRESSURE TO 965 MB   ,COEF.=-0.690 %/MB
Latitude (deg.):   41.72  Longitude (deg.):   44.80  Altitude (m):  510.00
Cut-Off Rigidity (GV):    6.73
Year: 2006  Month:   4
Scaling Factor (SF):    64.0   Constant (CONST):     0.0  Real Counts = (DATA + CONST)*SF
Temporal Resolution: 1 hour
UTC Start Hour:     0.0
                         FILE IS PREPARED IN IZMIRAN                            
                                                        
Monthly Average:  8996.9
Updated (YYYY MM DD): 2007 02 01
*******************************************************************************************
ID     YYYY MM DD 1     0     1     2     3     4     5     6     7     8     9    10    11
ID     YYYY MM DD 2    12    13    14    15    16    17    18    19    20    21    22    23
*******************************************************************************************
TBILIS 2006 04 01 1  8978  8968  8956  8967  8949  8948  8950  8997  8999  9043  9091  9102
TBILIS 2006 04 01 2  9094  9103  9070  9093  9055  9078  9007  8989  8958  8952  8951  8970
TBILIS 2006 04 02 1  8981  8965  8996  8973  8943  8953  8964  8988  9001  9026  9017  9020
TBILIS 2006 04 02 2  9061  9060  9024  9011  8967  8967  8977  8998  9053  8967  9021  8975
TBILIS 2006 04 03 1  8965  8992  8994  9009  9019  9050  9045  9046  9030  9020  9008  9045
TBILIS 2006 04 03 2  9010  9042  9029  9028  9023  9007  9036  9008  9009  9013  8927  8948
TBILIS 2006 04 04 1  8966  8914  8917  8933  8953  8895  8900  8938  8937  8968  8994  8998
TBILIS 2006 04 04 2  8989  9017  8970  8986  8990  8980  9023  8995  8971  8953  8948  8945
TBILIS 2006 04 05 1  8873  8892  8936  9019  8981  9000  8990  8981  9034  9011  9060  9106
TBILIS 2006 04 05 2  9134  9146  9141  9138  9055  9090  9054  9047  9026  8990  8963  8916
TBILIS 2006 04 06 1  8974  8966  8951  8951  8941  8965  8952  9027  9052  9041  9032  9062
TBILIS 2006 04 06 2  9043  9080  9014  9048  8956  8957  8950  8935  8921  8870  8881  8905
TBILIS 2006 04 07 1  8909  8914  8918  8936  8990  8985  9009  9048  9020  9034  9019  8997
TBILIS 2006 04 07 2  8987  9001  9010  8998  8969  8934  8937  8925  8899  8906  8948  8932
TBILIS 2006 04 08 1  8946  8998  8993  9028  9027  9006  9016  9037  9012  8946  9007  9004
TBILIS 2006 04 08 2  9014  8957  8966  8999  8954  8923  8934  8936  8945  8929  8952  8974
TBILIS 2006 04 09 1  9007  8969  8954  8932  8977  9036  9093  9057  9058  9036  9023  9008
TBILIS 2006 04 09 2  8973  8986  8949  8941  8906  8884  8882  8862  8826  8809  8818  8798
TBILIS 2006 04 10 1  8792  8779  8815  8850  8874  8910  8943  9024  9052  9036  9022  9028
TBILIS 2006 04 10 2  8998  8987  9029  8992  8955  8892  8938  8929  8923  8916  8959  8904
TBILIS 2006 04 11 1  8897  8892  8948  8914  8995  8908  8971  8970  8960  9018  8975  9006
TBILIS 2006 04 11 2  9009  9037  8966  9014  9037  9017  9041  9011  8979  9012  9026  9056
TBILIS 2006 04 12 1  9009  9011  9017  9031  9039  9039  9094  9057  9041  9041  9080  9112
TBILIS 2006 04 12 2  9151  9156  9146  9161  9077  9121  9135  9097  9077  9124  9085  9067
TBILIS 2006 04 13 1  9103  9065  9046  9060  9061  9058  9091  9091  9127  9074  9048  9033
TBILIS 2006 04 13 2  9094  9003  9052  9094  9044  8991  8936  8951  8960  8859  8911  8984
TBILIS 2006 04 14 1  8962  8965  8953  8946  9004  9041  9044  9068  9071  9094  9053  9100
TBILIS 2006 04 14 2  9112  9043  9042  9044  8979  8966  8974  8977  8984  9020  8980  8972
TBILIS 2006 04 15 1  8985  8992  8983  8999  8981  8968  8952  8958  9023  9097  9061  9080
TBILIS 2006 04 15 2  9047  9039  8966  8889  8894  8831  8870  8886  8888  8882  8902  8925
TBILIS 2006 04 16 1  8975  9008  9043  9024  8934  8991  8988  8994  9034  9004  9065  9042
TBILIS 2006 04 16 2  9004  9014  8915  8905  8957  9000  9039  9052  9068  9083  9061  9079
TBILIS 2006 04 17 1  9040  9058  9042  8967  8958  8970  9011  8966  9000  8999  8993  8999
TBILIS 2006 04 17 2  9015  9011  8977  8984  8931  8929  8952  8945  8970  8984  9031  9048
TBILIS 2006 04 18 1  9060  9018  9000  9034  9016  9017  8994  9027  9043  9012  9062  9023
TBILIS 2006 04 18 2  8956  8997  8990  8960  8975  8912  8940  9029  9018  9003  8957  8974
TBILIS 2006 04 19 1  9025  8952  8939  8920  8956  8951  8943  8937  8954  8990  8952  8985
TBILIS 2006 04 19 2  9004  8958  8944  9011  8999  8989  8966  8994  8998  9008  8964  9031
TBILIS 2006 04 20 1  8992  9033  9009  8975  8972  8949  8949  9008  9021  9032  8955  8949
TBILIS 2006 04 20 2  8935  8984  8988  8992  8919  8987  9010  8937  8944  9001  8973  8933
TBILIS 2006 04 21 1  8953  8952  8937  8943  8991  8981  9025  9033  9064  9028  9033  9026
TBILIS 2006 04 21 2  9033  8963  9050  9021  9036  9037  9034  9037  9030  9058  9020  8978
TBILIS 2006 04 22 1  9003  9036  9009  9050  9042  9046  9033  9002  9059  9104  9126  9151
TBILIS 2006 04 22 2  9123  9058  9062  9012  9033  9001  8984  9018  8974  8953  8955  8985
TBILIS 2006 04 23 1  8954  8985  8959  8966  9020  9031  9012  8994  9029  9046  9022  9042
TBILIS 2006 04 23 2  9032  9029  9043  9092  9035  9042  9070  9094  9099  9073  9062  9035
TBILIS 2006 04 24 1  9051  9074  9022  9004  8999  9035  9046  9038  9011  9033  9036  9005
TBILIS 2006 04 24 2  9051  9012  9035  9035  9036  9020  8999  8992  9003  9016  9060  9096
TBILIS 2006 04 25 1  9067  9036  9027  9041  9019  9046  9085  9062  9049  9056  9085  9059
TBILIS 2006 04 25 2  9115  9150  9063  9058  9071  9085  9043  9057  9007  9037  9052  9033
TBILIS 2006 04 26 1  9049  9057  9081  9051  9030  9002  9042  9044  9093  9053  9102  9111
TBILIS 2006 04 26 2  9083  9116  9102  9089  9066  8989  8976  8961  8948  8938  8911  8962
TBILIS 2006 04 27 1  8923  8964  8913  8914  8938  8965  8990  9036  9011  9033  9053  9066
TBILIS 2006 04 27 2  9085  9083  9088  9074  9042  9020  9008  9001  8963  8981  8987  8940
TBILIS 2006 04 28 1  8968  8973  8923  8931  8930  8918  8980  8931  8960  8961  8978  8976
TBILIS 2006 04 28 2  8998  8972  8969  8986  8966  8945  8954  8954  8976  8976  8946  8907
TBILIS 2006 04 29 1  8910  8932  8952  8947  8934  8900  8980  8934  8990  8982  8982  8994
TBILIS 2006 04 29 2  8958  8977  9004  8983  8999  8973  8969  9028  8977  8928  8968  8919
TBILIS 2006 04 30 1  8944  8929  8943  8904  8945  8916  8922  8922  8967  8922  8922  8943
TBILIS 2006 04 30 2  8978  8938  8949  8955  8924  8890  8913  8923  8894  8938  8920  8919
TBILIS 2006 04 31 1 99999 99999 99999 99999 99999 99999 99999 99999 99999 99999 99999 99999
TBILIS 2006 04 31 2 99999 99999 99999 99999 99999 99999 99999 99999 99999 99999 99999 99999
Cosmic-Ray Neutron Monitor Data (Hourly, Pressure-Corrected and Scale-Adjusted Counts)
Collections: WDC for Cosmic Rays, Solar-Terrestrial Environment Laboratory, Nagoya Univ.
Data Access: http://center.stelab.nagoya-u.ac.jp/WDCCR/index.html
Project: ICSU WDC
Citation: WDC for Cosmic Rays, Solar-Terrestrial Environment Laboratory, Nagoya University
Station ID: TBILIS
Station:  TBILISI,GIORGIA,INSTITUT GEOPHYSIKY (IG), GIORGIAN ACADEMY OF SCIENCES,GIORGIA 
Instrument:  18 NM-64 NEUTRON MONITOR, CORRECTED FOR PRESSURE TO 965 MB   ,COEF.=-0.690 %/MB
Latitude (deg.):   41.72  Longitude (deg.):   44.80  Altitude (m):  510.00
Cut-Off Rigidity (GV):    6.73
Year: 2006  Month:   5
Scaling Factor (SF):    64.0   Constant (CONST):     0.0  Real Counts = (DATA + CONST)*SF
Temporal Resolution: 1 hour
UTC Start Hour:     0.0
                         FILE IS PREPARED IN IZMIRAN                            
                                                        
Monthly Average:  9004.0
Updated (YYYY MM DD): 2007 02 01
*******************************************************************************************
ID     YYYY MM DD 1     0     1     2     3     4     5     6     7     8     9    10    11
ID     YYYY MM DD 2    12    13    14    15    16    17    18    19    20    21    22    23
*******************************************************************************************
TBILIS 2006 05 01 1  8886  8879  8909  8870  8857  8874  8878  8922  8928  8937  8956  8986
TBILIS 2006 05 01 2  9003  8991  9027  9006  8981  8968  8974  8951  8932  8969  8923  8959
TBILIS 2006 05 02 1  8970  8895  8955  8941  8918  8963  8929  8923  8881  8920  8958  8945
TBILIS 2006 05 02 2  8960  8938  8883  8930  8926  8951  8954  8909  8964  8932  8958  8944
TBILIS 2006 05 03 1  8963  8925  8966  8980  8959  9053  8961  8964  9031  9030  9044  9019
TBILIS 2006 05 03 2  9057  9062  9019  9059  9072  9077  9134  9096  9064  9086  9107  9051
TBILIS 2006 05 04 1  9046  9058  9029  9024  9011  9002  8998  8953  8937  8936  8986  9007
TBILIS 2006 05 04 2  9015  9066  9051  9039  9009  9003  8970  8951  8934  8931  8912  8878
TBILIS 2006 05 05 1  8895  8904  8857  8849  8876  8885  8974  8970  8995  8991  9028  9004
TBILIS 2006 05 05 2  8986  9013  9063  9031  9028  9028  9030  9072  9068  9075  9051  9078
TBILIS 2006 05 06 1  9028  8991  8964  9036  8951  8923  8935  8971  8965  8968  8927  8937
TBILIS 2006 05 06 2  8939  8951  9007  9031  8995  8953  9004  8972  8991  8987  8958  8919
TBILIS 2006 05 07 1  8958  8951  8950  8956  8968  8936  8992  8970  9002  9032  8985  9002
TBILIS 2006 05 07 2  8972  8971  8961  8987  9002  8943  8979  9026  8957  8923  8916  8908
TBILIS 2006 05 08 1  8955  8973  8952  8972  8969  8966  8998  9014  9041  9068  9081  9101
TBILIS 2006 05 08 2  9091  9087  9078  9063  9019  9026  9019  9010  9003  8957  9038  9009
TBILIS 2006 05 09 1  8996  9011  9028  9023  9054  9042  9059  9022  9065  9054  9045  9057
TBILIS 2006 05 09 2  9086  9100  9010  9029  9043  9033  9015  9040  9052  9039  8989  8990
TBILIS 2006 05 10 1  9006  9005  8957  8938  8978  8982  8990  9000  9027  9024  9026  9021
TBILIS 2006 05 10 2  9030  9040  9090  9043  9014  8992  8980  8948  8932  9003  9008  8979
TBILIS 2006 05 11 1  8953  8948  8955  8951  8959  8954  8968  9058  9059  9054  9014  9038
TBILIS 2006 05 11 2  9030  9031  9031  9007  8982  8982  8949  8973  8958  8985  8944  8976
TBILIS 2006 05 12 1  8923  8900  8926  8938  8965  8970  8959  8930  8928  8904  8939  8915
TBILIS 2006 05 12 2  8919  8897  9014  8993  8978  9054  9012  8969  8921  8904  8912  8929
TBILIS 2006 05 13 1  8950  8895  8866  8855  8831  8824  8815  8846  8805  8763  8753  8785
TBILIS 2006 05 13 2  8902  8903  8914  8953  8953  8954  8946  8949  8864  8895  8854  8865
TBILIS 2006 05 14 1  8899  8918  8867  8853  8865  8839  8880  8955  8964  8959  9043  9012
TBILIS 2006 05 14 2  9060  9094  8998  8931  8987  8948  8917  8959  8958  8944  8963  8973
TBILIS 2006 05 15 1  8955  8943  8941  8947  8981  8963  8987  8989  9003  9016  9035  9053
TBILIS 2006 05 15 2  9046  9034  9016  9002  8963  8947  8964  8923  8937  8947  8949  8930
TBILIS 2006 05 16 1  8910  8977  8941  8947  8969  8968  8990  9012  9035  9048  9008  9010
TBILIS 2006 05 16 2  9028  8961  8966  8976  8965  8924  8979  8971  8988  8972  8935  8938
TBILIS 2006 05 17 1  8928  8951  8960  8934  8947  9036  9015  9001  9024  9019  9052  9093
TBILIS 2006 05 17 2  9050  9006  9039  9050  9042  9016  9026  9035  8973  8974  8980  9006
TBILIS 2006 05 18 1  9023  9023  9016  9024  9028  9014  8984  9031  9065  9086  9120  9131
TBILIS 2006 05 18 2  9104  9105  9100  9072  9091  9107  9134  9120  9060  9093  9088  9047
TBILIS 2006 05 19 1  9042  9024  9010  9021  9022  9020  9035  9052  9016  9013  9052  9029
TBILIS 2006 05 19 2  9015  8996  8987  9031  9040  8987  9005  9007  9007  9024  8945  8996
TBILIS 2006 05 20 1  8965  8951  8936  8916  8896  8939  8965  8978  8970  8987  9012  9055
TBILIS 2006 05 20 2  9021  9062  9044  8987  8980  8944  8956  8985  9035  8989  8945  8951
TBILIS 2006 05 21 1  9003  8935  8921  8921  8967  8968  8991  8990  9035  9036  9081  9138
TBILIS 2006 05 21 2  9125  9109  9125  9135  9069  9080  9102  9091  9090  9072  9113  9114
TBILIS 2006 05 22 1  9023  9075  9017  9016  9027  8954  9006  9003  8982  9018  9062  9008
TBILIS 2006 05 22 2  8988  8984  9029  9044  9000  9044  9034  8986  8974  8953  8967  8942
TBILIS 2006 05 23 1  8936  8916  8933  8955  8968  8955  9006  9045  9016  8994  9015  9014
TBILIS 2006 05 23 2  9012  9019  9067  9022  9030  8981  8964  8966  8967  8962  8924  8881
TBILIS 2006 05 24 1  8869  8893  8777  8773  8785  8924  8900  8920  8911  8931  8925  8952
TBILIS 2006 05 24 2  8984  8990  8996  9031  9040  9059  9019  9025  9080  9110  9111  9054
TBILIS 2006 05 25 1  9038  8990  9030  8996  9004  9025  9006  9047  9086  9120  9112  9153
TBILIS 2006 05 25 2  9151  9140  9104  9090  9085  9123  9093  9071  9029  9044  9042  9010
TBILIS 2006 05 26 1  8995  9002  9021  8987  9006  9013  9057  9065  9078  9096  9113  9107
TBILIS 2006 05 26 2  9058  9101  9102  9101  9135  9126  9100  9092  9065  9048  9031  9031
TBILIS 2006 05 27 1  9066  9027  8980  8994  8983  8995  9059  9036  9137  9095  9128  9122
TBILIS 2006 05 27 2  9123  9088  9078  9067  9084  9071  9148  9085  9118  9135  9134  9164
TBILIS 2006 05 28 1  9142  9113  9108  9100  9089  9067  9067  9107  9136  9149  9093  9162
TBILIS 2006 05 28 2  9164  9137  9179  9168  9096  9058  9061  9048  9107  9103  9110  9103
TBILIS 2006 05 29 1  9081  9067  9084  9017  9020  9013  9026  9042  9041  9081  9089  9098
TBILIS 2006 05 29 2  9090  9120  9087  9074  9064  9032  9052  9035  9048  8999  9010  9043
TBILIS 2006 05 30 1  9059  9035  9019  8990  8970  9027  9078  9121  9075  9108  9137  9083
TBILIS 2006 05 30 2  9102  9102  9076  9071  9087  9005  9091  9072  9069  9043  9009  9018
TBILIS 2006 05 31 1  9008  8979  8970  9000  8993  8990  9046  9094  9076  9086  9072  9071
TBILIS 2006 05 31 2  9096  9082  9063  9065  9031  9032  9010  9021  9010  8947  8936  8951
Cosmic-Ray Neutron Monitor Data (Hourly, Pressure-Corrected and Scale-Adjusted Counts)
Collections: WDC for Cosmic Rays, Solar-Terrestrial Environment Laboratory, Nagoya Univ.
Data Access: http://center.stelab.nagoya-u.ac.jp/WDCCR/index.html
Project: ICSU WDC
Citation: WDC for Cosmic Rays, Solar-Terrestrial Environment Laboratory, Nagoya University
Station ID: TBILIS
Station:  TBILISI,GIORGIA,INSTITUT GEOPHYSIKY (IG), GIORGIAN ACADEMY OF SCIENCES,GIORGIA 
Instrument:  18 NM-64 NEUTRON MONITOR, CORRECTED FOR PRESSURE TO 965 MB   ,COEF.=-0.690 %/MB
Latitude (deg.):   41.72  Longitude (deg.):   44.80  Altitude (m):  510.00
Cut-Off Rigidity (GV):    6.73
Year: 2006  Month:   6
Scaling Factor (SF):    64.0   Constant (CONST):     0.0  Real Counts = (DATA + CONST)*SF
Temporal Resolution: 1 hour
UTC Start Hour:     0.0
                         FILE IS PREPARED IN IZMIRAN                            
                                                        
Monthly Average:  9063.4
Updated (YYYY MM DD): 2007 02 01
*******************************************************************************************
ID     YYYY MM DD 1     0     1     2     3     4     5     6     7     8     9    10    11
ID     YYYY MM DD 2    12    13    14    15    16    17    18    19    20    21    22    23
*******************************************************************************************
TBILIS 2006 06 01 1  8943  8950  8966  8961  8957  9006  9005  9012  8996  9031  9080  9070
TBILIS 2006 06 01 2  9077  9043  9058  9078  9056  9016  9041  9066  9036  9034  9031  9026
TBILIS 2006 06 02 1  9058  9069  9001  8989  9025  9076  9115  9101  9091  9096  9081  9099
TBILIS 2006 06 02 2  9048  9038  9014  9017  9032  9061  9043  9036  9031  9028  9026  9057
TBILIS 2006 06 03 1  9058  9055  9004  8996  9071  9035  9076  9087  9081  9103  9109  9063
TBILIS 2006 06 03 2  9045  9046  9087  9019  9013  9012  9062  9030  8986  8952  9022  8967
TBILIS 2006 06 04 1  9003  8978  8946  8948  8987  9000  9054  9060  9088  9070  9043  9020
TBILIS 2006 06 04 2  9033  9023  9053  9017  9012  8949  8958  8975  8951  8952  8937  8960
TBILIS 2006 06 05 1  8939  8948  8922  8910  8910  8920  8988  8977  9003  9018  9048  9031
TBILIS 2006 06 05 2  9048  9071  9046  9045  9023  8993  9005  9023  8986  8965  8996  9006
TBILIS 2006 06 06 1  8980  8983  9003  8976  8974  8974  9041  9044  9113  9096  9065  9086
TBILIS 2006 06 06 2  9106  9125  9108  9103  9132  9116  9110  9058  9055  9085  9054  9034
TBILIS 2006 06 07 1  9026  9017  9057  9033  8996  9036  9091  9115  9169  9186  9174  9181
TBILIS 2006 06 07 2  9160  9205  9193  9147  9133  9084  9136  9126  9110  9130  9115  9155
TBILIS 2006 06 08 1  9106  9095  9113  9102  9089  9093  9142  9198  9192  9205  9180  9173
TBILIS 2006 06 08 2  9174  9177  9146  9182  9148  9132  9118  9078  9093  9118  9077  9069
TBILIS 2006 06 09 1  9083  9019  9039  9065  9071  9046  9081  9067  9076  9132  9122  9126
TBILIS 2006 06 09 2  9110  9112  9125  9093  9059  9012  9006  9010  9037  9036  9033  9041
TBILIS 2006 06 10 1  9044  8992  9000  9025  9021  9056  9090  9087  9088  9089  9105  9125
TBILIS 2006 06 10 2  9116  9125  9063  9043  9036  9034  9021  9019  9075  9052  9034  9010
TBILIS 2006 06 11 1  8983  9015  8981  9027  9009  9031  9055  9067  9109  9090  9108  9107
TBILIS 2006 06 11 2  9097  9095  9068  9103  9083  9089  9094  9083  9063  9076  9045  9048
TBILIS 2006 06 12 1  9060  9055  9046  9038  9031  9049  9078  9091  9063  9095  9064  9038
TBILIS 2006 06 12 2  9036  9042  9051  9029  9045  9024  8985  8995  8995  9046  9114  9084
TBILIS 2006 06 13 1  9129  9077  9076  9051  9050  9068  9059  9057  9060  9049  9094  9069
TBILIS 2006 06 13 2  9067  9068  9048  9052  9075  9065  9038  9037  9011  8982  9012  9032
TBILIS 2006 06 14 1  9023  9024  9028  9060  9038  9074  9064  9090  9092  9109  9112  9130
TBILIS 2006 06 14 2  9130  9111  9053  9052  9046  9013  9015  8979  8995  9001  9029  8988
TBILIS 2006 06 15 1  8978  8977  8961  8989  9038  9080  9065  9072  9100  9123  9112  9107
TBILIS 2006 06 15 2  9114  9115  9106  9065  9069  9056  8998  9038  9085  9064  9059  9038
TBILIS 2006 06 16 1  9006  9004  9003  8996  9012  9015  9070  9087  9063  9100  9086  9056
TBILIS 2006 06 16 2  9059  9052  9087  9047  9019  9018  9006  9072  9059  9053  9065  9048
TBILIS 2006 06 17 1  9035  9034  9068  9006  9055  9044  9100  9101  9063  9060  9031  9027
TBILIS 2006 06 17 2  9041  9029  9050  9032  9030  9014  9006  9024  9045  9019  9051  9049
TBILIS 2006 06 18 1  9036  9042  9032  9019  9010  9027  9038  9040  9071  9091  8990  9037
TBILIS 2006 06 18 2  9036  9064  9080  9014  9076  9046  8989  9018  9019  9004  9006  9001
TBILIS 2006 06 19 1  9007  8976  8979  9018  9000  9027  9032  9058  9040  9067  9063  9089
TBILIS 2006 06 19 2  9084  9068  9060  9065  9032  9014  9053  9092  9067  9067  9080  9075
TBILIS 2006 06 20 1  9083  9054  9063  9052  9039  9038  9068  9105  9138  9144  9128  9111
TBILIS 2006 06 20 2  9127  9108  9132  9117  9096  9108  9082  9080  9052  9071  9118  9053
TBILIS 2006 06 21 1  9026  9023  9023  9044  9052  9054  9058  9094  9131  9125  9121  9122
TBILIS 2006 06 21 2  9164  9146  9163  9154  9168  9135  9094  9099  9099  9090  9125  9061
TBILIS 2006 06 22 1  9097  9034  9068  9066  9079  9112  9102  9138  9124  9155  9134  9128
TBILIS 2006 06 22 2  9125  9160  9141  9136  9129  9123  9087  9131  9083  9050  9084  9031
TBILIS 2006 06 23 1  9039  9004  9015  9001  9021  9026  9074  9082  9090  9097  9096  9118
TBILIS 2006 06 23 2  9122  9113  9164  9149  9159  9129  9132  9120  9108  9131  9113  9078
TBILIS 2006 06 24 1  9121  9081  9079  9039  9058  9069  9086  9072  9068  9099  9083  9097
TBILIS 2006 06 24 2  9144  9154  9120  9119  9099  9095  9075  9070  9065  9080  9046  9043
TBILIS 2006 06 25 1  9045  9051  9059  9078  9082  9112  9102  9126  9129  9166  9146  9152
TBILIS 2006 06 25 2  9086  9114  9111  9093  9055  9038  9031  9021  9048  8955  8970  9003
TBILIS 2006 06 26 1  8980  9007  9000  8986  8961  8967  9032  9061  9098  9140  9146  9108
TBILIS 2006 06 26 2  9134  9144  9122  9123  9115  9069  9030  9003  8993  8960  8989  8988
TBILIS 2006 06 27 1  8983  8998  9045  9096  9084  9093  9095  9105  9115  9139  9137  9145
TBILIS 2006 06 27 2  9169  9137  9160  9180  9107  9131  9054  9111  9116  9108  9115  9078
TBILIS 2006 06 28 1  9079  9055  9056  9112  9124  9119  9140  9139  9166  9215  9198  9197
TBILIS 2006 06 28 2  9180  9152  9179  9135  9090  9076  9118  9073  9066  9116  9044  9083
TBILIS 2006 06 29 1  9077  9057  9055  9023  9030  9050  9062  9055  9029  9040  9046  9063
TBILIS 2006 06 29 2  9056  9091  9111  9099  9096  9088  9101  9037  9031  9010  9004  8947
TBILIS 2006 06 30 1  8976  9010  8999  9000  9002  9073  9068  9076  9075  9035  9012  9065
TBILIS 2006 06 30 2  9108  9098  9118  9089  9070  9071  9079  9012  9036  9023  9054  9023
TBILIS 2006 06 31 1 99999 99999 99999 99999 99999 99999 99999 99999 99999 99999 99999 99999
TBILIS 2006 06 31 2 99999 99999 99999 99999 99999 99999 99999 99999 99999 99999 99999 99999
Cosmic-Ray Neutron Monitor Data (Hourly, Pressure-Corrected and Scale-Adjusted Counts)
Collections: WDC for Cosmic Rays, Solar-Terrestrial Environment Laboratory, Nagoya Univ.
Data Access: http://center.stelab.nagoya-u.ac.jp/WDCCR/index.html
Project: ICSU WDC
Citation: WDC for Cosmic Rays, Solar-Terrestrial Environment Laboratory, Nagoya University
Station ID: TBILIS
Station:  TBILISI,GIORGIA,INSTITUT GEOPHYSIKY (IG), GIORGIAN ACADEMY OF SCIENCES,GIORGIA 
Instrument:  18 NM-64 NEUTRON MONITOR, CORRECTED FOR PRESSURE TO 965 MB   ,COEF.=-0.690 %/MB
Latitude (deg.):   41.72  Longitude (deg.):   44.80  Altitude (m):  510.00
Cut-Off Rigidity (GV):    6.73
Year: 2006  Month:   7
Scaling Factor (SF):    64.0   Constant (CONST):     0.0  Real Counts = (DATA + CONST)*SF
Temporal Resolution: 1 hour
UTC Start Hour:     0.0
                         FILE IS PREPARED IN IZMIRAN                            
                                                        
Monthly Average:  8969.1
Updated (YYYY MM DD): 2007 02 01
*******************************************************************************************
ID     YYYY MM DD 1     0     1     2     3     4     5     6     7     8     9    10    11
ID     YYYY MM DD 2    12    13    14    15    16    17    18    19    20    21    22    23
*******************************************************************************************
TBILIS 2006 07 01 1  9023  9060  9060  9096  9065  9112  9089  9131  9159  9154  9154  9172
TBILIS 2006 07 01 2  9162  9127  9135  9162  9127  9101  9113  9050  9037  9024  9028  9058
TBILIS 2006 07 02 1  9013  9011  9014  9075  9058  9085  9103  9119  9126  9154  9149  9145
TBILIS 2006 07 02 2  9131  9094  9087  9057  9054  8996  8977  8958  8987  8963  9000  8994
TBILIS 2006 07 03 1  8995  8983  8946  8961  8914  8961  9016  9086  9046  9106  9108  9118
TBILIS 2006 07 03 2  9105  9109  9070  9116  9100  9047  9051  9026  9014  9005  9008  8941
TBILIS 2006 07 04 1  8923  8931  8938  8915  8935  8985  9034  9013  9060  9102  9045  9071
TBILIS 2006 07 04 2  9035  9105  9093  9077  9056  9090  9055  9081  9087  9071  9084  9085
TBILIS 2006 07 05 1  9036  9042  9013  9000  8981  9038  9099  9062  9076  9046  9065  9061
TBILIS 2006 07 05 2  9055  9025  9053  9043  9035  9029  9012  9004  9053  8999  9016  9026
TBILIS 2006 07 06 1  8998  8990  8985  8970  8980  9009  9008  9043  9061  9070  9094  9086
TBILIS 2006 07 06 2  9080  9075  9080  9048  9036  9012  9040  9101  9057  9059  9024  9035
TBILIS 2006 07 07 1  9021  8988  8987  9015  8975  9038  9021  9038  9055  9107  9092  9065
TBILIS 2006 07 07 2  9097  9130  9086  9066  9061  9026  9025  8999  9007  9009  8995  8983
TBILIS 2006 07 08 1  9001  8969  8929  8919  8919  8988  9051  9053  9069  9072  9059  9095
TBILIS 2006 07 08 2  9142  9157  9104  9045  9043  9030  9024  9028  9001  9006  8985  8937
TBILIS 2006 07 09 1  8895  8886  8931  8899  8971  8987  9008  9023  9030  9060  9047  9051
TBILIS 2006 07 09 2  9023  9026  9014  9024  9024  8989  8993  8973  8949  8938  8936  8965
TBILIS 2006 07 10 1  8992  8991  8968  8953  8950  8953  8974  8953  8995  8948  8956  8942
TBILIS 2006 07 10 2  8983  9006  9053  9036  8983  8946  8910  8839  8776  8763  8769  8770
TBILIS 2006 07 11 1  8803  8804  8828  8868  8848  8862  8866  8873  8874  8910  8853  8795
TBILIS 2006 07 11 2  8772  8769  8765  8769  8778  8745  8725  8742  8756  8767  8703  8682
TBILIS 2006 07 12 1  8677  8680  8705  8697  8731  8746  8781  8795  8832  8863  8880  8911
TBILIS 2006 07 12 2  8892  8888  8829  8871  8816  8811  8796  8795  8790  8805  8829  8791
TBILIS 2006 07 13 1  8731  8785  8759  8771  8817  8862  8851  8943  8920  8941  8970  8979
TBILIS 2006 07 13 2  8933  8913  8886  8897  8918  8861  8854  8842  8819  8815  8782  8789
TBILIS 2006 07 14 1  8816  8804  8791  8785  8789  8847  8881  8905  8903  8910  8895  8864
TBILIS 2006 07 14 2  8891  8925  8970  8973  8973  8962  8910  8902  8874  8871  8880  8843
TBILIS 2006 07 15 1  8838  8864  8854  8884  8925  8927  8976  8988  8963  9015  8968  8975
TBILIS 2006 07 15 2  8937  8901  8917  8887  8844  8885  8847  8875  8848  8857  8922  8913
TBILIS 2006 07 16 1  8929  8895  8919  8920  8936  8959  8970  8982  8976  8997  8984  8973
TBILIS 2006 07 16 2  8973  9009  9020  8993  8903  8848  8917  8862  8906  8880  8844  8823
TBILIS 2006 07 17 1  8883  8888  8808  8794  8812  8823  8862  8849  8912  8950  8930  8952
TBILIS 2006 07 17 2  8937  8975  8973  8929  8915  8873  8880  8849  8848  8860  8914  8899
TBILIS 2006 07 18 1  8872  8848  8850  8810  8825  8878  8912  8939  8940  8932  8962  8933
TBILIS 2006 07 18 2  8962  8949  8939  8912  8909  8896  8899  8908  8932  8876  8877  8898
TBILIS 2006 07 19 1  8874  8868  8869  8913  8918  8927  8916  8907  8971  8941  8925  8983
TBILIS 2006 07 19 2  8967  8947  8975  8941  8951  8944  8951  8942  8952  8990  8918  8962
TBILIS 2006 07 20 1  8935  8862  8949  8925  8944  8939  8931  8956  8944  8924  8924  8946
TBILIS 2006 07 20 2  8965  8967  8936  8952  8952  8945  8898  8948  8917  8920  8897  8908
TBILIS 2006 07 21 1  8929  8905  8910  8892  8903  8900  8913  8912  8946  8921  8916  8942
TBILIS 2006 07 21 2  8987  8971  8964  8957  8971  8962  8933  8950  8914  8947  8944  8938
TBILIS 2006 07 22 1  8962  8908  8920  8938  8939  8949  8926  8943  8970  9001  8978  8992
TBILIS 2006 07 22 2  9020  9038  9028  9030  8991  9018  8982  8980  8963  8988  8970  8952
TBILIS 2006 07 23 1  8981  8962  8970  8945  8948  8987  8980  8980  9014  9017  9015  9008
TBILIS 2006 07 23 2  9038  9020  9052  9017  8998  8956  8948  8969  8945  8967  8979  8936
TBILIS 2006 07 24 1  8935  8936  8917  8899  8935  8977  8978  9019  9030  9017  8983  9035
TBILIS 2006 07 24 2  9051  9088  9120  9117  9114  9076  9085  9056  9078  9113  9061  9044
TBILIS 2006 07 25 1  9020  8999  8991  9014  8972  9005  9016  9031  9030  9013  9002  8979
TBILIS 2006 07 25 2  8990  8993  9037  9019  9026  8984  9020  8992  8970  8990  9050  9003
TBILIS 2006 07 26 1  9027  8993  8981  8962  8977  8965  8962  8981  8962  8951  8960  8932
TBILIS 2006 07 26 2  9004  9042  9000  8935  8963  8947  8954  8952  8954  8961  8937  8933
TBILIS 2006 07 27 1  8933  8947  8964  8939  8945  8926  8960  8963  8980  9000  9079  9058
TBILIS 2006 07 27 2  9089  9068  9053  9016  9054  9003  9011  9007  8968  8999  9009  8978
TBILIS 2006 07 28 1  8935  8935  8912  8950  9015  9063  9043  9058  9024  9034  9039  9062
TBILIS 2006 07 28 2  9070  9050  9012  9005  9021  9017  8971  8983  8963  8991  8989  8983
TBILIS 2006 07 29 1  8980  8986  8964  9006  9050  9042  9036  9077  9043  9009  9061  9025
TBILIS 2006 07 29 2  9033  9069  9060  9087  9045  9026  9007  9001  9021  9054  9015  8999
TBILIS 2006 07 30 1  9022  9010  9056  9001  8991  9032  9066  9056  9051  9019  9068  9079
TBILIS 2006 07 30 2  9075  9044  9063  9067  9013  8955  8949  8950  8900  8896  8908  8916
TBILIS 2006 07 31 1  8933  8932  8896  8885  8912  8953  8997  8972  8958  9004  9007  8975
TBILIS 2006 07 31 2  9016  9024  9053  9038  9005  8980  8974  8988  8966  9003  9057  9011
Cosmic-Ray Neutron Monitor Data (Hourly, Pressure-Corrected and Scale-Adjusted Counts)
Collections: WDC for Cosmic Rays, Solar-Terrestrial Environment Laboratory, Nagoya Univ.
Data Access: http://center.stelab.nagoya-u.ac.jp/WDCCR/index.html
Project: ICSU WDC
Citation: WDC for Cosmic Rays, Solar-Terrestrial Environment Laboratory, Nagoya University
Station ID: TBILIS
Station:  TBILISI,GIORGIA,INSTITUT GEOPHYSIKY (IG), GIORGIAN ACADEMY OF SCIENCES,GIORGIA 
Instrument:  18 NM-64 NEUTRON MONITOR, CORRECTED FOR PRESSURE TO 965 MB   ,COEF.=-0.690 %/MB
Latitude (deg.):   41.72  Longitude (deg.):   44.80  Altitude (m):  510.00
Cut-Off Rigidity (GV):    6.73
Year: 2006  Month:   8
Scaling Factor (SF):    64.0   Constant (CONST):     0.0  Real Counts = (DATA + CONST)*SF
Temporal Resolution: 1 hour
UTC Start Hour:     0.0
                         FILE IS PREPARED IN IZMIRAN                            
                                                        
Monthly Average:  9055.0
Updated (YYYY MM DD): 2007 02 01
*******************************************************************************************
ID     YYYY MM DD 1     0     1     2     3     4     5     6     7     8     9    10    11
ID     YYYY MM DD 2    12    13    14    15    16    17    18    19    20    21    22    23
*******************************************************************************************
TBILIS 2006 08 01 1  9000  8984  8973  8978  8959  9008  9049  9047  9015  9041  9023  9041
TBILIS 2006 08 01 2  9064  9082  9075  9029  9043  9065  9035  9073  9036  8992  8977  8977
TBILIS 2006 08 02 1  8978  8950  8958  8959  8998  9020  9055  9083  9061  9067  9076  9059
TBILIS 2006 08 02 2  9038  9004  9005  8997  8942  8934  8944  8933  8964  8980  8999  9019
TBILIS 2006 08 03 1  9003  9005  9025  9018  9019  9031  9052  9036  9074  9076  9055  9039
TBILIS 2006 08 03 2  9054  9055  9036  9026  9011  9019  9000  8980  8974  9005  8977  8926
TBILIS 2006 08 04 1  8947  8914  8965  8972  8983  9011  9019  9005  9005  9064  9089  9044
TBILIS 2006 08 04 2  9027  9087  9070  9082  9010  8993  8960  8934  8929  8924  8913  8910
TBILIS 2006 08 05 1  8912  8909  8953  8938  8939  8971  9014  9057  9081  9052  9064  9074
TBILIS 2006 08 05 2  9067  9090  9057  9033  8991  8972  8956  8892  8877  8945  8930  8914
TBILIS 2006 08 06 1  8928  8937  8916  8934  8965  9020  9025  9017  9036  9060  9075  9089
TBILIS 2006 08 06 2  9117  9072  9048  9030  9033  9039  8993  8947  8950  8956  8977  8955
TBILIS 2006 08 07 1  8985  8966  8968  8978  8978  9005  9095  9111  9140  9123  9140  9111
TBILIS 2006 08 07 2  9116  9153  9128  9089  9074  9001  9017  8981  8976  8961  8968  8978
TBILIS 2006 08 08 1  8963  9001  9014  8970  9000  9054  9053  9043  9072  9041  9051  9064
TBILIS 2006 08 08 2  9104  9122  9099  9096  9133  9092  9090  9030  9012  9012  9017  9000
TBILIS 2006 08 09 1  9024  8993  8973  8990  9015  9050  9074  9078  9088  9120  9102  9133
TBILIS 2006 08 09 2  9139  9145  9156  9074  9049  9004  8995  8976  8998  9001  9031  9062
TBILIS 2006 08 10 1  9027  9016  8988  8975  8998  9026  9048  9047  9078  9053  9053  9038
TBILIS 2006 08 10 2  9025  9068  9016  8971  8977  8977  8961  8982  8978  8988  9016  9013
TBILIS 2006 08 11 1  9026  9022  9013  9033  9023  9055  9081  9097  9082  9107  9115  9137
TBILIS 2006 08 11 2  9114  9140  9147  9104  9103  9128  9124  9116  9089  9075  9084  9074
TBILIS 2006 08 12 1  9121  9065  9084  9060  8997  9054  9096  9092  9135  9147  9164  9153
TBILIS 2006 08 12 2  9184  9165  9155  9178  9178  9173  9171  9169  9137  9129  9128  9105
TBILIS 2006 08 13 1  9074  9056  9043  9049  9066  9078  9103  9118  9142  9131  9130  9197
TBILIS 2006 08 13 2  9166  9154  9168  9159  9132  9136  9138  9094  9110  9114  9110  9101
TBILIS 2006 08 14 1  9071  9115  9049  9065  9067  9099  9101  9125  9130  9140  9166  9133
TBILIS 2006 08 14 2  9181  9190  9181  9222  9206  9213  9170  9156  9127  9128  9106  9103
TBILIS 2006 08 15 1  9090  9097  9090  9101  9082  9165  9138  9157  9106  9137  9177  9161
TBILIS 2006 08 15 2  9200  9215  9212  9226  9167  9109  9063  9072  9061  9079  9071  9044
TBILIS 2006 08 16 1  9064  9028  9019  9026  9054  9083  9085  9121  9164  9166  9172  9169
TBILIS 2006 08 16 2  9172  9160  9149  9139  9108  9091  9094  9090  9082  9091  9057  9080
TBILIS 2006 08 17 1  9057  9051  9024  9027  9045  9057  9071  9097  9092  9139  9108  9156
TBILIS 2006 08 17 2  9155  9165  9133  9128  9062  9056  9102  9066  9054  9042  9023  9029
TBILIS 2006 08 18 1  9048  9008  9026  9044  9067  9079  9117  9117  9092  9115  9123  9130
TBILIS 2006 08 18 2  9152  9133  9111  9104  9066  9082  9047  9015  9021  9035  9028  9031
TBILIS 2006 08 19 1  9012  9012  9037  9049  9063  9086  9089  9063  9092  9076  9069  9045
TBILIS 2006 08 19 2  9051  9068  9095  9073  9068  9043  9035  9076  9101  9107  9021  9017
TBILIS 2006 08 20 1  9051  9036  8994  8981  8991  9014  9004  8980  9003  9053  9006  8985
TBILIS 2006 08 20 2  8971  8939  8948  8929  8899  8883  8926  8953  8898  8915  8890  8881
TBILIS 2006 08 21 1  8899  8948  8936  8955  8940  8943  8969  8992  8996  9031  9014  9058
TBILIS 2006 08 21 2  9022  8985  9028  8998  8978  9006  8991  8977  8983  8978  8920  8942
TBILIS 2006 08 22 1  8926  8899  8924  8896  8911  8951  8926  8953  8999  9089  9123  9093
TBILIS 2006 08 22 2  9077  9056  9038  8994  8971  8977  8963  8958  9005  8971  8972  8991
TBILIS 2006 08 23 1  8987  8988  8993  9006  8993  9005  9042  9098  9102  9141  9137  9142
TBILIS 2006 08 23 2  9090  9080  9082  9043  9037  9023  8983  9027  9005  8963  8974  8974
TBILIS 2006 08 24 1  8978  8969  8989  9012  9009  9021  9084  9116  9091  9109  9114  9087
TBILIS 2006 08 24 2  9098  9109  9090  9116  9087  9057  9025  8998  9043  9059  9057  9030
TBILIS 2006 08 25 1  9053  9014  9009  9022  9023  9053  9078  9112  9109  9131  9146  9127
TBILIS 2006 08 25 2  9125  9155  9133  9054  9064  9070  9016  9025  9015  9002  9042  9030
TBILIS 2006 08 26 1  9045  9032  9010  9045  9031  9062  9127  9150  9165  9137  9163  9187
TBILIS 2006 08 26 2  9175  9197  9160  9151  9137  9108  9092  9114  9134  9138  9129  9078
TBILIS 2006 08 27 1  9054  9045  9029  9034  9046  9089  9108  9080  9105  9144  9161  9267
TBILIS 2006 08 27 2  9249  9255  9251  9299  9273  9218  9170  9166  9169  9167  9106  9090
TBILIS 2006 08 28 1  9065  9063  9060  9055  9122  9050  9107  9103  9179  9135  9169  9156
TBILIS 2006 08 28 2  9162  9146  9108  9116  9084  9071  9087  9068  9040  9019  9051  9046
TBILIS 2006 08 29 1  9019  9007  9004  9022  9042  9085  9055  9092  9143  9170  9184  9224
TBILIS 2006 08 29 2  9188  9194  9179  9133  9144  9081  9082  9081  9116  9055  9086  9025
TBILIS 2006 08 30 1  9027  9068  8998  8981  9014  9012  9046  9053  9081  9076  9088  9095
TBILIS 2006 08 30 2  9075  9103  9058  9057  9046  8998  9014  9023  9004  8986  9007  8983
TBILIS 2006 08 31 1  8986  8962  8953  8993  8983  8981  9035  9035  9002  9036  9054  9053
TBILIS 2006 08 31 2  9026  9022  9015  9016  9016  9050  9065  9065  9076  9066  9034  9053
Cosmic-Ray Neutron Monitor Data (Hourly, Pressure-Corrected and Scale-Adjusted Counts)
Collections: WDC for Cosmic Rays, Solar-Terrestrial Environment Laboratory, Nagoya Univ.
Data Access: http://center.stelab.nagoya-u.ac.jp/WDCCR/index.html
Project: ICSU WDC
Citation: WDC for Cosmic Rays, Solar-Terrestrial Environment Laboratory, Nagoya University
Station ID: TBILIS
Station:  TBILISI,GIORGIA,INSTITUT GEOPHYSIKY (IG), GIORGIAN ACADEMY OF SCIENCES,GIORGIA 
Instrument:  18 NM-64 NEUTRON MONITOR, CORRECTED FOR PRESSURE TO 965 MB   ,COEF.=-0.690 %/MB
Latitude (deg.):   41.72  Longitude (deg.):   44.80  Altitude (m):  510.00
Cut-Off Rigidity (GV):    6.73
Year: 2006  Month:   9
Scaling Factor (SF):    64.0   Constant (CONST):     0.0  Real Counts = (DATA + CONST)*SF
Temporal Resolution: 1 hour
UTC Start Hour:     0.0
                         FILE IS PREPARED IN IZMIRAN                            
                                                        
Monthly Average:  9003.8
Updated (YYYY MM DD): 2007 02 01
*******************************************************************************************
ID     YYYY MM DD 1     0     1     2     3     4     5     6     7     8     9    10    11
ID     YYYY MM DD 2    12    13    14    15    16    17    18    19    20    21    22    23
*******************************************************************************************
TBILIS 2006 09 01 1  9047  9028  9037  9040  9049  9018  9027  9030  9020  9034  9036  9065
TBILIS 2006 09 01 2  9078  9053  9051  9031  9005  9046  9085  9027  9055  9055  9053  9018
TBILIS 2006 09 02 1  8999  8985  8964  8968  8987  8990  8999  8999  9006  9013  9044  9014
TBILIS 2006 09 02 2  9017  9023  9067  9017  8993  8998  9008  9017  8989  9007  9012  9009
TBILIS 2006 09 03 1  8974  8952  8891  8944  8937  8962  8984  9029  9063  9017  9033  9001
TBILIS 2006 09 03 2  9015  9050  9016  9021  9031  9007  8976  8926  8951  8961  8939  8958
TBILIS 2006 09 04 1  8928  8910  8934  8946  8993  9007  9040  9080  9080  9088  9069  9094
TBILIS 2006 09 04 2  9079  9089  9081  9056  9058  9038  9051  9019  9005  8992  8983  8952
TBILIS 2006 09 05 1  8972  8976  8982  9000  8968  9027  9022  8959  8996  9016  9074  9068
TBILIS 2006 09 05 2  9104  9105  9123  9091  9017  9031  9035  9006  9043  9047  9030  9022
TBILIS 2006 09 06 1  9022  9053  8988  8986  8976  9017  9086  9125  9112  9062  9098  9122
TBILIS 2006 09 06 2  9115  9093  9062  9074  9032  9029  9051  9023  8987  8975  8977  8938
TBILIS 2006 09 07 1  8933  8912  8936  8935  8937  8935  8950  8985  9010  9022  9048  9056
TBILIS 2006 09 07 2  9073  9062  9062  9033  9044  9057  9039  9054  9019  8997  8994  8950
TBILIS 2006 09 08 1  8946  8904  8872  8872  8888  8897  8893  8977  9023  9029  9036  9066
TBILIS 2006 09 08 2  9057  9071  9068  9037  9016  8983  9013  8960  8980  8954  8966  8914
TBILIS 2006 09 09 1  8881  8908  8891  8896  8915  8942  9020  9053  9070  9069  9065  9062
TBILIS 2006 09 09 2  9044  9048  9063  9089  9045  9000  9052  9075  9070  9020  8989  8984
TBILIS 2006 09 10 1  8986  8987  8985  8986  8984  9033  9033  9035  8966  8993  9011  8974
TBILIS 2006 09 10 2  8984  8960  8927  8936  8946  8887  8895  8894  8910  8897  8900  8896
TBILIS 2006 09 11 1  8889  8885  8887  8876  8875  8878  8915  8980  9033  9064  9032  9039
TBILIS 2006 09 11 2  9027  9059  9048  9048  9020  9027  9022  8997  8971  8957  8952  8956
TBILIS 2006 09 12 1  8927  8928  8935  8905  8917  8956  8964  8967  8977  9037  9048  9060
TBILIS 2006 09 12 2  9028  9048  9040  9041  9001  9016  9003  9021  8998  8976  8994  8979
TBILIS 2006 09 13 1  8998  8969  8974  8965  8995  8995  9018  9024  9112  9086  9065  9036
TBILIS 2006 09 13 2  9116  9059  9039  9079  9030  9022  8988  8941  8988  8916  8946  8968
TBILIS 2006 09 14 1  8992  8959  8989  8992  8983  8988  8999  9007  9011  9053  9047  9033
TBILIS 2006 09 14 2  9025  9021  9026  9022  9010  8999  8972  8920  8934  8940  8926  8928
TBILIS 2006 09 15 1  8942  8922  8914  8952  8955  8939  8948  8960  9011  9006  8992  9000
TBILIS 2006 09 15 2  8980  9025  9005  8991  9000  8980  8939  8928  8948  8989  9001  8985
TBILIS 2006 09 16 1  9004  8964  8956  8958  8997  8957  9006  9012  9036  9059  9039  9046
TBILIS 2006 09 16 2  9011  9022  9026  8976  9003  8943  8943  8993  8917  8925  8939  8945
TBILIS 2006 09 17 1  8895  8868  8879  8851  8821  8819  8887  8912  8905  8918  8920  8929
TBILIS 2006 09 17 2  8944  8941  8934  8976  8972  8947  8935  8950  8943  8969  8961  8936
TBILIS 2006 09 18 1  8953  8961  8950  8944  8959  8930  8946  8965  8940  8955  8974  8995
TBILIS 2006 09 18 2  8988  8977  9022  8987  8948  8946  8914  8900  8937  8936  8883  8896
TBILIS 2006 09 19 1  8919  8919  8939  8934  8955  9007  8989  9046  9030  9120  9127  9100
TBILIS 2006 09 19 2  9132  9078  9054  9069  9094  9080  9037  9024  9012  8994  9010  8993
TBILIS 2006 09 20 1  8979  8985  8966  8945  8973  9019  8994  8997  9025  9051  8996  9051
TBILIS 2006 09 20 2  9033  9051  9073  9036  9041  9031  9025  9022  8984  8950  8976  8930
TBILIS 2006 09 21 1  8963  8941  8932  8969  8968  8998  9023  9048  9091  9068  9104  9122
TBILIS 2006 09 21 2  9103  9136  9141  9107  9086  9040  9069  9059  9038  9006  8975  8997
TBILIS 2006 09 22 1  9037  9025  9048  9000  9035  9058  9049  9090  9088  9091  9059  9062
TBILIS 2006 09 22 2  9051  9061  9084  9054  9015  9047  9031  9045  9016  9047  9017  9001
TBILIS 2006 09 23 1  8990  8960  9017  8996  9005  9038  9004  9039  9076  9086  9099  9104
TBILIS 2006 09 23 2  9132  9086  9101  9065  9040  9042  9034  9039  9067  8996  8976  8974
TBILIS 2006 09 24 1  8958  8973  8930  8986  9012  8986  9003  9028  9087  9079  9090  9092
TBILIS 2006 09 24 2  9144  9112  9085  9085  9052  9049  9020  8999  8998  8965  8938  8958
TBILIS 2006 09 25 1  8968  8957  8960  8953  8951  8980  9017  9042  9093  9100  9097  9095
TBILIS 2006 09 25 2  9081  9044  9032  9009  8955  8967  8983  8980  8958  8980  8958  8967
TBILIS 2006 09 26 1  8981  8970  8988  8997  9026  9016  9037  9039  9064  9080  9049  9047
TBILIS 2006 09 26 2  9056  9090  9032  9007  8999  8992  9039  9017  9026  9008  9012  8978
TBILIS 2006 09 27 1  8947  8958  8966  8988  8987  9054  8999  9056  9064  9084  9110  9088
TBILIS 2006 09 27 2  9166  9162  9113  9122  9069  9090  9059  9036  9027  8999  8997  8984
TBILIS 2006 09 28 1  8993  8963  8947  8955  8950  8974  8982  9001  9020  9045  9034  9028
TBILIS 2006 09 28 2  9030  9029  9018  9015  8973  8929  8955  8909  8918  8951  8977  8985
TBILIS 2006 09 29 1  8970  8944  8930  8921  8960  8962  8982  8946  8925  8930  8957  9033
TBILIS 2006 09 29 2  9128  9024  8978  8997  8974  8945  8975  8963  8967  8942  8943  8927
TBILIS 2006 09 30 1  8936  8957  8961  8943  8975  9013  9035  9063  9037  9083  9084  9110
TBILIS 2006 09 30 2  9094  9051  9044  9054  9043  9046  9042  9007  9004  9048  9060  9060
TBILIS 2006 09 31 1 99999 99999 99999 99999 99999 99999 99999 99999 99999 99999 99999 99999
TBILIS 2006 09 31 2 99999 99999 99999 99999 99999 99999 99999 99999 99999 99999 99999 99999
Cosmic-Ray Neutron Monitor Data (Hourly, Pressure-Corrected and Scale-Adjusted Counts)
Collections: WDC for Cosmic Rays, Solar-Terrestrial Environment Laboratory, Nagoya Univ.
Data Access: http://center.stelab.nagoya-u.ac.jp/WDCCR/index.html
Project: ICSU WDC
Citation: WDC for Cosmic Rays, Solar-Terrestrial Environment Laboratory, Nagoya University
Station ID: TBILIS
Station:  TBILISI,GIORGIA,INSTITUT GEOPHYSIKY (IG), GIORGIAN ACADEMY OF SCIENCES,GIORGIA 
Instrument:  18 NM-64 NEUTRON MONITOR, CORRECTED FOR PRESSURE TO 965 MB   ,COEF.=-0.690 %/MB
Latitude (deg.):   41.72  Longitude (deg.):   44.80  Altitude (m):  510.00
Cut-Off Rigidity (GV):    6.73
Year: 2006  Month:  10
Scaling Factor (SF):    64.0   Constant (CONST):     0.0  Real Counts = (DATA + CONST)*SF
Temporal Resolution: 1 hour
UTC Start Hour:     0.0
                         FILE IS PREPARED IN IZMIRAN                            
                                                        
Monthly Average:  8978.9
Updated (YYYY MM DD): 2007 02 01
*******************************************************************************************
ID     YYYY MM DD 1     0     1     2     3     4     5     6     7     8     9    10    11
ID     YYYY MM DD 2    12    13    14    15    16    17    18    19    20    21    22    23
*******************************************************************************************
TBILIS 2006 10 01 1  9098  9076  9033  9018  8987  9011  9002  8998  8972  8963  8940  8960
TBILIS 2006 10 01 2  8988  8992  9016  9017  8981  8942  8947  8947  8904  8889  8898  8915
TBILIS 2006 10 02 1  8956  8931  8907  8949  8923  8930  8924  8933  8985  8990  9029  9030
TBILIS 2006 10 02 2  9018  9038  9000  8973  9005  9018  8978  8998  9021  9013  8973  8979
TBILIS 2006 10 03 1  8968  8940  8953  8953  8943  8913  8944  8977  8994  8944  8998  9061
TBILIS 2006 10 03 2  9041  9050  9003  9027  9053  9017  8995  8985  8960  8968  8966  8998
TBILIS 2006 10 04 1  8948  8937  8943  8892  8945  8970  8989  8976  9015  9050  9073  9097
TBILIS 2006 10 04 2  9048  9091  9074  9064  9046  9021  9017  9034  9004  9012  8993  8982
TBILIS 2006 10 05 1  8985  8978  8977  8967  8944  8977  8995  9073  9055  9080  9097  9106
TBILIS 2006 10 05 2  9095  9135  9110  9083  9077  9119  9059  9049  9043  9027  9010  8968
TBILIS 2006 10 06 1  8951  8971  8950  8969  8991  9047  9039  9015  9015  9052  9059  9063
TBILIS 2006 10 06 2  9070  9100  9094  9110  9113  9060  9014  9006  9006  8991  8995  8997
TBILIS 2006 10 07 1  8964  8933  8954  8967  8917  8948  8949  9001  9070  9064  9057  9085
TBILIS 2006 10 07 2  9108  9060  9072  9021  9077  9033  9013  8989  9006  9018  8928  8972
TBILIS 2006 10 08 1  8977  8936  8900  8917  8938  8957  9009  8992  8976  9033  9069  9098
TBILIS 2006 10 08 2  9115  9104  9072  9024  9065  9046  8984  8932  8915  8870  8871  8870
TBILIS 2006 10 09 1  8879  8882  8851  8852  8842  8878  8901  8961  8996  9014  9030  9063
TBILIS 2006 10 09 2  9026  9011  9026  8994  8943  8926  8944  8924  8940  8937  8900  8824
TBILIS 2006 10 10 1  8904  8860  8805  8811  8840  8784  8902  8870  8925  8967  8988  9016
TBILIS 2006 10 10 2  8994  8985  8939  8984  8949  8984  8971  8960  8908  8901  8906  8924
TBILIS 2006 10 11 1  8842  8849  8832  8846  8864  8848  8933  8897  8922  8937  8957  8975
TBILIS 2006 10 11 2  9010  9021  9017  9009  8933  8969  8966  9000  8968  8969  8959  8930
TBILIS 2006 10 12 1  8915  8882  8927  8907  8926  8926  8957  9018  8991  8959  9016  8982
TBILIS 2006 10 12 2  8978  9002  9024  9010  9012  8992  8971  8936  8957  8976  8937  8962
TBILIS 2006 10 13 1  8952  8945  8970  8930  8941  8954  8941  8993  9018  9049  9043  8994
TBILIS 2006 10 13 2  9013  8976  8936  8959  8953  8933  8897  8891  8897  8938  8897  8880
TBILIS 2006 10 14 1  8909  8914  8889  8874  8917  8904  8925  8974  8967  8977  8982  8980
TBILIS 2006 10 14 2  9014  9013  9016  9025  8960  8993  8981  8954  8916  8943  8938  8986
TBILIS 2006 10 15 1  8964  8976  8979  9007  8952  8923  8962  8969  8985  9004  8979  8973
TBILIS 2006 10 15 2  8955  8999  8960  8995  8981  8980  8933  8956  8940  8935  8951  8939
TBILIS 2006 10 16 1  8899  8921  8911  8940  8947  8944  8992  9027  9013  9016  9021  8983
TBILIS 2006 10 16 2  8943  8997  8998  8974  9029  9008  8979  8993  8965  8966  8938  8930
TBILIS 2006 10 17 1  8920  8921  8911  8908  8912  8974  8939  8999  9028  9001  9036  9020
TBILIS 2006 10 17 2  9034  9035  9023  9016  9005  8986  8978  8962  8942  8957  8872  8929
TBILIS 2006 10 18 1  8974  8963  8967  8946  8966  8987  9016  9032  9044  9043  9034  9059
TBILIS 2006 10 18 2  9063  9092  9071  9047  9062  9003  9045  8982  8996  9031  9034  9026
TBILIS 2006 10 19 1  8985  9008  8955  9018  9010  8914  8943  8958  8978  9004  9048  9034
TBILIS 2006 10 19 2  9072  9105  9071  9073  9078  9075  9018  9041  9034  9009  8993  8959
TBILIS 2006 10 20 1  8963  8990  8936  8951  8939  8920  8914  8964  8952  8981  9005  8979
TBILIS 2006 10 20 2  8991  8980  8935  8900  8959  8916  8891  8880  8893  8830  8843  8879
TBILIS 2006 10 21 1  8863  8844  8843  8829  8859  8866  8900  8904  8916  8968  8997  8964
TBILIS 2006 10 21 2  8990  9003  8992  8975  8980  8969  8954  8979  8979  8966  8954  8950
TBILIS 2006 10 22 1  8908  8934  8926  8890  8934  8903  8945  8945  8972  8993  9032  9034
TBILIS 2006 10 22 2  9046  9027  9022  8978  9004  8970  8973  8989  8961  8960  8942  8945
TBILIS 2006 10 23 1  8942  8925  8902  8939  8949  8958  8973  9001  9063  9052  9042  9044
TBILIS 2006 10 23 2  9031  9086  9043  9104  9051  9034  9072  9016  9049  9049  9028  9017
TBILIS 2006 10 24 1  9043  9038  9037  9014  9068  9121  9091  9062  9077  9057  9077  9055
TBILIS 2006 10 24 2  9093  9050  9066  9000  9009  8988  8954  8950  8933  8928  8967  8925
TBILIS 2006 10 25 1  8946  8975  8949  8955  8942  8953  8973  9020  8992  8996  8973  8962
TBILIS 2006 10 25 2  8978  9025  9005  8969  8993  8970  8974  8976  8951  8950  8950  8959
TBILIS 2006 10 26 1  8945  8903  8952  8956  8933  8934  8967  8990  9007  9014  9058  9031
TBILIS 2006 10 26 2  9041  9001  9015  9003  9014  9018  8982  8964  8937  8929  8921  8884
TBILIS 2006 10 27 1  8916  8887  8908  8910  8948  8961  8969  8921  8957  8973  8946  8953
TBILIS 2006 10 27 2  8961  8956  8945  8939  8948  8928  8944  8880  8906  8895  8884  8880
TBILIS 2006 10 28 1  8872  8872  8912  8888  8935  8968  8981  8986  8986  9006  9038  9022
TBILIS 2006 10 28 2  9026  9036  9009  8971  8975  9006  8945  8934  8920  8964  8946  8935
TBILIS 2006 10 29 1  8979  8982  9002  9006  8985  8977  9006  9038  9037  9081  9076  9051
TBILIS 2006 10 29 2  9115  9079  9149  9103  9076  9082  9069  9009  9013  9019  8994  8987
TBILIS 2006 10 30 1  9034  9023  9013  9016  9031  8985  9016  9029  8990  9053  9024  9013
TBILIS 2006 10 30 2  9018  9025  9051  9022  8993  8970  8953  8968  8911  8919  8911  8880
TBILIS 2006 10 31 1  8906  8940  8935  8921  8931  8949  8955  8959  9000  8995  9039  9035
TBILIS 2006 10 31 2  8968  9031  8992  8954  8964  8939  8929  8941  8967  8940  8963  8950
Cosmic-Ray Neutron Monitor Data (Hourly, Pressure-Corrected and Scale-Adjusted Counts)
Collections: WDC for Cosmic Rays, Solar-Terrestrial Environment Laboratory, Nagoya Univ.
Data Access: http://center.stelab.nagoya-u.ac.jp/WDCCR/index.html
Project: ICSU WDC
Citation: WDC for Cosmic Rays, Solar-Terrestrial Environment Laboratory, Nagoya University
Station ID: TBILIS
Station:  TBILISI,GIORGIA,INSTITUT GEOPHYSIKY (IG), GIORGIAN ACADEMY OF SCIENCES,GIORGIA 
Instrument:  18 NM-64 NEUTRON MONITOR, CORRECTED FOR PRESSURE TO 965 MB   ,COEF.=-0.690 %/MB
Latitude (deg.):   41.72  Longitude (deg.):   44.80  Altitude (m):  510.00
Cut-Off Rigidity (GV):    6.73
Year: 2006  Month:  11
Scaling Factor (SF):    64.0   Constant (CONST):     0.0  Real Counts = (DATA + CONST)*SF
Temporal Resolution: 1 hour
UTC Start Hour:     0.0
                         FILE IS PREPARED IN IZMIRAN                            
                                                        
Monthly Average:  8959.5
Updated (YYYY MM DD): 2007 02 01
*******************************************************************************************
ID     YYYY MM DD 1     0     1     2     3     4     5     6     7     8     9    10    11
ID     YYYY MM DD 2    12    13    14    15    16    17    18    19    20    21    22    23
*******************************************************************************************
TBILIS 2006 11 01 1  8946  8946  8935  8936  8960  9066  9042  9060  9056  9079  9078  9052
TBILIS 2006 11 01 2  9026  9065  8997  9039  9009  9029  9017  8985  8974  9010  8997  8980
TBILIS 2006 11 02 1  9033  8990  9044  9065  9002  9039  9024  8987  8976  8947  8971  8944
TBILIS 2006 11 02 2  8982  8997  9010  9017  9009  8999  9016  9011  9023  9040  9013  9001
TBILIS 2006 11 03 1  9004  8980  8993  8990  9033  8967  9026  9006  9042  9032  9027  9008
TBILIS 2006 11 03 2  9049  9016  9047  8996  8975  8995  8961  8998  8986  9011  9011  8997
TBILIS 2006 11 04 1  9025  9038  9045  9023  9039  9053  9051  9070  9116  9073  9091  9097
TBILIS 2006 11 04 2  9080  9080  9059  9053  9058  9061  9027  9033  9084  9082  9063  9051
TBILIS 2006 11 05 1  9018  9073  9031  8969  9072  9067  9090  9142  9164  9199  9195  9195
TBILIS 2006 11 05 2  9167  9174  9155  9107  9127  9099  9096  9077  9061  9044  9045  9051
TBILIS 2006 11 06 1  9055  9053  9074  9069  9042  9057  9014  8970  8980  9003  9030  8988
TBILIS 2006 11 06 2  9008  8981  8971  8971  8927  8955  8961  8929  8912  8884  8931  8934
TBILIS 2006 11 07 1  8896  8928  8915  8942  8914  8934  8969  9027  9029  9080  9037  9078
TBILIS 2006 11 07 2  9049  9048  9021  9001  9023  9007  9020  8987  8959  8961  8977  8952
TBILIS 2006 11 08 1  8936  8940  8994  9007  9004  9051  9009  9022  9015  9047  9041  9013
TBILIS 2006 11 08 2  8996  8982  8951  8940  8944  8947  8982  8998  8970  8949  8972  8989
TBILIS 2006 11 09 1  8993  8977  8980  8978  8956  8946  8939  8957  9002  8930  8965  8973
TBILIS 2006 11 09 2  8963  8923  8924  8930  8904  8886  8901  8954  8913  8882  8921  8926
TBILIS 2006 11 10 1  8945  8921  8905  8895  8853  8884  8867  8898  8932  8967  9028  8978
TBILIS 2006 11 10 2  8937  8974  8950  8946  8951  8964  8930  8900  8962  8925  8905  8887
TBILIS 2006 11 11 1  8928  8905  8895  8918  8887  8930  8935  8924  8963  8966  8967  8970
TBILIS 2006 11 11 2  8928  8923  8921  8929  8944  8914  8917  8921  8898  8901  8886  8846
TBILIS 2006 11 12 1  8889  8891  8867  8847  8842  8863  8857  8851  8893  8925  8933  8969
TBILIS 2006 11 12 2  8948  8921  8900  8892  8893  8892  8891  8905  8918  8922  8927  8915
TBILIS 2006 11 13 1  8906  8894  8896  8922  8930  8942  8897  8914  8929  8967  8948  8940
TBILIS 2006 11 13 2  8928  8927  8905  8888  8927  8955  8900  8908  8914  8882  8966  8935
TBILIS 2006 11 14 1  8919  8930  8938  8956  8941  8957  8968  8880  8896  8883  8875  8864
TBILIS 2006 11 14 2  8898  8883  8890  8906  8945  8978  8985  9004  8978  8972  8933  8917
TBILIS 2006 11 15 1  8898  8901  8920  8939  8951  8961  8903  8894  8915  8992  8961  8961
TBILIS 2006 11 15 2  9001  8980  8922  8947  8926  8891  8907  8883  8876  8863  8896  8893
TBILIS 2006 11 16 1  8910  8878  8895  8871  8864  8912  8903  8970  8998  8959  8959  8890
TBILIS 2006 11 16 2  8870  8902  8898  8882  8908  8871  8849  8846  8827  8880  8803  8794
TBILIS 2006 11 17 1  8817  8800  8829  8801  8807  8853  9009  9066  9064  9060  9065  9050
TBILIS 2006 11 17 2  9063  9057  9056  9023  9010  9010  8989  9000  8964  8991  8989  8961
TBILIS 2006 11 18 1  8977  9004  8986  8999  9028  8976  8999  9023  8994  9023  9026  9028
TBILIS 2006 11 18 2  8928  8983  9010  8983  8944  8918  8937  8956  8946  8957  8924  8939
TBILIS 2006 11 19 1  8898  8845  8811  8850  8844  8887  8906  8937  8958  9026  8958  8903
TBILIS 2006 11 19 2  8846  8849  8907  8932  8916  8918  8881  8844  8852  8884  8832  8883
TBILIS 2006 11 20 1  8855  8834  8822  8845  8845  8873  8891  8922  8967  8926  8956  8993
TBILIS 2006 11 20 2  8994  8992  9005  8961  8993  8940  8945  8944  8913  8899  8903  8873
TBILIS 2006 11 21 1  8855  8869  8863  8880  8893  8897  8907  8950  8963  8947  8963  8936
TBILIS 2006 11 21 2  8934  8928  8917  8924  8906  8930  8905  8932  8934  8902  8895  8861
TBILIS 2006 11 22 1  8929  8909  8919  8917  8866  8939  8952  8951  8924  8940  8951  8952
TBILIS 2006 11 22 2  8982  8966  8969  8960  8941  8942  8962  8966  8965  8960  8962  8915
TBILIS 2006 11 23 1  8875  8942  8907  8898  8905  8949  8928  8944  8942  8937  8954  8954
TBILIS 2006 11 23 2  8980  8956  8949  8917  8901  8883  8914  8916  8885  8873  8832  8837
TBILIS 2006 11 24 1  8839  8839  8855  8872  8849  8871  8940  8931  8946  8986  8994  9008
TBILIS 2006 11 24 2  8998  8949  8957  8920  8936  8912  8963  8960  8935  8915  8886  8862
TBILIS 2006 11 25 1  8881  8901  8889  8897  8901  8928  8910  8957  8991  9025  9027  9012
TBILIS 2006 11 25 2  9030  9018  9020  9030  9042  9047  9001  9017  9009  8961  8987  8970
TBILIS 2006 11 26 1  8915  8920  8927  8929  8912  8915  8940  8960  9009  9023  9064  9080
TBILIS 2006 11 26 2  9045  9067  9059  9068  9068  9069  9082  9088  9085  9057  9019  8993
TBILIS 2006 11 27 1  9046  9054  9054  9005  9015  9057  9040  9064  9055  9072  9069  9082
TBILIS 2006 11 27 2  8996  9004  9001  9007  8963  8930  8943  8929  8933  8906  8922  8930
TBILIS 2006 11 28 1  8915  8885  8905  8884  8946  8958  8843  8819  8791  8805  8854  8890
TBILIS 2006 11 28 2  8936  8988  9031  9069  9053  9001  9002 99999 99999 99999 99999 99999
TBILIS 2006 11 29 1 99999 99999 99999 99999 99999 99999 99999 99999 99999 99999 99999  8891
TBILIS 2006 11 29 2  8903  8877  8892  8879  8878  8904  8877  8914  8927  8906  8891  8882
TBILIS 2006 11 30 1  8927  8967  8956  8954  8949  8982  8926  8965  9016  9025  9038  9007
TBILIS 2006 11 30 2  9006  9039  8990  9014  8997  8955  8963  8951  8978  8946  8941  8969
TBILIS 2006 11 31 1 99999 99999 99999 99999 99999 99999 99999 99999 99999 99999 99999 99999
TBILIS 2006 11 31 2 99999 99999 99999 99999 99999 99999 99999 99999 99999 99999 99999 99999
Cosmic-Ray Neutron Monitor Data (Hourly, Pressure-Corrected and Scale-Adjusted Counts)
Collections: WDC for Cosmic Rays, Solar-Terrestrial Environment Laboratory, Nagoya Univ.
Data Access: http://center.stelab.nagoya-u.ac.jp/WDCCR/index.html
Project: ICSU WDC
Citation: WDC for Cosmic Rays, Solar-Terrestrial Environment Laboratory, Nagoya University
Station ID: TBILIS
Station:  TBILISI,GIORGIA,INSTITUT GEOPHYSIKY (IG), GIORGIAN ACADEMY OF SCIENCES,GIORGIA 
Instrument:  18 NM-64 NEUTRON MONITOR, CORRECTED FOR PRESSURE TO 965 MB   ,COEF.=-0.690 %/MB
Latitude (deg.):   41.72  Longitude (deg.):   44.80  Altitude (m):  510.00
Cut-Off Rigidity (GV):    6.73
Year: 2006  Month:  12
Scaling Factor (SF):    64.0   Constant (CONST):     0.0  Real Counts = (DATA + CONST)*SF
Temporal Resolution: 1 hour
UTC Start Hour:     0.0
                         FILE IS PREPARED IN IZMIRAN                            
                                                        
Monthly Average:  8892.2
Updated (YYYY MM DD): 2007 02 01
*******************************************************************************************
ID     YYYY MM DD 1     0     1     2     3     4     5     6     7     8     9    10    11
ID     YYYY MM DD 2    12    13    14    15    16    17    18    19    20    21    22    23
*******************************************************************************************
TBILIS 2006 12 01 1  9004  8999  9001  9000  9014  8965  9016  9013  9003  9042  9033  9038
TBILIS 2006 12 01 2  9054  9028  8994  8990  8959  9023  8940  8943  8967  8901  8954  8949
TBILIS 2006 12 02 1  8953  8944  8950  8952  8976  9000  8988  9016  9044  9073  9084  9058
TBILIS 2006 12 02 2  9010  9013  9041  9040  9029  9006  9005  9005  8945  8950  8956  8974
TBILIS 2006 12 03 1  8940  8960  8943  8960  8938  9001  8949  9018  9054  9051  9028  9030
TBILIS 2006 12 03 2  9041  9009  9013  9012  9020  9032  9035  9062  9008  9052  9007  8994
TBILIS 2006 12 04 1  8992  8966  8966  8989  8983  9014  9058  9046  9053  9030  9017  9034
TBILIS 2006 12 04 2  9036  9023  9027  9014  9007  9034  9034  9056  9035  9061  9031  9012
TBILIS 2006 12 05 1  9033  9031  9065  9031  9033  9042  9041  9044  9060  9087  9030  9056
TBILIS 2006 12 05 2  9037  9063  9055  9046  9028  8994  8993  8979  8962  8944  8899  8900
TBILIS 2006 12 06 1  8934  8949  8930  8950  8960  8983  8960  8990  8991  9026  9043  9115
TBILIS 2006 12 06 2  9084  9046  9038  9060  9048  9021  8972  8965  8970  8945  8946  8939
TBILIS 2006 12 07 1  8938  8952  8923  8920  8936  8976  8967  8998  9022  9056  9008  9002
TBILIS 2006 12 07 2  8981  9038  9058  9031  9040  9010  8986  8999  8966  8961  8923  8887
TBILIS 2006 12 08 1  8879  8874  8846  8856  8843  8852  8874  8819  8878  8869  8848  8862
TBILIS 2006 12 08 2  8814  8791  8793  8797  8816  8776  8781  8760  8747  8771  8737  8774
TBILIS 2006 12 09 1  8775  8767  8784  8841  8812  8748  8875  8853  8852  8843  8806  8817
TBILIS 2006 12 09 2  8829  8837  8789  8791  8765  8786  8753  8794  8785  8789  8779  8749
TBILIS 2006 12 10 1  8781  8788  8768  8788  8778  8817  8819  8788  8829  8915  8876  8875
TBILIS 2006 12 10 2  8855  8861  8850  8822  8835  8851  8854  8821  8834  8769  8818  8795
TBILIS 2006 12 11 1  8802  8827  8776  8770  8804  8787  8817  8835  8855  8845  8845  8818
TBILIS 2006 12 11 2  8849  8829  8817  8826  8813  8808  8788  8802  8780  8807  8792  8771
TBILIS 2006 12 12 1  8762  8779  8775  8774  8781  8845  8883  8839  8844  8853  8890  8901
TBILIS 2006 12 12 2  8870  8886  8820  8823  8806  8808  8812  8775  8777  8801  8746  8785
TBILIS 2006 12 13 1  8754  8774  8787  8851  8809  8794  8826  8846  8867  8857  8870  8895
TBILIS 2006 12 13 2  8831  8854  8834  8767  8779  8777  8767  8713  8731  8765  8739  8727
TBILIS 2006 12 14 1  8700  8764  8752  8745  8756  8777  8831  8837  8834  8848  8849  8872
TBILIS 2006 12 14 2  8854  8835  8826  8864  8798  8692  8566  8484  8475  8515  8486  8453
TBILIS 2006 12 15 1  8458  8515  8508  8487  8438  8534  8539  8566  8661  8575  8531  8539
TBILIS 2006 12 15 2  8513  8514  8524  8528  8492  8532  8539  8539  8519  8471  8551  8551
TBILIS 2006 12 16 1  8570  8562  8585  8529  8525  8523  8559  8613  8585  8610  8570  8614
TBILIS 2006 12 16 2  8544  8588  8583  8604  8593  8575  8555  8584  8606  8598  8606  8567
TBILIS 2006 12 17 1  8557  8547  8549  8535  8575  8541  8575  8588  8613  8663  8705  8741
TBILIS 2006 12 17 2  8729  8728  8744  8742  8726  8728  8735  8673  8720  8708  8730  8710
TBILIS 2006 12 18 1  8717  8729  8736  8722  8734  8705  8701  8726  8795  8766  8808  8783
TBILIS 2006 12 18 2  8788  8768  8823  8747  8760  8747  8744  8687  8684  8685  8704  8702
TBILIS 2006 12 19 1  8714  8724  8759  8725  8779  8770  8759  8780  8832  8876  8918  8947
TBILIS 2006 12 19 2  8910  8888  8898  8925  8874  8891  8889  8845  8854  8858  8842  8861
TBILIS 2006 12 20 1  8889  8936  8868  8894  8907  8966  8964  8958  8982  8994  9019  8992
TBILIS 2006 12 20 2  8961  8973  8979  8959  9003  9000  9002  8943  8973  8967  8939  8942
TBILIS 2006 12 21 1  8937  8941  8954  8929  8948  8907  8958  8975  8967  8973  8966  8987
TBILIS 2006 12 21 2  8966  8968  8946  8975  8951  8980  8980  8939  8943  8899  8894  8875
TBILIS 2006 12 22 1  8907  8913  8908  8897  8875  8862  8962  8921  8956  8994  9014  8997
TBILIS 2006 12 22 2  9001  8972  8985  8971  8968  8948  8938  8949  8882  8886  8861  8838
TBILIS 2006 12 23 1  8890  8888  8886  8924  8923  8925  9006  9006  9019  9018  9030  9029
TBILIS 2006 12 23 2  9017  9020  9024  9015  9038  9036  9039  9010  9071  8991  8995  8906
TBILIS 2006 12 24 1  8909  8940  9010  9013  9037  9055  9012  8983  9013  9006  9017  8984
TBILIS 2006 12 24 2  9036  8998  8912  8837  8847  8864  8862  8888  8878  8894  8882  8891
TBILIS 2006 12 25 1  8928  8969  8958  8966  8977  8984  8988  9021  9062  9035  9033  9047
TBILIS 2006 12 25 2  9062  9054  9095  9063  9037  9049  9052  8982  8944  8912  8938  8962
TBILIS 2006 12 26 1  8953  8985  9027  9028  9038  9030  8999  9010  9033  9036  9006  9035
TBILIS 2006 12 26 2  9059  9029  9025  9000  9005  8999  9010  8970  8915  8925  8947  8929
TBILIS 2006 12 27 1  8965  8954  8967  8971  8991  9023  9085  9018  9075  9086  9100  9076
TBILIS 2006 12 27 2  9054  9077  9088  9037  9073  9017  9024  9012  8997  8976  8978  8949
TBILIS 2006 12 28 1  8973  9018  8982  8968  8986  8993  9011  9037  9040  9060  9062  9051
TBILIS 2006 12 28 2  9052  8994  9034  8971  8959  8966  8885  8861  8906  8881  8885  8898
TBILIS 2006 12 29 1  8901  8901  8935  8945  8929  8977  9027  9016  9041  9030  9002  9023
TBILIS 2006 12 29 2  8966  8990  8965  8917  8971  8944  8946  8963  8945  8912  8943  8895
TBILIS 2006 12 30 1  8880  8898  8876  8913  8913  8946  8960  9005  9053  9001  8937  9016
TBILIS 2006 12 30 2  9035  8989  8988  8963  9008  9007  8999  8939  8995  8886  8852  8935
TBILIS 2006 12 31 1  8938  8934  8929  8941  8986  9005  8993  9011  9058  9067  9079  9108
TBILIS 2006 12 31 2  9116  9089  9027  9002  8976  8990  8992  8974  8931  8920  8895  8918
