Cosmic-Ray Neutron Monitor Data (Hourly, Pressure-Corrected and Scale-Adjusted Counts)
Collections: WDC for Cosmic Rays, Solar-Terrestrial Environment Laboratory, Nagoya Univ.
Data Access: http://center.stelab.nagoya-u.ac.jp/WDCCR/index.html
Project: ICSU WDC
Citation: WDC for Cosmic Rays, Solar-Terrestrial Environment Laboratory, Nagoya University
Station ID: TBILIS
Station:  TBILISI,GIORGIA,INSTITUT GEOPHYSIKY (IG), GIORGIAN ACADEMY OF SCIENCES,GIORGIA 
Instrument: 18-NM-64 Corrected to 965 mb Standard Pressure, Coef =-0.69 %/mb                
Latitude (deg.):   41.43  Longitude (deg.):   44.48  Altitude (m):  510.00
Cut-Off Rigidity (GV):    6.73
Year: 2017  Month:   1
Scaling Factor (SF):    64.0   Constant (CONST):     0.0  Real Counts = (DATA + CONST)*SF
Temporal Resolution: 1 hour
UTC Start Hour:     0.0
DATA FILE IS PREPARED BY IZMIRAN (ftp://cr0.izmiran.rssi.ru/Cosray!/FTP_NM/C/)  
 Updated by IZMIRAN on 20180606                         
Monthly Average:  9957.2
Updated (YYYY MM DD): 2018 06 07
*******************************************************************************************
ID     YYYY MM DD 1     0     1     2     3     4     5     6     7     8     9    10    11
ID     YYYY MM DD 2    12    13    14    15    16    17    18    19    20    21    22    23
*******************************************************************************************
TBILIS 2017 01 01 1  9950  9909  9893  9944  9956 10003 10002  9995  9997  9967  9974  9952
TBILIS 2017 01 01 2  9978  9973  9941  9975  9956  9913  9928  9962  9944  9957  9940 10002
TBILIS 2017 01 02 1  9964  9924  9929  9966 10011  9992  9982  9989 10011 10051 10021 10021
TBILIS 2017 01 02 2 10005  9986 10018 10023  9987  9976  9952  9966  9951  9901  9938  9936
TBILIS 2017 01 03 1  9890  9941  9956  9953  9938  9958  9961 10003 10044  9997 10070 10047
TBILIS 2017 01 03 2 10047  9969  9990  9985  9970  9985  9987  9972  9958  9930  9949  9993
TBILIS 2017 01 04 1  9939  9934  9925  9953  9920  9956  9967 10024 10000 10012  9993  9967
TBILIS 2017 01 04 2  9970  9941  9878  9890  9886  9836  9878  9843  9898  9927  9898  9935
TBILIS 2017 01 05 1  9891  9918  9925  9930  9962  9941  9963  9938  9971  9982  9990  9938
TBILIS 2017 01 05 2  9921  9914  9916  9900  9910  9900  9862  9807  9839  9850  9859  9820
TBILIS 2017 01 06 1  9855  9890  9886  9871  9896  9922  9948  9977 10002 10012  9992  9934
TBILIS 2017 01 06 2  9882  9931  9916  9843  9892  9866  9886  9843  9882  9839  9822  9843
TBILIS 2017 01 07 1  9886  9868  9900  9883  9891  9929  9934  9958 10027  9966  9963  9901
TBILIS 2017 01 07 2  9905  9933  9874  9907  9886  9891  9870  9876  9882  9924  9892  9909
TBILIS 2017 01 08 1  9909  9883  9883  9901  9902  9888  9923  9915  9943  9946  9956  9942
TBILIS 2017 01 08 2  9915  9935  9910  9897  9924  9908  9890  9935  9920  9923  9912  9910
TBILIS 2017 01 09 1  9940  9900  9913  9912  9880  9903  9923  9952  9958  9961  9925  9935
TBILIS 2017 01 09 2  9958  9929  9962  9926  9949  9981 10003  9995  9968  9988  9971  9997
TBILIS 2017 01 10 1  9926  9932  9967  9938  9916  9911  9954  9940  9936  9941  9954  9953
TBILIS 2017 01 10 2  9971  9985  9993 10017 10005 10025 10040 10009 10056 10003 10013  9988
TBILIS 2017 01 11 1  9991 10019  9970  9999 10008  9978  9983  9995 10002  9940  9990  9957
TBILIS 2017 01 11 2  9978 10023 10004 10032 10017 10030 10056 10064 10050 10040 10026  9996
TBILIS 2017 01 12 1  9981  9962  9977  9970 10010  9999 10026  9984 10009 10002  9986  9987
TBILIS 2017 01 12 2  9996  9970 10002 10007 10044 10041 10009 10026 10015 10005 10016 10011
TBILIS 2017 01 13 1  9987  9977  9983  9945  9953  9979  9969  9913  9955  9934  9945 10024
TBILIS 2017 01 13 2 10059 10062 10006  9956 10021  9977 10016 10001  9996  9976  9996  9959
TBILIS 2017 01 14 1  9956  9948 10003  9973  9986 10017 10050 10021 10007  9995 10020  9981
TBILIS 2017 01 14 2  9933  9954  9990  9981  9999  9994  9976  9968  9990  9976  9973  9956
TBILIS 2017 01 15 1 10012  9960  9954  9974  9960  9995  9952  9977  9967  9948  9988 10006
TBILIS 2017 01 15 2  9972  9988  9937 10016  9977  9991 10029  9959  9965  9971  9938  9969
TBILIS 2017 01 16 1  9992  9979  9927 10015 10038  9976 10012  9976  9980  9999 10008  9990
TBILIS 2017 01 16 2 10010  9984  9940  9945  9928  9933  9951  9937  9929  9965  9946  9960
TBILIS 2017 01 17 1  9939  9960  9968 10008 10010 10038  9988 10012 10021  9974 10004  9941
TBILIS 2017 01 17 2  9944  9916  9927  9922  9883  9879  9927  9864  9847  9901  9863  9897
TBILIS 2017 01 18 1  9876  9861  9882  9874  9885  9940  9926  9990  9983  9989 10000  9977
TBILIS 2017 01 18 2  9964  9952  9967  9974  9958 10010 10014 10007 10014  9988  9964  9958
TBILIS 2017 01 19 1  9985  9930  9956  9932  9959  9978 10013 10039 10024 10022 10005 10039
TBILIS 2017 01 19 2 10016  9950  9959  9976  9983  9965  9923  9945  9927  9906  9902  9892
TBILIS 2017 01 20 1  9912  9931  9887  9890  9946  9920  9952  9988  9882 10017 10002 10007
TBILIS 2017 01 20 2  9996  9987  9992  9930  9918  9932  9908  9883  9885  9904  9900  9957
TBILIS 2017 01 21 1  9904  9951  9939  9952  9948  9955  9977  9967  9984 10049  9995  9972
TBILIS 2017 01 21 2  9924  9967  9907  9923  9946  9898  9915  9927  9917  9913  9948  9935
TBILIS 2017 01 22 1  9935  9984  9976  9947  9938  9954  9957  9970  9998  9969 10016  9987
TBILIS 2017 01 22 2  9976  9991  9933  9908  9963  9963  9970  9999  9968 10001  9996  9992
TBILIS 2017 01 23 1  9968  9943  9958  9956  9995  9978  9988  9993  9991  9991  9935  9963
TBILIS 2017 01 23 2  9962  9922  9942  9937  9964  9942  9987  9990  9971  9979  9945  9971
TBILIS 2017 01 24 1  9961  9999  9982 10023  9997  9985  9986  9984  9988 10004  9945  9958
TBILIS 2017 01 24 2  9942  9953  9975  9919  9941  9959  9976  9904  9966  9931  9948  9967
TBILIS 2017 01 25 1  9950 10004  9961  9984  9979  9977  9967  9977  9955  9980  9915  9938
TBILIS 2017 01 25 2  9921  9945  9923  9905  9887  9925  9902  9905  9889  9915  9899  9893
TBILIS 2017 01 26 1  9893  9910  9884  9897  9899  9894  9934  9930  9939  9941  9904  9899
TBILIS 2017 01 26 2  9909  9919  9976  9964  9943  9967  9958  9977  9944  9885  9905  9910
TBILIS 2017 01 27 1  9912  9906  9887  9909  9945  9937  9945  9996 10000  9960  9923  9942
TBILIS 2017 01 27 2  9952  9911  9958  9938  9948  9937  9929  9933  9939  9945  9972  9955
TBILIS 2017 01 28 1 10018  9971  9950  9962  9959 10004  9998  9983  9991 10023  9977  9953
TBILIS 2017 01 28 2  9975  9945  9916  9951  9929  9942  9923  9929  9933  9912  9955  9958
TBILIS 2017 01 29 1  9948  9923  9944  9949  9990  9964 10013  9962  9954  9987  9957  9948
TBILIS 2017 01 29 2 10018  9989  9967  9912  9956  9934  9917  9928  9933  9942  9981  9981
TBILIS 2017 01 30 1  9975  9996  9997 10006  9987 10025 10052  9987 10028 10008  9977 10013
TBILIS 2017 01 30 2  9983  9982  9954 10029  9960  9993  9998  9932  9983  9987 10000  9966
TBILIS 2017 01 31 1  9996  9954  9988  9991  9974  9995 10013 10000  9987 10015 10008  9992
TBILIS 2017 01 31 2  9957  9988  9942  9953  9975  9950  9965  9933  9982  9963  9949  9926
Cosmic-Ray Neutron Monitor Data (Hourly, Pressure-Corrected and Scale-Adjusted Counts)
Collections: WDC for Cosmic Rays, Solar-Terrestrial Environment Laboratory, Nagoya Univ.
Data Access: http://center.stelab.nagoya-u.ac.jp/WDCCR/index.html
Project: ICSU WDC
Citation: WDC for Cosmic Rays, Solar-Terrestrial Environment Laboratory, Nagoya University
Station ID: TBILIS
Station:  TBILISI,GIORGIA,INSTITUT GEOPHYSIKY (IG), GIORGIAN ACADEMY OF SCIENCES,GIORGIA 
Instrument: 18-NM-64 Corrected to 965 mb Standard Pressure, Coef =-0.69 %/mb                
Latitude (deg.):   41.43  Longitude (deg.):   44.48  Altitude (m):  510.00
Cut-Off Rigidity (GV):    6.73
Year: 2017  Month:   2
Scaling Factor (SF):    64.0   Constant (CONST):     0.0  Real Counts = (DATA + CONST)*SF
Temporal Resolution: 1 hour
UTC Start Hour:     0.0
DATA FILE IS PREPARED BY IZMIRAN (ftp://cr0.izmiran.rssi.ru/Cosray!/FTP_NM/C/)  
 Updated by IZMIRAN on 20180606                         
Monthly Average:  9955.6
Updated (YYYY MM DD): 2018 06 07
*******************************************************************************************
ID     YYYY MM DD 1     0     1     2     3     4     5     6     7     8     9    10    11
ID     YYYY MM DD 2    12    13    14    15    16    17    18    19    20    21    22    23
*******************************************************************************************
TBILIS 2017 02 01 1  9915  9914  9945  9922  9963  9962  9964 10004 10000  9969 10029 10023
TBILIS 2017 02 01 2  9999  9963  9943  9936  9924  9951  9912  9889  9907  9903  9921  9901
TBILIS 2017 02 02 1  9906  9865  9917  9931  9946  9976 10003  9984 10045 10051  9985 10025
TBILIS 2017 02 02 2  9952  9918  9904  9873  9865  9897  9938  9892  9938  9944  9851  9914
TBILIS 2017 02 03 1  9940  9894  9966  9934  9860  9854  9919  9979  9957  9932  9975  9993
TBILIS 2017 02 03 2  9928  9913  9930  9951  9898  9921  9931  9890  9895  9893  9888  9915
TBILIS 2017 02 04 1 10000  9853  9929  9899  9936  9928  9922  9905  9924  9903  9936  9907
TBILIS 2017 02 04 2  9894  9899  9905  9944  9908  9895  9960  9947  9929  9915  9940  9913
TBILIS 2017 02 05 1  9892  9925  9898  9906  9891  9882  9914  9916  9901  9911  9876  9935
TBILIS 2017 02 05 2  9925  9894  9880  9891  9889  9904  9951  9928  9915  9947  9926  9927
TBILIS 2017 02 06 1  9924  9930  9837  9927  9908  9936  9948  9928  9894  9950  9966  9946
TBILIS 2017 02 06 2  9970  9936  9924  9973  9947  9980  9980  9974  9974  9969  9952  9988
TBILIS 2017 02 07 1  9946  9961  9927  9951  9989  9933  9909  9992  9965  9950  9936  9953
TBILIS 2017 02 07 2  9950  9996  9981  9991  9938 10007  9995 10003 10019 10009  9992  9993
TBILIS 2017 02 08 1  9995 10015  9992  9990 10021 10003  9990 10010  9985 10041 10022  9980
TBILIS 2017 02 08 2 10032 10041  9984 10037  9985  9995 10004 10013 10026 10011  9979  9991
TBILIS 2017 02 09 1  9974  9972  9961  9927  9959  9982 10008  9997  9959  9955  9973  9935
TBILIS 2017 02 09 2  9940  9937  9926  9959  9955  9943  9935  9965  9982  9964  9951  9965
TBILIS 2017 02 10 1  9942  9978  9927  9916  9907  9930  9951  9954  9939  9970  9931  9922
TBILIS 2017 02 10 2  9950  9914  9972  9989  9940  9956  9941  9951  9940  9938  9938  9977
TBILIS 2017 02 11 1  9932  9900  9945  9930  9921  9968  9961  9965  9966  9991  9968  9982
TBILIS 2017 02 11 2  9983  9988 10023 10029 10023 10030  9988  9970 10017 10018  9997  9958
TBILIS 2017 02 12 1  9956  9972  9974  9970  9955  9986  9968  9971  9970  9969  9964  9970
TBILIS 2017 02 12 2  9986  9988  9986 10008 10022  9989  9992  9949  9991 10011  9990  9986
TBILIS 2017 02 13 1  9963  9970  9943  9936  9955  9925  9962  9956  9987  9963  9975  9953
TBILIS 2017 02 13 2  9983  9965  9950  9944  9969  9963  9949  9948  9952  9930  9927  9919
TBILIS 2017 02 14 1  9899  9930  9921  9917  9927  9911  9923  9914  9983  9972  9947  9931
TBILIS 2017 02 14 2  9945  9955  9979  9964  9946  9879  9890  9916  9906  9921  9927  9887
TBILIS 2017 02 15 1  9916  9945  9866  9910  9916  9926  9942  9979  9970  9968  9990  9992
TBILIS 2017 02 15 2  9968 10013  9993  9964  9861  9842  9900  9864  9882  9892  9891  9920
TBILIS 2017 02 16 1  9945  9938  9947  9946  9981 10012 10016 10032 10052 10021  9981 10039
TBILIS 2017 02 16 2 10050  9985 10036  9995 10005  9963  9966  9975  9920  9913  9890  9910
TBILIS 2017 02 17 1  9892  9914  9918  9874  9915  9966  9998 10048 10071 10078 10007 10018
TBILIS 2017 02 17 2 10009  9981  9994  9931  9936  9984  9932  9902  9896  9838  9875  9917
TBILIS 2017 02 18 1  9915  9921  9937  9914  9959  9942  9988 10014 10002  9985  9987 10004
TBILIS 2017 02 18 2  9979 10016  9977  9948  9916  9892  9927  9876  9891  9924  9949  9928
TBILIS 2017 02 19 1  9914  9887  9929  9952  9950  9957 10001 10024  9995  9975  9974  9964
TBILIS 2017 02 19 2  9918  9935  9986  9922  9875  9896  9910  9903  9929  9891  9938  9922
TBILIS 2017 02 20 1  9922  9941  9930  9950  9969  9962 10007  9976  9961  9980  9966  9922
TBILIS 2017 02 20 2  9920  9891  9921  9915  9921  9919  9936  9961  9991  9925  9938  9933
TBILIS 2017 02 21 1  9961  9952  9951  9952  9968  9972  9999  9987  9970  9953  9976  9969
TBILIS 2017 02 21 2  9943  9930  9961  9983  9935  9903  9919  9903  9886  9923  9943  9908
TBILIS 2017 02 22 1  9939  9934  9898  9926  9934  9965  9977  9938  9921  9972  9967  9938
TBILIS 2017 02 22 2  9999  9951  9976  9934  9976  9959  9964  9955  9987  9989  9980  9973
TBILIS 2017 02 23 1  9945  9995  9975  9984  9980  9986 10030 10004  9997 10039  9948  9953
TBILIS 2017 02 23 2  9933  9908  9926  9951  9943  9947  9956  9946  9926  9943  9889  9871
TBILIS 2017 02 24 1  9888  9879  9910  9875  9933  9961  9974  9984  9981  9952  9978  9991
TBILIS 2017 02 24 2  9930  9933  9942  9944  9925  9900  9906  9931  9907  9909  9950  9910
TBILIS 2017 02 25 1  9936  9934  9961  9928 10002  9989 10039 10032 10013 10021  9983  9979
TBILIS 2017 02 25 2  9936  9980  9949  9952  9917  9940  9900  9928  9907  9931  9931  9894
TBILIS 2017 02 26 1  9964  9974  9956  9992  9985  9993 10015  9989 10020 10049 10065  9960
TBILIS 2017 02 26 2  9931 10000  9978  9991  9935  9908  9959  9977  9923  9901  9959  9928
TBILIS 2017 02 27 1  9966  9953  9986 10023 10022 10030 10030 10060 10040 10039  9992 10012
TBILIS 2017 02 27 2  9980 10028  9970  9997  9982  9957  9987 10030 10005  9994 10000 10020
TBILIS 2017 02 28 1 10024 10001 10035 10057  9987 10040 10076 10050 10075 10013 10017 10022
TBILIS 2017 02 28 2  9998  9992 10015 10017 10031 10015 10014 10044 10032 10032 10029 10032
TBILIS 2017 02 29 1 99999 99999 99999 99999 99999 99999 99999 99999 99999 99999 99999 99999
TBILIS 2017 02 29 2 99999 99999 99999 99999 99999 99999 99999 99999 99999 99999 99999 99999
TBILIS 2017 02 30 1 99999 99999 99999 99999 99999 99999 99999 99999 99999 99999 99999 99999
TBILIS 2017 02 30 2 99999 99999 99999 99999 99999 99999 99999 99999 99999 99999 99999 99999
TBILIS 2017 02 31 1 99999 99999 99999 99999 99999 99999 99999 99999 99999 99999 99999 99999
TBILIS 2017 02 31 2 99999 99999 99999 99999 99999 99999 99999 99999 99999 99999 99999 99999
Cosmic-Ray Neutron Monitor Data (Hourly, Pressure-Corrected and Scale-Adjusted Counts)
Collections: WDC for Cosmic Rays, Solar-Terrestrial Environment Laboratory, Nagoya Univ.
Data Access: http://center.stelab.nagoya-u.ac.jp/WDCCR/index.html
Project: ICSU WDC
Citation: WDC for Cosmic Rays, Solar-Terrestrial Environment Laboratory, Nagoya University
Station ID: TBILIS
Station:  TBILISI,GIORGIA,INSTITUT GEOPHYSIKY (IG), GIORGIAN ACADEMY OF SCIENCES,GIORGIA 
Instrument: 18-NM-64 Corrected to 965 mb Standard Pressure, Coef =-0.69 %/mb                
Latitude (deg.):   41.43  Longitude (deg.):   44.48  Altitude (m):  510.00
Cut-Off Rigidity (GV):    6.73
Year: 2017  Month:   3
Scaling Factor (SF):    64.0   Constant (CONST):     0.0  Real Counts = (DATA + CONST)*SF
Temporal Resolution: 1 hour
UTC Start Hour:     0.0
DATA FILE IS PREPARED BY IZMIRAN (ftp://cr0.izmiran.rssi.ru/Cosray!/FTP_NM/C/)  
 Updated by IZMIRAN on 20180606                         
Monthly Average:  9986.0
Updated (YYYY MM DD): 2018 06 07
*******************************************************************************************
ID     YYYY MM DD 1     0     1     2     3     4     5     6     7     8     9    10    11
ID     YYYY MM DD 2    12    13    14    15    16    17    18    19    20    21    22    23
*******************************************************************************************
TBILIS 2017 03 01 1  9987  9967 10009  9999 10039 10036  9989  9994 10040 10016 10021  9962
TBILIS 2017 03 01 2  9998  9975  9975  9973  9953  9938  9940  9945  9903  9944  9956  9977
TBILIS 2017 03 02 1  9959  9933  9981  9971  9984  9959  9995 10008 10020 10017 10035 10022
TBILIS 2017 03 02 2 10007 10015  9997  9990 10009  9921  9966  9929  9910  9934  9955  9928
TBILIS 2017 03 03 1  9943  9942  9960  9944  9968  9986  9985  9931  9899  9916  9926  9962
TBILIS 2017 03 03 2 10023  9987  9971  9937 10033  9963  9982  9969  9960  9965  9928  9906
TBILIS 2017 03 04 1  9920  9987  9959  9977  9948  9996 10003  9960 10033 10042 10015 10020
TBILIS 2017 03 04 2 10041 10013 10019  9988 10030 10046 10046 10017 10044 10033 10034 10044
TBILIS 2017 03 05 1 10035 10061 10006 10020  9981 10006 10048  9994 10039  9995 10013  9992
TBILIS 2017 03 05 2 10007 10001  9979  9996  9966  9998 10003  9950  9947  9981  9977  9976
TBILIS 2017 03 06 1 10008 10017  9991  9937  9947  9941  9945  9946  9986  9961  9969  9949
TBILIS 2017 03 06 2  9946  9963  9979  9943  9967  9969  9956  9970  9953  9946  9942  9968
TBILIS 2017 03 07 1  9924  9988  9959  9983  9951 10005  9990  9984  9970  9965  9927  9920
TBILIS 2017 03 07 2  9961  9917  9949  9973  9927 10004  9951  9971  9993  9998  9979 10018
TBILIS 2017 03 08 1  9922  9977  9979  9940  9985  9963  9988  9951 10000  9982  9974  9948
TBILIS 2017 03 08 2  9976  9977  9980  9940  9984  9934  9947  9977  9970  9956 10002  9991
TBILIS 2017 03 09 1  9989  9984 10002  9997  9961  9968  9950  9969  9961  9951  9897  9981
TBILIS 2017 03 09 2  9955  9962  9967  9985 10001  9941  9960  9947  9934  9936  9934  9948
TBILIS 2017 03 10 1  9959  9963  9941  9940  9940  9972  9947  9936  9997  9954  9992 10019
TBILIS 2017 03 10 2 10000  9962  9989  9957 10009  9974  9943  9976  9957  9955  9965  9986
TBILIS 2017 03 11 1  9967  9959  9935  9964  9917  9950  9937  9925  9915  9952  9946  9929
TBILIS 2017 03 11 2  9948  9960  9954  9948  9950  9944  9952 10016  9991  9959  9972  9951
TBILIS 2017 03 12 1  9989  9954  9933  9936  9936  9957 10001  9992  9951 10046  9947  9905
TBILIS 2017 03 12 2  9968 10028 10054  9974  9994  9942  9963  9973  9981  9959  9971  9947
TBILIS 2017 03 13 1  9894  9941  9923  9902  9947  9931  9914  9936  9931  9956  9897  9877
TBILIS 2017 03 13 2  9935  9920  9948  9928  9913  9929  9924  9972  9979  9972  9935  9932
TBILIS 2017 03 14 1  9939  9969  9921  9939  9945  9961  9990  9968  9992  9981  9951  9933
TBILIS 2017 03 14 2  9898  9925  9972  9963  9998 10018 10017 10045  9990  9998 10035 10025
TBILIS 2017 03 15 1  9972 10040 10011 10030 10071 10069 10074 10076 10055 10083 10000 10006
TBILIS 2017 03 15 2  9978  9983  9994  9964 10027  9958  9996  9981  9996  9993 10023  9959
TBILIS 2017 03 16 1  9983 10031 10021 10036 10054 10041 10036 10021 10017 10014 10028  9971
TBILIS 2017 03 16 2 10009 10006  9997 10027  9989  9982 10000  9991  9992  9996  9970  9983
TBILIS 2017 03 17 1 10005 10002 10023 10064 10050 10051 10038 10052 10054 10053 10010 10033
TBILIS 2017 03 17 2 10004  9981 10031 10012  9984  9989  9988 10013 10038 10021  9993 10017
TBILIS 2017 03 18 1 10000 10029 10055 10025 10050 10068 10063 10019 10069 10056 10034 10022
TBILIS 2017 03 18 2 10021  9975  9995  9959 10001  9981  9969  9987 10014 10007  9967 10038
TBILIS 2017 03 19 1  9993 10000 10004 10007  9985 10031 10025 10025 10046 10030 10034 10025
TBILIS 2017 03 19 2 10033  9999 10035 10010 10046 10024 10037 10011 10038 10035 10076 10092
TBILIS 2017 03 20 1 10038 10051 10068 10037 10025 10052 10052 10100 10073 10080 10062 10077
TBILIS 2017 03 20 2 10052 10066 10065 10076 10060 10032 10077 10085 10036 10009 10026 10059
TBILIS 2017 03 21 1 10006 10023 10011 10042 10028  9993 10010 10112 10026 10079 10002 10047
TBILIS 2017 03 21 2 10038 10041 10021 10072 10070 10052 10046 10001 10037  9967  9877  9894
TBILIS 2017 03 22 1  9947  9965  9931  9939  9947  9982 10010 10032 10094 10047 10047 10045
TBILIS 2017 03 22 2  9984  9991 10000 10000  9966  9977  9981  9980  9980  9960  9991 10009
TBILIS 2017 03 23 1  9989  9986 10038 10022 10023 10028 10039 10045 10040 10035  9972 10018
TBILIS 2017 03 23 2 10001  9975 10005 10006  9977 10030  9981  9975  9904  9900  9927  9871
TBILIS 2017 03 24 1  9906  9898  9870  9887  9898  9909  9904  9943  9963  9990  9969  9962
TBILIS 2017 03 24 2  9901  9920  9913  9936  9898  9871  9843  9928  9888  9902  9921  9912
TBILIS 2017 03 25 1  9928  9975  9870  9907  9927  9944  9953  9935  9963  9965  9950  9907
TBILIS 2017 03 25 2  9906  9902  9901  9895  9913  9921  9942  9923  9933  9892  9882  9888
TBILIS 2017 03 26 1  9896  9892  9920  9933  9935  9951  9979  9949  9936  9959  9971  9929
TBILIS 2017 03 26 2  9943  9944  9951  9992 10012 10013 10000 10009 10027 10021  9949  9996
TBILIS 2017 03 27 1  9975  9961  9983 10016 10003 10051 10036 10027 10041 10086 10097 10058
TBILIS 2017 03 27 2 10066 10142 10078 10118 10081 10003 10021 10013 10005  9974  9962 10017
TBILIS 2017 03 28 1  9972  9980 10025 10033 10044 10067 10019 10050 10077 10081 10097 10036
TBILIS 2017 03 28 2 10022 10046 10026 10022  9994 10014 10031 10039  9986  9987 10008  9971
TBILIS 2017 03 29 1  9967 10021 10000 10023  9953  9974 10008 10021 10092 10081 10053  9940
TBILIS 2017 03 29 2  9977  9985 10050  9979 10008 10004  9958 10003  9949 10004  9970  9943
TBILIS 2017 03 30 1  9961 10003 10021 10031 10025 10019 10001 10027 10037 10010  9990  9979
TBILIS 2017 03 30 2  9988 10003  9937  9966  9926  9951  9966  9933  9929  9955  9939 10004
TBILIS 2017 03 31 1  9978  9972  9965  9963 10013  9993 10057 10033 10049 10036 10029 10062
TBILIS 2017 03 31 2 10034 10015 10037  9959  9999  9997  9978  9968 10000  9968  9971  9979
Cosmic-Ray Neutron Monitor Data (Hourly, Pressure-Corrected and Scale-Adjusted Counts)
Collections: WDC for Cosmic Rays, Solar-Terrestrial Environment Laboratory, Nagoya Univ.
Data Access: http://center.stelab.nagoya-u.ac.jp/WDCCR/index.html
Project: ICSU WDC
Citation: WDC for Cosmic Rays, Solar-Terrestrial Environment Laboratory, Nagoya University
Station ID: TBILIS
Station:  TBILISI,GIORGIA,INSTITUT GEOPHYSIKY (IG), GIORGIAN ACADEMY OF SCIENCES,GIORGIA 
Instrument: 18-NM-64 Corrected to 965 mb Standard Pressure, Coef =-0.69 %/mb                
Latitude (deg.):   41.43  Longitude (deg.):   44.48  Altitude (m):  510.00
Cut-Off Rigidity (GV):    6.73
Year: 2017  Month:   4
Scaling Factor (SF):    64.0   Constant (CONST):     0.0  Real Counts = (DATA + CONST)*SF
Temporal Resolution: 1 hour
UTC Start Hour:     0.0
DATA FILE IS PREPARED BY IZMIRAN (ftp://cr0.izmiran.rssi.ru/Cosray!/FTP_NM/C/)  
 Updated by IZMIRAN on 20180606                         
Monthly Average:  9958.0
Updated (YYYY MM DD): 2018 06 07
*******************************************************************************************
ID     YYYY MM DD 1     0     1     2     3     4     5     6     7     8     9    10    11
ID     YYYY MM DD 2    12    13    14    15    16    17    18    19    20    21    22    23
*******************************************************************************************
TBILIS 2017 04 01 1  9985  9972  9976  9995  9987  9949 10001 10041  9998  9994  9992 10048
TBILIS 2017 04 01 2 10006  9988  9995  9979  9977  9986  9973  9985  9989  9943  9930  9956
TBILIS 2017 04 02 1  9942  9954  9952  9957  9964  9943  9991  9967  9957  9961  9973  9964
TBILIS 2017 04 02 2  9972  9966 10000 10006  9996  9962  9984  9946  9949  9924  9941  9963
TBILIS 2017 04 03 1  9948  9951  9921  9941  9948  9977  9937  9957  9960  9952  9937  9945
TBILIS 2017 04 03 2  9927  9908  9947  9969  9966  9971  9999  9983  9967  9967  9950  9916
TBILIS 2017 04 04 1  9919  9938  9933  9983  9952 10018  9989  9983  9970  9936  9932  9920
TBILIS 2017 04 04 2  9911  9853  9843  9842  9850  9854  9810  9813  9886  9888  9865  9873
TBILIS 2017 04 05 1  9861  9876  9842  9857  9864  9898  9872  9818  9861  9841  9817  9829
TBILIS 2017 04 05 2  9818  9809  9831  9802  9851  9785  9800  9821  9815  9835  9811  9841
TBILIS 2017 04 06 1  9864  9856  9865  9877  9902  9898  9889  9907  9901  9909  9886  9868
TBILIS 2017 04 06 2  9890  9881  9896  9890  9874  9885  9857  9842  9863  9907  9901  9934
TBILIS 2017 04 07 1  9890  9911  9931  9915  9919  9906  9902  9932  9947  9890  9888  9913
TBILIS 2017 04 07 2  9893  9924  9879  9908  9889  9908  9882  9917  9936  9937  9957  9921
TBILIS 2017 04 08 1  9968  9939  9953  9942  9960  9948  9968  9995  9970  9960  9975  9978
TBILIS 2017 04 08 2  9982  9955  9973  9920  9953  9920  9918  9960  9972  9924  9952  9974
TBILIS 2017 04 09 1  9957 10004  9995  9992  9983 10019  9980  9989  9982  9940  9948  9957
TBILIS 2017 04 09 2  9916  9927  9924  9942  9960  9961  9966  9882  9959  9923  9915  9924
TBILIS 2017 04 10 1  9962  9987  9961  9999  9959  9971  9983  9963  9922  9926  9926  9859
TBILIS 2017 04 10 2  9877  9908  9898  9879  9910  9917  9918  9968  9915  9928  9963  9918
TBILIS 2017 04 11 1  9961  9930  9963  9922  9913  9954  9929  9944  9934  9964  9950  9903
TBILIS 2017 04 11 2  9892  9889  9879  9894  9864  9912  9909  9889  9919  9899  9882  9936
TBILIS 2017 04 12 1  9950  9976  9939  9946  9979 10020 10010  9973  9980  9946  9938  9958
TBILIS 2017 04 12 2  9950  9956  9960  9957  9959  9955  9974  9972  9947 10000  9958  9966
TBILIS 2017 04 13 1  9984  9977  9947 10038  9954  9975  9991  9958  9964  9942  9915  9939
TBILIS 2017 04 13 2  9958  9962  9935  9957  9934  9967  9928  9916  9940  9951  9939  9941
TBILIS 2017 04 14 1  9971  9984  9939  9944  9982  9946  9966  9964  9923  9956  9952  9924
TBILIS 2017 04 14 2 10002 10009 10006  9983  9962  9951  9973  9979 10010  9951  9933  9974
TBILIS 2017 04 15 1  9995 10007  9992  9972 10015 10028  9994 10007 10011 10030 10038 10030
TBILIS 2017 04 15 2  9987 10022 10005 10043 10036 10024  9995 10022  9978 10025 10002 10007
TBILIS 2017 04 16 1 10010 10012  9985 10032 10035 10071 10093 10029 10091 10102 10044 10027
TBILIS 2017 04 16 2 10052 10053 10064 10024 10055 10031 10026 10032 10023 10020 10027 10019
TBILIS 2017 04 17 1 10038 10009 10046 10036 10013 10097 10062 10036 10060 10027 10045 10067
TBILIS 2017 04 17 2 10035 10010 10009 10048 10027 10002 10065 10044 10061 10045 10044 10085
TBILIS 2017 04 18 1 10034 10050 10032 10027 10025 10053 10082 10093 10084 10046 10033 10073
TBILIS 2017 04 18 2 10034 10029 10041 10038 10026 10044 10026 10052 10044 10049 10055 10037
TBILIS 2017 04 19 1 10013 10022 10062 10101 10124 10158 10097 10099 10078 10120 10126 10113
TBILIS 2017 04 19 2 10132 10107 10051 10083  9972  9988  9955  9952  9999  9990  9983  9992
TBILIS 2017 04 20 1 10035 10019 10000 10027 10001 10064 10084 10087 10097 10122 10134 10071
TBILIS 2017 04 20 2 10079 10079 10002 10040 10041 10022 10017  9971 10026  9979 10013  9970
TBILIS 2017 04 21 1  9957  9976  9947  9974 10018  9993 10035 10029 10049 10055 10045 10015
TBILIS 2017 04 21 2  9991 10024 10029 10003  9954  9975  9978  9936  9918  9920  9914  9909
TBILIS 2017 04 22 1  9935  9944  9922  9893  9924  9887  9922  9900 10010 10004 10010  9984
TBILIS 2017 04 22 2  9904  9939  9961  9972  9933  9953  9929  9914  9900  9916  9978  9965
TBILIS 2017 04 23 1  9908  9894  9876  9854  9904  9865  9887  9916  9966  9942  9887  9894
TBILIS 2017 04 23 2  9884  9888  9919  9898  9867  9871  9947  9907  9925  9945  9968  9916
TBILIS 2017 04 24 1  9916  9857  9921  9924  9954  9921  9903  9918  9876  9890  9934  9979
TBILIS 2017 04 24 2  9963  9918 10011  9999 10007  9989  9964  9885  9934  9969  9908  9945
TBILIS 2017 04 25 1  9902  9922  9927  9944  9947  9928  9942  9906  9943  9893  9890  9903
TBILIS 2017 04 25 2  9914  9938  9907  9957  9897  9918  9899  9961  9949 10010  9962  9925
TBILIS 2017 04 26 1  9955  9967  9951  9951  9986  9921  9952  9920  9967  9939  9881  9896
TBILIS 2017 04 26 2  9903 10016  9966  9993 10010 10007 10018  9991  9954  9938  9920  9901
TBILIS 2017 04 27 1  9961  9963  9981  9977  9974  9940  9975  9923  9962  9922  9940  9914
TBILIS 2017 04 27 2  9934  9891  9875  9922  9928  9921  9971  9937  9934  9959  9893  9906
TBILIS 2017 04 28 1  9911  9925  9905  9927  9916  9927  9898  9951  9974  9913  9891  9870
TBILIS 2017 04 28 2  9898  9903  9915  9919  9959  9915  9990  9972  9995  9973  9943  9946
TBILIS 2017 04 29 1  9954  9907  9926  9927  9936  9897  9905  9911  9902  9906  9904  9890
TBILIS 2017 04 29 2  9864  9885  9962  9937  9919  9976  9976  9977  9982 10017  9956 10005
TBILIS 2017 04 30 1  9982  9974  9985  9981  9938  9966  9931  9920  9935  9954  9974  9959
TBILIS 2017 04 30 2  9932  9925  9967  9963  9995  9959  9993 10005  9978  9949  9932  9957
TBILIS 2017 04 31 1 99999 99999 99999 99999 99999 99999 99999 99999 99999 99999 99999 99999
TBILIS 2017 04 31 2 99999 99999 99999 99999 99999 99999 99999 99999 99999 99999 99999 99999
Cosmic-Ray Neutron Monitor Data (Hourly, Pressure-Corrected and Scale-Adjusted Counts)
Collections: WDC for Cosmic Rays, Solar-Terrestrial Environment Laboratory, Nagoya Univ.
Data Access: http://center.stelab.nagoya-u.ac.jp/WDCCR/index.html
Project: ICSU WDC
Citation: WDC for Cosmic Rays, Solar-Terrestrial Environment Laboratory, Nagoya University
Station ID: TBILIS
Station:  TBILISI,GIORGIA,INSTITUT GEOPHYSIKY (IG), GIORGIAN ACADEMY OF SCIENCES,GIORGIA 
Instrument: 18-NM-64 Corrected to 965 mb Standard Pressure, Coef =-0.69 %/mb                
Latitude (deg.):   41.43  Longitude (deg.):   44.48  Altitude (m):  510.00
Cut-Off Rigidity (GV):    6.73
Year: 2017  Month:   5
Scaling Factor (SF):    64.0   Constant (CONST):     0.0  Real Counts = (DATA + CONST)*SF
Temporal Resolution: 1 hour
UTC Start Hour:     0.0
DATA FILE IS PREPARED BY IZMIRAN (ftp://cr0.izmiran.rssi.ru/Cosray!/FTP_NM/C/)  
 Updated by IZMIRAN on 20180606                         
Monthly Average:  9902.1
Updated (YYYY MM DD): 2018 06 07
*******************************************************************************************
ID     YYYY MM DD 1     0     1     2     3     4     5     6     7     8     9    10    11
ID     YYYY MM DD 2    12    13    14    15    16    17    18    19    20    21    22    23
*******************************************************************************************
TBILIS 2017 05 01 1  9969  9978  9971  9981  9944  9948  9917  9950  9950  9938  9904  9969
TBILIS 2017 05 01 2  9889  9894  9880  9883  9870  9873  9855  9896  9888  9887  9930  9911
TBILIS 2017 05 02 1  9877  9925  9929  9945  9941  9888  9906  9933  9896  9884  9888  9884
TBILIS 2017 05 02 2  9865  9921  9877  9860  9860  9835  9846  9874  9833  9861  9914  9910
TBILIS 2017 05 03 1  9919  9871  9896  9892  9896  9917  9861  9856  9857  9829  9817  9803
TBILIS 2017 05 03 2  9838  9836  9811  9782  9811  9817  9805  9845  9824  9887  9843  9823
TBILIS 2017 05 04 1  9821  9817  9821  9872  9882  9845  9831  9809  9841  9853  9845  9829
TBILIS 2017 05 04 2  9832  9835  9861  9847  9819  9880  9875  9840  9828  9832  9892  9885
TBILIS 2017 05 05 1  9843  9879  9873  9839  9865  9852  9877  9855  9869  9891  9894  9898
TBILIS 2017 05 05 2  9883  9884  9885  9893  9868  9866  9844  9866  9873  9906  9910  9907
TBILIS 2017 05 06 1  9942  9885  9896  9893  9884  9913  9870  9877  9882  9874  9883  9874
TBILIS 2017 05 06 2  9890  9910  9930  9911  9951  9953  9930  9962  9913  9932  9909  9879
TBILIS 2017 05 07 1  9875  9916  9869  9902  9917  9888  9911  9957  9957  9957  9957  9957
TBILIS 2017 05 07 2  9957  9957  9957  9957  9957  9957  9957  9957  9957  9957  9957  9957
TBILIS 2017 05 08 1  9957  9957  9957  9957  9957  9957  9957  9957  9957  9915  9909  9951
TBILIS 2017 05 08 2  9908  9922  9910  9908  9895  9917  9919  9912  9913  9929  9922  9957
TBILIS 2017 05 09 1  9950  9938  9927  9931  9916  9936  9957  9950  9918  9898  9921  9908
TBILIS 2017 05 09 2  9922  9898  9890  9900  9861  9919  9899  9862  9884  9897  9926  9886
TBILIS 2017 05 10 1  9926  9958  9935  9913  9947  9892  9891  9919  9894  9884  9848  9904
TBILIS 2017 05 10 2  9859  9870  9896  9949  9849  9874  9860  9963  9899  9927  9913  9928
TBILIS 2017 05 11 1  9881  9917  9880  9873  9871  9895  9872  9852  9823  9856  9830  9890
TBILIS 2017 05 11 2  9830  9825  9829  9887  9873  9865  9876  9821  9903  9846  9887  9906
TBILIS 2017 05 12 1  9916  9941  9960  9977  9973  9991  9973 10007  9997  9964  9936  9929
TBILIS 2017 05 12 2  9963  9954  9921  9983  9980  9956  9972  9966  9961  9977  9997  9974
TBILIS 2017 05 13 1  9972  9966  9970  9920  9968  9938  9940  9924  9898  9900  9894  9900
TBILIS 2017 05 13 2  9879  9882  9870  9892  9917  9901  9914  9949  9916  9975  9974  9956
TBILIS 2017 05 14 1  9938  9942  9944  9966  9964  9941  9923  9958  9917  9909  9903  9897
TBILIS 2017 05 14 2  9948  9911  9892  9894  9924  9944  9910  9898  9899  9934  9898  9896
TBILIS 2017 05 15 1  9913  9939  9928  9943  9920  9936  9938  9996  9992  9994 10021 10023
TBILIS 2017 05 15 2  9978  9895  9936  9919  9914  9877  9917  9886  9885  9899  9934  9918
TBILIS 2017 05 16 1  9928  9920  9947  9967  9966 10017  9997  9997  9957 10022  9970  9950
TBILIS 2017 05 16 2  9948  9919  9938  9957  9925  9896  9849  9882  9932  9952  9922  9991
TBILIS 2017 05 17 1  9920  9970  9993  9952  9947  9919  9963 10074 10074 10074 10074 10074
TBILIS 2017 05 17 2 10074 10074 10074 10074 10074 10074 10074 10074 10074 10074 10074 10074
TBILIS 2017 05 18 1 10074 10074 10074 10074 10074 10074 10074  9884  9889  9883  9872  9852
TBILIS 2017 05 18 2  9872  9860  9845  9881  9906  9917  9868  9927  9872  9870  9881  9800
TBILIS 2017 05 19 1  9891  9872  9885  9871  9903  9867  9850  9863  9925  9914  9885  9883
TBILIS 2017 05 19 2 10041  9868  9827  9927  9952  9924  9853  9848  9921  9906  9931  9888
TBILIS 2017 05 20 1  9830  9885  9854  9920  9877  9927  9912  9901  9887  9966  9930  9931
TBILIS 2017 05 20 2  9945  9940 10007  9880  9886  9897  9850  9862  9903  9902  9905  9887
TBILIS 2017 05 21 1  9910  9881  9886  9900  9929  9925  9930  9938  9958  9968  9969  9990
TBILIS 2017 05 21 2  9985  9968  9912  9908  9910  9895  9939  9911  9879  9901  9864  9939
TBILIS 2017 05 22 1  9926  9899  9899  9909  9909  9934  9928  9942  9942  9937  9926  9889
TBILIS 2017 05 22 2  9928  9890  9888  9879  9856  9882  9876  9882  9877  9835  9849  9879
TBILIS 2017 05 23 1  9873  9875  9865  9836  9847  9909  9943  9935  9960  9936  9933  9923
TBILIS 2017 05 23 2  9907  9894  9925  9900  9897  9905  9933  9847  9902  9890  9874  9907
TBILIS 2017 05 24 1  9908  9922  9892  9898  9898  9980  9920  9935  9937  9998  9913  9966
TBILIS 2017 05 24 2  9938  9941  9931  9940  9919  9907  9913  9894  9898  9918  9914  9969
TBILIS 2017 05 25 1  9931  9923  9919  9937  9941  9940  9932  9952  9938  9938  9962  9944
TBILIS 2017 05 25 2  9915  9930  9912  9898  9882  9921  9924  9911  9937  9881  9899  9919
TBILIS 2017 05 26 1  9930  9893  9917  9906  9917  9912  9920  9948  9922  9907  9919  9918
TBILIS 2017 05 26 2  9908  9879  9880  9857  9835  9850  9896  9841  9867  9896  9892  9888
TBILIS 2017 05 27 1  9880  9869  9889  9928  9885  9926  9882  9916  9887  9865  9901  9826
TBILIS 2017 05 27 2  9809  9834  9847  9819  9836  9768  9834  9823  9801  9835  9885  9891
TBILIS 2017 05 28 1  9827  9859  9814  9853  9837  9852  9854  9864  9846  9856  9874  9856
TBILIS 2017 05 28 2  9804  9824  9794  9830  9844  9842  9906  9852  9851  9859  9852  9852
TBILIS 2017 05 29 1  9832  9835  9797  9857  9823  9837  9841  9835  9819  9823  9836  9846
TBILIS 2017 05 29 2  9862  9878  9846  9871  9810  9841  9825  9828  9811  9868  9807  9817
TBILIS 2017 05 30 1  9826  9816  9825  9846  9919  9894  9877  9926  9887  9911  9886  9861
TBILIS 2017 05 30 2  9801  9819  9848  9806  9810  9799  9793  9785  9784  9811  9784  9786
TBILIS 2017 05 31 1  9836  9810  9775  9833  9859  9815  9865  9883  9825  9847  9854  9876
TBILIS 2017 05 31 2  9816  9781  9773  9801  9746  9769  9785  9709  9766  9799  9743  9784
Cosmic-Ray Neutron Monitor Data (Hourly, Pressure-Corrected and Scale-Adjusted Counts)
Collections: WDC for Cosmic Rays, Solar-Terrestrial Environment Laboratory, Nagoya Univ.
Data Access: http://center.stelab.nagoya-u.ac.jp/WDCCR/index.html
Project: ICSU WDC
Citation: WDC for Cosmic Rays, Solar-Terrestrial Environment Laboratory, Nagoya University
Station ID: TBILIS
Station:  TBILISI,GIORGIA,INSTITUT GEOPHYSIKY (IG), GIORGIAN ACADEMY OF SCIENCES,GIORGIA 
Instrument: 18-NM-64 Corrected to 965 mb Standard Pressure, Coef =-0.69 %/mb                
Latitude (deg.):   41.43  Longitude (deg.):   44.48  Altitude (m):  510.00
Cut-Off Rigidity (GV):    6.73
Year: 2017  Month:   6
Scaling Factor (SF):    64.0   Constant (CONST):     0.0  Real Counts = (DATA + CONST)*SF
Temporal Resolution: 1 hour
UTC Start Hour:     0.0
DATA FILE IS PREPARED BY IZMIRAN (ftp://cr0.izmiran.rssi.ru/Cosray!/FTP_NM/C/)  
 Updated by IZMIRAN on 20180606                         
Monthly Average:  9897.5
Updated (YYYY MM DD): 2018 06 07
*******************************************************************************************
ID     YYYY MM DD 1     0     1     2     3     4     5     6     7     8     9    10    11
ID     YYYY MM DD 2    12    13    14    15    16    17    18    19    20    21    22    23
*******************************************************************************************
TBILIS 2017 06 01 1  9791  9802  9799  9810  9811  9852  9838  9922  9886  9895  9888  9864
TBILIS 2017 06 01 2  9829  9839  9843  9834  9795  9849  9825  9839  9819  9864  9834  9801
TBILIS 2017 06 02 1  9835  9847  9839  9864  9901  9860  9899  9920  9929  9907  9890  9860
TBILIS 2017 06 02 2  9848  9879  9857  9856  9877  9844  9832  9845  9876  9887  9881  9859
TBILIS 2017 06 03 1  9849  9839  9879  9882  9857  9888  9875  9914  9894  9850  9848  9872
TBILIS 2017 06 03 2  9889  9880  9952  9898  9929  9882  9883  9887  9893  9883  9893  9927
TBILIS 2017 06 04 1  9912  9861  9918  9936  9910  9891  9926  9937  9946  9934  9904  9914
TBILIS 2017 06 04 2  9879  9901  9864  9845  9828  9852  9866  9794  9848  9876  9907  9861
TBILIS 2017 06 05 1  9835  9878  9919  9893  9877  9843  9855  9904  9874  9902  9897  9894
TBILIS 2017 06 05 2  9891  9896  9843  9871  9867  9873  9849  9888  9850  9873  9856  9864
TBILIS 2017 06 06 1  9836  9849  9856  9834  9869  9886  9887  9933  9895  9903  9870  9843
TBILIS 2017 06 06 2  9823  9823  9821  9826  9857  9849  9774  9819  9815  9829  9811  9844
TBILIS 2017 06 07 1  9841  9828  9849  9863  9879  9892  9899  9887  9876  9880  9875  9867
TBILIS 2017 06 07 2  9869  9815  9847  9860  9858  9843  9890  9891  9901  9862  9909  9882
TBILIS 2017 06 08 1  9867  9893  9942  9949  9914  9950  9940  9930  9933  9889  9883  9911
TBILIS 2017 06 08 2  9906  9903  9864  9849  9873  9877  9874  9910  9889  9913  9899  9901
TBILIS 2017 06 09 1  9883  9918  9938  9875  9882  9891  9913  9921  9944  9949  9905  9906
TBILIS 2017 06 09 2  9878  9851  9841  9910  9892  9890  9904  9841  9922  9910  9907  9904
TBILIS 2017 06 10 1  9873  9894  9884  9922  9911  9917  9909  9914  9916  9916  9873  9944
TBILIS 2017 06 10 2  9956  9891  9875  9920  9876  9891  9939  9873  9893  9887  9926  9883
TBILIS 2017 06 11 1  9912  9932  9918  9922  9897  9918  9927  9930  9955  9983  9955  9963
TBILIS 2017 06 11 2  9920  9910  9934  9988  9971  9963  9974  9985  9975  9983  9971  9956
TBILIS 2017 06 12 1  9961  9929  9920  9953  9973 10012  9959  9982  9974 10001  9962 10004
TBILIS 2017 06 12 2  9989  9931  9944  9934  9906  9911  9899  9888  9911  9946  9932  9972
TBILIS 2017 06 13 1  9969  9971 10017 10003 10008  9993  9985  9999  9985  9986  9998  9988
TBILIS 2017 06 13 2  9939  9966  9937  9964  9980  9937  9952  9967  9933  9941  9932  9913
TBILIS 2017 06 14 1  9965  9932  9925  9954  9987 10025 10022 10017 10003  9971  9954  9959
TBILIS 2017 06 14 2  9978  9955  9918  9931  9942  9943  9929  9971  9924  9910  9905  9920
TBILIS 2017 06 15 1  9915  9924  9934  9964  9981  9972 10014 10015  9966 10010 10008  9985
TBILIS 2017 06 15 2 10009  9990  9943  9986  9970  9959  9905  9901  9958 10001  9979  9960
TBILIS 2017 06 16 1  9964  9999  9974  9969  9974  9999  9976  9996  9998 10056  9999 10040
TBILIS 2017 06 16 2  9970 10042 10081 10077 10070 10001 10035  9997 10033 10002  9964  9981
TBILIS 2017 06 17 1 10006  9968  9994  9987  9985  9932  9910  9994  9992 10009 10008  9995
TBILIS 2017 06 17 2  9992 10026  9982  9975  9932  9950  9965  9930  9894  9917  9968  9933
TBILIS 2017 06 18 1  9937  9914  9916  9909  9970  9924  9981  9962  9975 10003  9968  9937
TBILIS 2017 06 18 2  9960  9958  9920  9956  9948  9919  9932  9941  9958  9942  9912  9921
TBILIS 2017 06 19 1  9892  9958  9904  9915  9906  9931  9943  9974  9966  9932  9947  9962
TBILIS 2017 06 19 2  9916  9929  9930  9946  9894  9938  9908  9875  9877  9852  9906  9880
TBILIS 2017 06 20 1  9877  9891  9890  9922  9902  9917  9897  9875  9883  9904  9960  9956
TBILIS 2017 06 20 2  9933  9897  9895  9907  9834  9886  9862  9847  9875  9838  9873  9897
TBILIS 2017 06 21 1  9913  9892  9931  9908  9894  9873  9903  9885  9909  9920  9948  9943
TBILIS 2017 06 21 2  9915  9911  9915  9925  9908  9890  9895  9910  9895  9909  9898  9912
TBILIS 2017 06 22 1  9940  9923  9919  9934  9926  9944  9993 10000  9987  9953  9984  9972
TBILIS 2017 06 22 2  9961  9945  9931  9909  9920  9937  9935  9901  9891  9899  9922  9883
TBILIS 2017 06 23 1  9905  9896  9898  9925  9874  9933  9943  9908  9911  9929  9917  9909
TBILIS 2017 06 23 2  9934  9937  9894  9896  9885  9882  9902  9927  9924  9925  9915  9862
TBILIS 2017 06 24 1  9882  9904  9886  9892  9928  9977  9924  9955  9953  9945  9948  9972
TBILIS 2017 06 24 2  9917  9905  9897  9900  9886  9896  9868  9865  9871  9855  9906  9858
TBILIS 2017 06 25 1  9881  9840  9859  9810  9853  9862  9911  9941  9945  9924  9924  9920
TBILIS 2017 06 25 2  9917  9831  9854  9852  9831  9804  9797  9817  9830  9797  9808  9760
TBILIS 2017 06 26 1  9776  9866  9825  9819  9850  9870  9878  9893  9871  9848  9833  9838
TBILIS 2017 06 26 2  9792  9770  9804  9771  9777  9783  9801  9754  9770  9757  9751  9792
TBILIS 2017 06 27 1  9777  9846  9843  9826  9852  9819  9856  9862  9813  9799  9791  9767
TBILIS 2017 06 27 2  9775  9741  9778  9767  9766  9758  9754  9797  9774  9774  9822  9811
TBILIS 2017 06 28 1  9770  9817  9801  9778  9820  9829  9809  9824  9800  9802  9825  9793
TBILIS 2017 06 28 2  9799  9761  9816  9795  9780  9781  9774  9812  9791  9797  9785  9789
TBILIS 2017 06 29 1  9831  9811  9810  9788  9828  9823  9872  9842  9838  9855  9823  9846
TBILIS 2017 06 29 2  9798  9803  9762  9803  9820  9847  9849  9830  9802  9839  9841  9834
TBILIS 2017 06 30 1  9832  9872  9892  9912  9876  9889  9912  9874  9855  9855  9856  9885
TBILIS 2017 06 30 2  9860  9817  9830  9849  9839  9839  9848  9858  9862  9878  9886  9911
TBILIS 2017 06 31 1 99999 99999 99999 99999 99999 99999 99999 99999 99999 99999 99999 99999
TBILIS 2017 06 31 2 99999 99999 99999 99999 99999 99999 99999 99999 99999 99999 99999 99999
Cosmic-Ray Neutron Monitor Data (Hourly, Pressure-Corrected and Scale-Adjusted Counts)
Collections: WDC for Cosmic Rays, Solar-Terrestrial Environment Laboratory, Nagoya Univ.
Data Access: http://center.stelab.nagoya-u.ac.jp/WDCCR/index.html
Project: ICSU WDC
Citation: WDC for Cosmic Rays, Solar-Terrestrial Environment Laboratory, Nagoya University
Station ID: TBILIS
Station:  TBILISI,GIORGIA,INSTITUT GEOPHYSIKY (IG), GIORGIAN ACADEMY OF SCIENCES,GIORGIA 
Instrument: 18-NM-64 Corrected to 965 mb Standard Pressure, Coef =-0.69 %/mb                
Latitude (deg.):   41.43  Longitude (deg.):   44.48  Altitude (m):  510.00
Cut-Off Rigidity (GV):    6.73
Year: 2017  Month:   7
Scaling Factor (SF):    64.0   Constant (CONST):     0.0  Real Counts = (DATA + CONST)*SF
Temporal Resolution: 1 hour
UTC Start Hour:     0.0
DATA FILE IS PREPARED BY IZMIRAN (ftp://cr0.izmiran.rssi.ru/Cosray!/FTP_NM/C/)  
 Updated by IZMIRAN on 20180606                         
Monthly Average:  9891.5
Updated (YYYY MM DD): 2018 06 07
*******************************************************************************************
ID     YYYY MM DD 1     0     1     2     3     4     5     6     7     8     9    10    11
ID     YYYY MM DD 2    12    13    14    15    16    17    18    19    20    21    22    23
*******************************************************************************************
TBILIS 2017 07 01 1  9898  9904  9895  9886  9941  9963  9899  9934  9877  9896  9879  9882
TBILIS 2017 07 01 2  9882  9875  9889  9879  9938  9861  9833  9865  9851  9826  9862  9866
TBILIS 2017 07 02 1  9907  9925  9854  9895  9911  9934  9961  9949  9978  9938  9941  9909
TBILIS 2017 07 02 2  9949  9918  9919  9956  9931  9930  9875  9931  9907  9892  9909  9883
TBILIS 2017 07 03 1  9899  9930  9895  9924  9957  9934  9950  9938  9930  9908  9891  9927
TBILIS 2017 07 03 2  9902  9889  9909  9916  9895  9873  9866  9876  9899  9918  9901  9901
TBILIS 2017 07 04 1  9944  9916  9917  9934  9927  9966  9911  9917  9934  9893  9873  9925
TBILIS 2017 07 04 2  9882  9882  9872  9889  9856  9869  9879  9881  9845  9861  9840  9860
TBILIS 2017 07 05 1  9892  9915  9900  9949  9901  9930  9912  9948  9912  9924  9941  9932
TBILIS 2017 07 05 2  9905  9893  9856  9886  9907  9911  9885  9881  9926  9917  9918  9898
TBILIS 2017 07 06 1  9896  9936  9959 10019 10018  9972  9940  9982  9963  9949  9910  9919
TBILIS 2017 07 06 2  9871  9886  9883  9894  9888  9889  9896  9928  9896  9916  9881  9877
TBILIS 2017 07 07 1  9922  9938  9949  9933  9939  9959  9922  9926  9920  9928  9945  9902
TBILIS 2017 07 07 2  9865  9909  9881  9897  9895  9911  9913  9909  9861  9885  9899  9971
TBILIS 2017 07 08 1  9932  9936  9934  9947  9932  9964  9971  9996  9976  9975  9945  9955
TBILIS 2017 07 08 2  9951  9916  9913  9939  9915  9914  9880  9924  9872  9915  9873  9874
TBILIS 2017 07 09 1  9923  9913  9879  9926  9943  9941  9942  9964  9890  9956  9957  9973
TBILIS 2017 07 09 2  9936  9915  9887  9909  9898  9859  9889  9908  9881  9848  9861  9958
TBILIS 2017 07 10 1  9931  9884  9923  9943  9931  9965  9956  9910  9908  9933  9887  9856
TBILIS 2017 07 10 2  9932  9928  9893  9919  9916  9886  9859  9876  9826  9812  9840  9834
TBILIS 2017 07 11 1  9841  9840  9865  9860  9878  9891  9903  9902  9939  9918  9911  9940
TBILIS 2017 07 11 2  9950  9879  9893  9864  9889  9872  9897  9857  9868  9865  9907  9920
TBILIS 2017 07 12 1  9875  9932  9887  9881  9908  9908  9956  9930  9922  9912  9947  9904
TBILIS 2017 07 12 2  9914  9914  9952  9898  9880  9934  9872  9889  9925  9906  9911  9902
TBILIS 2017 07 13 1  9918  9926  9922  9964  9958  9972  9994  9962  9983  9979  9983 10007
TBILIS 2017 07 13 2  9973 10016 10031  9958  9983 10016  9955  9934  9948  9916  9931  9925
TBILIS 2017 07 14 1  9929  9937  9926  9961  9983  9959  9966  9997  9984  9970  9986  9976
TBILIS 2017 07 14 2  9984  9989 10009  9984  9990  9974  9954  9964  9928  9897  9923  9927
TBILIS 2017 07 15 1  9917  9954  9957  9984  9969  9989  9984  9947 10000 10042  9990 10002
TBILIS 2017 07 15 2 10036 10025 10015 10031 10029 10008  9988 10006  9981  9947  9981  9964
TBILIS 2017 07 16 1  9950 10017 10001  9928  9947  9947  9848  9902  9887  9833  9858  9911
TBILIS 2017 07 16 2  9906  9856  9849  9885  9824  9686  9646  9641  9689  9676  9695  9636
TBILIS 2017 07 17 1  9657  9692  9735  9756  9762  9795  9830  9832  9894  9893  9904  9892
TBILIS 2017 07 17 2  9863  9894  9850  9887  9955  9918  9874  9832  9797  9765  9727  9782
TBILIS 2017 07 18 1  9784  9818  9842  9842  9857  9875  9920  9960  9994  9987  9972  9950
TBILIS 2017 07 18 2  9939  9907  9880  9868  9832  9833  9820  9847  9831  9842  9838  9835
TBILIS 2017 07 19 1  9879  9860  9922  9921  9978  9963  9952  9970 10001 10008  9977 10031
TBILIS 2017 07 19 2 10022  9969  9954  9916  9899  9931  9903  9895  9929  9916  9923  9908
TBILIS 2017 07 20 1  9916  9945  9931  9960  9964  9984 10002  9999 10005  9998 10016  9957
TBILIS 2017 07 20 2  9956  9953  9917  9900  9881  9900  9880  9908  9870  9905  9862  9887
TBILIS 2017 07 21 1  9851  9931  9959  9897  9918  9926  9946  9954  9935  9957  9977  9947
TBILIS 2017 07 21 2  9938  9931  9936  9924  9953  9926  9950  9912  9911  9922  9894  9922
TBILIS 2017 07 22 1  9895  9856  9872  9873  9931  9895  9894  9959  9966  9977  9955  9930
TBILIS 2017 07 22 2  9921  9921  9919  9888  9885  9858  9861  9834  9847  9889  9872  9854
TBILIS 2017 07 23 1  9863  9844  9880  9812  9850  9882  9905  9925  9933  9910  9884  9888
TBILIS 2017 07 23 2  9869  9839  9834  9809  9837  9801  9837  9829  9830  9854  9830  9849
TBILIS 2017 07 24 1  9802  9808  9834  9820  9845  9805  9882  9906  9873  9862  9858  9821
TBILIS 2017 07 24 2  9884  9792  9825  9839  9805  9794  9789  9734  9798  9816  9766  9816
TBILIS 2017 07 25 1  9811  9830  9841  9839  9846  9846  9867  9859  9837  9857  9839  9817
TBILIS 2017 07 25 2  9826  9790  9801  9798  9840  9813  9820  9840  9863  9853  9806  9853
TBILIS 2017 07 26 1  9819  9835  9821  9839  9839  9860  9852  9860  9885  9895  9820  9798
TBILIS 2017 07 26 2  9879  9845  9806  9827  9808  9857  9822  9854  9820  9795  9829  9799
TBILIS 2017 07 27 1  9803  9818  9804  9811  9813  9837  9863  9842  9835  9831  9841  9823
TBILIS 2017 07 27 2  9831  9848  9832  9847  9844  9836  9812  9832  9840  9844  9866  9858
TBILIS 2017 07 28 1  9827  9846  9857  9841  9861  9861  9800  9806  9803  9816  9829  9810
TBILIS 2017 07 28 2  9821  9834  9851  9858  9879  9880  9861  9873  9920  9900  9895  9911
TBILIS 2017 07 29 1  9849  9870  9888  9835  9825  9819  9794  9786  9780  9784  9787  9828
TBILIS 2017 07 29 2  9827  9859  9884  9843  9899  9908  9882  9878  9932  9919  9898  9878
TBILIS 2017 07 30 1  9864  9840  9846  9840  9846  9802  9850  9846  9810  9834  9802  9858
TBILIS 2017 07 30 2  9872  9879  9829  9880  9869  9914  9877  9883  9898  9900  9895  9866
TBILIS 2017 07 31 1  9862  9841  9820  9813  9789  9781  9799  9821  9821  9853  9800  9832
TBILIS 2017 07 31 2  9852  9825  9775  9808  9839  9821  9839  9840  9859  9856  9821  9822
Cosmic-Ray Neutron Monitor Data (Hourly, Pressure-Corrected and Scale-Adjusted Counts)
Collections: WDC for Cosmic Rays, Solar-Terrestrial Environment Laboratory, Nagoya Univ.
Data Access: http://center.stelab.nagoya-u.ac.jp/WDCCR/index.html
Project: ICSU WDC
Citation: WDC for Cosmic Rays, Solar-Terrestrial Environment Laboratory, Nagoya University
Station ID: TBILIS
Station:  TBILISI,GIORGIA,INSTITUT GEOPHYSIKY (IG), GIORGIAN ACADEMY OF SCIENCES,GIORGIA 
Instrument: 18-NM-64 Corrected to 965 mb Standard Pressure, Coef =-0.69 %/mb                
Latitude (deg.):   41.43  Longitude (deg.):   44.48  Altitude (m):  510.00
Cut-Off Rigidity (GV):    6.73
Year: 2017  Month:   8
Scaling Factor (SF):    64.0   Constant (CONST):     0.0  Real Counts = (DATA + CONST)*SF
Temporal Resolution: 1 hour
UTC Start Hour:     0.0
DATA FILE IS PREPARED BY IZMIRAN (ftp://cr0.izmiran.rssi.ru/Cosray!/FTP_NM/C/)  
 Updated by IZMIRAN on 20180606                         
Monthly Average:  9899.3
Updated (YYYY MM DD): 2018 06 07
*******************************************************************************************
ID     YYYY MM DD 1     0     1     2     3     4     5     6     7     8     9    10    11
ID     YYYY MM DD 2    12    13    14    15    16    17    18    19    20    21    22    23
*******************************************************************************************
TBILIS 2017 08 01 1  9821  9833  9780  9819  9828  9807  9784  9769  9756  9778  9744  9735
TBILIS 2017 08 01 2  9748  9786  9754  9764  9788  9764  9754  9763  9744  9743  9764  9764
TBILIS 2017 08 02 1  9781  9797  9809  9816  9824  9824  9834  9807  9851  9821  9804  9771
TBILIS 2017 08 02 2  9771  9767  9782  9767  9792  9786  9798  9775  9765  9798  9821  9806
TBILIS 2017 08 03 1  9796  9827  9817  9833  9874  9890  9900  9863  9857  9847  9832  9810
TBILIS 2017 08 03 2  9830  9766  9763  9834  9820  9776  9780  9796  9824  9801  9822  9799
TBILIS 2017 08 04 1  9810  9783  9797  9833  9788  9810  9850  9817  9838  9867  9861  9866
TBILIS 2017 08 04 2  9857  9858  9824  9831  9853  9827  9828  9829  9819  9817  9808  9801
TBILIS 2017 08 05 1  9816  9841  9793  9815  9807  9837  9852  9887  9860  9818  9820  9787
TBILIS 2017 08 05 2  9773  9804  9804  9824  9790  9807  9798  9814  9835  9798  9794  9845
TBILIS 2017 08 06 1  9803  9794  9818  9815  9894  9880  9913  9891  9876  9901  9896  9859
TBILIS 2017 08 06 2  9842  9854  9875  9896  9872  9867  9867  9869  9854  9882  9849  9878
TBILIS 2017 08 07 1  9858  9887  9900  9883  9905  9888  9879  9892  9910  9914  9904  9892
TBILIS 2017 08 07 2  9917  9886  9897  9968  9906  9920  9904  9890  9929  9943  9921  9912
TBILIS 2017 08 08 1  9898  9898  9904  9909  9910  9888  9903  9918  9955  9967  9930  9921
TBILIS 2017 08 08 2  9886  9905  9883  9958  9911  9967  9949  9928  9955  9937  9916  9917
TBILIS 2017 08 09 1  9909  9901  9914  9870  9895  9895  9909  9914  9939  9922  9950  9961
TBILIS 2017 08 09 2  9921  9898  9905  9885  9915  9895  9938  9960  9952  9927  9919  9924
TBILIS 2017 08 10 1  9996  9955  9916  9948  9985  9945  9971  9995 10016 10039 10009  9941
TBILIS 2017 08 10 2 10002  9945  9961  9979  9988 10000  9978  9977 10002 10007 10002  9979
TBILIS 2017 08 11 1 10046 10001  9980  9952  9963  9971 10123 10097 10063 10054 10053 10013
TBILIS 2017 08 11 2 10025  9974  9984  9959  9987  9972  9948 10018  9969  9967  9941  9950
TBILIS 2017 08 12 1  9910  9904  9956  9994  9977 10025 10013 10030 10046 10043 10018 10002
TBILIS 2017 08 12 2  9998  9976  9949  9930  9958  9945  9967  9958  9971  9966  9944  9923
TBILIS 2017 08 13 1  9948  9928  9926  9936 10025  9990 10010 10080 10034 10032  9992 10028
TBILIS 2017 08 13 2  9965  9981 10014  9977  9989  9974  9981  9945  9930  9944  9933  9911
TBILIS 2017 08 14 1  9904  9915  9956  9917  9955  9969 10052 10002 10040 10052 10057 10032
TBILIS 2017 08 14 2 10029 10018  9974  9964  9929  9949  9963  9957  9929  9922  9936  9899
TBILIS 2017 08 15 1  9899  9933  9929  9921  9904  9920  9951  9930  9918  9941  9922  9937
TBILIS 2017 08 15 2  9859  9912  9900  9890  9895  9884  9901  9876  9888  9886  9881  9901
TBILIS 2017 08 16 1  9906  9892  9928  9940  9937  9922  9935  9964  9973  9965  9936  9961
TBILIS 2017 08 16 2  9976  9944  9955  9971  9921  9970  9971  9970  9963  9961  9942  9939
TBILIS 2017 08 17 1  9945  9960  9926  9937  9912  9924  9914  9912  9971 10006 10007  9982
TBILIS 2017 08 17 2 10024  9979  9990  9912  9895  9886  9897  9872  9847  9884  9847  9895
TBILIS 2017 08 18 1  9868  9855  9867  9912  9921  9897  9863  9906  9954  9917  9932  9925
TBILIS 2017 08 18 2  9899  9912  9920  9863  9841  9860  9845  9831  9873  9819  9818  9870
TBILIS 2017 08 19 1  9866  9849  9856  9879  9904  9880  9903  9910  9971  9913  9908  9890
TBILIS 2017 08 19 2  9848  9858  9831  9856  9800  9799  9863  9812  9846  9836  9784  9775
TBILIS 2017 08 20 1  9822  9848  9856  9902  9884  9872  9869  9948  9865  9923  9867  9867
TBILIS 2017 08 20 2  9848  9800  9820  9802  9846  9825  9833  9837  9753  9790  9826  9847
TBILIS 2017 08 21 1  9812  9811  9868  9860  9830  9846  9849  9868  9858  9855  9838  9847
TBILIS 2017 08 21 2  9829  9797  9839  9828  9835  9854  9856  9848  9835  9850  9862  9838
TBILIS 2017 08 22 1  9856  9898  9866  9848  9855  9823  9857  9867  9900  9846  9860  9856
TBILIS 2017 08 22 2  9848  9836  9826  9801  9834  9828  9854  9850  9860  9851  9880  9844
TBILIS 2017 08 23 1  9875  9880  9858  9877  9887  9866  9913  9898  9879  9881  9869  9841
TBILIS 2017 08 23 2  9883  9881  9896  9865  9845  9873  9834  9849  9866  9856  9872  9888
TBILIS 2017 08 24 1  9877  9870  9880  9838  9896  9839  9854  9861  9910  9894  9854  9870
TBILIS 2017 08 24 2  9879  9900  9910  9885  9819  9832  9866  9843  9882  9876  9870  9907
TBILIS 2017 08 25 1  9872  9873  9856  9878  9874  9896  9886  9942  9906  9892  9912  9896
TBILIS 2017 08 25 2  9885  9876  9920  9906  9915  9883  9892  9880  9899  9892  9920  9837
TBILIS 2017 08 26 1  9916  9852  9895  9932  9936  9905  9917  9929  9898  9903  9897  9876
TBILIS 2017 08 26 2  9867  9896  9903  9862  9881  9903  9918  9913  9964  9938  9925  9928
TBILIS 2017 08 27 1  9914  9935  9935 10000  9955  9902  9943  9912  9924  9917  9946  9896
TBILIS 2017 08 27 2  9907  9888  9862  9900  9948  9938  9933  9969  9971  9974  9972  9981
TBILIS 2017 08 28 1 10020  9963  9954  9972  9977  9996  9981  9948  9998  9942  9939  9915
TBILIS 2017 08 28 2  9893  9935  9931  9941  9930  9939  9899  9938  9903  9933  9965  9933
TBILIS 2017 08 29 1  9936  9937  9942  9965  9926  9974  9967  9984  9943  9927  9947  9947
TBILIS 2017 08 29 2  9901  9946  9943  9938  9933  9930  9945  9989 10003  9933  9952  9914
TBILIS 2017 08 30 1  9942  9885  9885  9913  9922  9935  9985  9953  9940  9960  9958 10008
TBILIS 2017 08 30 2  9958  9923  9943  9952  9926  9910  9919  9911  9928  9906  9880  9899
TBILIS 2017 08 31 1  9890  9919  9924  9914  9930  9916  9831  9885  9920  9964  9961 10008
TBILIS 2017 08 31 2 10028  9978  9967 10005 10003  9972  9994  9973  9992  9971  9956  9948
Cosmic-Ray Neutron Monitor Data (Hourly, Pressure-Corrected and Scale-Adjusted Counts)
Collections: WDC for Cosmic Rays, Solar-Terrestrial Environment Laboratory, Nagoya Univ.
Data Access: http://center.stelab.nagoya-u.ac.jp/WDCCR/index.html
Project: ICSU WDC
Citation: WDC for Cosmic Rays, Solar-Terrestrial Environment Laboratory, Nagoya University
Station ID: TBILIS
Station:  TBILISI,GIORGIA,INSTITUT GEOPHYSIKY (IG), GIORGIAN ACADEMY OF SCIENCES,GIORGIA 
Instrument: 18-NM-64 Corrected to 965 mb Standard Pressure, Coef =-0.69 %/mb                
Latitude (deg.):   41.43  Longitude (deg.):   44.48  Altitude (m):  510.00
Cut-Off Rigidity (GV):    6.73
Year: 2017  Month:   9
Scaling Factor (SF):    64.0   Constant (CONST):     0.0  Real Counts = (DATA + CONST)*SF
Temporal Resolution: 1 hour
UTC Start Hour:     0.0
DATA FILE IS PREPARED BY IZMIRAN (ftp://cr0.izmiran.rssi.ru/Cosray!/FTP_NM/C/)  
 Updated by IZMIRAN on 20180606                         
Monthly Average:  9922.7
Updated (YYYY MM DD): 2018 06 07
*******************************************************************************************
ID     YYYY MM DD 1     0     1     2     3     4     5     6     7     8     9    10    11
ID     YYYY MM DD 2    12    13    14    15    16    17    18    19    20    21    22    23
*******************************************************************************************
TBILIS 2017 09 01 1  9960  9978  9983  9997 10025 10006 10035  9996 10040 10059 10085 10011
TBILIS 2017 09 01 2 10042 10009 10019  9911  9903  9950  9950 10028  9967 10002 10059  9953
TBILIS 2017 09 02 1  9935  9955  9980  9989  9997 10035 10036 10034 10063 10082 10041 10026
TBILIS 2017 09 02 2  9990  9981 10019  9993  9954  9959  9948  9989  9987  9961  9963  9952
TBILIS 2017 09 03 1  9991  9934  9986 10007 10025  9992  9965 10033  9972  9983  9997 10022
TBILIS 2017 09 03 2  9984  9982 10029  9993  9957 10028  9988  9990 10015  9979  9939  9969
TBILIS 2017 09 04 1 10004 10014 10012  9957 10042 10018 10029 10020  9965  9976 10012 10004
TBILIS 2017 09 04 2 10002 10035  9977  9985  9986  9983 10042 10023  9970  9979 10028  9960
TBILIS 2017 09 05 1  9956  9958  9999  9971 10004 10015 10000  9986 10026 10003  9964 10037
TBILIS 2017 09 05 2 10023 10009 10003  9974 10094 10052 10055 10017 10029 10012 10004 10024
TBILIS 2017 09 06 1 10029  9969  9949  9938  9992  9950 10086 10054  9994 10008  9989  9977
TBILIS 2017 09 06 2 10013 10028 10001 10018 10023 10019 10049  9976  9994 10053 10006  9954
TBILIS 2017 09 07 1  9908  9882  9877  9905  9943  9943  9969  9981  9993 10022 10005 10067
TBILIS 2017 09 07 2  9985  9983  9981  9909  9911  9941  9954  9966 10028  9978 10050 10027
TBILIS 2017 09 08 1 10032  9948  9898  9849  9930  9948  9896  9905  9866  9893  9797  9675
TBILIS 2017 09 08 2  9617  9657  9710  9640  9646  9717  9666  9725  9747  9734  9785  9803
TBILIS 2017 09 09 1  9745  9767  9785  9739  9735  9740  9689  9719  9743  9720  9736  9751
TBILIS 2017 09 09 2  9735  9760  9719  9720  9743  9765  9799  9852  9829  9843  9811  9842
TBILIS 2017 09 10 1  9859  9810  9820  9836  9828  9858  9824  9935  9901  9822  9838  9856
TBILIS 2017 09 10 2  9884  9819  9821  9858  9867  9885  9906  9870  9838  9883  9890  9903
TBILIS 2017 09 11 1  9922  9907  9898  9881  9906  9908  9930  9927  9937  9920  9893  9866
TBILIS 2017 09 11 2  9928  9892  9886  9895  9866  9892  9890  9934  9896  9901  9929  9895
TBILIS 2017 09 12 1  9855  9911  9934  9899  9940  9977  9972  9956 10006  9979  9996 10019
TBILIS 2017 09 12 2  9951  9989  9965  9903  9946  9988  9956  9906  9879  9830  9900  9899
TBILIS 2017 09 13 1  9891  9882  9883  9876  9923  9928  9927  9929  9907  9934  9871  9885
TBILIS 2017 09 13 2  9882  9899  9919  9970  9966  9931  9940  9901  9905  9879  9859  9910
TBILIS 2017 09 14 1  9890  9882  9887  9903  9908  9934  9957  9963  9960  9938  9957  9932
TBILIS 2017 09 14 2  9903  9908  9921  9974  9918  9878  9862  9823  9773  9801  9806  9784
TBILIS 2017 09 15 1  9840  9801  9822  9810  9866  9823  9869  9886  9877  9909  9878  9890
TBILIS 2017 09 15 2  9888  9855  9884  9849  9870  9845  9851  9832  9860  9873  9854  9815
TBILIS 2017 09 16 1  9875  9847  9867  9888  9882  9932  9941  9933  9901  9937  9916  9924
TBILIS 2017 09 16 2  9926  9949  9891  9946  9931  9891  9911  9917  9883  9879  9876  9925
TBILIS 2017 09 17 1  9924  9882  9885  9902  9936  9903  9917  9930  9957  9928  9924  9890
TBILIS 2017 09 17 2  9884  9932  9949  9970  9985 10000  9991  9981  9957  9913  9929  9926
TBILIS 2017 09 18 1  9929  9949  9908  9920  9953  9973  9975  9968 10007  9973  9927  9977
TBILIS 2017 09 18 2  9967  9980  9974  9972  9910  9974  9962  9935  9965  9972  9962  9966
TBILIS 2017 09 19 1  9976  9932  9941  9935  9942  9934  9919  9919  9905  9924  9933  9951
TBILIS 2017 09 19 2  9946  9914  9884  9954  9933  9948  9914  9945  9945  9942  9939  9929
TBILIS 2017 09 20 1  9945  9990  9983  9979  9958  9947  9963  9888  9924  9909  9891  9915
TBILIS 2017 09 20 2  9908  9960  9906  9904  9951  9894  9924  9899  9893  9854  9891  9900
TBILIS 2017 09 21 1  9882  9878  9911  9897  9842  9905  9892  9850  9937  9907  9877  9895
TBILIS 2017 09 21 2  9869  9891  9932  9910  9896  9920  9888  9856  9879  9919  9897  9841
TBILIS 2017 09 22 1  9891  9895  9920  9934  9909  9915  9932  9956  9949  9970  9948  9983
TBILIS 2017 09 22 2  9962  9936  9924  9954  9977  9966  9958  9959  9928  9894  9969  9909
TBILIS 2017 09 23 1  9947  9912  9940  9906  9943  9964  9962  9979  9944  9945  9965  9936
TBILIS 2017 09 23 2  9942  9966  9958 10002  9961  9960  9998  9977  9942  9944  9961  9953
TBILIS 2017 09 24 1  9907  9924  9918  9911  9911  9950  9907  9958  9939  9947  9965  9932
TBILIS 2017 09 24 2  9930  9900  9919  9953  9913  9880  9930  9921  9877  9906  9888  9923
TBILIS 2017 09 25 1  9914  9971  9872  9912  9848  9907  9932  9944  9920  9923  9939  9928
TBILIS 2017 09 25 2  9850  9914  9874  9891  9855  9858  9873  9999  9912  9888  9905  9875
TBILIS 2017 09 26 1  9930  9945  9974  9960  9983  9971  9992  9949  9962  9932  9889  9906
TBILIS 2017 09 26 2  9925  9923  9869  9887  9903  9893  9918  9922  9882  9889  9893  9863
TBILIS 2017 09 27 1  9917  9904  9866  9872  9859  9851  9857  9908  9902  9903  9907  9949
TBILIS 2017 09 27 2  9927  9942  9986  9939  9911  9923  9935  9918  9913  9953  9892  9918
TBILIS 2017 09 28 1  9884  9855  9862  9871  9947  9939  9954  9967  9998  9927  9905  9894
TBILIS 2017 09 28 2  9884  9905  9896  9901  9910  9876  9884  9911  9892  9907  9944  9938
TBILIS 2017 09 29 1  9911  9902  9915  9891 99999  9904  9959  9902  9910  9891  9914  9907
TBILIS 2017 09 29 2  9880  9927  9930  9909  9919  9921  9905  9863  9868  9883  9888  9893
TBILIS 2017 09 30 1  9897  9889  9882  9932  9877  9944  9886  9917  9908  9841  9893  9844
TBILIS 2017 09 30 2  9823  9891  9877  9874  9900  9914  9880  9886  9893  9873  9886  9865
TBILIS 2017 09 31 1 99999 99999 99999 99999 99999 99999 99999 99999 99999 99999 99999 99999
TBILIS 2017 09 31 2 99999 99999 99999 99999 99999 99999 99999 99999 99999 99999 99999 99999
Cosmic-Ray Neutron Monitor Data (Hourly, Pressure-Corrected and Scale-Adjusted Counts)
Collections: WDC for Cosmic Rays, Solar-Terrestrial Environment Laboratory, Nagoya Univ.
Data Access: http://center.stelab.nagoya-u.ac.jp/WDCCR/index.html
Project: ICSU WDC
Citation: WDC for Cosmic Rays, Solar-Terrestrial Environment Laboratory, Nagoya University
Station ID: TBILIS
Station:  TBILISI,GIORGIA,INSTITUT GEOPHYSIKY (IG), GIORGIAN ACADEMY OF SCIENCES,GIORGIA 
Instrument: 18-NM-64 Corrected to 965 mb Standard Pressure, Coef =-0.69 %/mb                
Latitude (deg.):   41.43  Longitude (deg.):   44.48  Altitude (m):  510.00
Cut-Off Rigidity (GV):    6.73
Year: 2017  Month:  10
Scaling Factor (SF):    64.0   Constant (CONST):     0.0  Real Counts = (DATA + CONST)*SF
Temporal Resolution: 1 hour
UTC Start Hour:     0.0
DATA FILE IS PREPARED BY IZMIRAN (ftp://cr0.izmiran.rssi.ru/Cosray!/FTP_NM/C/)  
 Updated by IZMIRAN on 20180606                         
Monthly Average:  9835.5
Updated (YYYY MM DD): 2018 06 07
*******************************************************************************************
ID     YYYY MM DD 1     0     1     2     3     4     5     6     7     8     9    10    11
ID     YYYY MM DD 2    12    13    14    15    16    17    18    19    20    21    22    23
*******************************************************************************************
TBILIS 2017 10 01 1  9868  9854  9848  9844  9868  9856  9876  9824  9876  9823  9840  9821
TBILIS 2017 10 01 2  9847  9836  9853  9837  9874  9827  9871  9905  9854  9856  9841  9807
TBILIS 2017 10 02 1  9823  9852  9840  9868  9818  9820  9873  9874  9867  9815  9838  9853
TBILIS 2017 10 02 2  9863  9867  9854  9827  9877  9865  9851  9859  9872  9867  9818  9859
TBILIS 2017 10 03 1  9886  9856  9867  9906  9902  9940  9936  9936  9954  9873  9883  9900
TBILIS 2017 10 03 2  9873  9869  9896  9885  9883  9906  9883  9872  9876  9915  9897  9879
TBILIS 2017 10 04 1  9856  9874  9888  9912  9922  9942  9964  9938  9938  9956  9930  9932
TBILIS 2017 10 04 2  9958  9959  9905  9923  9847  9918  9908  9913  9883  9863  9869  9860
TBILIS 2017 10 05 1  9852  9900  9883  9919  9966  9932  9959  9942  9990  9897  9914  9897
TBILIS 2017 10 05 2  9869  9858  9870  9867  9815  9836  9848  9849  9786  9843  9821  9797
TBILIS 2017 10 06 1  9790  9833  9801  9875  9839  9878  9876  9973  9909  9953  9954  9943
TBILIS 2017 10 06 2  9957  9938  9951  9942  9909  9873  9873  9830  9819  9832  9770  9798
TBILIS 2017 10 07 1  9782  9831  9884  9895  9944  9930  9970  9933  9950  9965  9975 10003
TBILIS 2017 10 07 2 10003  9960  9915  9829  9790  9815  9744  9719  9749  9706  9727  9725
TBILIS 2017 10 08 1  9699  9738  9729  9753  9781  9792  9854  9839  9832  9833  9803  9793
TBILIS 2017 10 08 2  9794  9768  9729  9769  9786  9726  9734  9731  9767  9737  9749  9720
TBILIS 2017 10 09 1  9752  9724  9769  9786  9807  9829  9815  9817  9808  9813  9783  9783
TBILIS 2017 10 09 2  9742  9760  9744  9808  9781  9775  9764  9784  9824  9778  9818  9767
TBILIS 2017 10 10 1  9771  9760  9742  9781  9827  9826  9827  9811  9846  9815  9868  9807
TBILIS 2017 10 10 2  9790  9795  9779  9786  9779  9769  9813  9777  9798  9736  9761  9771
TBILIS 2017 10 11 1  9828  9793  9814  9815  9837  9835  9825  9825  9870  9837  9856  9860
TBILIS 2017 10 11 2  9826  9801  9797  9870  9906  9838  9830  9776  9790  9765  9768  9779
TBILIS 2017 10 12 1  9748  9779  9769  9769  9810  9783  9890  9853  9846  9833  9813  9820
TBILIS 2017 10 12 2  9830  9852  9833  9846  9831  9860  9860  9795  9815  9810  9779  9786
TBILIS 2017 10 13 1  9806  9850  9853  9825  9856  9804  9792  9808  9814  9809  9839  9801
TBILIS 2017 10 13 2  9853  9783  9806  9825  9777  9802  9803  9773  9785  9789  9801  9826
TBILIS 2017 10 14 1  9823  9832  9825  9803  9770  9809  9827  9807  9809  9797  9782  9771
TBILIS 2017 10 14 2  9759  9785  9743  9771  9704  9762  9749  9736  9686  9700  9725  9748
TBILIS 2017 10 15 1  9740  9792  9786  9774  9795  9811  9827  9857  9797  9819  9759  9791
TBILIS 2017 10 15 2  9839  9760  9772  9757  9795  9824  9826  9786  9744  9683  9750  9772
TBILIS 2017 10 16 1  9761  9788  9778  9807  9762  9788  9795  9837  9823  9848  9789  9812
TBILIS 2017 10 16 2  9757  9733  9721  9759  9793  9794  9744  9765  9734  9712  9750  9784
TBILIS 2017 10 17 1  9812  9850  9833  9847  9817  9844  9829  9811  9810  9741  9744  9752
TBILIS 2017 10 17 2  9784  9776  9764  9832  9821  9831  9820  9787  9870  9838  9835  9865
TBILIS 2017 10 18 1  9833  9805  9837  9821  9864  9894  9867  9918  9892  9923  9867  9884
TBILIS 2017 10 18 2  9861  9854  9844  9876  9907  9850  9857  9864  9913  9885  9898  9915
TBILIS 2017 10 19 1  9926  9896  9866  9907  9916  9927  9897  9943  9919  9905  9893  9883
TBILIS 2017 10 19 2  9881  9857  9872  9870  9892  9895  9881  9880  9902  9871  9873  9853
TBILIS 2017 10 20 1  9862  9874  9920  9903  9916  9928  9901  9911  9910  9896  9940  9883
TBILIS 2017 10 20 2  9892  9879  9893  9885  9862  9880  9857  9872  9918  9870  9861  9877
TBILIS 2017 10 21 1  9857  9852  9871  9876  9830  9870  9892  9823  9858  9864  9894  9874
TBILIS 2017 10 21 2  9875  9873  9825  9838  9856  9849  9861  9864  9848  9829  9831  9844
TBILIS 2017 10 22 1  9861  9859  9852  9857  9814  9810  9804  9803  9842  9812  9850  9861
TBILIS 2017 10 22 2  9854  9841  9861  9840  9834  9811  9821  9822  9853  9786  9758  9769
TBILIS 2017 10 23 1  9785  9798  9784  9768  9806  9777  9794  9770  9817  9829  9855  9802
TBILIS 2017 10 23 2  9830  9792  9774  9773  9793  9796  9799  9779  9765  9815  9791  9848
TBILIS 2017 10 24 1  9797  9830  9809  9832  9814  9794  9821  9805  9741  9751  9765  9781
TBILIS 2017 10 24 2  9814  9810  9824  9873  9840  9860  9843  9828  9825  9800  9819  9819
TBILIS 2017 10 25 1  9798  9792  9786  9825  9829  9813  9805  9795  9767  9792  9789  9826
TBILIS 2017 10 25 2  9751  9781  9778  9778  9805  9811  9770  9764  9763  9772  9802  9813
TBILIS 2017 10 26 1  9788  9835  9821  9790  9819  9779  9775  9804  9784  9811  9767  9846
TBILIS 2017 10 26 2  9857  9871  9937  9833  9846  9855  9887  9883  9893  9839  9866  9846
TBILIS 2017 10 27 1  9860  9839  9850  9834  9809  9823  9739  9820  9844  9869  9829  9822
TBILIS 2017 10 27 2  9828  9821  9880  9874  9848  9860  9862  9920  9807  9888  9853  9854
TBILIS 2017 10 28 1  9834  9806  9869  9827  9832  9832  9861  9821  9833  9812  9792  9811
TBILIS 2017 10 28 2  9823  9831  9843  9832  9854  9823  9850  9834  9842  9856  9840  9834
TBILIS 2017 10 29 1  9865  9839  9812  9834  9824  9833  9848  9843  9871  9872  9822  9824
TBILIS 2017 10 29 2  9826  9844  9825  9848  9875  9821  9843  9831  9812  9837  9840  9798
TBILIS 2017 10 30 1  9827  9811  9815  9832  9811  9864  9890  9838  9871  9857  9880  9889
TBILIS 2017 10 30 2  9861  9855  9845  9814  9845  9788  9867  9869  9884  9839  9809  9835
TBILIS 2017 10 31 1  9783  9864  9811  9830  9872  9831  9850  9907  9943  9957  9948  9950
TBILIS 2017 10 31 2  9925  9922  9898  9924  9910  9863  9939  9909  9908  9846  9874  9901
Cosmic-Ray Neutron Monitor Data (Hourly, Pressure-Corrected and Scale-Adjusted Counts)
Collections: WDC for Cosmic Rays, Solar-Terrestrial Environment Laboratory, Nagoya Univ.
Data Access: http://center.stelab.nagoya-u.ac.jp/WDCCR/index.html
Project: ICSU WDC
Citation: WDC for Cosmic Rays, Solar-Terrestrial Environment Laboratory, Nagoya University
Station ID: TBILIS
Station:  TBILISI,GIORGIA,INSTITUT GEOPHYSIKY (IG), GIORGIAN ACADEMY OF SCIENCES,GIORGIA 
Instrument: 18-NM-64 Corrected to 965 mb Standard Pressure, Coef =-0.69 %/mb                
Latitude (deg.):   41.43  Longitude (deg.):   44.48  Altitude (m):  510.00
Cut-Off Rigidity (GV):    6.73
Year: 2017  Month:  11
Scaling Factor (SF):    64.0   Constant (CONST):     0.0  Real Counts = (DATA + CONST)*SF
Temporal Resolution: 1 hour
UTC Start Hour:     0.0
DATA FILE IS PREPARED BY IZMIRAN (ftp://cr0.izmiran.rssi.ru/Cosray!/FTP_NM/C/)  
 Updated by IZMIRAN on 20180606                         
Monthly Average:  9799.3
Updated (YYYY MM DD): 2018 06 07
*******************************************************************************************
ID     YYYY MM DD 1     0     1     2     3     4     5     6     7     8     9    10    11
ID     YYYY MM DD 2    12    13    14    15    16    17    18    19    20    21    22    23
*******************************************************************************************
TBILIS 2017 11 01 1  9875  9829  9864  9886  9937  9960  9940  9938  9942  9943  9909  9896
TBILIS 2017 11 01 2  9941  9933  9837  9810  9826  9819  9786  9781  9804  9781  9846  9808
TBILIS 2017 11 02 1  9784  9847  9739  9805  9766  9807  9797  9855  9764  9768  9771  9745
TBILIS 2017 11 02 2  9781  9779  9774  9756  9753  9732  9709  9713  9699  9735  9735  9719
TBILIS 2017 11 03 1  9747  9755  9811  9770  9769  9806  9812  9859  9862  9824  9786  9793
TBILIS 2017 11 03 2  9796  9793  9777  9760  9746  9779  9721  9708  9754  9751  9759  9705
TBILIS 2017 11 04 1  9703  9762  9731  9759  9759  9815  9792  9787  9756  9786  9739  9711
TBILIS 2017 11 04 2  9730  9696  9706  9725  9707  9690  9685  9690  9707  9666  9680  9714
TBILIS 2017 11 05 1  9717  9691  9712  9723  9759  9792  9793  9839  9774  9796  9740  9710
TBILIS 2017 11 05 2  9715  9701  9715  9720  9707  9723  9711  9712  9697  9707  9665  9701
TBILIS 2017 11 06 1  9693  9730  9775  9724  9773  9803  9829  9805  9750  9767  9749  9693
TBILIS 2017 11 06 2  9700  9697  9715  9716  9707  9713  9736  9713  9676  9705  9684  9678
TBILIS 2017 11 07 1  9689  9719  9676  9732  9688  9732  9763  9734  9764  9807  9804  9819
TBILIS 2017 11 07 2  9804  9771  9753  9759  9818  9762  9720  9706  9723  9759  9709  9716
TBILIS 2017 11 08 1  9686  9742  9708  9726  9793  9804  9817  9810  9813  9815  9794  9787
TBILIS 2017 11 08 2  9814  9765  9796  9752  9750  9782  9721  9728  9751  9746  9703  9706
TBILIS 2017 11 09 1  9732  9757  9714  9733  9673  9695  9755  9772  9785  9794  9780  9792
TBILIS 2017 11 09 2  9822  9806  9760  9760  9725  9747  9747  9762  9725  9678  9692  9702
TBILIS 2017 11 10 1  9659  9713  9765  9687  9724  9702  9760  9750  9763  9780  9724  9785
TBILIS 2017 11 10 2  9747  9728  9724  9687  9723  9721  9690  9691  9698  9686  9637  9738
TBILIS 2017 11 11 1  9682  9666  9692  9717  9726  9732  9731  9777  9743  9782  9748  9738
TBILIS 2017 11 11 2  9745  9700  9713  9747  9710  9712  9713  9686  9711  9742  9747  9679
TBILIS 2017 11 12 1  9742  9759  9756  9733  9797  9787  9778  9814  9787  9798  9783  9763
TBILIS 2017 11 12 2  9753  9725  9750  9715  9762  9694  9777  9783  9728  9728  9702  9758
TBILIS 2017 11 13 1  9751  9757  9768  9770  9755  9779  9797  9775  9784  9733  9788  9735
TBILIS 2017 11 13 2  9778  9764  9775  9751  9738  9731  9751  9743  9736  9784  9771  9726
TBILIS 2017 11 14 1  9745  9783  9789  9782  9764  9801  9785  9819  9785  9773  9733  9748
TBILIS 2017 11 14 2  9716  9670  9657  9698  9710  9722  9734  9719  9731  9723  9764  9761
TBILIS 2017 11 15 1  9802  9776  9752  9755  9788  9747  9785  9781  9818  9791  9791  9736
TBILIS 2017 11 15 2  9754  9763  9743  9754  9768  9705  9700  9779  9759  9778  9738  9761
TBILIS 2017 11 16 1  9746  9755  9749  9763  9761  9775  9769  9816  9842  9807  9751  9782
TBILIS 2017 11 16 2  9813  9737  9723  9720  9725  9704  9736  9751  9759  9758  9767  9773
TBILIS 2017 11 17 1  9753  9792  9804  9787  9815  9763  9824  9792  9771  9775  9754  9770
TBILIS 2017 11 17 2  9761  9772  9778  9807  9765  9792  9769  9773  9764  9786  9783  9824
TBILIS 2017 11 18 1  9770  9810  9784  9833  9805  9847  9798  9832  9852  9828  9791  9768
TBILIS 2017 11 18 2  9848  9798  9809  9829  9810  9834  9841  9835  9825  9784  9786  9782
TBILIS 2017 11 19 1  9748  9817  9830  9800  9825  9852  9834  9889  9845  9834  9789  9794
TBILIS 2017 11 19 2  9806  9786  9796  9800  9797  9782  9740  9786  9860  9803  9825  9822
TBILIS 2017 11 20 1  9801  9784  9793  9791  9824  9861  9815  9853  9836  9833  9820  9823
TBILIS 2017 11 20 2  9763  9787  9813  9805  9820  9841  9797  9807  9848  9824  9813  9788
TBILIS 2017 11 21 1  9802  9812  9809  9799  9832  9823  9871  9864  9870  9900  9828  9841
TBILIS 2017 11 21 2  9814  9751  9803  9820  9771  9791  9795  9832  9839  9825  9791  9852
TBILIS 2017 11 22 1  9823  9856  9885  9856  9868  9861  9906  9892  9927  9916  9897  9913
TBILIS 2017 11 22 2  9927  9973  9894  9905 10023  9887  9904  9895  9944  9933  9943  9963
TBILIS 2017 11 23 1  9976  9951  9936  9942  9944  9924  9903  9896  9901  9892  9905  9914
TBILIS 2017 11 23 2  9904  9908  9910  9908  9995  9911  9956  9937  9972  9957  9984  9998
TBILIS 2017 11 24 1  9968  9964  9958  9988  9928  9955  9944  9942  9926  9938  9933  9940
TBILIS 2017 11 24 2  9980  9944  9948  9924  9966  9940  9990  9974  9991  9989  9979  9942
TBILIS 2017 11 25 1  9943  9900  9891  9932  9953  9948  9986  9937  9907  9978  9984  9944
TBILIS 2017 11 25 2  9922  9937  9928  9936  9892  9920  9889  9924  9926  9972  9881  9897
TBILIS 2017 11 26 1  9905  9917  9933  9928  9944  9962  9993  9980  9971  9958  9925  9931
TBILIS 2017 11 26 2  9905  9936  9929  9925  9906  9917  9911  9922  9906  9919  9891  9864
TBILIS 2017 11 27 1  9868  9886  9857  9873  9864  9851  9821  9864  9808  9832  9788  9807
TBILIS 2017 11 27 2  9792  9768  9823  9763  9763  9795  9777  9783  9829  9776  9799  9781
TBILIS 2017 11 28 1  9767  9821  9824  9829  9874  9873  9926  9888  9873  9873  9863  9847
TBILIS 2017 11 28 2  9840  9809  9789  9845  9821  9787  9812  9799  9838  9815  9815  9774
TBILIS 2017 11 29 1  9773  9819  9810  9790  9834  9840  9863  9858  9834  9836  9823  9844
TBILIS 2017 11 29 2  9822  9786  9782  9754  9752  9718  9717  9765  9744  9735  9716  9767
TBILIS 2017 11 30 1  9762  9774  9806  9805  9740  9818  9737  9805  9775  9773  9755  9741
TBILIS 2017 11 30 2  9754  9754  9719  9701  9742  9713  9717  9693  9756  9748  9740  9708
TBILIS 2017 11 31 1 99999 99999 99999 99999 99999 99999 99999 99999 99999 99999 99999 99999
TBILIS 2017 11 31 2 99999 99999 99999 99999 99999 99999 99999 99999 99999 99999 99999 99999
Cosmic-Ray Neutron Monitor Data (Hourly, Pressure-Corrected and Scale-Adjusted Counts)
Collections: WDC for Cosmic Rays, Solar-Terrestrial Environment Laboratory, Nagoya Univ.
Data Access: http://center.stelab.nagoya-u.ac.jp/WDCCR/index.html
Project: ICSU WDC
Citation: WDC for Cosmic Rays, Solar-Terrestrial Environment Laboratory, Nagoya University
Station ID: TBILIS
Station:  TBILISI,GIORGIA,INSTITUT GEOPHYSIKY (IG), GIORGIAN ACADEMY OF SCIENCES,GIORGIA 
Instrument: 18-NM-64 Corrected to 965 mb Standard Pressure, Coef =-0.69 %/mb                
Latitude (deg.):   41.43  Longitude (deg.):   44.48  Altitude (m):  510.00
Cut-Off Rigidity (GV):    6.73
Year: 2017  Month:  12
Scaling Factor (SF):    64.0   Constant (CONST):     0.0  Real Counts = (DATA + CONST)*SF
Temporal Resolution: 1 hour
UTC Start Hour:     0.0
DATA FILE IS PREPARED BY IZMIRAN (ftp://cr0.izmiran.rssi.ru/Cosray!/FTP_NM/C/)  
 Updated by IZMIRAN on 20180606                         
Monthly Average:  9800.1
Updated (YYYY MM DD): 2018 06 07
*******************************************************************************************
ID     YYYY MM DD 1     0     1     2     3     4     5     6     7     8     9    10    11
ID     YYYY MM DD 2    12    13    14    15    16    17    18    19    20    21    22    23
*******************************************************************************************
TBILIS 2017 12 01 1  9713  9742  9742  9751  9761  9795  9798  9810  9755  9794  9725  9752
TBILIS 2017 12 01 2  9773  9711  9707  9715  9709  9747  9750  9728  9725  9696  9722  9680
TBILIS 2017 12 02 1  9723  9735  9771  9787  9779  9775  9765  9791  9799  9802  9781  9758
TBILIS 2017 12 02 2  9774  9768  9730  9736  9767  9752  9775  9731  9716  9694  9743  9742
TBILIS 2017 12 03 1  9733  9746  9737  9786  9800  9791  9792  9847  9804  9833  9823  9798
TBILIS 2017 12 03 2  9825  9818  9798  9743  9808  9760  9756  9729  9792  9756  9769  9777
TBILIS 2017 12 04 1  9778  9774  9806  9799  9803  9802  9765  9768  9824  9835  9826  9792
TBILIS 2017 12 04 2  9837  9796  9793  9734  9785  9805  9860  9918  9864  9831  9785  9804
TBILIS 2017 12 05 1  9710  9770  9773  9788  9836  9799  9788  9816  9813  9807  9789  9767
TBILIS 2017 12 05 2  9800  9786  9773  9792  9796  9746  9746  9753  9754  9737  9753  9804
TBILIS 2017 12 06 1  9750  9718  9771  9766  9802  9836  9843  9796  9816  9839  9809  9799
TBILIS 2017 12 06 2  9781  9801  9790  9772  9778  9787  9802  9807  9783  9781  9785  9769
TBILIS 2017 12 07 1  9773  9806  9765  9762  9763  9826  9862  9854  9904  9874  9825  9792
TBILIS 2017 12 07 2  9748  9703  9766  9771  9795  9753  9733  9779  9739  9740  9773  9735
TBILIS 2017 12 08 1  9729  9772  9735  9743  9764  9768  9786  9767  9742  9791  9776  9756
TBILIS 2017 12 08 2  9730  9670  9634  9653  9656  9660  9672  9694  9756  9769  9759  9719
TBILIS 2017 12 09 1  9711  9805  9818  9768  9796  9819  9825  9788  9830  9825  9773  9773
TBILIS 2017 12 09 2  9723  9767  9748  9767  9732  9731  9732  9740  9778  9785  9790  9782
TBILIS 2017 12 10 1  9811  9824  9790  9814  9847  9863  9813  9854  9825  9833  9779  9784
TBILIS 2017 12 10 2  9766  9771  9789  9774  9811  9770  9767  9775  9779  9844  9803  9843
TBILIS 2017 12 11 1  9830  9844  9821  9873  9876  9763  9835  9846  9849  9864  9815  9855
TBILIS 2017 12 11 2  9895  9841  9808  9790  9795  9751  9788  9808  9815  9838  9849  9823
TBILIS 2017 12 12 1  9850  9830  9880  9840  9846  9891  9929  9932  9900  9913  9912  9858
TBILIS 2017 12 12 2  9836  9862  9791  9786  9763  9813  9831  9838  9803  9799  9743  9766
TBILIS 2017 12 13 1  9758  9773  9767  9759  9829  9824  9857  9792  9818  9849  9835  9839
TBILIS 2017 12 13 2  9783  9856  9812  9799  9768  9782  9744  9765  9723  9780  9781  9745
TBILIS 2017 12 14 1  9779  9775  9793  9816  9803  9841  9821  9825  9845  9850  9830  9806
TBILIS 2017 12 14 2  9808  9820  9813  9792  9785  9812  9779  9765  9785  9757  9816  9825
TBILIS 2017 12 15 1  9801  9815  9849  9822  9844  9882  9886  9861  9850  9895  9864  9842
TBILIS 2017 12 15 2  9836  9825  9804  9801  9814  9791  9812  9790  9783  9795  9835  9782
TBILIS 2017 12 16 1  9801  9784  9838  9851  9836  9820  9845  9882  9871  9883  9876  9877
TBILIS 2017 12 16 2  9845  9818  9827  9832  9813  9825  9818  9827  9855  9820  9805  9808
TBILIS 2017 12 17 1  9833  9802  9810  9793  9829  9850  9848  9853  9850  9853  9839  9838
TBILIS 2017 12 17 2  9852  9838  9847  9832  9815  9829  9847  9847  9849  9859  9849  9799
TBILIS 2017 12 18 1  9782  9791  9817  9836  9879  9860  9851  9861  9857  9853  9810  9801
TBILIS 2017 12 18 2  9789  9801  9807  9807  9805  9811  9826  9802  9827  9806  9823  9779
TBILIS 2017 12 19 1  9819  9835  9836  9880  9863  9887  9879  9926  9873  9848  9801  9883
TBILIS 2017 12 19 2  9762  9798  9774  9794  9775  9786  9814  9798  9796  9838  9814  9805
TBILIS 2017 12 20 1  9816  9845  9850  9906  9853  9892  9902  9870  9899  9905  9893  9836
TBILIS 2017 12 20 2  9831  9822  9800  9807  9805  9784  9809  9833  9781  9757  9825  9806
TBILIS 2017 12 21 1  9807  9805  9811  9852  9879  9807  9854  9849  9860  9855  9823  9844
TBILIS 2017 12 21 2  9823  9841  9827  9816  9784  9824  9884  9819  9817  9837  9834  9839
TBILIS 2017 12 22 1  9815  9824  9819  9834  9846  9838  9865  9862  9850  9825  9867  9823
TBILIS 2017 12 22 2  9786  9811  9824  9830  9830  9831  9821  9864  9822  9848  9842  9826
TBILIS 2017 12 23 1  9835  9847  9895  9888  9887  9919  9886  9894  9882  9899  9843  9826
TBILIS 2017 12 23 2  9856  9858  9845  9819  9809  9792  9802  9789  9835  9760  9775  9771
TBILIS 2017 12 24 1  9756  9772  9770  9818  9828  9847  9832  9906  9908  9907  9892  9853
TBILIS 2017 12 24 2  9861  9819  9830  9842  9840  9837  9841  9801  9812  9807  9879  9869
TBILIS 2017 12 25 1  9778  9798  9735  9779  9747  9780  9792  9833  9831  9953  9847  9802
TBILIS 2017 12 25 2  9841  9815  9840  9812  9740  9819  9836  9810  9880  9869  9824  9800
TBILIS 2017 12 26 1  9762  9778  9808  9773  9722  9674  9755  9857  9870  9865  9856  9823
TBILIS 2017 12 26 2  9803  9791  9785  9782  9797  9844  9810  9841  9833  9866  9900  9830
TBILIS 2017 12 27 1  9865  9846  9849  9858  9846  9849  9822  9840  9848  9858  9822  9853
TBILIS 2017 12 27 2  9805  9827  9810  9808  9837  9769  9731  9765  9755  9750  9798  9784
TBILIS 2017 12 28 1  9758  9755  9737  9755  9754  9770  9815  9798  9771  9753  9753  9778
TBILIS 2017 12 28 2  9751  9721  9742  9707  9742  9707  9751  9767  9742  9765  9734  9739
TBILIS 2017 12 29 1  9768  9809  9790  9794  9787  9804  9776  9822  9769  9788  9742  9725
TBILIS 2017 12 29 2  9742  9745  9736  9753  9736  9723  9770  9754  9787  9775  9777  9687
TBILIS 2017 12 30 1  9790  9745  9729  9775  9792  9780  9788  9725  9791  9772  9804  9776
TBILIS 2017 12 30 2  9712  9716  9744  9770  9758  9753  9763  9735  9701  9745  9710  9749
TBILIS 2017 12 31 1  9726  9765  9718  9751  9737  9758  9752  9734  9750  9769  9734  9702
TBILIS 2017 12 31 2  9703  9711  9720  9739  9698  9660  9717  9715  9726  9730  9763  9739
