Cosmic-Ray Neutron Monitor Data (Hourly, Pressure-Corrected and Scale-Adjusted Counts)
Collections: WDC for Cosmic Rays, Solar-Terrestrial Environment Laboratory, Nagoya Univ.
Data Access: http://center.stelab.nagoya-u.ac.jp/WDCCR/index.html
Project: ICSU WDC
Citation: WDC for Cosmic Rays, Solar-Terrestrial Environment Laboratory, Nagoya University
Station ID: TBILIS
Station:  TBILISI,GIORGIA,INSTITUT GEOPHYSIKY (IG), GIORGIAN ACADEMY OF SCIENCES,GIORGIA 
Instrument: 18-NM-64 Corrected to 965 mb Standard Pressure, Coef =-0.69 %/mb                
Latitude (deg.):   41.43  Longitude (deg.):   44.48  Altitude (m):  510.00
Cut-Off Rigidity (GV):    6.73
Year: 2018  Month:   1
Scaling Factor (SF):    64.0   Constant (CONST):     0.0  Real Counts = (DATA + CONST)*SF
Temporal Resolution: 1 hour
UTC Start Hour:     0.0
DATA FILE IS PREPARED BY IZMIRAN (ftp://cr0.izmiran.rssi.ru/Cosray!/FTP_NM/C/)  
 Updated by IZMIRAN on 20190924                         
Monthly Average:  9813.7
Updated (YYYY MM DD): 2019 10 08
*******************************************************************************************
ID     YYYY MM DD 1     0     1     2     3     4     5     6     7     8     9    10    11
ID     YYYY MM DD 2    12    13    14    15    16    17    18    19    20    21    22    23
*******************************************************************************************
TBILIS 2018 01 01 1  9734  9791  9811  9780  9760  9761  9778  9777  9816  9764  9745  9760
TBILIS 2018 01 01 2  9737  9721  9749  9716  9714  9719  9679  9710  9743  9727  9752  9757
TBILIS 2018 01 02 1  9752  9748  9717  9799  9755  9739  9762  9785  9823  9757  9740  9760
TBILIS 2018 01 02 2  9745  9741  9744  9744  9720  9743  9725  9756  9765  9705  9690  9746
TBILIS 2018 01 03 1  9702  9746  9738  9791  9784  9772  9804  9764  9781  9792  9750  9767
TBILIS 2018 01 03 2  9715  9724  9714  9713  9739  9689  9701  9696  9709  9707  9747  9720
TBILIS 2018 01 04 1  9778  9781  9763  9788  9788  9825  9805  9790  9826  9813  9780  9746
TBILIS 2018 01 04 2  9753  9762  9764  9717  9718  9758  9715  9730  9769  9768  9747  9791
TBILIS 2018 01 05 1  9769  9758  9825  9816  9773  9762  9806  9830  9805  9808  9812  9797
TBILIS 2018 01 05 2  9760  9780  9760  9729  9747  9769  9823  9771  9738  9742  9764  9785
TBILIS 2018 01 06 1  9793  9760  9822  9821  9833  9842  9819  9820  9836  9819  9821  9805
TBILIS 2018 01 06 2  9833  9813  9789  9800  9784  9801  9821  9821  9846  9844  9813  9879
TBILIS 2018 01 07 1  9845  9850  9823  9870  9891  9856  9861  9888  9876  9877  9860  9831
TBILIS 2018 01 07 2  9832  9813  9777  9803  9790  9808  9816  9857  9829  9828  9863  9828
TBILIS 2018 01 08 1  9847  9849  9809  9858  9843  9865  9824  9820  9774  9786  9764  9761
TBILIS 2018 01 08 2  9747  9800  9789  9807  9788  9775  9763  9732  9748  9744  9765  9766
TBILIS 2018 01 09 1  9758  9785  9767  9773  9823  9834  9847  9883  9870  9859  9864  9832
TBILIS 2018 01 09 2  9848  9812  9784  9792  9795  9795  9787  9783  9790  9755  9822  9838
TBILIS 2018 01 10 1  9820  9814  9835  9899  9885  9888  9804  9727  9712  9813  9806  9779
TBILIS 2018 01 10 2  9833  9799  9737  9766  9764  9773  9783  9787  9838  9813  9803  9818
TBILIS 2018 01 11 1  9825  9774  9832  9792  9837  9836  9831  9835  9811  9816  9811  9773
TBILIS 2018 01 11 2  9785  9775  9762  9713  9733  9741  9695  9723  9755  9741  9727  9747
TBILIS 2018 01 12 1  9740  9774  9761  9744  9732  9771  9841  9825  9804  9837  9818  9779
TBILIS 2018 01 12 2  9803  9787  9790  9777  9767  9782  9782  9790  9744  9775  9745  9784
TBILIS 2018 01 13 1  9775  9808  9840  9851  9789  9845  9810  9834  9841  9821  9787  9794
TBILIS 2018 01 13 2  9840  9819  9801  9795  9752  9769  9813  9779  9843  9813  9840  9853
TBILIS 2018 01 14 1  9801  9848  9791  9815  9873  9833  9848  9856  9852  9845  9860  9857
TBILIS 2018 01 14 2  9827  9812  9823  9818  9847  9810  9825  9845  9855  9822  9833  9818
TBILIS 2018 01 15 1  9826  9876  9879  9861  9863  9902  9880  9881  9921  9902  9877  9867
TBILIS 2018 01 15 2  9878  9854  9891  9865  9870  9822  9842  9816  9811  9799  9805  9826
TBILIS 2018 01 16 1  9814  9856  9857  9797  9869  9895  9888  9933  9893  9908  9900  9892
TBILIS 2018 01 16 2  9878  9850  9871  9844  9833  9838  9823  9862  9894  9843  9867  9897
TBILIS 2018 01 17 1  9884  9905  9890  9895  9942  9937  9941  9960  9917  9937  9915  9878
TBILIS 2018 01 17 2  9897  9865  9902  9872  9850  9842  9882  9848  9842  9867  9861  9894
TBILIS 2018 01 18 1  9861  9885  9863  9887  9834  9894  9893  9954  9911  9868  9862  9855
TBILIS 2018 01 18 2  9851  9853  9856  9800  9780  9813  9766  9775  9767  9745  9819  9799
TBILIS 2018 01 19 1  9803  9800  9862  9801  9833  9866  9867  9947  9946  9914  9899  9878
TBILIS 2018 01 19 2  9911  9876  9931  9897  9871  9830  9875  9879  9848  9903  9839  9835
TBILIS 2018 01 20 1  9856  9828  9845  9847  9850  9879  9884  9889  9913  9851  9890  9851
TBILIS 2018 01 20 2  9834  9835  9787  9820  9815  9815  9814  9831  9846  9839  9819  9832
TBILIS 2018 01 21 1  9836  9834  9791  9833  9853  9864  9894  9866  9834  9873  9834  9831
TBILIS 2018 01 21 2  9785  9785  9837  9860  9824  9818  9850  9852  9849  9835  9779  9809
TBILIS 2018 01 22 1  9816  9807  9795  9780  9824  9834  9858  9870  9891  9922  9866  9864
TBILIS 2018 01 22 2  9837  9851  9836  9822  9817  9826  9806  9893  9838  9869  9845  9842
TBILIS 2018 01 23 1  9852  9854  9829  9860  9832  9832  9869  9894  9866  9912  9851  9796
TBILIS 2018 01 23 2  9851  9847  9908  9890  9881  9871  9893  9902  9868  9838  9839  9851
TBILIS 2018 01 24 1  9818  9848  9864  9810  9831  9854  9882  9869  9821  9883  9869  9830
TBILIS 2018 01 24 2  9827  9837  9826  9802  9823  9843  9817  9786  9852  9854  9841  9902
TBILIS 2018 01 25 1  9862  9882  9858  9866  9867  9859  9857  9845  9888  9857  9854  9844
TBILIS 2018 01 25 2  9837  9832  9795  9822  9855  9865  9874  9873  9867  9868  9855  9854
TBILIS 2018 01 26 1  9847  9825  9825  9834  9870  9794  9824  9841  9826  9823  9863  9834
TBILIS 2018 01 26 2  9865  9821  9820  9811  9820  9809  9806  9835  9820  9816  9797  9799
TBILIS 2018 01 27 1  9868  9801  9840  9771  9840  9828  9849  9809  9812  9837  9860  9820
TBILIS 2018 01 27 2  9815  9812  9798  9787  9785  9828  9824  9855  9806  9843  9826  9798
TBILIS 2018 01 28 1  9758  9799  9766  9822  9861  9793  9854  9828  9854  9748  9827  9814
TBILIS 2018 01 28 2  9843  9804  9834  9787  9797  9789  9807  9796  9791  9792  9804  9783
TBILIS 2018 01 29 1  9750  9759  9784  9777  9801  9749  9783  9770  9783  9748  9742  9780
TBILIS 2018 01 29 2  9764  9770  9773  9768  9755  9747  9783  9764  9767  9782  9746  9761
TBILIS 2018 01 30 1  9773  9799  9772  9802  9766  9794  9752  9794  9740  9785  9738  9749
TBILIS 2018 01 30 2  9761  9736  9698  9767  9743  9742  9730  9737  9733  9743  9702  9755
TBILIS 2018 01 31 1  9746  9727  9769  9741  9765  9755  9795  9810  9741  9790  9770  9797
TBILIS 2018 01 31 2  9765  9805  9750  9762  9747  9813  9785  9794  9865  9783  9786  9801
Cosmic-Ray Neutron Monitor Data (Hourly, Pressure-Corrected and Scale-Adjusted Counts)
Collections: WDC for Cosmic Rays, Solar-Terrestrial Environment Laboratory, Nagoya Univ.
Data Access: http://center.stelab.nagoya-u.ac.jp/WDCCR/index.html
Project: ICSU WDC
Citation: WDC for Cosmic Rays, Solar-Terrestrial Environment Laboratory, Nagoya University
Station ID: TBILIS
Station:  TBILISI,GIORGIA,INSTITUT GEOPHYSIKY (IG), GIORGIAN ACADEMY OF SCIENCES,GIORGIA 
Instrument: 18-NM-64 Corrected to 965 mb Standard Pressure, Coef =-0.69 %/mb                
Latitude (deg.):   41.43  Longitude (deg.):   44.48  Altitude (m):  510.00
Cut-Off Rigidity (GV):    6.73
Year: 2018  Month:   2
Scaling Factor (SF):    64.0   Constant (CONST):     0.0  Real Counts = (DATA + CONST)*SF
Temporal Resolution: 1 hour
UTC Start Hour:     0.0
DATA FILE IS PREPARED BY IZMIRAN (ftp://cr0.izmiran.rssi.ru/Cosray!/FTP_NM/C/)  
 Updated by IZMIRAN on 20190924                         
Monthly Average:  9834.1
Updated (YYYY MM DD): 2019 10 08
*******************************************************************************************
ID     YYYY MM DD 1     0     1     2     3     4     5     6     7     8     9    10    11
ID     YYYY MM DD 2    12    13    14    15    16    17    18    19    20    21    22    23
*******************************************************************************************
TBILIS 2018 02 01 1  9783  9800  9788  9826  9774  9822  9847  9827  9810  9753  9780  9735
TBILIS 2018 02 01 2  9740  9776  9775  9805  9781  9733  9801  9805  9813  9808  9826  9842
TBILIS 2018 02 02 1  9781  9838  9813  9841  9805  9821  9873  9865  9899  9805  9826  9794
TBILIS 2018 02 02 2  9782  9789  9842  9810  9828  9810  9851  9828  9775  9775  9830  9813
TBILIS 2018 02 03 1  9890  9831  9792  9830  9824  9869  9872  9870  9858  9834  9848  9796
TBILIS 2018 02 03 2  9817  9791  9749  9820  9832  9814  9837  9848  9792  9782  9798  9842
TBILIS 2018 02 04 1  9787  9849  9846  9848  9843  9850  9840  9839  9824  9818  9793  9792
TBILIS 2018 02 04 2  9835  9799  9748  9747  9743  9771  9745  9758  9730  9763  9772  9744
TBILIS 2018 02 05 1  9761  9781  9783  9803  9801  9820  9809  9842  9796  9786  9768  9813
TBILIS 2018 02 05 2  9778  9755  9780  9752  9699  9688  9716  9718  9715  9728  9741  9704
TBILIS 2018 02 06 1  9745  9769  9776  9860  9847  9852  9858  9840  9845  9824  9826  9791
TBILIS 2018 02 06 2  9763  9799  9744  9746  9763  9751  9752  9764  9764  9746  9792  9787
TBILIS 2018 02 07 1  9805  9804  9837  9870  9885  9866  9841  9828  9850  9838  9843  9799
TBILIS 2018 02 07 2  9822  9802  9762  9768  9764  9801  9780  9800  9835  9795  9839  9816
TBILIS 2018 02 08 1  9781  9837  9813  9795  9847  9837  9855  9815  9814  9801  9769  9800
TBILIS 2018 02 08 2  9769  9843  9800  9817  9800  9802  9822  9768  9786  9801  9802  9837
TBILIS 2018 02 09 1  9849  9824  9825  9831  9826  9852  9847  9818  9840  9847  9843  9828
TBILIS 2018 02 09 2  9802  9782  9830  9823  9811  9835  9796  9791  9823  9788  9833  9797
TBILIS 2018 02 10 1  9832  9810  9832  9828  9817  9856  9886  9852  9817  9830  9836  9807
TBILIS 2018 02 10 2  9838  9851  9831  9852  9812  9807  9824  9857  9841  9859  9848  9832
TBILIS 2018 02 11 1  9864  9844  9897  9882  9856  9865  9856  9885  9901  9910  9943  9900
TBILIS 2018 02 11 2  9901  9907  9877  9838  9868  9904  9901  9904  9900  9915  9870  9906
TBILIS 2018 02 12 1  9874  9887  9906  9860  9898  9863  9868  9888  9852  9893  9797  9817
TBILIS 2018 02 12 2  9863  9840  9854  9822  9856  9791  9852  9861  9802  9812  9820  9845
TBILIS 2018 02 13 1  9856  9852  9862  9871  9897  9908  9934  9865  9882  9904  9857  9845
TBILIS 2018 02 13 2  9865  9792  9846  9838  9809  9839  9825  9830  9829  9832  9819  9823
TBILIS 2018 02 14 1  9846  9859  9895  9928  9857  9947  9967  9925  9886  9872  9905  9894
TBILIS 2018 02 14 2  9887  9900  9876  9869  9879  9839  9860  9847  9828  9824  9873  9888
TBILIS 2018 02 15 1  9883  9900  9882  9924  9955  9935  9982  9985  9981  9934  9913  9923
TBILIS 2018 02 15 2  9900  9884  9933  9905  9938  9904  9863  9871  9871  9897  9905  9944
TBILIS 2018 02 16 1  9960  9949  9997  9956 10008  9988  9975  9976  9965 10001  9983  9919
TBILIS 2018 02 16 2  9919  9866  9853  9856  9822  9803  9841  9814  9825  9834  9812  9763
TBILIS 2018 02 17 1  9816  9839  9835  9873  9916  9881  9866  9916  9925  9911  9923  9929
TBILIS 2018 02 17 2  9893  9904  9892  9877  9849  9843  9876  9832  9832  9826  9790  9848
TBILIS 2018 02 18 1  9844  9849  9876  9850  9913  9879  9875  9883  9884  9848  9892  9902
TBILIS 2018 02 18 2  9898  9914  9919  9880  9928  9896  9906  9913  9876  9920  9925  9879
TBILIS 2018 02 19 1  9878  9905  9868  9866  9924  9886  9897  9936  9938  9914  9857  9902
TBILIS 2018 02 19 2  9909  9903  9918  9933  9907  9896  9917  9891  9928  9902  9860  9909
TBILIS 2018 02 20 1  9896  9837  9860  9875  9917  9903  9876  9944  9928  9941  9881  9885
TBILIS 2018 02 20 2  9924  9892  9912  9912  9898  9894  9878  9902  9897  9884  9895  9912
TBILIS 2018 02 21 1  9881  9871  9887  9885  9920  9879  9840  9865  9894  9880  9877  9827
TBILIS 2018 02 21 2  9881  9850  9894  9895  9922  9924  9913  9918  9901  9916  9888  9915
TBILIS 2018 02 22 1  9860  9920  9890  9877  9913  9905  9881  9885  9921  9887  9828  9837
TBILIS 2018 02 22 2  9823  9809  9851  9835  9810  9823  9856  9855  9840  9863  9874  9834
TBILIS 2018 02 23 1  9845  9835  9842  9890  9908  9878  9892  9823  9789  9767  9867  9828
TBILIS 2018 02 23 2  9823  9812  9819  9795  9805  9795  9796  9799  9807  9814  9785  9827
TBILIS 2018 02 24 1  9785  9816  9816  9838  9807  9839  9815  9800  9819  9790  9787  9758
TBILIS 2018 02 24 2  9746  9799  9775  9756  9711  9757  9752  9757  9741  9728  9758  9752
TBILIS 2018 02 25 1  9763  9761  9778  9744  9785  9763  9773  9807  9759  9762  9772  9725
TBILIS 2018 02 25 2  9745  9735  9719  9716  9754  9765  9733  9770  9742  9742  9724  9746
TBILIS 2018 02 26 1  9806  9759  9741  9750  9774  9803  9794  9751  9823  9758  9780  9775
TBILIS 2018 02 26 2  9784  9784  9760  9782  9749  9735  9764  9755  9772  9769  9778  9786
TBILIS 2018 02 27 1  9807  9774  9773  9772  9829  9805  9787  9765  9815  9753  9753  9742
TBILIS 2018 02 27 2  9787  9817  9772  9776  9760  9770  9801  9748  9758  9733  9744  9761
TBILIS 2018 02 28 1  9792  9766  9791  9835  9806  9806  9835  9823  9758  9767  9781  9771
TBILIS 2018 02 28 2  9773  9718  9765  9738  9781  9728  9732  9736  9726  9758  9726  9728
TBILIS 2018 02 29 1 99999 99999 99999 99999 99999 99999 99999 99999 99999 99999 99999 99999
TBILIS 2018 02 29 2 99999 99999 99999 99999 99999 99999 99999 99999 99999 99999 99999 99999
TBILIS 2018 02 30 1 99999 99999 99999 99999 99999 99999 99999 99999 99999 99999 99999 99999
TBILIS 2018 02 30 2 99999 99999 99999 99999 99999 99999 99999 99999 99999 99999 99999 99999
TBILIS 2018 02 31 1 99999 99999 99999 99999 99999 99999 99999 99999 99999 99999 99999 99999
TBILIS 2018 02 31 2 99999 99999 99999 99999 99999 99999 99999 99999 99999 99999 99999 99999
Cosmic-Ray Neutron Monitor Data (Hourly, Pressure-Corrected and Scale-Adjusted Counts)
Collections: WDC for Cosmic Rays, Solar-Terrestrial Environment Laboratory, Nagoya Univ.
Data Access: http://center.stelab.nagoya-u.ac.jp/WDCCR/index.html
Project: ICSU WDC
Citation: WDC for Cosmic Rays, Solar-Terrestrial Environment Laboratory, Nagoya University
Station ID: TBILIS
Station:  TBILISI,GIORGIA,INSTITUT GEOPHYSIKY (IG), GIORGIAN ACADEMY OF SCIENCES,GIORGIA 
Instrument: 18-NM-64 Corrected to 965 mb Standard Pressure, Coef =-0.69 %/mb                
Latitude (deg.):   41.43  Longitude (deg.):   44.48  Altitude (m):  510.00
Cut-Off Rigidity (GV):    6.73
Year: 2018  Month:   3
Scaling Factor (SF):    64.0   Constant (CONST):     0.0  Real Counts = (DATA + CONST)*SF
Temporal Resolution: 1 hour
UTC Start Hour:     0.0
DATA FILE IS PREPARED BY IZMIRAN (ftp://cr0.izmiran.rssi.ru/Cosray!/FTP_NM/C/)  
 Updated by IZMIRAN on 20190924                         
Monthly Average:  9797.5
Updated (YYYY MM DD): 2019 10 08
*******************************************************************************************
ID     YYYY MM DD 1     0     1     2     3     4     5     6     7     8     9    10    11
ID     YYYY MM DD 2    12    13    14    15    16    17    18    19    20    21    22    23
*******************************************************************************************
TBILIS 2018 03 01 1  9750  9768  9758  9733  9744  9741  9791  9782  9743  9773  9752  9761
TBILIS 2018 03 01 2  9752  9779  9778  9823  9790  9796  9808  9808  9870  9850  9827  9811
TBILIS 2018 03 02 1  9831  9844  9786  9796  9788  9786  9797  9799  9799  9800  9752  9806
TBILIS 2018 03 02 2  9770  9727  9761  9793  9774  9782  9806  9809  9794  9801  9798  9818
TBILIS 2018 03 03 1  9763  9780  9793  9736  9791  9747  9788  9771  9753  9753  9779  9767
TBILIS 2018 03 03 2  9764  9733  9717  9747  9752  9731  9727  9730  9683  9795  9786  9782
TBILIS 2018 03 04 1  9724  9734  9716  9757  9764  9767  9788  9745  9769  9722  9747  9717
TBILIS 2018 03 04 2  9741  9714  9736  9727  9709  9681  9701  9729  9763  9724  9754  9751
TBILIS 2018 03 05 1  9748  9793  9779  9761  9744  9774  9756  9774  9775  9744  9741  9767
TBILIS 2018 03 05 2  9793  9778  9775  9712  9776  9733  9711  9724  9712  9735  9758  9729
TBILIS 2018 03 06 1  9788  9739  9764  9773  9784  9771  9769  9765  9766  9763  9746  9734
TBILIS 2018 03 06 2  9723  9709  9704  9692  9711  9728  9695  9730  9712  9755  9751  9738
TBILIS 2018 03 07 1  9786  9737  9752  9752  9703  9761  9757  9754  9794  9760  9734  9726
TBILIS 2018 03 07 2  9725  9700  9685  9700  9711  9734  9706  9742  9718  9736  9736  9743
TBILIS 2018 03 08 1  9745  9748  9732  9750  9788  9790  9791  9805  9765  9782  9772  9764
TBILIS 2018 03 08 2  9695  9714  9717  9697  9686  9721  9690  9681  9730  9711  9743  9747
TBILIS 2018 03 09 1  9743  9766  9784  9798  9858  9874  9850  9832  9830  9795  9844  9785
TBILIS 2018 03 09 2  9747  9694  9727  9704  9744  9753  9791  9735  9742  9756  9782  9841
TBILIS 2018 03 10 1  9877  9851  9856  9902  9856  9842  9830  9905  9853  9836  9821  9823
TBILIS 2018 03 10 2  9789  9761  9803  9820  9790  9830  9843  9827  9813  9834  9805  9804
TBILIS 2018 03 11 1  9779  9799  9834  9818  9833  9863  9875  9823  9876  9890  9863  9843
TBILIS 2018 03 11 2  9787  9813  9755  9808  9816  9817  9759  9735  9757  9785  9770  9792
TBILIS 2018 03 12 1  9804  9810  9818  9799  9835  9827  9824  9849  9831  9849  9821  9836
TBILIS 2018 03 12 2  9796  9784  9764  9808  9812  9807  9811  9813  9796  9792  9798  9845
TBILIS 2018 03 13 1  9791  9784  9796  9834  9833  9821  9777  9845  9886  9896  9859  9828
TBILIS 2018 03 13 2  9844  9832  9875  9813  9822  9837  9805  9811  9783  9810  9846  9799
TBILIS 2018 03 14 1  9822  9794  9823  9810  9812  9806  9839  9844  9861  9847  9831  9848
TBILIS 2018 03 14 2  9813  9828  9840  9839  9868  9916  9879  9851  9865  9919  9856  9855
TBILIS 2018 03 15 1  9807  9859  9872  9871  9853  9845  9860  9894  9881  9881  9870  9814
TBILIS 2018 03 15 2  9848  9832  9839  9803  9842  9852  9808  9852  9829  9891  9861  9869
TBILIS 2018 03 16 1  9850  9826  9827  9869  9853  9870  9880  9879  9868  9857  9900  9842
TBILIS 2018 03 16 2  9887  9872  9835  9874  9886  9836  9871  9859  9855  9813  9821  9838
TBILIS 2018 03 17 1  9847  9838  9869  9879  9891  9869  9878  9905  9885  9864  9837  9850
TBILIS 2018 03 17 2  9811  9840  9769  9775  9784  9758  9775  9760  9784  9822  9773  9786
TBILIS 2018 03 18 1  9814  9861  9835  9845  9843  9856  9837  9897  9870  9867  9862  9832
TBILIS 2018 03 18 2  9827  9824  9829  9764  9772  9785  9790  9818  9867  9844  9863  9870
TBILIS 2018 03 19 1  9908  9869  9838  9866  9815  9900  9874  9845  9844  9846  9816  9816
TBILIS 2018 03 19 2  9808  9792  9823  9821  9825  9825  9796  9787  9826  9827  9821  9789
TBILIS 2018 03 20 1  9811  9811  9834  9817  9877  9872  9833  9814  9863  9866  9855  9848
TBILIS 2018 03 20 2  9814  9842  9826  9855  9802  9844  9826  9861  9788  9835  9809  9818
TBILIS 2018 03 21 1  9826  9860  9847  9894  9841  9842  9861  9886  9882  9880  9892  9887
TBILIS 2018 03 21 2  9902  9916  9912  9888  9904  9899  9917  9908  9885  9940  9902  9918
TBILIS 2018 03 22 1  9908  9961  9911  9941  9878  9907  9905  9913  9910  9936  9884  9885
TBILIS 2018 03 22 2  9848  9893  9870  9840  9847  9804  9853  9801  9821  9807  9851  9808
TBILIS 2018 03 23 1  9825  9852  9837  9801  9767  9798  9788  9766  9742  9777  9789  9761
TBILIS 2018 03 23 2  9778  9725  9721  9702  9707  9757  9710  9717  9709  9751  9767  9745
TBILIS 2018 03 24 1  9733  9753  9780  9741  9743  9757  9717  9743  9727  9724  9686  9697
TBILIS 2018 03 24 2  9684  9707  9725  9727  9734  9737  9730  9703  9682  9719  9722  9719
TBILIS 2018 03 25 1  9699  9716  9723  9775  9762  9767  9753  9807  9788  9797  9789  9749
TBILIS 2018 03 25 2  9773  9756  9763  9765  9792  9751  9754  9729  9725  9730  9721  9731
TBILIS 2018 03 26 1  9770  9770  9785  9778  9807  9791  9772  9790  9794  9796  9761  9787
TBILIS 2018 03 26 2  9761  9783  9764  9768  9724  9719  9709  9754  9735  9747  9783  9757
TBILIS 2018 03 27 1  9736  9798  9807  9793  9798  9775  9811  9817  9773  9850  9767  9805
TBILIS 2018 03 27 2  9786  9790  9765  9746  9744  9755  9784  9801  9765  9754  9809  9756
TBILIS 2018 03 28 1  9769  9722  9789  9814  9816  9841  9821  9848  9814  9790  9814  9799
TBILIS 2018 03 28 2  9810  9788  9775  9759  9781  9799  9786  9813  9804  9779  9778  9780
TBILIS 2018 03 29 1  9820  9824  9826  9826  9814  9815  9792  9768  9759  9786  9780  9798
TBILIS 2018 03 29 2  9746  9776  9761  9734  9697  9737  9736  9728  9722  9759  9762  9754
TBILIS 2018 03 30 1  9774  9771  9766  9797  9793  9817  9800  9788  9830  9847  9840  9821
TBILIS 2018 03 30 2  9863  9809  9807  9837  9799  9801  9815  9888  9799  9770  9819  9767
TBILIS 2018 03 31 1  9804  9842  9809  9810  9814  9865  9854  9867  9833  9845  9831  9816
TBILIS 2018 03 31 2  9806  9781  9778  9805  9743  9760  9769  9787  9766  9777  9788  9777
Cosmic-Ray Neutron Monitor Data (Hourly, Pressure-Corrected and Scale-Adjusted Counts)
Collections: WDC for Cosmic Rays, Solar-Terrestrial Environment Laboratory, Nagoya Univ.
Data Access: http://center.stelab.nagoya-u.ac.jp/WDCCR/index.html
Project: ICSU WDC
Citation: WDC for Cosmic Rays, Solar-Terrestrial Environment Laboratory, Nagoya University
Station ID: TBILIS
Station:  TBILISI,GIORGIA,INSTITUT GEOPHYSIKY (IG), GIORGIAN ACADEMY OF SCIENCES,GIORGIA 
Instrument: 18-NM-64 Corrected to 965 mb Standard Pressure, Coef =-0.69 %/mb                
Latitude (deg.):   41.43  Longitude (deg.):   44.48  Altitude (m):  510.00
Cut-Off Rigidity (GV):    6.73
Year: 2018  Month:   4
Scaling Factor (SF):    64.0   Constant (CONST):     0.0  Real Counts = (DATA + CONST)*SF
Temporal Resolution: 1 hour
UTC Start Hour:     0.0
DATA FILE IS PREPARED BY IZMIRAN (ftp://cr0.izmiran.rssi.ru/Cosray!/FTP_NM/C/)  
 Updated by IZMIRAN on 20190924                         
Monthly Average:  9832.5
Updated (YYYY MM DD): 2019 10 08
*******************************************************************************************
ID     YYYY MM DD 1     0     1     2     3     4     5     6     7     8     9    10    11
ID     YYYY MM DD 2    12    13    14    15    16    17    18    19    20    21    22    23
*******************************************************************************************
TBILIS 2018 04 01 1  9785  9803  9816  9826  9839  9835  9817  9801  9800  9828  9758  9827
TBILIS 2018 04 01 2  9806  9804  9775  9752  9791  9775  9785  9776  9768  9752  9760  9755
TBILIS 2018 04 02 1  9765  9735  9782  9847  9747  9809  9770  9832  9801  9807  9769  9790
TBILIS 2018 04 02 2  9755  9761  9770  9754  9729  9760  9732  9767  9795  9778  9793  9784
TBILIS 2018 04 03 1  9802  9783  9799  9727  9742  9794  9757  9797  9789  9783  9854  9810
TBILIS 2018 04 03 2  9822  9815  9795  9805  9784  9808  9831  9809  9814  9787  9825  9817
TBILIS 2018 04 04 1  9796  9744  9799  9784  9820  9800  9760  9776  9754  9761  9814  9833
TBILIS 2018 04 04 2  9803  9812  9801  9775  9788  9794  9806  9868  9839  9804  9826  9829
TBILIS 2018 04 05 1  9822  9797  9795  9785  9805  9815  9816  9807  9800  9811  9786  9839
TBILIS 2018 04 05 2  9775  9751  9740  9754  9772  9722  9738  9730  9806  9757  9780  9796
TBILIS 2018 04 06 1  9810  9814  9804  9831  9789  9837  9835  9820  9818  9834  9790  9796
TBILIS 2018 04 06 2  9782  9751  9744  9741  9760  9791  9798  9784  9795  9791  9764  9820
TBILIS 2018 04 07 1  9811  9788  9803  9783  9831  9794  9829  9838  9835  9788  9796  9788
TBILIS 2018 04 07 2  9818  9750  9752  9763  9739  9808  9779  9794  9787  9829  9800  9815
TBILIS 2018 04 08 1  9801  9813  9832  9817  9838  9834  9866  9823  9847  9881  9797  9825
TBILIS 2018 04 08 2  9783  9830  9794  9798  9810  9823  9871  9871  9843  9872  9865  9845
TBILIS 2018 04 09 1  9859  9835  9846  9869  9871  9866  9911  9912  9881  9852  9878  9857
TBILIS 2018 04 09 2  9848  9880  9869  9896  9851  9869  9885  9882  9904  9900  9910  9897
TBILIS 2018 04 10 1  9882  9864  9850  9881  9912  9918  9939  9939  9938  9933  9894  9862
TBILIS 2018 04 10 2  9868  9875  9855  9899  9835  9899  9887  9884  9918  9825  9821  9833
TBILIS 2018 04 11 1  9884  9886  9883  9859  9861  9869  9894  9931  9925  9906  9877  9879
TBILIS 2018 04 11 2  9897  9859  9851  9832  9879  9829  9857  9849  9858  9869  9869  9904
TBILIS 2018 04 12 1  9862  9871  9916  9870  9858  9877  9873  9877  9912  9874  9878  9892
TBILIS 2018 04 12 2  9897  9885  9859  9882  9877  9916  9886  9930  9913  9913  9911  9870
TBILIS 2018 04 13 1  9925  9930  9922  9918  9921  9912  9905  9924  9922  9949  9912  9892
TBILIS 2018 04 13 2  9914  9882  9885  9895  9897  9920  9887  9921  9906  9908  9885  9914
TBILIS 2018 04 14 1  9874  9924  9884  9953  9931  9913  9894  9940  9926  9925  9902  9924
TBILIS 2018 04 14 2  9918  9906  9913  9924  9953  9905  9972  9911  9940  9959  9938  9898
TBILIS 2018 04 15 1  9902  9903  9912  9940  9935  9952  9907  9905  9917  9904  9939  9953
TBILIS 2018 04 15 2  9931  9924  9931  9895  9941  9906  9895  9910  9891  9917  9959  9918
TBILIS 2018 04 16 1  9933  9935  9941  9951  9938  9926  9936  9922  9926  9919  9885  9878
TBILIS 2018 04 16 2  9909  9885  9933  9913  9871  9883  9926  9879  9919  9903  9908  9906
TBILIS 2018 04 17 1  9877  9917  9902  9901  9886  9898  9881  9912  9851  9876  9892  9900
TBILIS 2018 04 17 2  9866  9897  9909  9914  9913  9879  9884  9896  9950  9926  9854  9842
TBILIS 2018 04 18 1  9895  9850  9854  9874  9876  9845  9871  9847  9852  9890  9856  9850
TBILIS 2018 04 18 2  9851  9819  9845  9863  9839  9836  9852  9811  9843  9818  9810  9834
TBILIS 2018 04 19 1  9793  9827  9846  9846  9793  9838  9794  9824  9832  9838  9835  9831
TBILIS 2018 04 19 2  9863  9806  9844  9819  9849  9840  9818  9837  9848  9868  9812  9877
TBILIS 2018 04 20 1  9764  9839  9853  9833  9880  9861  9853  9884  9907  9916  9899  9845
TBILIS 2018 04 20 2  9886  9868  9926  9869  9856  9852  9821  9823  9808  9786  9813  9792
TBILIS 2018 04 21 1  9813  9824  9808  9797  9840  9828  9851  9870  9836  9847  9820  9851
TBILIS 2018 04 21 2  9813  9839  9821  9814  9839  9811  9808  9857  9810  9818  9802  9827
TBILIS 2018 04 22 1  9816  9819  9845  9836  9823  9842  9841  9832  9844  9822  9844  9804
TBILIS 2018 04 22 2  9812  9812  9777  9783  9797  9767  9767  9756  9769  9753  9757  9793
TBILIS 2018 04 23 1  9752  9806  9794  9782  9816  9807  9795  9780  9785  9808  9763  9746
TBILIS 2018 04 23 2  9767  9796  9786  9800  9753  9772  9771  9769  9792  9763  9776  9790
TBILIS 2018 04 24 1  9787  9793  9776  9799  9811  9822  9842  9803  9813  9764  9796  9814
TBILIS 2018 04 24 2  9771  9794  9787  9796  9764  9797  9835  9768  9768  9781  9752  9816
TBILIS 2018 04 25 1  9786  9807  9815  9802  9805  9828  9797  9819  9791  9786  9790  9809
TBILIS 2018 04 25 2  9764  9788  9813  9788  9783  9764  9760  9780  9757  9762  9781  9777
TBILIS 2018 04 26 1  9778  9825  9787  9781  9766  9794  9795  9753  9789  9823  9789  9771
TBILIS 2018 04 26 2  9774  9784  9775  9768  9776  9761  9748  9766  9804  9813  9769  9779
TBILIS 2018 04 27 1  9788  9811  9789  9829  9828  9789  9773  9788  9784  9789  9802  9806
TBILIS 2018 04 27 2  9758  9746  9743  9797  9832  9809  9766  9770  9750  9768  9797  9793
TBILIS 2018 04 28 1  9778  9802  9792  9811  9822  9811  9823  9790  9828  9826  9797  9825
TBILIS 2018 04 28 2  9786  9796  9799  9788  9764  9781  9761  9774  9811  9775  9804  9797
TBILIS 2018 04 29 1  9819  9810  9835  9812  9825  9824  9823  9845  9833  9816  9774  9795
TBILIS 2018 04 29 2  9778  9759  9742  9787  9765  9806  9846  9811  9795  9824  9806  9815
TBILIS 2018 04 30 1  9847  9808  9809  9829  9806  9808  9850  9824  9852  9823  9816  9802
TBILIS 2018 04 30 2  9822  9834  9822  9821  9747  9817  9811  9770  9798  9829  9824  9841
TBILIS 2018 04 31 1 99999 99999 99999 99999 99999 99999 99999 99999 99999 99999 99999 99999
TBILIS 2018 04 31 2 99999 99999 99999 99999 99999 99999 99999 99999 99999 99999 99999 99999
Cosmic-Ray Neutron Monitor Data (Hourly, Pressure-Corrected and Scale-Adjusted Counts)
Collections: WDC for Cosmic Rays, Solar-Terrestrial Environment Laboratory, Nagoya Univ.
Data Access: http://center.stelab.nagoya-u.ac.jp/WDCCR/index.html
Project: ICSU WDC
Citation: WDC for Cosmic Rays, Solar-Terrestrial Environment Laboratory, Nagoya University
Station ID: TBILIS
Station:  TBILISI,GIORGIA,INSTITUT GEOPHYSIKY (IG), GIORGIAN ACADEMY OF SCIENCES,GIORGIA 
Instrument: 18-NM-64 Corrected to 965 mb Standard Pressure, Coef =-0.69 %/mb                
Latitude (deg.):   41.43  Longitude (deg.):   44.48  Altitude (m):  510.00
Cut-Off Rigidity (GV):    6.73
Year: 2018  Month:   5
Scaling Factor (SF):    64.0   Constant (CONST):     0.0  Real Counts = (DATA + CONST)*SF
Temporal Resolution: 1 hour
UTC Start Hour:     0.0
DATA FILE IS PREPARED BY IZMIRAN (ftp://cr0.izmiran.rssi.ru/Cosray!/FTP_NM/C/)  
 Updated by IZMIRAN on 20190924                         
Monthly Average:  9877.7
Updated (YYYY MM DD): 2019 10 08
*******************************************************************************************
ID     YYYY MM DD 1     0     1     2     3     4     5     6     7     8     9    10    11
ID     YYYY MM DD 2    12    13    14    15    16    17    18    19    20    21    22    23
*******************************************************************************************
TBILIS 2018 05 01 1  9795  9866  9851  9856  9857  9881  9852  9866  9843  9872  9855  9835
TBILIS 2018 05 01 2  9804  9787  9776  9820  9793  9813  9828  9788  9800  9793  9801  9833
TBILIS 2018 05 02 1  9867  9838  9878  9842  9848  9863  9829  9871  9870  9869  9916  9838
TBILIS 2018 05 02 2  9809  9783  9837  9814  9806  9821  9850  9827  9821  9833  9852  9878
TBILIS 2018 05 03 1  9862  9869  9864  9887  9860  9864  9883  9848  9825  9861  9869  9814
TBILIS 2018 05 03 2  9833  9788  9814  9795  9822  9802  9820  9797  9824  9808  9857  9811
TBILIS 2018 05 04 1  9825  9816  9846  9853  9833  9831  9866  9845  9893  9832  9868  9822
TBILIS 2018 05 04 2  9818  9849  9848  9822  9797  9845  9880  9897  9869  9864  9898  9877
TBILIS 2018 05 05 1  9905  9901  9868  9920  9899  9889  9916  9910  9921  9861  9853  9821
TBILIS 2018 05 05 2  9858  9808  9868  9900  9893  9941  9928  9940  9905  9867  9873  9861
TBILIS 2018 05 06 1  9900  9889  9901  9932  9917  9917  9958  9915  9926  9941  9912  9911
TBILIS 2018 05 06 2  9876  9933  9920  9919  9911  9899  9905  9873  9924  9903  9896  9918
TBILIS 2018 05 07 1  9860  9867  9868  9863  9897  9897  9915  9935  9911  9948  9935  9923
TBILIS 2018 05 07 2  9922  9925  9915  9909  9887  9834  9873  9892  9840  9937  9891  9909
TBILIS 2018 05 08 1  9885  9909  9900  9916  9989  9955  9908  9967  9921  9943  9937  9952
TBILIS 2018 05 08 2  9923  9876  9879  9894  9853  9779  9819  9827  9822  9848  9854  9875
TBILIS 2018 05 09 1  9915  9870  9844  9880  9858  9850  9918  9942  9966  9957  9955  9937
TBILIS 2018 05 09 2  9917  9878  9878  9888  9810  9793  9761  9789  9746  9789  9799  9825
TBILIS 2018 05 10 1  9804  9839  9791  9768  9815  9779  9844  9856  9923  9905  9880  9923
TBILIS 2018 05 10 2  9918  9936  9882  9901  9858  9907  9940  9924  9908  9909  9891  9901
TBILIS 2018 05 11 1  9917  9935  9910  9900  9947  9953  9917  9939  9936  9888  9852  9873
TBILIS 2018 05 11 2  9863  9839  9780  9853  9867  9847  9844  9854  9865  9857  9847  9866
TBILIS 2018 05 12 1  9865  9917  9892  9902  9920  9898  9893  9855  9879  9882  9881  9856
TBILIS 2018 05 12 2  9875  9857  9846  9857  9862  9883  9842  9851  9895  9880  9833  9883
TBILIS 2018 05 13 1  9898  9913  9899  9914  9900  9833  9883  9827  9845  9846  9821  9821
TBILIS 2018 05 13 2  9824  9834  9863  9801  9818  9837  9808  9827  9831  9855  9871  9875
TBILIS 2018 05 14 1  9904  9878  9873  9855  9823  9813  9808  9841  9778  9829  9855  9893
TBILIS 2018 05 14 2  9901  9877  9900  9907  9882  9896  9895  9886  9901  9888  9874  9865
TBILIS 2018 05 15 1  9870  9894  9882  9886  9878  9884  9878  9876  9906  9896  9895  9869
TBILIS 2018 05 15 2  9870  9897  9922  9913  9890  9885  9896  9896  9894  9906  9889  9887
TBILIS 2018 05 16 1  9885  9933  9872  9890  9877  9927  9881  9898  9890  9889  9860  9880
TBILIS 2018 05 16 2  9886  9899  9905  9899  9867  9902  9913  9956  9927  9936  9922  9914
TBILIS 2018 05 17 1  9908  9872  9902  9907  9879  9852  9874  9872  9855  9816  9856  9883
TBILIS 2018 05 17 2  9917  9882  9892  9902  9920  9882  9899  9897  9901  9841  9916  9851
TBILIS 2018 05 18 1  9888  9864  9876  9849  9853  9843  9926  9882  9871  9839  9884  9867
TBILIS 2018 05 18 2  9868  9875  9856  9835  9819  9868  9904  9890  9895  9876  9858  9864
TBILIS 2018 05 19 1  9859  9855  9868  9862  9895  9912  9947  9951  9886  9895  9874  9894
TBILIS 2018 05 19 2  9883  9871  9868  9867  9842  9870  9865  9896  9911  9893  9905  9880
TBILIS 2018 05 20 1  9851  9910  9900  9923  9887  9927  9870  9853  9855  9864  9849  9906
TBILIS 2018 05 20 2  9883  9873  9846  9848  9872  9889  9895  9879  9900  9882  9919  9874
TBILIS 2018 05 21 1  9891  9922  9889  9941  9963  9906  9865  9866  9902  9937  9847  9844
TBILIS 2018 05 21 2  9818  9852  9835  9859  9863  9877  9865  9880  9907  9911  9894  9873
TBILIS 2018 05 22 1  9888  9864  9852  9844  9858  9828  9866  9856  9883  9838  9824  9811
TBILIS 2018 05 22 2  9811  9842  9804  9804  9872  9836  9828  9814  9794  9847  9853  9835
TBILIS 2018 05 23 1  9837  9844  9843  9877  9859  9873  9896  9881  9867  9895  9902  9908
TBILIS 2018 05 23 2  9864  9824  9828  9810  9802  9849  9845  9871  9867  9880  9891  9893
TBILIS 2018 05 24 1  9884  9897  9864  9844  9888  9852  9818  9887  9871  9906  9930  9938
TBILIS 2018 05 24 2  9987  9966  9963  9968  9983  9917  9885  9921  9847  9878  9880  9915
TBILIS 2018 05 25 1  9927  9895  9894  9930  9910  9923  9920  9920  9916  9862  9902  9895
TBILIS 2018 05 25 2  9856  9904  9855  9889  9898  9871  9928  9863  9899  9882  9886  9914
TBILIS 2018 05 26 1  9907  9914  9897  9880  9911  9888  9855  9907  9879  9898  9843  9858
TBILIS 2018 05 26 2  9870  9875  9864  9903  9878  9882  9932  9886  9837  9920  9919  9869
TBILIS 2018 05 27 1  9876  9897  9879  9914  9878  9910  9918  9903  9914  9882  9884  9913
TBILIS 2018 05 27 2  9879  9894  9857  9886  9921  9884  9929  9904  9930  9909  9918  9899
TBILIS 2018 05 28 1  9884  9919  9907  9889  9898  9901  9862  9908  9878  9859  9885  9856
TBILIS 2018 05 28 2  9851  9832  9866  9856  9852  9878  9857  9898  9868  9878  9877  9870
TBILIS 2018 05 29 1  9847  9879  9892  9869  9877  9906  9886  9910  9877  9933  9894  9867
TBILIS 2018 05 29 2  9866  9844  9876  9868  9861  9880  9889  9878  9934  9886  9861  9894
TBILIS 2018 05 30 1  9888  9909  9877  9878  9897  9929  9893  9966  9915  9931  9898  9889
TBILIS 2018 05 30 2  9865  9887  9899  9903  9892  9931  9919  9871  9930  9894  9884  9864
TBILIS 2018 05 31 1  9887  9868  9847  9871  9886  9909  9958  9922  9923  9913  9941  9934
TBILIS 2018 05 31 2  9933  9909  9908  9895  9899  9919  9944  9903  9905  9877  9882  9887
Cosmic-Ray Neutron Monitor Data (Hourly, Pressure-Corrected and Scale-Adjusted Counts)
Collections: WDC for Cosmic Rays, Solar-Terrestrial Environment Laboratory, Nagoya Univ.
Data Access: http://center.stelab.nagoya-u.ac.jp/WDCCR/index.html
Project: ICSU WDC
Citation: WDC for Cosmic Rays, Solar-Terrestrial Environment Laboratory, Nagoya University
Station ID: TBILIS
Station:  TBILISI,GIORGIA,INSTITUT GEOPHYSIKY (IG), GIORGIAN ACADEMY OF SCIENCES,GIORGIA 
Instrument: 18-NM-64 Corrected to 965 mb Standard Pressure, Coef =-0.69 %/mb                
Latitude (deg.):   41.43  Longitude (deg.):   44.48  Altitude (m):  510.00
Cut-Off Rigidity (GV):    6.73
Year: 2018  Month:   6
Scaling Factor (SF):    64.0   Constant (CONST):     0.0  Real Counts = (DATA + CONST)*SF
Temporal Resolution: 1 hour
UTC Start Hour:     0.0
DATA FILE IS PREPARED BY IZMIRAN (ftp://cr0.izmiran.rssi.ru/Cosray!/FTP_NM/C/)  
 Updated by IZMIRAN on 20190924                         
Monthly Average:  9934.8
Updated (YYYY MM DD): 2019 10 08
*******************************************************************************************
ID     YYYY MM DD 1     0     1     2     3     4     5     6     7     8     9    10    11
ID     YYYY MM DD 2    12    13    14    15    16    17    18    19    20    21    22    23
*******************************************************************************************
TBILIS 2018 06 01 1  9915  9892  9891  9879  9878  9939  9968 10027  9956  9955  9978  9952
TBILIS 2018 06 01 2  9936  9967  9954 10009  9936  9999  9977  9969  9975  9944  9934  9944
TBILIS 2018 06 02 1  9922  9891  9917  9956  9992  9974 10069 10005 10008  9964  9981  9981
TBILIS 2018 06 02 2  9933 10010  9946  9962  9927  9944  9951  9953  9931  9903  9971  9915
TBILIS 2018 06 03 1  9923  9956  9920  9942  9921  9943  9937  9951  9979  9939  9965  9939
TBILIS 2018 06 03 2  9895  9917  9915  9944  9902  9897  9926  9927  9906  9919  9918  9910
TBILIS 2018 06 04 1  9881  9904  9940  9930  9924  9932  9963  9941  9904  9909  9880  9912
TBILIS 2018 06 04 2  9914  9848  9897  9880  9885  9928  9891  9922  9878  9882  9867  9921
TBILIS 2018 06 05 1  9909  9884  9921  9901  9934  9934  9941  9961  9907  9922  9899  9862
TBILIS 2018 06 05 2  9897  9873  9911  9903  9877  9876  9862  9861  9851  9888  9865  9891
TBILIS 2018 06 06 1  9887  9901  9944  9954  9981  9965  9988 10000  9910  9940  9918  9921
TBILIS 2018 06 06 2  9917  9913  9894  9900  9927  9945  9970  9905  9940  9900  9878  9927
TBILIS 2018 06 07 1  9935  9955  9967  9980  9976  9979  9970  9973 10024  9961  9964  9956
TBILIS 2018 06 07 2  9940  9969  9915  9899  9918  9928  9929  9958  9924  9937  9933  9950
TBILIS 2018 06 08 1  9951  9970  9995  9955 10009  9965 10010 10014  9926  9985  9988  9977
TBILIS 2018 06 08 2  9944  9928  9919  9959  9960  9969  9938  9917  9958  9965  9969 10005
TBILIS 2018 06 09 1  9965  9986  9978  9976  9946  9976  9932  9985  9978  9967  9959  9957
TBILIS 2018 06 09 2  9974  9936  9910  9976  9946  9986  9962 10014 10006 10049  9987 10000
TBILIS 2018 06 10 1  9986 10004  9978  9991  9993  9955  9977  9955  9967  9967  9963  9987
TBILIS 2018 06 10 2  9952  9998 10002 10056 10003 10047 10035  9987 10035 10046 10018 10016
TBILIS 2018 06 11 1 10031 10003  9981  9963  9983 10017 10010  9990  9985  9976  9927  9945
TBILIS 2018 06 11 2  9979  9951  9948  9986  9994  9989  9990  9995  9967 10018  9941  9938
TBILIS 2018 06 12 1  9952  9976 10008  9938  9902  9947  9972  9939  9933  9948  9940  9979
TBILIS 2018 06 12 2  9974  9959  9947  9936  9948  9953  9983  9990  9952  9964  9947  9973
TBILIS 2018 06 13 1  9968 10002  9973  9982  9976  9954  9934  9960 10000  9948  9985  9934
TBILIS 2018 06 13 2  9929  9933  9921  9976  9987  9944  9904  9907  9896  9943  9927  9922
TBILIS 2018 06 14 1  9930  9979  9907  9933  9897  9872  9881  9924  9921  9892  9896  9905
TBILIS 2018 06 14 2  9918  9940  9874  9948  9995  9945  9976  9979  9924  9949  9947  9961
TBILIS 2018 06 15 1  9950 10008  9934  9919  9926  9930  9903  9923  9935  9919  9941  9899
TBILIS 2018 06 15 2  9927  9915  9958  9918  9939  9935  9918  9943  9959  9941  9959  9933
TBILIS 2018 06 16 1  9868  9925  9897  9952  9903  9891  9914  9923  9903  9891  9902  9931
TBILIS 2018 06 16 2  9912  9918  9952  9926  9947  9912  9946  9951  9954  9959  9944  9939
TBILIS 2018 06 17 1  9973  9977  9973  9909  9930  9931  9956  9933  9933  9911  9952  9893
TBILIS 2018 06 17 2  9882  9883  9877  9906  9932  9944  9967  9972  9966  9942  9955  9938
TBILIS 2018 06 18 1  9944  9943  9975 10014  9978  9973  9993  9989  9963  9990 10000  9907
TBILIS 2018 06 18 2  9941  9933  9944  9892  9888  9867  9933  9930  9934  9896  9904  9916
TBILIS 2018 06 19 1  9940  9908  9958  9925  9967  9940  9967  9985  9980  9957  9922  9944
TBILIS 2018 06 19 2  9936  9922  9947  9933  9938  9889  9931  9909  9932  9886  9931  9939
TBILIS 2018 06 20 1  9924  9900  9913  9924  9923  9954  9941  9991  9957  9946  9944  9935
TBILIS 2018 06 20 2  9959  9908  9931  9887  9926  9915  9945  9926  9889  9911  9905  9929
TBILIS 2018 06 21 1  9933  9931  9915  9931  9958  9997  9935  9945  9931  9933  9901  9907
TBILIS 2018 06 21 2  9892  9883  9887  9911  9942  9921  9897  9927  9934  9908  9966  9931
TBILIS 2018 06 22 1  9945  9969  9943  9912  9953  9950  9981  9963  9919  9913  9942  9904
TBILIS 2018 06 22 2  9922  9905  9937  9905  9923  9961  9950  9929  9971  9952  9970  9961
TBILIS 2018 06 23 1  9961  9959 10000  9999  9994  9974  9928  9941  9939  9877  9887  9917
TBILIS 2018 06 23 2  9923  9886  9899  9937  9845  9826  9801  9826  9820  9827  9830  9841
TBILIS 2018 06 24 1  9817  9838  9853  9875  9882  9903  9896  9935  9918  9888  9909  9906
TBILIS 2018 06 24 2  9866  9880  9827  9849  9824  9856  9816  9848  9829  9870  9866  9886
TBILIS 2018 06 25 1  9865  9881  9860  9896  9878  9892  9935  9894  9896  9916  9879  9877
TBILIS 2018 06 25 2  9865  9920  9895  9944  9912  9913  9922  9937  9935  9943  9907  9925
TBILIS 2018 06 26 1  9926  9969  9943  9959  9979  9958  9961  9942  9958  9936  9922  9922
TBILIS 2018 06 26 2  9915  9876  9869  9917  9890  9867  9898  9909  9899  9885  9867  9902
TBILIS 2018 06 27 1  9871  9887  9876  9922  9914 10022  9988 10000  9991 10031  9962  9968
TBILIS 2018 06 27 2  9975  9933  9892  9859  9878  9871  9874  9868  9875  9892  9916  9859
TBILIS 2018 06 28 1  9860  9878  9908  9861  9945  9929  9992  9991  9995  9964  9921  9953
TBILIS 2018 06 28 2  9891  9921  9887  9915  9905  9908  9829  9883  9910  9948  9907  9844
TBILIS 2018 06 29 1  9906  9893  9916  9932  9952  9976  9953 10036  9989  9955  9982  9941
TBILIS 2018 06 29 2  9938  9935  9942  9948  9934  9905  9936  9931  9911  9898  9895  9951
TBILIS 2018 06 30 1  9908  9911  9907  9912  9916  9963  9987 10015  9975  9951  9961  9946
TBILIS 2018 06 30 2  9952  9913  9958  9915  9905  9915  9906  9910  9905  9920  9953  9959
TBILIS 2018 06 31 1 99999 99999 99999 99999 99999 99999 99999 99999 99999 99999 99999 99999
TBILIS 2018 06 31 2 99999 99999 99999 99999 99999 99999 99999 99999 99999 99999 99999 99999
Cosmic-Ray Neutron Monitor Data (Hourly, Pressure-Corrected and Scale-Adjusted Counts)
Collections: WDC for Cosmic Rays, Solar-Terrestrial Environment Laboratory, Nagoya Univ.
Data Access: http://center.stelab.nagoya-u.ac.jp/WDCCR/index.html
Project: ICSU WDC
Citation: WDC for Cosmic Rays, Solar-Terrestrial Environment Laboratory, Nagoya University
Station ID: TBILIS
Station:  TBILISI,GIORGIA,INSTITUT GEOPHYSIKY (IG), GIORGIAN ACADEMY OF SCIENCES,GIORGIA 
Instrument: 18-NM-64 Corrected to 965 mb Standard Pressure, Coef =-0.69 %/mb                
Latitude (deg.):   41.43  Longitude (deg.):   44.48  Altitude (m):  510.00
Cut-Off Rigidity (GV):    6.73
Year: 2018  Month:   7
Scaling Factor (SF):    64.0   Constant (CONST):     0.0  Real Counts = (DATA + CONST)*SF
Temporal Resolution: 1 hour
UTC Start Hour:     0.0
DATA FILE IS PREPARED BY IZMIRAN (ftp://cr0.izmiran.rssi.ru/Cosray!/FTP_NM/C/)  
 Updated by IZMIRAN on 20190924                         
Monthly Average:  9970.1
Updated (YYYY MM DD): 2019 10 08
*******************************************************************************************
ID     YYYY MM DD 1     0     1     2     3     4     5     6     7     8     9    10    11
ID     YYYY MM DD 2    12    13    14    15    16    17    18    19    20    21    22    23
*******************************************************************************************
TBILIS 2018 07 01 1  9916  9896  9986  9976  9963  9978 10016 10019  9962  9959 10034  9957
TBILIS 2018 07 01 2  9951  9955  9946  9949  9927  9956  9934  9936  9936  9920 10007  9892
TBILIS 2018 07 02 1  9910  9954  9953  9914 10033  9999 10038 10005  9995  9971 10008  9956
TBILIS 2018 07 02 2  9978  9944  9963  9940  9947  9979  9971  9966  9942  9984  9977 10006
TBILIS 2018 07 03 1  9996  9954 10001 10006  9987  9962  9975 10023 10019 10002 10019 10035
TBILIS 2018 07 03 2  9995  9958  9997  9967  9957 10009  9979  9984  9987  9959  9966  9952
TBILIS 2018 07 04 1  9987  9949  9988  9991 10004 10021 10044 10072 10051 10050 10005 10003
TBILIS 2018 07 04 2  9994  9980  9963 10007 10001 10005  9994  9963  9962 10004  9978 10009
TBILIS 2018 07 05 1 10008  9993  9983 10056 10047 10042 10035 10061 10021 10016 10003  9990
TBILIS 2018 07 05 2 10000  9956  9982 10018 10009 10037 10050 10035 10052 10006 10028 10030
TBILIS 2018 07 06 1  9985 10040 10031 10030  9994 10018 10017  9988 10021  9984  9964  9993
TBILIS 2018 07 06 2  9968  9977  9960  9986  9989  9981  9959  9983  9952  9978  9963  9956
TBILIS 2018 07 07 1  9977 10011  9994  9991 10028 10011 10013 10005 10045  9973 10037 10010
TBILIS 2018 07 07 2  9992  9965  9970  9997 10006  9982  9951  9992  9946  9950  9941  9966
TBILIS 2018 07 08 1 10007  9964 10002 10006  9959  9992  9947  9988  9999  9989  9970 10012
TBILIS 2018 07 08 2  9966 10014  9981  9980  9986 10020  9988  9960  9969  9989  9954 10019
TBILIS 2018 07 09 1  9992  9968  9963  9981  9991 10019 10008  9983 10058  9983  9974  9983
TBILIS 2018 07 09 2 10018  9985  9984  9999 10009 10015 10033 10046 10025 10023 10037 10015
TBILIS 2018 07 10 1  9987 10011  9998  9995  9994 10029  9981  9974  9960  9945  9937  9972
TBILIS 2018 07 10 2  9952  9977  9992 10018 10027  9997 10036 10011 10010 10029 10037 10036
TBILIS 2018 07 11 1 10027 10006 10001  9962  9956  9949  9990  9973  9964 10007  9960  9931
TBILIS 2018 07 11 2  9943  9919  9944  9991  9981 10017  9978  9944  9919 10007 10000  9990
TBILIS 2018 07 12 1  9973 10029  9918  9881  9902  9955  9943  9980  9945  9955  9952  9962
TBILIS 2018 07 12 2  9970  9984  9979 10011 10041 10001 10010 10006  9965  9918  9901  9871
TBILIS 2018 07 13 1  9939  9980  9959  9941  9949  9951  9927  9998  9971  9943  9938  9945
TBILIS 2018 07 13 2  9992  9963  9922  9972  9991  9998  9996 10015 10017  9988  9986  9970
TBILIS 2018 07 14 1  9993  9964  9965  9966  9956  9974  9951 10006  9965  9997  9998  9966
TBILIS 2018 07 14 2  9951 10000  9982 10001  9971  9967 10024 10007 10016  9998 10014 10024
TBILIS 2018 07 15 1 10011 10033 10005  9969 10010  9992  9979 10008  9972 10000 10018  9959
TBILIS 2018 07 15 2 10013  9977  9950  9984  9981  9996  9989  9989 10000 10004  9985  9987
TBILIS 2018 07 16 1  9973  9985  9942  9989 10057  9993 10048 10045 10035 10019 10070 10052
TBILIS 2018 07 16 2 10018  9982 10027 10010  9979  9972  9946  9968  9930  9954  9957  9936
TBILIS 2018 07 17 1  9911  9968  9951  9960  9958  9978  9961 10001  9988 10041  9980  9957
TBILIS 2018 07 17 2  9987 10017  9994  9996  9995  9981  9998  9996  9987  9959  9999  9984
TBILIS 2018 07 18 1  9985  9983  9950  9956  9945  9933  9905  9970  9951 10000  9984  9971
TBILIS 2018 07 18 2  9971  9961  9971 10023  9984  9983 10022  9944  9961 10037 10023 10008
TBILIS 2018 07 19 1  9977  9939  9943  9947  9966  9950  9911  9935  9947  9980  9954  9976
TBILIS 2018 07 19 2  9992  9910  9970  9972  9944  9966  9989  9936  9978  9974  9965  9941
TBILIS 2018 07 20 1  9981  9970  9950  9959  9915  9951  9941  9960  9970  9950  9954  9965
TBILIS 2018 07 20 2  9968  9976  9954  9993  9950 10018  9961  9954  9951 10006  9968  9946
TBILIS 2018 07 21 1  9949  9910  9936  9938  9943  9947  9965 10016  9954  9945  9932  9936
TBILIS 2018 07 21 2  9945  9939  9952  9934  9931  9861  9881  9914  9889  9910  9873  9892
TBILIS 2018 07 22 1  9912  9948  9893  9902  9896  9909  9946  9946  9964  9971  9967  9956
TBILIS 2018 07 22 2  9914  9945  9934  9929  9901  9879  9891  9916  9887  9922  9871  9875
TBILIS 2018 07 23 1  9922  9893  9936  9900  9897  9949  9920  9929  9874  9902  9901  9943
TBILIS 2018 07 23 2  9951  9988  9929  9921  9953  9898  9941  9921  9928  9927  9929  9897
TBILIS 2018 07 24 1  9892  9890  9901  9932  9883  9925  9903  9913  9907  9907 10009  9946
TBILIS 2018 07 24 2  9941  9947  9935  9942  9926  9995  9921  9918  9899  9852  9921  9884
TBILIS 2018 07 25 1  9891  9921  9915  9946  9954 10008 10013 10034 10009  9972 10000  9950
TBILIS 2018 07 25 2  9946  9922  9948  9946  9956  9947  9939  9894  9921  9907  9883  9919
TBILIS 2018 07 26 1  9881  9890  9873  9860  9909  9981  9963 10007 10020  9988 10018 10019
TBILIS 2018 07 26 2  9980  9988 10009  9952  9953  9987  9919  9938  9909  9928  9922  9923
TBILIS 2018 07 27 1  9900  9847  9908  9880  9909  9942  9932  9974 10013 10003  9908  9972
TBILIS 2018 07 27 2 10018  9968  9978  9984  9971  9964  9966  9961  9968  9961  9918  9905
TBILIS 2018 07 28 1  9892  9911  9910  9927  9955  9974 10006 10004 10027 10070 10074 10042
TBILIS 2018 07 28 2 10058 10016  9990  9982 10035  9967  9958  9975  9943  9992  9900  9934
TBILIS 2018 07 29 1  9956  9901  9905  9966  9981  9978 10033 10025  9994 10030 10028 10002
TBILIS 2018 07 29 2 10000 10012 10027  9983  9979  9961  9938  9978  9981  9948  9933  9932
TBILIS 2018 07 30 1  9954 10021 10006  9978 10000  9997 10017  9999  9990  9949  9976  9915
TBILIS 2018 07 30 2  9951  9931  9911  9914  9926  9973  9920  9958  9958  9934  9931  9985
TBILIS 2018 07 31 1  9962  9969  9988  9976  9968  9995  9975  9984  9986  9962  9959  9970
TBILIS 2018 07 31 2 10000  9955  9945  9931  9989  9976  9952  9968  9884  9905  9926  9954
Cosmic-Ray Neutron Monitor Data (Hourly, Pressure-Corrected and Scale-Adjusted Counts)
Collections: WDC for Cosmic Rays, Solar-Terrestrial Environment Laboratory, Nagoya Univ.
Data Access: http://center.stelab.nagoya-u.ac.jp/WDCCR/index.html
Project: ICSU WDC
Citation: WDC for Cosmic Rays, Solar-Terrestrial Environment Laboratory, Nagoya University
Station ID: TBILIS
Station:  TBILISI,GIORGIA,INSTITUT GEOPHYSIKY (IG), GIORGIAN ACADEMY OF SCIENCES,GIORGIA 
Instrument: 18-NM-64 Corrected to 965 mb Standard Pressure, Coef =-0.69 %/mb                
Latitude (deg.):   41.43  Longitude (deg.):   44.48  Altitude (m):  510.00
Cut-Off Rigidity (GV):    6.73
Year: 2018  Month:   8
Scaling Factor (SF):    64.0   Constant (CONST):     0.0  Real Counts = (DATA + CONST)*SF
Temporal Resolution: 1 hour
UTC Start Hour:     0.0
DATA FILE IS PREPARED BY IZMIRAN (ftp://cr0.izmiran.rssi.ru/Cosray!/FTP_NM/C/)  
 Updated by IZMIRAN on 20190924                         
Monthly Average:  9954.4
Updated (YYYY MM DD): 2019 10 08
*******************************************************************************************
ID     YYYY MM DD 1     0     1     2     3     4     5     6     7     8     9    10    11
ID     YYYY MM DD 2    12    13    14    15    16    17    18    19    20    21    22    23
*******************************************************************************************
TBILIS 2018 08 01 1  9995 10003  9973  9924  9921  9990  9982  9943 10002  9979  9949  9964
TBILIS 2018 08 01 2  9955  9970  9947  9926  9953 10031  9941  9976  9970  9956  9936  9949
TBILIS 2018 08 02 1  9983  9952  9980  9976  9995 10020 10012 10029 10013 10012  9990 10014
TBILIS 2018 08 02 2  9939  9939  9958  9950  9962  9943  9938  9968  9913  9953  9957  9987
TBILIS 2018 08 03 1 10004  9960  9961  9948  9976  9994  9966  9959  9980  9983  9983  9983
TBILIS 2018 08 03 2  9983  9983  9983  9983  9983  9983  9983  9983  9983  9983  9983  9983
TBILIS 2018 08 04 1  9983  9983  9983  9983  9983  9983  9983  9988  9971  9991 10007  9983
TBILIS 2018 08 04 2 10005  9945 10000 10004  9982  9997  9991 10011  9955  9985  9929  9971
TBILIS 2018 08 05 1  9959  9986 10005 10011  9975  9952  9963  9997  9986  9986 10015 10027
TBILIS 2018 08 05 2 10006  9978  9967  9996  9998  9993 10000  9997  9987  9995 10003  9974
TBILIS 2018 08 06 1  9963 10001 10003  9977  9974  9942  9989  9968  9960  9927  9965 10007
TBILIS 2018 08 06 2  9939  9947  9960  9938  9964  9930  9940  9957  9912  9965  9917  9936
TBILIS 2018 08 07 1  9939  9949  9999  9929  9935  9953  9984  9959  9953  9958  9988  9977
TBILIS 2018 08 07 2  9941  9977  9945  9990  9963 10011 10008  9996  9974  9966  9971  9942
TBILIS 2018 08 08 1  9936  9934  9966  9968  9962  9944  9971  9990  9998  9964  9993  9976
TBILIS 2018 08 08 2  9992  9985  9986 10008 10007 10047 10001 10013 10008  9982  9947 10003
TBILIS 2018 08 09 1 10045 10012  9955  9974  9955  9947  9961  9984  9966  9968  9963  9911
TBILIS 2018 08 09 2  9963  9909  9911  9939  9944  9956  9992  9982  9957  9990  9961  9961
TBILIS 2018 08 10 1  9973  9956  9937  9968  9988  9924  9965  9946  9929  9916  9951  9927
TBILIS 2018 08 10 2  9932  9942  9943  9975  9959  9963  9991  9960  9961  9949  9926  9951
TBILIS 2018 08 11 1  9956  9972  9980  9957  9906  9947  9953  9919  9933  9910  9902  9876
TBILIS 2018 08 11 2  9923  9958  9926  9947  9911  9938  9912  9980  9976  9987  9941  9896
TBILIS 2018 08 12 1  9953  9909  9952  9947  9943  9931  9958  9946  9951  9990  9942  9943
TBILIS 2018 08 12 2  9942  9895  9891  9923  9892  9903  9936  9892  9917  9934  9902  9935
TBILIS 2018 08 13 1  9965  9965  9953  9935  9971  9933  9955  9992  9946  9984  9951  9942
TBILIS 2018 08 13 2  9933  9939  9962  9934  9985  9979  9956  9978  9948  9946  9976  9942
TBILIS 2018 08 14 1  9957  9954  9972  9983  9972  9970  9979  9953  9964  9980  9950  9984
TBILIS 2018 08 14 2  9956  9956  9960  9987  9975  9962  9977  9957  9978  9952  9913  9912
TBILIS 2018 08 15 1  9893  9878  9890  9911  9920  9918  9923 10006  9991  9982  9995 10013
TBILIS 2018 08 15 2 10007 10029 10036 10038 10047 10037 10009 10000  9991 10022  9978  9980
TBILIS 2018 08 16 1  9975  9983  9961  9955  9968  9985  9996  9929  9959  9971  9976  9981
TBILIS 2018 08 16 2  9978  9990 10077 10025 10033  9992  9982  9973  9933  9960  9983  9957
TBILIS 2018 08 17 1  9955  9957  9964  9900  9899  9863  9855  9908  9903  9962  9973  9899
TBILIS 2018 08 17 2  9906  9935  9958  9956  9945  9969  9947  9950  9951  9927  9841  9862
TBILIS 2018 08 18 1  9914  9935  9890  9932  9954  9936  9906  9930  9930  9959  9944  9942
TBILIS 2018 08 18 2  9904  9887  9922  9950  9970  9997  9959  9897  9920  9935  9940  9977
TBILIS 2018 08 19 1  9974  9973  9936  9975  9966  9933 10010  9969  9961  9923  9983  9923
TBILIS 2018 08 19 2  9954  9976  9932  9945  9947  9979  9977  9904  9961  9938  9970  9973
TBILIS 2018 08 20 1 10000  9984  9966 10008 10010  9986  9945  9950  9942  9922  9948  9927
TBILIS 2018 08 20 2  9941  9956  9939  9950  9931  9934  9942  9931  9955  9952  9917  9958
TBILIS 2018 08 21 1  9957  9936  9912  9938  9939  9966  9932  9939  9912  9899  9960  9952
TBILIS 2018 08 21 2  9953  9954  9893  9935  9913  9918  9903  9906  9891  9859  9838  9909
TBILIS 2018 08 22 1  9882  9897  9913  9921  9917  9950  9944  9934  9925  9915  9939  9913
TBILIS 2018 08 22 2  9914  9903  9890  9898  9914  9894  9886  9909  9855  9861  9879  9897
TBILIS 2018 08 23 1  9914  9942  9965  9995 10009 10040  9997  9954  9983  9973  9969  9944
TBILIS 2018 08 23 2  9891  9920  9905  9913  9919  9874  9915  9878  9867  9872  9885  9906
TBILIS 2018 08 24 1  9915  9951  9978  9944  9979  9949  9959  9974  9910  9918  9946  9926
TBILIS 2018 08 24 2  9911  9908  9912  9920  9911  9927  9884  9869  9878  9906  9875  9851
TBILIS 2018 08 25 1  9880  9895  9886  9916  9921  9904  9935  9898  9939  9885  9938  9907
TBILIS 2018 08 25 2  9862  9847  9797  9777  9775  9794  9845  9833  9875  9843  9851  9901
TBILIS 2018 08 26 1  9913  9903  9904  9956 10080 10120 10057 10047 10073  9988  9959 10007
TBILIS 2018 08 26 2  9992 10032  9977 10005  9955  9998  9963  9914  9912  9983  9979  9970
TBILIS 2018 08 27 1  9969  9925  9920  9921  9926  9936  9982  9977  9993  9985  9951  9974
TBILIS 2018 08 27 2  9929  9974  9983  9937  9939  9911  9922  9897  9935  9918  9926  9918
TBILIS 2018 08 28 1  9944  9933  9962  9943  9962  9965  9996  9953  9967  9947  9941  9983
TBILIS 2018 08 28 2  9921  9942  9913  9937  9940  9919  9958  9909  9948  9939  9950  9956
TBILIS 2018 08 29 1  9969  9971  9969  9994  9984 10003  9976  9955  9970  9969  9972  9918
TBILIS 2018 08 29 2  9917  9929  9958  9937  9988  9985  9966  9980  9998 10009  9996 10003
TBILIS 2018 08 30 1  9988  9977  9997 10015  9973  9942 10018  9977  9965 10017  9961  9986
TBILIS 2018 08 30 2  9956  9948  9953  9994 10004  9950  9982  9962  9979  9976  9971  9984
TBILIS 2018 08 31 1  9967 10006 10001  9953  9994  9957  9962  9987  9956  9991  9948  9940
TBILIS 2018 08 31 2  9928  9955  9975  9978 10006  9984 10011  9995  9960 10012  9966 10035
Cosmic-Ray Neutron Monitor Data (Hourly, Pressure-Corrected and Scale-Adjusted Counts)
Collections: WDC for Cosmic Rays, Solar-Terrestrial Environment Laboratory, Nagoya Univ.
Data Access: http://center.stelab.nagoya-u.ac.jp/WDCCR/index.html
Project: ICSU WDC
Citation: WDC for Cosmic Rays, Solar-Terrestrial Environment Laboratory, Nagoya University
Station ID: TBILIS
Station:  TBILISI,GIORGIA,INSTITUT GEOPHYSIKY (IG), GIORGIAN ACADEMY OF SCIENCES,GIORGIA 
Instrument: 18-NM-64 Corrected to 965 mb Standard Pressure, Coef =-0.69 %/mb                
Latitude (deg.):   41.43  Longitude (deg.):   44.48  Altitude (m):  510.00
Cut-Off Rigidity (GV):    6.73
Year: 2018  Month:   9
Scaling Factor (SF):    64.0   Constant (CONST):     0.0  Real Counts = (DATA + CONST)*SF
Temporal Resolution: 1 hour
UTC Start Hour:     0.0
DATA FILE IS PREPARED BY IZMIRAN (ftp://cr0.izmiran.rssi.ru/Cosray!/FTP_NM/C/)  
 Updated by IZMIRAN on 20190924                         
Monthly Average:  9969.5
Updated (YYYY MM DD): 2019 10 08
*******************************************************************************************
ID     YYYY MM DD 1     0     1     2     3     4     5     6     7     8     9    10    11
ID     YYYY MM DD 2    12    13    14    15    16    17    18    19    20    21    22    23
*******************************************************************************************
TBILIS 2018 09 01 1  9996 10026 10005 10018 10021 10007 10013 10066 10035  9984 10003  9998
TBILIS 2018 09 01 2  9975 10001 10036 10029 10013 10041 10044 10023  9974 10027 10025 10044
TBILIS 2018 09 02 1  9999 10022 10020  9997 10039 10001 10020 10020 10020 10020 10020 10020
TBILIS 2018 09 02 2 10020 10020 10020 10020 10020 10020 10020 10020 10020 10020 10020 10020
TBILIS 2018 09 03 1 10020 10020 10020 10020 10020 10020 10020 10020 10020 10004 10055  9994
TBILIS 2018 09 03 2  9968  9983 10010 10052 10003 10023 10010 10037 10013 10045 10013 10003
TBILIS 2018 09 04 1 10006  9989 10001 10003  9969 10004  9994  9945 10001  9991  9963 10015
TBILIS 2018 09 04 2  9992  9998 10002 10001 10048 10052 10015 10018 10016 10033 10030 10026
TBILIS 2018 09 05 1  9984  9991 10010  9972 10012  9961  9988 10024 10001 10006  9988  9951
TBILIS 2018 09 05 2  9994  9969 10005  9992 10019 10058 10052 10055  9978 10015  9998 10045
TBILIS 2018 09 06 1 10009  9994  9987  9990  9976  9998 10018  9998  9986 10004  9980  9980
TBILIS 2018 09 06 2  9959  9976  9971  9999 10028 10022  9994 10014  9959  9974  9973  9955
TBILIS 2018 09 07 1  9951  9993 10026 10003  9984 10018 10006  9972  9970  9957  9973  9981
TBILIS 2018 09 07 2  9968  9962  9970  9949  9949  9950 10013  9949  9954  9975  9984  9970
TBILIS 2018 09 08 1 10001  9971  9966  9984  9959  9977  9990  9958 10011  9980  9983  9987
TBILIS 2018 09 08 2  9951 10004  9979  9948  9981 10045  9957  9938  9952  9937  9974  9963
TBILIS 2018 09 09 1 10008  9995 10030 10033 10003 10012  9959 10006 10000  9945  9962  9991
TBILIS 2018 09 09 2  9957  9938  9952  9977  9954  9980  9980  9960  9959  9990  9975  9985
TBILIS 2018 09 10 1  9998 10029 10012 10008  9960  9964 10008  9988 10014  9999  9991  9981
TBILIS 2018 09 10 2  9956 10014  9999 10018  9977  9976 10001 10009 10009 10004  9984  9965
TBILIS 2018 09 11 1  9965  9975  9936  9959  9992 10019  9975 10009  9980  9962  9937 10004
TBILIS 2018 09 11 2  9979  9977  9976  9974  9938  9969  9951  9916  9962  9934  9961  9964
TBILIS 2018 09 12 1  9961  9988  9997  9960  9961  9944  9970  9947  9970  9998  9947  9995
TBILIS 2018 09 12 2  9995  9943  9975  9963  9964 10005  9961  9983  9945  9968  9951  9971
TBILIS 2018 09 13 1  9973  9978  9981 10005  9981  9973  9980 10001  9999  9965 10031  9983
TBILIS 2018 09 13 2  9995 10007  9974 10029 10015 10001  9964  9961  9976  9967  9958  9977
TBILIS 2018 09 14 1  9977  9972  9987  9947  9913  9956  9906  9931  9929  9943  9979  9955
TBILIS 2018 09 14 2  9967  9950  9983  9955  9921  9927  9913  9935  9890  9940  9954  9925
TBILIS 2018 09 15 1  9915  9949  9953  9951  9955 10001  9974  9967  9985  9976  9927  9957
TBILIS 2018 09 15 2  9971  9967  9983  9946  9974  9942  9940  9982  9963  9972  9970  9956
TBILIS 2018 09 16 1  9959  9931  9985  9965 10036  9967  9982  9955  9962  9983  9962 10019
TBILIS 2018 09 16 2 10002  9976  9985 10029  9997 10000 10009  9993  9926  9938  9920  9962
TBILIS 2018 09 17 1  9969  9950 10005 10032 10067 10058 10001 10077 10017 10009 10059 10040
TBILIS 2018 09 17 2 10004 10001 10026  9951  9993  9975 10004 10033 10007 10018  9990  9991
TBILIS 2018 09 18 1  9978  9997  9976  9995  9966  9979 10042 10041  9958 10032 10033 10012
TBILIS 2018 09 18 2 10012  9951  9994  9958  9960 10003  9972  9962  9950  9947  9969  9991
TBILIS 2018 09 19 1  9968  9987  9998  9992 10019 10016 10029 10036 10010 10026 10012 10017
TBILIS 2018 09 19 2 10004  9972  9965 10012  9903  9953  9916  9967 10053  9979 10036  9949
TBILIS 2018 09 20 1  9991 10014 10021  9979 10031  9985 10021  9985 10005  9988  9977  9948
TBILIS 2018 09 20 2 10020 10006 10034  9995  9930  9942  9967  9938  9958  9976  9959  9965
TBILIS 2018 09 21 1  9968  9926  9957  9945 10004  9992 10036 10061 10020 10033 10016 10019
TBILIS 2018 09 21 2  9970  9934  9917  9960  9899  9887  9894  9898  9920  9921  9922  9886
TBILIS 2018 09 22 1  9888  9905  9950  9948  9940 10010  9965  9953  9971  9966  9994  9989
TBILIS 2018 09 22 2  9974  9994  9939  9921  9933  9951  9951 10025  9964  9976  9987  9966
TBILIS 2018 09 23 1  9967  9947  9939  9925  9995  9950  9942  9937  9994  9941  9913  9913
TBILIS 2018 09 23 2  9922  9891  9895  9845  9877  9901  9867  9880  9887  9866  9901  9879
TBILIS 2018 09 24 1  9879  9872  9866  9879  9841  9886  9863  9903  9855  9903  9901  9888
TBILIS 2018 09 24 2  9876  9863  9917  9880  9868  9897  9871  9898  9881  9875  9903  9842
TBILIS 2018 09 25 1  9874  9841  9859  9862  9875  9898  9916  9894  9899  9898  9889  9892
TBILIS 2018 09 25 2  9869  9870  9878  9922  9920  9850  9862  9917  9888  9938  9928  9952
TBILIS 2018 09 26 1  9901  9881  9896  9918  9964  9954  9915  9957  9987  9960  9939  9930
TBILIS 2018 09 26 2  9924  9956  9978 10011  9965 10037 10013  9973  9940  9989  9987  9978
TBILIS 2018 09 27 1  9962  9944  9939  9975  9944  9953  9950  9939  9941  9910  9935  9928
TBILIS 2018 09 27 2  9925  9944  9988  9935  9960  9962  9969  9981  9945  9947  9956  9940
TBILIS 2018 09 28 1  9934  9958  9989  9958  9953  9921  9943  9959  9925  9931  9902  9913
TBILIS 2018 09 28 2  9931  9892  9948  9927  9909  9948  9909  9985  9933  9923  9981  9942
TBILIS 2018 09 29 1  9920  9935  9951  9924  9931  9953  9933  9931  9945  9961  9928  9937
TBILIS 2018 09 29 2  9922  9927  9929  9928  9952  9945  9962  9963  9935  9975  9993  9938
TBILIS 2018 09 30 1  9940  9932  9952  9972  9923  9957  9933  9939  9973  9953  9917  9930
TBILIS 2018 09 30 2  9920  9907  9918  9910  9929  9962  9916  9969  9950  9936  9943  9929
TBILIS 2018 09 31 1 99999 99999 99999 99999 99999 99999 99999 99999 99999 99999 99999 99999
TBILIS 2018 09 31 2 99999 99999 99999 99999 99999 99999 99999 99999 99999 99999 99999 99999
Cosmic-Ray Neutron Monitor Data (Hourly, Pressure-Corrected and Scale-Adjusted Counts)
Collections: WDC for Cosmic Rays, Solar-Terrestrial Environment Laboratory, Nagoya Univ.
Data Access: http://center.stelab.nagoya-u.ac.jp/WDCCR/index.html
Project: ICSU WDC
Citation: WDC for Cosmic Rays, Solar-Terrestrial Environment Laboratory, Nagoya University
Station ID: TBILIS
Station:  TBILISI,GIORGIA,INSTITUT GEOPHYSIKY (IG), GIORGIAN ACADEMY OF SCIENCES,GIORGIA 
Instrument: 18-NM-64 Corrected to 965 mb Standard Pressure, Coef =-0.69 %/mb                
Latitude (deg.):   41.43  Longitude (deg.):   44.48  Altitude (m):  510.00
Cut-Off Rigidity (GV):    6.73
Year: 2018  Month:  10
Scaling Factor (SF):    64.0   Constant (CONST):     0.0  Real Counts = (DATA + CONST)*SF
Temporal Resolution: 1 hour
UTC Start Hour:     0.0
DATA FILE IS PREPARED BY IZMIRAN (ftp://cr0.izmiran.rssi.ru/Cosray!/FTP_NM/C/)  
 Updated by IZMIRAN on 20190924                         
Monthly Average:  9919.0
Updated (YYYY MM DD): 2019 10 08
*******************************************************************************************
ID     YYYY MM DD 1     0     1     2     3     4     5     6     7     8     9    10    11
ID     YYYY MM DD 2    12    13    14    15    16    17    18    19    20    21    22    23
*******************************************************************************************
TBILIS 2018 10 01 1  9949  9958  9937  9950  9934  9949  9988  9944  9999  9981  9956  9919
TBILIS 2018 10 01 2  9984  9937  9926  9991  9998  9979  9961  9931  9948  9921  9972  9960
TBILIS 2018 10 02 1  9938  9908  9931  9939  9981 10007  9977  9963  9955  9943  9981  9962
TBILIS 2018 10 02 2  9960  9948  9941  9933  9966  9997  9983  9975  9961  9948  9988  9965
TBILIS 2018 10 03 1  9967  9978  9965  9967  9955  9945  9984  9915  9958  9944  9959  9918
TBILIS 2018 10 03 2  9993  9952  9975  9976  9943  9950  9921  9946  9940  9991  9955  9969
TBILIS 2018 10 04 1  9958  9946  9970  9976  9981  9929  9968  9959  9936  9885  9905  9898
TBILIS 2018 10 04 2  9878  9925  9980  9945  9933  9942  9993  9951  9931  9934  9970  9912
TBILIS 2018 10 05 1  9949  9927  9961 10008  9949 10000 10013  9997 10008 10001  9979  9940
TBILIS 2018 10 05 2  9940  9988  9995  9991 10015 10032 10016  9974  9998  9977 10003  9981
TBILIS 2018 10 06 1  9985  9982 10016 10027  9986 10037  9990 10010 10008 10013  9989 10019
TBILIS 2018 10 06 2  9992 10005  9997 10006  9992  9971  9962  9992  9983 10010  9956 10003
TBILIS 2018 10 07 1  9929  9941  9977  9998 10014 10057 10022 10039  9990  9961  9943  9979
TBILIS 2018 10 07 2 10028  9998  9995 10058 10015 10021  9980 10014  9984  9947  9972  9956
TBILIS 2018 10 08 1  9976  9958  9960  9984  9953  9977  9974  9948  9960  9958  9942  9976
TBILIS 2018 10 08 2  9971  9980  9949  9933  9959  9939  9959  9948  9918  9910  9956  9920
TBILIS 2018 10 09 1  9899  9904  9906  9915  9929  9933  9896  9907  9974  9923  9904  9881
TBILIS 2018 10 09 2  9912  9924  9944  9913  9919  9946  9957  9962 10001  9982  9978  9982
TBILIS 2018 10 10 1  9945  9991  9960  9924  9962  9937  9941  9955  9941  9913  9921  9921
TBILIS 2018 10 10 2  9932  9973  9963  9998  9954  9971 10004  9990  9974  9991  9974  9983
TBILIS 2018 10 11 1  9993  9993 10008  9999  9988  9957  9997  9946 10001  9943  9926  9923
TBILIS 2018 10 11 2  9935  9942  9913  9928  9970  9954  9966  9949  9972  9955  9914  9953
TBILIS 2018 10 12 1  9969  9957  9963  9909  9934  9937  9925  9917  9898  9881  9915  9924
TBILIS 2018 10 12 2  9903  9937  9914  9963  9950  9950  9937  9971  9928  9952  9983  9950
TBILIS 2018 10 13 1  9977  9946  9976  9941  9917  9895  9943  9934  9911  9919  9926  9877
TBILIS 2018 10 13 2  9931  9875  9920  9900  9964  9978  9937  9969  9959  9950  9954  9943
TBILIS 2018 10 14 1  9930  9943  9926  9964  9961  9986  9971  9956  9958  9914  9909  9938
TBILIS 2018 10 14 2  9919  9904  9889  9898  9861  9898  9886  9855  9878  9868  9862  9841
TBILIS 2018 10 15 1  9857  9885  9870  9928  9936  9937  9922  9922  9953  9946  9965  9936
TBILIS 2018 10 15 2  9920  9927  9905  9901  9887  9885  9896  9880  9926  9914  9903  9884
TBILIS 2018 10 16 1  9875  9900  9883  9898  9920  9922  9888  9953  9915  9915  9889  9925
TBILIS 2018 10 16 2  9892  9908  9907  9907  9879  9887  9854  9908  9871  9867  9883  9860
TBILIS 2018 10 17 1  9876  9871  9907  9894  9864  9915  9896  9891  9897  9882  9926  9898
TBILIS 2018 10 17 2  9875  9908  9871  9890  9862  9892  9851  9853  9836  9834  9904  9859
TBILIS 2018 10 18 1  9904  9896  9880  9881  9898  9864  9895  9904  9888  9857  9846  9895
TBILIS 2018 10 18 2  9893  9897  9925  9865  9834  9877  9878  9857  9884  9853  9867  9893
TBILIS 2018 10 19 1  9921  9871  9913  9931  9902  9918  9906  9874  9898  9924  9938  9907
TBILIS 2018 10 19 2  9911  9885  9869  9879  9872  9869  9854  9865  9856  9896  9868  9912
TBILIS 2018 10 20 1  9889  9947  9936  9944  9940  9928  9927  9931  9856  9909  9901  9892
TBILIS 2018 10 20 2  9844  9873  9840  9830  9872  9858  9860  9890  9881  9878  9868  9902
TBILIS 2018 10 21 1  9887  9888  9902  9866  9862  9890  9881  9853  9895  9834  9832  9840
TBILIS 2018 10 21 2  9852  9879  9872  9842  9841  9838  9870  9882  9868  9871  9888  9907
TBILIS 2018 10 22 1  9839  9828  9839  9910  9865  9900  9865  9859  9885  9875  9860  9842
TBILIS 2018 10 22 2  9860  9860  9861  9881  9827  9882  9923  9904  9878  9842  9866  9877
TBILIS 2018 10 23 1  9877  9912  9919  9951  9930  9904  9888  9916  9917  9857  9845  9889
TBILIS 2018 10 23 2  9870  9920  9916  9937  9894  9893  9897  9882  9876  9878  9874  9868
TBILIS 2018 10 24 1  9892  9869  9894  9862  9909  9883  9896  9860  9884  9838  9864  9851
TBILIS 2018 10 24 2  9885  9840  9840  9833  9829  9829  9814  9834  9845  9828  9813  9845
TBILIS 2018 10 25 1  9849  9851  9844  9885  9885  9887  9847  9848  9840  9860  9866  9858
TBILIS 2018 10 25 2  9833  9840  9856  9860  9866  9838  9832  9813  9826  9902  9881  9868
TBILIS 2018 10 26 1  9869  9916  9895  9941  9871  9903  9891  9879  9866  9860  9871  9887
TBILIS 2018 10 26 2  9920  9900  9894  9906  9891  9833  9937  9905  9878  9852  9869  9820
TBILIS 2018 10 27 1  9891  9939  9877  9908  9910  9964  9939  9955  9959  9865  9921  9934
TBILIS 2018 10 27 2  9920  9902  9921  9898  9920  9891  9891  9928  9910  9861  9914  9908
TBILIS 2018 10 28 1  9888  9914  9897  9886  9942  9941  9967  9956  9931  9893  9875  9908
TBILIS 2018 10 28 2  9961  9901  9896  9888  9898  9900  9895  9865  9902  9875  9878  9921
TBILIS 2018 10 29 1  9901  9927  9898  9913  9921  9932  9904  9892  9939  9897  9886  9910
TBILIS 2018 10 29 2  9874  9894  9875  9889  9892  9875  9913  9884  9886  9872  9886  9903
TBILIS 2018 10 30 1  9904  9901  9887  9897  9913  9945  9893  9905  9926  9905  9869  9909
TBILIS 2018 10 30 2  9868  9901  9895  9859  9885  9859  9846  9912  9946  9917  9909  9922
TBILIS 2018 10 31 1  9903  9886  9929  9916  9898  9936  9931  9905  9938  9946  9902  9902
TBILIS 2018 10 31 2  9896  9913  9920  9869  9881  9891  9910  9895  9883  9876  9881  9917
Cosmic-Ray Neutron Monitor Data (Hourly, Pressure-Corrected and Scale-Adjusted Counts)
Collections: WDC for Cosmic Rays, Solar-Terrestrial Environment Laboratory, Nagoya Univ.
Data Access: http://center.stelab.nagoya-u.ac.jp/WDCCR/index.html
Project: ICSU WDC
Citation: WDC for Cosmic Rays, Solar-Terrestrial Environment Laboratory, Nagoya University
Station ID: TBILIS
Station:  TBILISI,GIORGIA,INSTITUT GEOPHYSIKY (IG), GIORGIAN ACADEMY OF SCIENCES,GIORGIA 
Instrument: 18-NM-64 Corrected to 965 mb Standard Pressure, Coef =-0.69 %/mb                
Latitude (deg.):   41.43  Longitude (deg.):   44.48  Altitude (m):  510.00
Cut-Off Rigidity (GV):    6.73
Year: 2018  Month:  11
Scaling Factor (SF):    64.0   Constant (CONST):     0.0  Real Counts = (DATA + CONST)*SF
Temporal Resolution: 1 hour
UTC Start Hour:     0.0
DATA FILE IS PREPARED BY IZMIRAN (ftp://cr0.izmiran.rssi.ru/Cosray!/FTP_NM/C/)  
 Updated by IZMIRAN on 20190924                         
Monthly Average:  9849.5
Updated (YYYY MM DD): 2019 10 08
*******************************************************************************************
ID     YYYY MM DD 1     0     1     2     3     4     5     6     7     8     9    10    11
ID     YYYY MM DD 2    12    13    14    15    16    17    18    19    20    21    22    23
*******************************************************************************************
TBILIS 2018 11 01 1  9907  9961  9904  9894  9911  9982  9964  9918  9946  9960  9929  9929
TBILIS 2018 11 01 2  9927  9955  9886  9932  9915  9937  9974  9925  9954  9950  9974  9960
TBILIS 2018 11 02 1  9987  9964  9953  9930  9961  9987  9997  9979  9984  9963  9977 10000
TBILIS 2018 11 02 2  9959  9931  9967  9973  9925  9958  9916  9974  9943  9898  9890  9956
TBILIS 2018 11 03 1  9940  9929  9967  9937  9918  9954  9962  9959  9952  9950  9994  9982
TBILIS 2018 11 03 2  9940  9924  9944  9891  9954  9913  9941  9925  9939  9927  9924  9906
TBILIS 2018 11 04 1  9918  9974  9915  9961  9922  9920  9922  9956  9916  9942  9902  9948
TBILIS 2018 11 04 2  9916  9969  9947  9930  9987  9961  9949  9991  9961  9901  9890  9936
TBILIS 2018 11 05 1  9937  9916  9912  9916  9920  9956  9965  9929 10006  9990  9992  9957
TBILIS 2018 11 05 2  9942  9933  9921  9943  9965  9922  9897  9902  9893  9912  9936  9961
TBILIS 2018 11 06 1  9897  9922  9936  9933  9921  9877  9954  9896  9895  9947  9909  9910
TBILIS 2018 11 06 2  9929  9932  9924  9933  9929  9948  9910  9950  9893  9934  9938  9950
TBILIS 2018 11 07 1  9927  9900  9923  9936  9909  9902  9904  9953  9908  9843  9913  9878
TBILIS 2018 11 07 2  9863  9889  9910  9909  9897  9893  9906  9937  9961  9879  9923  9899
TBILIS 2018 11 08 1  9881  9891  9890  9873  9819  9856  9903  9855  9873  9839  9841  9866
TBILIS 2018 11 08 2  9824  9810  9835  9860  9841  9859  9838  9839  9837  9833  9851  9840
TBILIS 2018 11 09 1  9858  9823  9869  9866  9865  9877  9896  9878  9914  9916  9869  9896
TBILIS 2018 11 09 2  9904  9883  9861  9843  9867  9866  9876  9899  9898  9923  9899  9864
TBILIS 2018 11 10 1  9858  9848  9835  9868  9874  9872  9870  9880  9840  9871  9913  9890
TBILIS 2018 11 10 2  9866  9830  9872  9869  9807  9814  9824  9804  9857  9844  9849  9802
TBILIS 2018 11 11 1  9843  9853  9844  9822  9826  9854  9870  9842  9846  9812  9836  9868
TBILIS 2018 11 11 2  9842  9853  9795  9832  9772  9800  9802  9774  9782  9767  9769  9750
TBILIS 2018 11 12 1  9810  9781  9806  9808  9838  9873  9893  9842  9854  9813  9825  9802
TBILIS 2018 11 12 2  9828  9826  9819  9811  9762  9780  9764  9758  9752  9746  9729  9803
TBILIS 2018 11 13 1  9759  9807  9820  9819  9835  9851  9881  9833  9828  9843  9821  9832
TBILIS 2018 11 13 2  9810  9821  9798  9794  9772  9754  9803  9773  9800  9767  9782  9795
TBILIS 2018 11 14 1  9822  9862  9877  9888  9863  9870  9858  9819  9865  9840  9799  9806
TBILIS 2018 11 14 2  9775  9778  9789  9767  9731  9725  9700  9708  9728  9696  9720  9767
TBILIS 2018 11 15 1  9763  9805  9756  9741  9758  9797  9756  9742  9764  9779  9774  9762
TBILIS 2018 11 15 2  9766  9791  9750  9724  9717  9711  9709  9682  9688  9711  9758  9747
TBILIS 2018 11 16 1  9776  9741  9782  9809  9831  9856  9838  9821  9842  9775  9776  9728
TBILIS 2018 11 16 2  9759  9743  9738  9736  9756  9724  9728  9693  9720  9709  9746  9777
TBILIS 2018 11 17 1  9745  9827  9788  9824  9793  9831  9784  9802  9803  9786  9775  9790
TBILIS 2018 11 17 2  9748  9767  9757  9748  9780  9751  9818  9800  9758  9769  9774  9761
TBILIS 2018 11 18 1  9798  9773  9788  9760  9816  9837  9854  9809  9802  9762  9768  9771
TBILIS 2018 11 18 2  9812  9767  9787  9765  9756  9729  9773  9748  9743  9755  9752  9814
TBILIS 2018 11 19 1  9729  9790  9812  9797  9816  9809  9793  9812  9801  9815  9741  9793
TBILIS 2018 11 19 2  9768  9776  9772  9794  9778  9780  9787  9787  9806  9761  9757  9837
TBILIS 2018 11 20 1  9809  9771  9803  9766  9789  9823  9794  9747  9774  9789  9785  9769
TBILIS 2018 11 20 2  9759  9757  9773  9765  9769  9716  9710  9684  9708  9763  9728  9727
TBILIS 2018 11 21 1  9716  9734  9740  9733  9754  9725  9736  9705  9789  9812  9770  9777
TBILIS 2018 11 21 2  9708  9769  9776  9716  9751  9709  9714  9740  9719  9717  9754  9741
TBILIS 2018 11 22 1  9793  9787  9775  9794  9817  9829  9816  9812  9813  9809  9784  9807
TBILIS 2018 11 22 2  9787  9762  9764  9815  9779  9793  9745  9769  9782  9774  9814  9822
TBILIS 2018 11 23 1  9820  9824  9800  9840  9792  9842  9818  9802  9812  9853  9846  9819
TBILIS 2018 11 23 2  9850  9807  9845  9822  9847  9800  9828  9816  9896  9862  9874  9858
TBILIS 2018 11 24 1  9874  9880  9908  9913  9906  9866  9921  9912  9903  9897  9924  9877
TBILIS 2018 11 24 2  9918  9885  9898  9891  9911  9870  9868  9862  9849  9873  9883  9874
TBILIS 2018 11 25 1  9875  9859  9913  9944  9898  9901  9909  9854  9893  9925  9879  9918
TBILIS 2018 11 25 2  9930  9923  9909  9877  9921  9917  9867  9873  9915  9907  9903  9888
TBILIS 2018 11 26 1  9904  9963  9888  9969  9948  9937  9955  9896  9897  9918  9931  9904
TBILIS 2018 11 26 2  9898  9914  9900  9876  9844  9908  9891  9872  9837  9868  9883  9883
TBILIS 2018 11 27 1  9818  9884  9874  9873  9886  9883  9863  9858  9862  9869  9874  9871
TBILIS 2018 11 27 2  9842  9846  9836  9879  9847  9823  9846  9853  9847  9840  9826  9869
TBILIS 2018 11 28 1  9877  9867  9875  9879  9875  9885  9858  9875  9883  9904  9906  9836
TBILIS 2018 11 28 2  9849  9826  9865  9820  9833  9788  9832  9831  9814  9823  9827  9844
TBILIS 2018 11 29 1  9852  9838  9812  9875  9843  9884  9878  9828  9889  9856  9865  9878
TBILIS 2018 11 29 2  9871  9849  9865  9848  9891  9839  9806  9851  9847  9853  9865  9859
TBILIS 2018 11 30 1  9860  9879  9838  9917  9914  9928  9961  9944  9893  9857  9906  9899
TBILIS 2018 11 30 2  9895  9899  9882  9834  9863  9855  9822  9808  9857  9866  9877  9822
TBILIS 2018 11 31 1 99999 99999 99999 99999 99999 99999 99999 99999 99999 99999 99999 99999
TBILIS 2018 11 31 2 99999 99999 99999 99999 99999 99999 99999 99999 99999 99999 99999 99999
Cosmic-Ray Neutron Monitor Data (Hourly, Pressure-Corrected and Scale-Adjusted Counts)
Collections: WDC for Cosmic Rays, Solar-Terrestrial Environment Laboratory, Nagoya Univ.
Data Access: http://center.stelab.nagoya-u.ac.jp/WDCCR/index.html
Project: ICSU WDC
Citation: WDC for Cosmic Rays, Solar-Terrestrial Environment Laboratory, Nagoya University
Station ID: TBILIS
Station:  TBILISI,GIORGIA,INSTITUT GEOPHYSIKY (IG), GIORGIAN ACADEMY OF SCIENCES,GIORGIA 
Instrument: 18-NM-64 Corrected to 965 mb Standard Pressure, Coef =-0.69 %/mb                
Latitude (deg.):   41.43  Longitude (deg.):   44.48  Altitude (m):  510.00
Cut-Off Rigidity (GV):    6.73
Year: 2018  Month:  12
Scaling Factor (SF):    64.0   Constant (CONST):     0.0  Real Counts = (DATA + CONST)*SF
Temporal Resolution: 1 hour
UTC Start Hour:     0.0
DATA FILE IS PREPARED BY IZMIRAN (ftp://cr0.izmiran.rssi.ru/Cosray!/FTP_NM/C/)  
 Updated by IZMIRAN on 20190924                         
Monthly Average:  9824.0
Updated (YYYY MM DD): 2019 10 08
*******************************************************************************************
ID     YYYY MM DD 1     0     1     2     3     4     5     6     7     8     9    10    11
ID     YYYY MM DD 2    12    13    14    15    16    17    18    19    20    21    22    23
*******************************************************************************************
TBILIS 2018 12 01 1  9839  9836  9875  9911  9886  9910  9930  9916  9889  9865  9879  9868
TBILIS 2018 12 01 2  9857  9865  9829  9859  9838  9861  9875  9863  9854  9823  9864  9817
TBILIS 2018 12 02 1  9846  9899  9861  9836  9861  9848  9889  9852  9830  9883  9873  9868
TBILIS 2018 12 02 2  9850  9871  9902  9886  9868  9884  9891  9898  9860  9905  9888  9906
TBILIS 2018 12 03 1  9878  9905  9869  9911  9875  9829  9892  9900  9821  9864  9865  9853
TBILIS 2018 12 03 2  9849  9834  9852  9887  9871  9869  9877  9860  9868  9818  9844  9859
TBILIS 2018 12 04 1  9818  9805  9803  9821  9821  9811  9811  9836  9812  9785  9805  9797
TBILIS 2018 12 04 2  9830  9755  9785  9766  9759  9804  9788  9790  9758  9794  9774  9782
TBILIS 2018 12 05 1  9797  9812  9806  9788  9854  9832  9806  9798  9786  9838  9813  9792
TBILIS 2018 12 05 2  9783  9800  9780  9771  9761  9764  9784  9753  9759  9806  9799  9835
TBILIS 2018 12 06 1  9778  9758  9795  9793  9776  9785  9781  9820  9797  9753  9838  9808
TBILIS 2018 12 06 2  9815  9808  9820  9812  9821  9818  9817  9798  9803  9763  9789  9799
TBILIS 2018 12 07 1  9786  9791  9817  9794  9830  9803  9852  9808  9845  9820  9820  9843
TBILIS 2018 12 07 2  9811  9833  9813  9783  9770  9837  9805  9777  9755  9768  9785  9773
TBILIS 2018 12 08 1  9784  9774  9835  9894  9840  9845  9838  9875  9846  9843  9844  9867
TBILIS 2018 12 08 2  9817  9776  9760  9785  9808  9812  9808  9810  9793  9788  9761  9786
TBILIS 2018 12 09 1  9776  9773  9761  9793  9789  9817  9806  9826  9840  9831  9757  9799
TBILIS 2018 12 09 2  9806  9761  9731  9790  9753  9778  9783  9739  9733  9773  9770  9724
TBILIS 2018 12 10 1  9742  9746  9752  9741  9732  9802  9783  9793  9802  9834  9778  9784
TBILIS 2018 12 10 2  9750  9750  9751  9780  9716  9770  9794  9747  9752  9721  9724  9730
TBILIS 2018 12 11 1  9746  9783  9793  9787  9749  9798  9834  9798  9829  9816  9761  9769
TBILIS 2018 12 11 2  9724  9789  9767  9725  9744  9743  9764  9777  9757  9746  9767  9753
TBILIS 2018 12 12 1  9764  9772  9764  9748  9740  9811  9786  9764  9813  9825  9870  9856
TBILIS 2018 12 12 2  9832  9848  9876  9849  9864  9830  9855  9861  9819  9817  9814  9827
TBILIS 2018 12 13 1  9832  9836  9855  9848  9832  9842  9759  9755  9796  9800  9800  9809
TBILIS 2018 12 13 2  9823  9781  9752  9755  9769  9799  9762  9786  9792  9769  9797  9823
TBILIS 2018 12 14 1  9803  9792  9845  9807  9852  9832  9820  9875  9876  9788  9791  9856
TBILIS 2018 12 14 2  9822  9815  9800  9725  9800  9751  9775  9780  9733  9781  9747  9785
TBILIS 2018 12 15 1  9804  9775  9815  9839  9825  9854  9811  9824  9828  9737  9814  9767
TBILIS 2018 12 15 2  9798  9798  9730  9768  9733  9769  9782  9770  9766  9818  9808  9753
TBILIS 2018 12 16 1  9809  9815  9839  9809  9867  9850  9866  9869  9822  9783  9789  9776
TBILIS 2018 12 16 2  9746  9780  9772  9767  9778  9788  9786  9805  9809  9818  9811  9835
TBILIS 2018 12 17 1  9838  9845  9832  9824  9834  9803  9819  9853  9846  9832  9810  9808
TBILIS 2018 12 17 2  9837  9777  9776  9769  9780  9788  9793  9767  9791  9779  9804  9817
TBILIS 2018 12 18 1  9812  9805  9795  9799  9837  9867  9842  9856  9861  9812  9854  9810
TBILIS 2018 12 18 2  9814  9788  9825  9827  9798  9824  9775  9830  9801  9791  9787  9812
TBILIS 2018 12 19 1  9772  9816  9799  9843  9833  9867  9845  9852  9869  9873  9843  9842
TBILIS 2018 12 19 2  9799  9806  9786  9795  9798  9793  9770  9815  9795  9809  9801  9828
TBILIS 2018 12 20 1  9830  9863  9811  9792  9855  9853  9845  9853  9856  9821  9841  9797
TBILIS 2018 12 20 2  9870  9829  9853  9836  9826  9807  9821  9796  9787  9848  9783  9807
TBILIS 2018 12 21 1  9797  9826  9785  9788  9792  9806  9774  9783  9794  9835  9815  9818
TBILIS 2018 12 21 2  9838  9825  9852  9880  9843  9860  9876  9812  9839  9849  9859  9856
TBILIS 2018 12 22 1  9841  9831  9855  9882  9911  9888  9863  9877  9858  9857  9878  9843
TBILIS 2018 12 22 2  9891  9847  9853  9879  9866  9858  9837  9874  9851  9876  9842  9828
TBILIS 2018 12 23 1  9828  9888  9830  9831  9876  9867  9867  9859  9871  9864  9858  9893
TBILIS 2018 12 23 2  9874  9873  9888  9853  9896  9854  9843  9838  9811  9839  9836  9844
TBILIS 2018 12 24 1  9829  9884  9837  9914  9874  9879  9869  9937  9879  9897  9950  9867
TBILIS 2018 12 24 2  9871  9868  9883  9878  9879  9810  9828  9877  9845  9879  9885  9839
TBILIS 2018 12 25 1  9848  9870  9931  9905  9909  9908  9885  9863  9870  9855  9851  9841
TBILIS 2018 12 25 2  9804  9844  9835  9827  9825  9836  9858  9858  9842  9837  9818  9800
TBILIS 2018 12 26 1  9818  9792  9842  9819  9860  9777  9818  9821  9812  9802  9790  9819
TBILIS 2018 12 26 2  9835  9812  9806  9799  9802  9835  9851  9823  9851  9849  9829  9833
TBILIS 2018 12 27 1  9849  9834  9870  9878  9874  9878  9873  9902  9849  9885  9894  9816
TBILIS 2018 12 27 2  9813  9825  9764  9782  9792  9784  9796  9763  9782  9781  9792  9804
TBILIS 2018 12 28 1  9812  9832  9830  9872  9833  9844  9847  9871  9873  9863  9905  9856
TBILIS 2018 12 28 2  9831  9866  9882  9889  9860  9867  9849  9819  9847  9885  9854  9841
TBILIS 2018 12 29 1  9813  9838  9851  9840  9891  9865  9813  9911  9897  9905  9856  9887
TBILIS 2018 12 29 2  9831  9882  9842  9877  9834  9830  9830  9820  9842  9817  9839  9860
TBILIS 2018 12 30 1  9893  9867  9916  9863  9871  9876  9888  9897  9871  9873  9900  9837
TBILIS 2018 12 30 2  9837  9855  9812  9876  9813  9811  9836  9838  9846  9829  9807  9866
TBILIS 2018 12 31 1  9885  9858  9828  9835  9815  9875  9868  9861  9851  9842  9858  9882
TBILIS 2018 12 31 2  9851  9875  9818  9829  9822  9808  9838  9857  9796  9798  9776  9788
