Cosmic-Ray Neutron Monitor Data (Hourly, Pressure-Corrected and Scale-Adjusted Counts)
Collections: WDC for Cosmic Rays,Inst.for Space-Earth Environmental Reserach,Nagoya Univ
Data Access: http://cidas.isee.nagoya-u.ac.jp/WDCCR/index.html
Project: ICSU WDC
Citation: WDC for Cosmic Rays, Ins. for Space-Earth Environmental Res., Nagoya Univ.
Station ID  TBILIS
Station:  TBILISI, INSTITUT GEOPHYSIKY (IG), GIORGIAN ACADEMY OF SCIENCES                
Instrument: 18-NM-64 Corrected to 965 mb Standard Pressure, Coef =-0.69 %/mb                
Latitude (deg.):   41.43  Longitude (deg.):   44.48  Altitude (m):  510.00
Cut-Off Rigidity (GV):    6.73
Year: 2019  Month:   1
Scaling Factor (SF):    64.0   Constant (CONST):     0.0  Real Counts = (DATA + CONST)*SF
Temporal Resolution: 1 hour
UTC Start Hour:     0.0
TBILISI,NUTSUBIDSE 77, GIORGIA           DATA FROM  IZMIRAN                     
ftp://cr0.izmiran.rssi.ru/Cosray!/FTP_NM/C/             
Monthly Average:  9810.5
Updated (YYYY MM DD): 2021 05 10
*******************************************************************************************
ID     YYYY MM DD 1     0     1     2     3     4     5     6     7     8     9    10    11
ID     YYYY MM DD 2    12    13    14    15    16    17    18    19    20    21    22    23
*******************************************************************************************
TBILIS 2019 01 01 1  9783  9837  9790  9808  9847  9822  9835  9832  9814  9832  9841  9834
TBILIS 2019 01 01 2  9859  9865  9826  9781  9805  9807  9789  9795  9807  9775  9799  9814
TBILIS 2019 01 02 1  9817  9814  9844  9856  9837  9808  9820  9864  9826  9849  9846  9850
TBILIS 2019 01 02 2  9801  9840  9814  9816  9781  9778  9789  9778  9796  9817  9838  9832
TBILIS 2019 01 03 1  9838  9814  9808  9888  9847  9868  9883  9895  9882  9865  9864  9847
TBILIS 2019 01 03 2  9793  9837  9841  9820  9828  9781  9778  9820  9798  9801  9814  9804
TBILIS 2019 01 04 1  9813  9844  9775  9822  9799  9811  9823  9856  9853  9853  9810  9823
TBILIS 2019 01 04 2  9799  9817  9837  9789  9826  9829  9877  9871  9843  9843  9867  9838
TBILIS 2019 01 05 1  9801  9844  9862  9853  9865  9876  9829  9837  9831  9816  9775  9825
TBILIS 2019 01 05 2  9805  9804  9765  9792  9795  9811  9807  9781  9771  9831  9769  9817
TBILIS 2019 01 06 1  9777  9763  9778  9795  9817  9799  9807  9814  9856  9855  9814  9816
TBILIS 2019 01 06 2  9778  9786  9772  9766  9781  9768  9736  9799  9796  9786  9781  9765
TBILIS 2019 01 07 1  9786  9774  9733  9757  9762  9751  9810  9793  9781  9798  9822  9840
TBILIS 2019 01 07 2  9766  9780  9748  9754  9787  9780  9766  9778  9786  9813  9783  9774
TBILIS 2019 01 08 1  9757  9765  9787  9774  9807  9798  9838  9838  9816  9792  9817  9768
TBILIS 2019 01 08 2  9802  9763  9772  9780  9742  9768  9766  9775  9775  9775  9775  9775
TBILIS 2019 01 09 1  9775  9775  9775  9775  9775  9775  9775  9775  9775  9775  9775  9775
TBILIS 2019 01 09 2  9775  9775  9775  9775  9775  9775  9775  9775  9775  9775  9775  9775
TBILIS 2019 01 10 1  9775  9775  9775  9775  9775  9775  9775  9775  9775  9775  9775  9775
TBILIS 2019 01 10 2  9775  9775  9775  9775  9775  9775  9775  9775  9775  9775  9775  9775
TBILIS 2019 01 11 1  9775  9775  9775  9775  9775  9775  9775  9775  9775  9775  9775  9775
TBILIS 2019 01 11 2  9775  9775  9775  9775  9775  9775  9775  9775  9775  9775  9775  9775
TBILIS 2019 01 12 1  9775  9775  9775  9775  9775  9775  9775  9775  9775  9775  9775  9775
TBILIS 2019 01 12 2  9775  9775  9753  9733  9760  9712  9706  9745  9775  9753  9790  9741
TBILIS 2019 01 13 1  9732  9754  9772  9789  9814  9796  9808  9777  9763  9757  9808  9762
TBILIS 2019 01 13 2  9763  9753  9765  9751  9772  9760  9786  9760  9787  9742  9757  9804
TBILIS 2019 01 14 1  9801  9750  9799  9763  9813  9808  9832  9823  9807  9780  9823  9777
TBILIS 2019 01 14 2  9751  9757  9744  9759  9736  9703  9757  9700  9741  9744  9744  9772
TBILIS 2019 01 15 1  9813  9774  9799  9831  9829  9847  9807  9823  9787  9768  9754  9748
TBILIS 2019 01 15 2  9778  9745  9718  9723  9724  9757  9757  9760  9747  9712  9720  9756
TBILIS 2019 01 16 1  9729  9753  9756  9733  9814  9820  9808  9783  9772  9814  9790  9796
TBILIS 2019 01 16 2  9754  9724  9721  9742  9763  9745  9757  9760  9787  9817  9787  9816
TBILIS 2019 01 17 1  9825  9817  9811  9882  9865  9858  9846  9877  9814  9822  9835  9813
TBILIS 2019 01 17 2  9808  9850  9795  9748  9784  9790  9829  9855  9846  9832  9835  9862
TBILIS 2019 01 18 1  9847  9832  9868  9892  9871  9882  9837  9859  9903  9877  9867  9828
TBILIS 2019 01 18 2  9820  9847  9835  9816  9823  9828  9792  9861  9826  9864  9802  9832
TBILIS 2019 01 19 1  9769  9835  9864  9853  9829  9871  9882  9880  9856  9841  9868  9819
TBILIS 2019 01 19 2  9751  9817  9825  9780  9835  9846  9817  9834  9868  9841  9870  9856
TBILIS 2019 01 20 1  9856  9811  9870  9907  9904  9916  9919  9898  9859  9841  9885  9886
TBILIS 2019 01 20 2  9877  9892  9828  9865  9846  9834  9832  9831  9847  9852  9856  9879
TBILIS 2019 01 21 1  9888  9864  9897  9879  9904  9879  9877  9889  9856  9856  9880  9847
TBILIS 2019 01 21 2  9865  9820  9805  9832  9796  9825  9877  9852  9828  9808  9820  9828
TBILIS 2019 01 22 1  9793  9859  9904  9826  9906  9916  9904  9915  9871  9885  9868  9870
TBILIS 2019 01 22 2  9832  9817  9820  9844  9883  9856  9844  9864  9874  9862  9868  9882
TBILIS 2019 01 23 1  9862  9888  9871  9922  9916  9895  9879  9856  9838  9862  9858  9874
TBILIS 2019 01 23 2  9880  9847  9859  9898  9862  9831  9832  9871  9888  9867  9865  9888
TBILIS 2019 01 24 1  9849  9867  9841  9912  9859  9921  9892  9856  9904  9901  9891  9841
TBILIS 2019 01 24 2  9816  9811  9844  9801  9817  9859  9823  9879  9844  9823  9802  9817
TBILIS 2019 01 25 1  9817  9817  9831  9856  9832  9808  9853  9856  9889  9853  9856  9853
TBILIS 2019 01 25 2  9843  9826  9843  9799  9807  9826  9834  9799  9837  9802  9807  9781
TBILIS 2019 01 26 1  9814  9832  9820  9805  9823  9847  9847  9865  9804  9804  9841  9868
TBILIS 2019 01 26 2  9808  9807  9807  9789  9783  9780  9796  9801  9835  9786  9774  9799
TBILIS 2019 01 27 1  9784  9787  9817  9853  9832  9810  9804  9844  9787  9823  9787  9768
TBILIS 2019 01 27 2  9760  9760  9721  9736  9766  9807  9765  9766  9775  9757  9793  9760
TBILIS 2019 01 28 1  9777  9817  9786  9826  9808  9790  9829  9801  9796  9798  9808  9778
TBILIS 2019 01 28 2  9804  9790  9792  9766  9787  9766  9802  9796  9820  9808  9762  9775
TBILIS 2019 01 29 1  9807  9832  9778  9805  9805  9826  9798  9829  9814  9765  9822  9805
TBILIS 2019 01 29 2  9787  9787  9799  9811  9807  9790  9816  9771  9787  9838  9834  9826
TBILIS 2019 01 30 1  9826  9814  9817  9811  9816  9856  9817  9826  9796  9859  9838  9795
TBILIS 2019 01 30 2  9802  9771  9753  9780  9775  9763  9784  9813  9814  9787  9834  9843
TBILIS 2019 01 31 1  9823  9793  9783  9745  9781  9783  9859  9802  9841  9819  9868  9895
TBILIS 2019 01 31 2  9850  9846  9826  9835  9816  9813  9811  9826  9805  9796  9810  9856
Cosmic-Ray Neutron Monitor Data (Hourly, Pressure-Corrected and Scale-Adjusted Counts)
Collections: WDC for Cosmic Rays,Inst.for Space-Earth Environmental Reserach,Nagoya Univ
Data Access: http://cidas.isee.nagoya-u.ac.jp/WDCCR/index.html
Project: ICSU WDC
Citation: WDC for Cosmic Rays, Ins. for Space-Earth Environmental Res., Nagoya Univ.
Station ID  TBILIS
Station:  TBILISI, INSTITUT GEOPHYSIKY (IG), GIORGIAN ACADEMY OF SCIENCES                
Instrument: 18-NM-64 Corrected to 965 mb Standard Pressure, Coef =-0.69 %/mb                
Latitude (deg.):   41.43  Longitude (deg.):   44.48  Altitude (m):  510.00
Cut-Off Rigidity (GV):    6.73
Year: 2019  Month:   2
Scaling Factor (SF):    64.0   Constant (CONST):     0.0  Real Counts = (DATA + CONST)*SF
Temporal Resolution: 1 hour
UTC Start Hour:     0.0
TBILISI,NUTSUBIDSE 77, GIORGIA           DATA FROM  IZMIRAN                     
ftp://cr0.izmiran.rssi.ru/Cosray!/FTP_NM/C/             
Monthly Average:  9814.3
Updated (YYYY MM DD): 2021 05 10
*******************************************************************************************
ID     YYYY MM DD 1     0     1     2     3     4     5     6     7     8     9    10    11
ID     YYYY MM DD 2    12    13    14    15    16    17    18    19    20    21    22    23
*******************************************************************************************
TBILIS 2019 02 01 1  9817  9781  9807  9811  9807  9862  9832  9862  9876  9850  9859  9838
TBILIS 2019 02 01 2  9826  9813  9832  9816  9771  9786  9774  9759  9781  9763  9783  9757
TBILIS 2019 02 02 1  9769  9793  9808  9814  9835  9844  9832  9856  9838  9889  9889  9877
TBILIS 2019 02 02 2  9885  9861  9865  9796  9798  9835  9790  9799  9807  9801  9799  9778
TBILIS 2019 02 03 1  9796  9796  9829  9829  9835  9856  9859  9840  9870  9886  9907  9913
TBILIS 2019 02 03 2  9915  9850  9880  9859  9855  9844  9832  9790  9808  9790  9745  9742
TBILIS 2019 02 04 1  9757  9769  9760  9786  9808  9766  9807  9787  9798  9819  9855  9823
TBILIS 2019 02 04 2  9856  9855  9793  9840  9880  9814  9871  9862  9856  9859  9871  9856
TBILIS 2019 02 05 1  9843  9829  9823  9826  9829  9813  9871  9862  9883  9862  9862  9838
TBILIS 2019 02 05 2  9823  9832  9820  9846  9811  9808  9852  9871  9871  9846  9823  9883
TBILIS 2019 02 06 1  9787  9813  9820  9790  9817  9826  9784  9867  9835  9825  9852  9885
TBILIS 2019 02 06 2  9889  9841  9892  9790  9829  9784  9792  9826  9820  9760  9786  9751
TBILIS 2019 02 07 1  9808  9799  9807  9775  9745  9760  9772  9763  9775  9819  9823  9822
TBILIS 2019 02 07 2  9790  9774  9772  9774  9769  9796  9778  9835  9864  9817  9835  9802
TBILIS 2019 02 08 1  9811  9817  9823  9763  9735  9765  9727  9721  9787  9787  9796  9762
TBILIS 2019 02 08 2  9754  9730  9765  9783  9774  9760  9787  9751  9802  9796  9798  9772
TBILIS 2019 02 09 1  9844  9790  9763  9805  9798  9808  9834  9822  9850  9799  9775  9781
TBILIS 2019 02 09 2  9787  9751  9724  9772  9760  9744  9763  9748  9751  9760  9733  9741
TBILIS 2019 02 10 1  9775  9733  9766  9784  9747  9772  9757  9805  9744  9759  9754  9775
TBILIS 2019 02 10 2  9760  9736  9765  9732  9742  9765  9745  9760  9735  9733  9742  9739
TBILIS 2019 02 11 1  9772  9766  9784  9760  9786  9805  9823  9814  9817  9792  9786  9804
TBILIS 2019 02 11 2  9775  9789  9846  9828  9823  9799  9793  9796  9825  9811  9802  9804
TBILIS 2019 02 12 1  9775  9814  9790  9865  9855  9819  9843  9810  9844  9834  9808  9787
TBILIS 2019 02 12 2  9774  9769  9768  9802  9826  9796  9781  9810  9795  9784  9787  9769
TBILIS 2019 02 13 1  9798  9784  9750  9819  9787  9805  9841  9807  9843  9861  9805  9829
TBILIS 2019 02 13 2  9853  9825  9829  9823  9829  9834  9772  9781  9775  9801  9784  9820
TBILIS 2019 02 14 1  9819  9799  9799  9832  9787  9793  9787  9823  9853  9819  9828  9807
TBILIS 2019 02 14 2  9781  9787  9772  9756  9820  9796  9760  9801  9756  9825  9790  9819
TBILIS 2019 02 15 1  9837  9844  9829  9840  9844  9852  9835  9822  9816  9816  9811  9855
TBILIS 2019 02 15 2  9774  9868  9781  9790  9796  9820  9832  9799  9814  9789  9793  9831
TBILIS 2019 02 16 1  9844  9831  9847  9837  9883  9853  9867  9853  9802  9822  9844  9844
TBILIS 2019 02 16 2  9823  9772  9835  9844  9820  9859  9858  9858  9862  9817  9769  9748
TBILIS 2019 02 17 1  9763  9868  9871  9766  9784  9760  9763  9784  9805  9814  9847  9838
TBILIS 2019 02 17 2  9805  9778  9831  9790  9811  9790  9828  9784  9802  9814  9769  9745
TBILIS 2019 02 18 1  9822  9784  9783  9820  9862  9823  9802  9799  9892  9852  9766  9739
TBILIS 2019 02 18 2  9718  9795  9754  9790  9885  9811  9835  9793  9862  9862  9768  9867
TBILIS 2019 02 19 1  9823  9802  9825  9814  9853  9819  9793  9829  9810  9763  9774  9822
TBILIS 2019 02 19 2  9808  9817  9874  9882  9894  9859  9883  9808  9865  9856  9864  9876
TBILIS 2019 02 20 1  9847  9892  9879  9879  9864  9898  9883  9862  9894  9898  9901  9853
TBILIS 2019 02 20 2  9874  9808  9868  9853  9852  9862  9832  9867  9826  9873  9865  9868
TBILIS 2019 02 21 1  9880  9862  9880  9838  9841  9895  9886  9864  9871  9865  9855  9858
TBILIS 2019 02 21 2  9856  9829  9852  9787  9789  9840  9790  9835  9829  9808  9798  9823
TBILIS 2019 02 22 1  9816  9820  9838  9859  9853  9837  9867  9859  9850  9874  9859  9843
TBILIS 2019 02 22 2  9825  9826  9804  9829  9808  9861  9828  9826  9790  9799  9843  9829
TBILIS 2019 02 23 1  9841  9805  9835  9853  9825  9856  9828  9850  9886  9844  9873  9847
TBILIS 2019 02 23 2  9847  9784  9816  9781  9808  9787  9823  9868  9807  9829  9817  9832
TBILIS 2019 02 24 1  9838  9820  9820  9849  9853  9832  9828  9856  9880  9829  9867  9859
TBILIS 2019 02 24 2  9832  9834  9778  9802  9847  9853  9829  9804  9796  9850  9844  9804
TBILIS 2019 02 25 1  9829  9850  9819  9871  9852  9883  9853  9898  9841  9832  9813  9892
TBILIS 2019 02 25 2  9820  9868  9841  9861  9870  9835  9825  9870  9847  9828  9844  9784
TBILIS 2019 02 26 1  9888  9835  9880  9822  9834  9817  9817  9747  9856  9838  9841  9852
TBILIS 2019 02 26 2  9814  9792  9802  9862  9781  9793  9796  9801  9822  9859  9844  9885
TBILIS 2019 02 27 1  9850  9837  9841  9823  9838  9820  9808  9811  9765  9739  9768  9757
TBILIS 2019 02 27 2  9813  9781  9819  9832  9828  9865  9841  9832  9850  9859  9829  9846
TBILIS 2019 02 28 1  9802  9810  9856  9844  9850  9874  9862  9865  9825  9835  9868  9853
TBILIS 2019 02 28 2  9846  9844  9823  9841  9810  9807  9805  9832  9853  9829  9796  9817
TBILIS 2019 02 29 1 99999 99999 99999 99999 99999 99999 99999 99999 99999 99999 99999 99999
TBILIS 2019 02 29 2 99999 99999 99999 99999 99999 99999 99999 99999 99999 99999 99999 99999
TBILIS 2019 02 30 1 99999 99999 99999 99999 99999 99999 99999 99999 99999 99999 99999 99999
TBILIS 2019 02 30 2 99999 99999 99999 99999 99999 99999 99999 99999 99999 99999 99999 99999
TBILIS 2019 02 31 1 99999 99999 99999 99999 99999 99999 99999 99999 99999 99999 99999 99999
TBILIS 2019 02 31 2 99999 99999 99999 99999 99999 99999 99999 99999 99999 99999 99999 99999
Cosmic-Ray Neutron Monitor Data (Hourly, Pressure-Corrected and Scale-Adjusted Counts)
Collections: WDC for Cosmic Rays,Inst.for Space-Earth Environmental Reserach,Nagoya Univ
Data Access: http://cidas.isee.nagoya-u.ac.jp/WDCCR/index.html
Project: ICSU WDC
Citation: WDC for Cosmic Rays, Ins. for Space-Earth Environmental Res., Nagoya Univ.
Station ID  TBILIS
Station:  TBILISI, INSTITUT GEOPHYSIKY (IG), GIORGIAN ACADEMY OF SCIENCES                
Instrument: 18-NM-64 Corrected to 965 mb Standard Pressure, Coef =-0.69 %/mb                
Latitude (deg.):   41.43  Longitude (deg.):   44.48  Altitude (m):  510.00
Cut-Off Rigidity (GV):    6.73
Year: 2019  Month:   3
Scaling Factor (SF):    64.0   Constant (CONST):     0.0  Real Counts = (DATA + CONST)*SF
Temporal Resolution: 1 hour
UTC Start Hour:     0.0
TBILISI,NUTSUBIDSE 77, GIORGIA           DATA FROM  IZMIRAN                     
ftp://cr0.izmiran.rssi.ru/Cosray!/FTP_NM/C/             
Monthly Average:  9820.4
Updated (YYYY MM DD): 2021 05 10
*******************************************************************************************
ID     YYYY MM DD 1     0     1     2     3     4     5     6     7     8     9    10    11
ID     YYYY MM DD 2    12    13    14    15    16    17    18    19    20    21    22    23
*******************************************************************************************
TBILIS 2019 03 01 1  9828  9855  9825  9829  9829  9814  9814  9829  9846  9811  9882  9898
TBILIS 2019 03 01 2  9873  9903  9844  9789  9786  9856  9796  9781  9826  9804  9799  9805
TBILIS 2019 03 02 1  9817  9813  9808  9820  9793  9819  9820  9793  9838  9841  9820  9843
TBILIS 2019 03 02 2  9790  9799  9814  9790  9795  9762  9793  9766  9760  9751  9727  9775
TBILIS 2019 03 03 1  9765  9823  9748  9802  9745  9748  9769  9844  9819  9849  9859  9865
TBILIS 2019 03 03 2  9841  9793  9805  9795  9808  9804  9787  9826  9784  9849  9864  9841
TBILIS 2019 03 04 1  9787  9816  9808  9891  9865  9877  9858  9889  9868  9822  9855  9840
TBILIS 2019 03 04 2  9823  9823  9787  9790  9810  9835  9757  9778  9778  9777  9831  9829
TBILIS 2019 03 05 1  9817  9855  9856  9829  9847  9855  9892  9874  9844  9837  9840  9826
TBILIS 2019 03 05 2  9774  9741  9811  9783  9807  9778  9814  9814  9847  9790  9826  9841
TBILIS 2019 03 06 1  9814  9826  9787  9840  9808  9849  9852  9856  9814  9781  9747  9784
TBILIS 2019 03 06 2  9805  9807  9769  9772  9817  9768  9805  9838  9817  9829  9769  9801
TBILIS 2019 03 07 1  9811  9778  9838  9816  9793  9789  9844  9825  9856  9849  9835  9871
TBILIS 2019 03 07 2  9852  9868  9856  9877  9870  9874  9835  9847  9805  9871  9835  9892
TBILIS 2019 03 08 1  9861  9858  9888  9832  9876  9874  9877  9829  9904  9864  9907  9853
TBILIS 2019 03 08 2  9820  9886  9844  9880  9877  9843  9862  9871  9879  9907  9904  9891
TBILIS 2019 03 09 1  9853  9837  9819  9814  9835  9912  9835  9862  9906  9856  9891  9864
TBILIS 2019 03 09 2  9847  9879  9883  9901  9838  9856  9879  9846  9877  9861  9847  9834
TBILIS 2019 03 10 1  9838  9844  9891  9838  9883  9834  9904  9879  9856  9826  9859  9846
TBILIS 2019 03 10 2  9826  9844  9853  9846  9813  9861  9841  9838  9831  9834  9838  9850
TBILIS 2019 03 11 1  9844  9793  9835  9832  9778  9837  9817  9841  9810  9822  9820  9844
TBILIS 2019 03 11 2  9810  9813  9844  9799  9808  9864  9858  9808  9861  9883  9886  9850
TBILIS 2019 03 12 1  9828  9829  9844  9838  9859  9826  9826  9852  9873  9862  9889  9834
TBILIS 2019 03 12 2  9859  9864  9861  9801  9856  9825  9835  9853  9846  9811  9805  9817
TBILIS 2019 03 13 1  9849  9868  9843  9796  9826  9841  9829  9826  9829  9823  9790  9780
TBILIS 2019 03 13 2  9787  9828  9819  9820  9810  9781  9796  9799  9772  9799  9781  9820
TBILIS 2019 03 14 1  9820  9781  9828  9826  9792  9810  9865  9816  9820  9847  9814  9835
TBILIS 2019 03 14 2  9831  9784  9795  9817  9826  9850  9844  9880  9888  9810  9826  9859
TBILIS 2019 03 15 1  9868  9874  9847  9823  9861  9870  9901  9898  9838  9874  9877  9837
TBILIS 2019 03 15 2  9817  9814  9769  9804  9769  9829  9775  9775  9820  9778  9777  9793
TBILIS 2019 03 16 1  9778  9817  9825  9787  9835  9822  9849  9844  9832  9888  9787  9817
TBILIS 2019 03 16 2  9840  9778  9841  9835  9811  9826  9756  9778  9795  9795  9808  9817
TBILIS 2019 03 17 1  9780  9822  9856  9844  9868  9898  9850  9846  9856  9844  9853  9874
TBILIS 2019 03 17 2  9862  9822  9795  9814  9850  9837  9826  9817  9838  9853  9865  9802
TBILIS 2019 03 18 1  9859  9859  9877  9900  9841  9895  9874  9894  9907  9844  9838  9835
TBILIS 2019 03 18 2  9846  9837  9825  9853  9814  9804  9814  9819  9841  9855  9865  9808
TBILIS 2019 03 19 1  9831  9877  9850  9910  9877  9871  9865  9870  9814  9831  9859  9804
TBILIS 2019 03 19 2  9834  9796  9816  9846  9807  9811  9793  9826  9802  9834  9826  9850
TBILIS 2019 03 20 1  9861  9865  9862  9859  9862  9838  9849  9861  9862  9864  9849  9769
TBILIS 2019 03 20 2  9799  9858  9820  9817  9835  9814  9825  9814  9807  9835  9826  9813
TBILIS 2019 03 21 1  9781  9814  9819  9843  9829  9850  9816  9885  9862  9880  9885  9798
TBILIS 2019 03 21 2  9852  9822  9817  9808  9798  9813  9838  9814  9840  9826  9808  9832
TBILIS 2019 03 22 1  9820  9838  9829  9841  9844  9864  9829  9870  9871  9841  9865  9880
TBILIS 2019 03 22 2  9907  9843  9844  9829  9844  9852  9841  9802  9778  9805  9868  9840
TBILIS 2019 03 23 1  9876  9859  9858  9844  9864  9882  9900  9885  9865  9835  9861  9829
TBILIS 2019 03 23 2  9823  9847  9832  9843  9865  9847  9868  9856  9837  9844  9849  9814
TBILIS 2019 03 24 1  9877  9861  9874  9942  9918  9894  9913  9885  9880  9868  9882  9849
TBILIS 2019 03 24 2  9889  9874  9867  9894  9897  9808  9859  9853  9862  9859  9855  9856
TBILIS 2019 03 25 1  9838  9883  9886  9888  9879  9826  9853  9849  9894  9843  9810  9846
TBILIS 2019 03 25 2  9865  9868  9886  9868  9898  9841  9796  9784  9826  9844  9832  9853
TBILIS 2019 03 26 1  9892  9889  9877  9921  9904  9885  9916  9883  9907  9831  9880  9832
TBILIS 2019 03 26 2  9838  9820  9813  9820  9804  9823  9805  9798  9772  9799  9814  9790
TBILIS 2019 03 27 1  9792  9805  9856  9793  9795  9820  9841  9798  9799  9826  9807  9840
TBILIS 2019 03 27 2  9811  9793  9787  9817  9786  9790  9811  9820  9792  9802  9792  9811
TBILIS 2019 03 28 1  9799  9838  9811  9820  9871  9835  9808  9814  9817  9817  9817  9817
TBILIS 2019 03 28 2  9817  9817  9817  9817  9817  9817  9817  9817  9817  9817  9817  9817
TBILIS 2019 03 29 1  9817  9817  9817  9817  9817  9817  9817  9817  9817  9817  9817  9817
TBILIS 2019 03 29 2  9817  9817  9817  9817  9817  9829  9777  9769  9774  9765  9790  9784
TBILIS 2019 03 30 1  9847  9759  9777  9829  9847  9808  9838  9775  9804  9790  9799  9823
TBILIS 2019 03 30 2  9780  9840  9777  9781  9816  9781  9817  9816  9823  9811  9808  9820
TBILIS 2019 03 31 1  9811  9820  9846  9847  9802  9883  9871  9817  9814  9766  9775  9796
TBILIS 2019 03 31 2  9760  9802  9846  9802  9823  9793  9804  9804  9804  9832  9811  9814
Cosmic-Ray Neutron Monitor Data (Hourly, Pressure-Corrected and Scale-Adjusted Counts)
Collections: WDC for Cosmic Rays,Inst.for Space-Earth Environmental Reserach,Nagoya Univ
Data Access: http://cidas.isee.nagoya-u.ac.jp/WDCCR/index.html
Project: ICSU WDC
Citation: WDC for Cosmic Rays, Ins. for Space-Earth Environmental Res., Nagoya Univ.
Station ID  TBILIS
Station:  TBILISI, INSTITUT GEOPHYSIKY (IG), GIORGIAN ACADEMY OF SCIENCES                
Instrument: 18-NM-64 Corrected to 965 mb Standard Pressure, Coef =-0.69 %/mb                
Latitude (deg.):   41.43  Longitude (deg.):   44.48  Altitude (m):  510.00
Cut-Off Rigidity (GV):    6.73
Year: 2019  Month:   4
Scaling Factor (SF):    64.0   Constant (CONST):     0.0  Real Counts = (DATA + CONST)*SF
Temporal Resolution: 1 hour
UTC Start Hour:     0.0
TBILISI,NUTSUBIDSE 77, GIORGIA           DATA FROM  IZMIRAN                     
ftp://cr0.izmiran.rssi.ru/Cosray!/FTP_NM/C/             
Monthly Average:  9825.0
Updated (YYYY MM DD): 2021 05 10
*******************************************************************************************
ID     YYYY MM DD 1     0     1     2     3     4     5     6     7     8     9    10    11
ID     YYYY MM DD 2    12    13    14    15    16    17    18    19    20    21    22    23
*******************************************************************************************
TBILIS 2019 04 01 1  9814  9813  9813  9817  9877  9855  9856  9807  9808  9805  9826  9805
TBILIS 2019 04 01 2  9778  9793  9774  9793  9754  9813  9801  9802  9802  9846  9822  9855
TBILIS 2019 04 02 1  9805  9789  9816  9790  9810  9811  9835  9844  9841  9862  9817  9843
TBILIS 2019 04 02 2  9810  9835  9796  9792  9804  9793  9772  9814  9841  9805  9760  9817
TBILIS 2019 04 03 1  9802  9805  9814  9828  9883  9862  9832  9825  9816  9837  9847  9873
TBILIS 2019 04 03 2  9844  9823  9808  9778  9802  9795  9808  9753  9793  9804  9817  9805
TBILIS 2019 04 04 1  9840  9787  9804  9828  9823  9817  9864  9834  9855  9796  9853  9847
TBILIS 2019 04 04 2  9832  9802  9768  9826  9808  9861  9826  9814  9748  9745  9783  9781
TBILIS 2019 04 05 1  9786  9778  9805  9826  9801  9832  9823  9832  9864  9853  9790  9816
TBILIS 2019 04 05 2  9796  9829  9802  9819  9849  9802  9784  9841  9820  9802  9766  9780
TBILIS 2019 04 06 1  9832  9790  9844  9837  9859  9811  9847  9808  9847  9867  9855  9825
TBILIS 2019 04 06 2  9849  9855  9837  9846  9847  9834  9811  9822  9793  9822  9811  9838
TBILIS 2019 04 07 1  9814  9856  9829  9820  9802  9829  9814  9871  9865  9862  9858  9826
TBILIS 2019 04 07 2  9831  9820  9820  9823  9837  9835  9859  9874  9838  9874  9916  9873
TBILIS 2019 04 08 1  9844  9880  9859  9858  9846  9862  9862  9834  9852  9871  9883  9856
TBILIS 2019 04 08 2  9871  9852  9891  9856  9900  9852  9889  9889  9874  9865  9868  9847
TBILIS 2019 04 09 1  9879  9913  9882  9901  9915  9895  9889  9862  9913  9880  9871  9841
TBILIS 2019 04 09 2  9867  9855  9855  9874  9867  9888  9885  9817  9844  9859  9877  9856
TBILIS 2019 04 10 1  9880  9879  9894  9942  9918  9942  9918  9904  9888  9883  9859  9862
TBILIS 2019 04 10 2  9838  9886  9861  9876  9864  9883  9868  9888  9865  9850  9850  9820
TBILIS 2019 04 11 1  9862  9843  9861  9859  9868  9885  9861  9877  9859  9811  9816  9873
TBILIS 2019 04 11 2  9865  9823  9831  9840  9796  9808  9808  9811  9804  9856  9843  9831
TBILIS 2019 04 12 1  9847  9891  9873  9898  9864  9904  9889  9877  9867  9880  9825  9867
TBILIS 2019 04 12 2  9820  9865  9856  9853  9859  9856  9823  9835  9861  9837  9856  9823
TBILIS 2019 04 13 1  9846  9880  9862  9862  9841  9859  9877  9825  9883  9852  9844  9859
TBILIS 2019 04 13 2  9849  9852  9856  9822  9883  9868  9858  9808  9895  9856  9855  9892
TBILIS 2019 04 14 1  9870  9877  9910  9835  9850  9826  9898  9853  9829  9877  9829  9811
TBILIS 2019 04 14 2  9841  9822  9877  9873  9850  9864  9865  9862  9876  9856  9844  9862
TBILIS 2019 04 15 1  9862  9850  9865  9862  9835  9852  9849  9835  9856  9841  9865  9822
TBILIS 2019 04 15 2  9861  9825  9837  9826  9847  9868  9873  9868  9844  9859  9850  9862
TBILIS 2019 04 16 1  9844  9835  9856  9823  9867  9838  9838  9867  9891  9901  9901  9901
TBILIS 2019 04 16 2  9901  9901  9901  9901  9901  9901  9901  9901  9901  9901  9901  9901
TBILIS 2019 04 17 1  9901  9901  9901  9901  9901  9901  9901  9901  9901  9901  9901  9901
TBILIS 2019 04 17 2  9906  9873  9897  9880  9907  9889  9907  9900  9864  9880  9841  9901
TBILIS 2019 04 18 1  9838  9832  9877  9898  9808  9841  9862  9862  9864  9868  9846  9886
TBILIS 2019 04 18 2  9877  9888  9841  9891  9832  9826  9861  9882  9850  9822  9874  9841
TBILIS 2019 04 19 1  9867  9858  9831  9883  9856  9837  9841  9832  9823  9837  9856  9849
TBILIS 2019 04 19 2  9835  9847  9843  9805  9840  9831  9847  9850  9793  9859  9868  9820
TBILIS 2019 04 20 1  9826  9870  9853  9862  9879  9864  9820  9835  9867  9858  9853  9820
TBILIS 2019 04 20 2  9819  9817  9799  9808  9817  9889  9846  9862  9841  9870  9868  9835
TBILIS 2019 04 21 1  9864  9864  9873  9877  9859  9897  9879  9826  9856  9880  9858  9855
TBILIS 2019 04 21 2  9814  9834  9793  9790  9793  9820  9825  9807  9814  9799  9841  9801
TBILIS 2019 04 22 1  9847  9796  9850  9831  9823  9844  9838  9820  9873  9829  9816  9805
TBILIS 2019 04 22 2  9807  9802  9793  9792  9795  9813  9793  9802  9781  9751  9784  9841
TBILIS 2019 04 23 1  9829  9810  9802  9805  9810  9784  9816  9807  9777  9811  9805  9796
TBILIS 2019 04 23 2  9805  9796  9811  9792  9828  9766  9808  9796  9831  9795  9811  9847
TBILIS 2019 04 24 1  9856  9861  9859  9831  9855  9826  9799  9825  9817  9805  9772  9778
TBILIS 2019 04 24 2  9814  9838  9847  9799  9802  9841  9811  9825  9832  9850  9796  9814
TBILIS 2019 04 25 1  9801  9820  9874  9868  9829  9844  9817  9810  9819  9793  9805  9823
TBILIS 2019 04 25 2  9820  9756  9820  9772  9802  9814  9814  9852  9819  9850  9820  9826
TBILIS 2019 04 26 1  9796  9817  9831  9835  9807  9772  9819  9781  9823  9787  9823  9804
TBILIS 2019 04 26 2  9796  9825  9808  9837  9778  9808  9793  9829  9819  9796  9835  9798
TBILIS 2019 04 27 1  9865  9819  9834  9840  9856  9850  9802  9811  9805  9858  9852  9798
TBILIS 2019 04 27 2  9853  9798  9799  9837  9792  9783  9831  9814  9811  9819  9820  9834
TBILIS 2019 04 28 1  9859  9783  9810  9847  9837  9807  9811  9808  9771  9799  9790  9835
TBILIS 2019 04 28 2  9817  9802  9796  9786  9804  9765  9805  9813  9814  9825  9790  9819
TBILIS 2019 04 29 1  9835  9808  9871  9847  9862  9835  9843  9808  9811  9798  9835  9804
TBILIS 2019 04 29 2  9852  9811  9787  9832  9817  9811  9822  9819  9814  9796  9805  9841
TBILIS 2019 04 30 1  9802  9859  9846  9877  9862  9844  9886  9907  9885  9850  9879  9847
TBILIS 2019 04 30 2  9811  9862  9874  9850  9805  9808  9846  9813  9823  9855  9813  9862
TBILIS 2019 04 31 1 99999 99999 99999 99999 99999 99999 99999 99999 99999 99999 99999 99999
TBILIS 2019 04 31 2 99999 99999 99999 99999 99999 99999 99999 99999 99999 99999 99999 99999
Cosmic-Ray Neutron Monitor Data (Hourly, Pressure-Corrected and Scale-Adjusted Counts)
Collections: WDC for Cosmic Rays,Inst.for Space-Earth Environmental Reserach,Nagoya Univ
Data Access: http://cidas.isee.nagoya-u.ac.jp/WDCCR/index.html
Project: ICSU WDC
Citation: WDC for Cosmic Rays, Ins. for Space-Earth Environmental Res., Nagoya Univ.
Station ID  TBILIS
Station:  TBILISI, INSTITUT GEOPHYSIKY (IG), GIORGIAN ACADEMY OF SCIENCES                
Instrument: 18-NM-64 Corrected to 965 mb Standard Pressure, Coef =-0.69 %/mb                
Latitude (deg.):   41.43  Longitude (deg.):   44.48  Altitude (m):  510.00
Cut-Off Rigidity (GV):    6.73
Year: 2019  Month:   5
Scaling Factor (SF):    64.0   Constant (CONST):     0.0  Real Counts = (DATA + CONST)*SF
Temporal Resolution: 1 hour
UTC Start Hour:     0.0
TBILISI,NUTSUBIDSE 77, GIORGIA           DATA FROM  IZMIRAN                     
ftp://cr0.izmiran.rssi.ru/Cosray!/FTP_NM/C/             
Monthly Average:  9820.0
Updated (YYYY MM DD): 2021 05 10
*******************************************************************************************
ID     YYYY MM DD 1     0     1     2     3     4     5     6     7     8     9    10    11
ID     YYYY MM DD 2    12    13    14    15    16    17    18    19    20    21    22    23
*******************************************************************************************
TBILIS 2019 05 01 1  9820  9847  9852  9855  9853  9801  9837  9838  9835  9859  9748  9771
TBILIS 2019 05 01 2  9811  9835  9787  9790  9784  9816  9826  9847  9850  9817  9787  9847
TBILIS 2019 05 02 1  9832  9831  9823  9853  9835  9802  9810  9825  9844  9799  9811  9771
TBILIS 2019 05 02 2  9786  9772  9801  9810  9823  9811  9802  9811  9786  9745  9787  9798
TBILIS 2019 05 03 1  9822  9817  9826  9867  9832  9822  9808  9844  9826  9879  9790  9828
TBILIS 2019 05 03 2  9790  9817  9775  9838  9787  9784  9781  9775  9813  9807  9787  9847
TBILIS 2019 05 04 1  9823  9865  9868  9834  9829  9837  9796  9816  9825  9780  9816  9763
TBILIS 2019 05 04 2  9793  9787  9826  9802  9801  9778  9834  9819  9801  9849  9835  9838
TBILIS 2019 05 05 1  9868  9853  9859  9841  9817  9820  9850  9835  9805  9805  9793  9810
TBILIS 2019 05 05 2  9786  9805  9811  9801  9790  9762  9807  9795  9814  9813  9829  9793
TBILIS 2019 05 06 1  9840  9774  9802  9811  9793  9802  9775  9763  9775  9772  9798  9811
TBILIS 2019 05 06 2  9781  9787  9778  9796  9807  9763  9808  9789  9787  9757  9781  9724
TBILIS 2019 05 07 1  9739  9730  9754  9730  9748  9739  9721  9712  9756  9796  9765  9787
TBILIS 2019 05 07 2  9766  9804  9786  9819  9850  9808  9811  9765  9780  9808  9777  9774
TBILIS 2019 05 08 1  9781  9789  9769  9748  9763  9766  9753  9736  9808  9805  9790  9760
TBILIS 2019 05 08 2  9775  9793  9763  9760  9759  9774  9795  9783  9769  9802  9828  9805
TBILIS 2019 05 09 1  9811  9762  9772  9745  9766  9768  9751  9762  9756  9790  9802  9775
TBILIS 2019 05 09 2  9799  9795  9801  9813  9796  9822  9808  9844  9820  9834  9807  9775
TBILIS 2019 05 10 1  9768  9772  9787  9796  9778  9793  9799  9784  9783  9757  9790  9771
TBILIS 2019 05 10 2  9748  9765  9763  9772  9762  9811  9769  9769  9787  9771  9763  9766
TBILIS 2019 05 11 1  9736  9754  9784  9807  9796  9745  9777  9741  9774  9825  9808  9793
TBILIS 2019 05 11 2  9822  9795  9796  9796  9721  9745  9708  9754  9742  9742  9754  9799
TBILIS 2019 05 12 1  9753  9765  9802  9823  9799  9774  9780  9760  9741  9708  9733  9715
TBILIS 2019 05 12 2  9712  9763  9741  9711  9687  9712  9712  9721  9745  9769  9783  9772
TBILIS 2019 05 13 1  9811  9820  9822  9766  9762  9784  9757  9763  9768  9757  9781  9778
TBILIS 2019 05 13 2  9781  9781  9768  9811  9802  9823  9760  9789  9792  9792  9763  9778
TBILIS 2019 05 14 1  9739  9793  9775  9787  9805  9868  9874  9858  9799  9822  9816  9820
TBILIS 2019 05 14 2  9805  9820  9802  9775  9829  9783  9828  9810  9783  9814  9826  9855
TBILIS 2019 05 15 1  9862  9900  9885  9859  9810  9823  9811  9813  9802  9814  9774  9790
TBILIS 2019 05 15 2  9732  9733  9775  9732  9765  9712  9742  9736  9742  9759  9742  9756
TBILIS 2019 05 16 1  9729  9730  9748  9730  9754  9769  9745  9756  9814  9799  9792  9723
TBILIS 2019 05 16 2  9714  9703  9679  9679  9690  9691  9705  9720  9741  9739  9703  9771
TBILIS 2019 05 17 1  9771  9784  9790  9786  9808  9766  9786  9757  9760  9720  9738  9732
TBILIS 2019 05 17 2  9715  9739  9709  9727  9691  9673  9694  9706  9712  9751  9786  9745
TBILIS 2019 05 18 1  9787  9760  9756  9747  9771  9778  9799  9811  9781  9771  9775  9781
TBILIS 2019 05 18 2  9780  9759  9759  9741  9738  9748  9756  9790  9771  9780  9760  9772
TBILIS 2019 05 19 1  9727  9766  9775  9793  9804  9820  9835  9867  9826  9823  9835  9798
TBILIS 2019 05 19 2  9750  9766  9748  9829  9831  9805  9793  9807  9775  9795  9844  9796
TBILIS 2019 05 20 1  9807  9862  9832  9835  9847  9847  9870  9844  9835  9823  9793  9798
TBILIS 2019 05 20 2  9808  9835  9820  9793  9807  9810  9858  9856  9859  9825  9843  9865
TBILIS 2019 05 21 1  9838  9802  9850  9817  9805  9844  9847  9804  9828  9808  9831  9802
TBILIS 2019 05 21 2  9853  9805  9838  9820  9817  9838  9814  9823  9835  9835  9822  9796
TBILIS 2019 05 22 1  9813  9799  9807  9814  9808  9825  9798  9801  9787  9817  9819  9826
TBILIS 2019 05 22 2  9774  9814  9796  9784  9784  9789  9777  9774  9772  9793  9820  9814
TBILIS 2019 05 23 1  9787  9771  9829  9805  9810  9810  9757  9808  9831  9790  9775  9721
TBILIS 2019 05 23 2  9760  9742  9747  9795  9795  9799  9777  9778  9804  9808  9811  9810
TBILIS 2019 05 24 1  9805  9781  9811  9790  9820  9844  9781  9817  9817  9822  9787  9790
TBILIS 2019 05 24 2  9787  9775  9816  9762  9781  9796  9796  9781  9781  9751  9760  9786
TBILIS 2019 05 25 1  9748  9754  9808  9823  9804  9826  9838  9823  9816  9808  9790  9799
TBILIS 2019 05 25 2  9777  9744  9811  9774  9801  9738  9771  9786  9781  9780  9802  9844
TBILIS 2019 05 26 1  9837  9844  9847  9835  9873  9850  9853  9853  9901  9835  9780  9826
TBILIS 2019 05 26 2  9829  9817  9810  9807  9825  9846  9808  9852  9880  9829  9864  9822
TBILIS 2019 05 27 1  9847  9838  9834  9829  9808  9807  9798  9907  9844  9817  9841  9814
TBILIS 2019 05 27 2  9826  9843  9814  9829  9864  9868  9856  9855  9808  9825  9814  9823
TBILIS 2019 05 28 1  9865  9817  9817  9840  9829  9862  9856  9844  9915  9825  9844  9874
TBILIS 2019 05 28 2  9802  9808  9820  9823  9792  9823  9799  9805  9823  9814  9789  9801
TBILIS 2019 05 29 1  9796  9841  9826  9853  9802  9844  9885  9898  9850  9868  9850  9813
TBILIS 2019 05 29 2  9852  9823  9856  9847  9850  9858  9904  9864  9838  9870  9826  9828
TBILIS 2019 05 30 1  9868  9840  9850  9853  9858  9841  9874  9846  9843  9865  9819  9831
TBILIS 2019 05 30 2  9826  9880  9835  9793  9837  9877  9874  9829  9868  9856  9852  9820
TBILIS 2019 05 31 1  9841  9813  9861  9880  9823  9840  9844  9871  9900  9828  9856  9814
TBILIS 2019 05 31 2  9849  9835  9811  9859  9856  9855  9883  9877  9885  9874  9859  9886
Cosmic-Ray Neutron Monitor Data (Hourly, Pressure-Corrected and Scale-Adjusted Counts)
Collections: WDC for Cosmic Rays,Inst.for Space-Earth Environmental Reserach,Nagoya Univ
Data Access: http://cidas.isee.nagoya-u.ac.jp/WDCCR/index.html
Project: ICSU WDC
Citation: WDC for Cosmic Rays, Ins. for Space-Earth Environmental Res., Nagoya Univ.
Station ID  TBILIS
Station:  TBILISI, INSTITUT GEOPHYSIKY (IG), GIORGIAN ACADEMY OF SCIENCES                
Instrument: 18-NM-64 Corrected to 965 mb Standard Pressure, Coef =-0.69 %/mb                
Latitude (deg.):   41.43  Longitude (deg.):   44.48  Altitude (m):  510.00
Cut-Off Rigidity (GV):    6.73
Year: 2019  Month:   6
Scaling Factor (SF):    64.0   Constant (CONST):     0.0  Real Counts = (DATA + CONST)*SF
Temporal Resolution: 1 hour
UTC Start Hour:     0.0
TBILISI,NUTSUBIDSE 77, GIORGIA           DATA FROM  IZMIRAN                     
ftp://cr0.izmiran.rssi.ru/Cosray!/FTP_NM/C/             
Monthly Average:  9827.9
Updated (YYYY MM DD): 2021 05 10
*******************************************************************************************
ID     YYYY MM DD 1     0     1     2     3     4     5     6     7     8     9    10    11
ID     YYYY MM DD 2    12    13    14    15    16    17    18    19    20    21    22    23
*******************************************************************************************
TBILIS 2019 06 01 1  9868  9886  9898  9907  9883  9837  9912  9877  9859  9828  9876  9856
TBILIS 2019 06 01 2  9856  9847  9888  9897  9823  9853  9868  9873  9853  9892  9861  9864
TBILIS 2019 06 02 1  9889  9879  9873  9885  9871  9838  9904  9841  9871  9882  9907  9844
TBILIS 2019 06 02 2  9852  9832  9813  9868  9880  9888  9889  9868  9825  9856  9841  9856
TBILIS 2019 06 03 1  9853  9883  9871  9832  9886  9841  9873  9855  9897  9856  9808  9810
TBILIS 2019 06 03 2  9861  9832  9847  9816  9862  9840  9889  9877  9852  9864  9841  9843
TBILIS 2019 06 04 1  9847  9816  9831  9850  9849  9909  9867  9865  9868  9846  9879  9834
TBILIS 2019 06 04 2  9838  9823  9871  9796  9856  9931  9943  9927  9918  9916  9919  9876
TBILIS 2019 06 05 1  9918  9892  9904  9877  9877  9879  9882  9889  9862  9912  9865  9885
TBILIS 2019 06 05 2  9894  9912  9822  9865  9844  9870  9840  9873  9901  9928  9886  9856
TBILIS 2019 06 06 1  9889  9922  9891  9940  9856  9898  9864  9885  9901  9898  9870  9853
TBILIS 2019 06 06 2  9837  9838  9873  9844  9850  9847  9853  9856  9837  9880  9922  9865
TBILIS 2019 06 07 1  9930  9910  9895  9844  9877  9892  9883  9859  9853  9868  9871  9850
TBILIS 2019 06 07 2  9852  9849  9856  9880  9841  9877  9879  9876  9868  9885  9891  9895
TBILIS 2019 06 08 1  9876  9850  9831  9900  9913  9918  9922  9919  9858  9877  9853  9853
TBILIS 2019 06 08 2  9892  9861  9871  9865  9879  9919  9933  9912  9907  9883  9906  9904
TBILIS 2019 06 09 1  9897  9895  9871  9850  9862  9895  9880  9928  9940  9903  9921  9895
TBILIS 2019 06 09 2  9871  9870  9849  9886  9870  9883  9892  9910  9886  9928  9886  9898
TBILIS 2019 06 10 1  9913  9952  9946  9934  9961  9945  9964  9934  9934  9939  9903  9910
TBILIS 2019 06 10 2  9931  9913  9901  9883  9885  9888  9886  9873  9880  9894  9870  9856
TBILIS 2019 06 11 1  9847  9892  9898  9924  9910  9912  9898  9916  9913  9961  9898  9910
TBILIS 2019 06 11 2  9898  9922  9850  9865  9874  9889  9874  9871  9843  9912  9880  9868
TBILIS 2019 06 12 1  9946  9858  9871  9838  9862  9820  9871  9909  9871  9867  9918  9924
TBILIS 2019 06 12 2  9841  9882  9910  9907  9868  9886  9894  9879  9840  9834  9868  9832
TBILIS 2019 06 13 1  9838  9871  9841  9865  9858  9877  9877  9859  9856  9901  9832  9879
TBILIS 2019 06 13 2  9898  9859  9849  9871  9856  9838  9805  9832  9778  9774  9778  9792
TBILIS 2019 06 14 1  9735  9771  9823  9792  9831  9844  9841  9847  9892  9825  9886  9841
TBILIS 2019 06 14 2  9793  9855  9820  9795  9825  9807  9826  9808  9786  9825  9856  9850
TBILIS 2019 06 15 1  9840  9820  9850  9847  9874  9868  9874  9876  9883  9846  9856  9841
TBILIS 2019 06 15 2  9832  9819  9826  9889  9847  9852  9877  9868  9808  9865  9880  9859
TBILIS 2019 06 16 1  9865  9864  9849  9859  9868  9844  9874  9874  9838  9853  9823  9841
TBILIS 2019 06 16 2  9850  9807  9868  9898  9871  9910  9910  9880  9898  9892  9898  9882
TBILIS 2019 06 17 1  9877  9870  9877  9874  9862  9853  9850  9880  9865  9837  9879  9868
TBILIS 2019 06 17 2  9859  9852  9865  9846  9867  9900  9916  9885  9945  9922  9925  9946
TBILIS 2019 06 18 1  9865  9850  9877  9859  9886  9891  9871  9841  9835  9846  9849  9862
TBILIS 2019 06 18 2  9834  9831  9856  9895  9867  9909  9850  9874  9906  9913  9892  9897
TBILIS 2019 06 19 1  9856  9919  9895  9919  9901  9862  9846  9817  9868  9876  9859  9859
TBILIS 2019 06 19 2  9841  9828  9862  9849  9928  9838  9877  9892  9892  9850  9840  9915
TBILIS 2019 06 20 1  9925  9906  9874  9877  9877  9871  9853  9876  9870  9826  9850  9820
TBILIS 2019 06 20 2  9816  9823  9828  9823  9802  9835  9792  9841  9835  9871  9877  9856
TBILIS 2019 06 21 1  9865  9849  9858  9858  9846  9862  9868  9835  9888  9853  9814  9838
TBILIS 2019 06 21 2  9892  9825  9820  9832  9861  9856  9819  9850  9814  9859  9832  9826
TBILIS 2019 06 22 1  9835  9891  9898  9837  9850  9831  9847  9885  9888  9829  9826  9856
TBILIS 2019 06 22 2  9847  9808  9846  9832  9840  9874  9850  9916  9871  9865  9876  9870
TBILIS 2019 06 23 1  9909  9861  9859  9868  9858  9826  9891  9868  9850  9883  9865  9870
TBILIS 2019 06 23 2  9870  9834  9837  9900  9853  9903  9868  9919  9891  9879  9859  9853
TBILIS 2019 06 24 1  9859  9879  9862  9835  9877  9886  9856  9874  9895  9895  9867  9883
TBILIS 2019 06 24 2  9865  9844  9913  9867  9889  9880  9843  9840  9882  9853  9820  9853
TBILIS 2019 06 25 1  9892  9882  9873  9855  9892  9883  9895  9897  9912  9904  9864  9915
TBILIS 2019 06 25 2  9886  9903  9870  9889  9862  9901  9906  9943  9889  9861  9895  9838
TBILIS 2019 06 26 1  9895  9858  9858  9858  9820  9876  9868  9859  9856  9889  9868  9897
TBILIS 2019 06 26 2  9931  9916  9874  9928  9910  9874  9883  9844  9862  9895  9913  9901
TBILIS 2019 06 27 1  9865  9826  9847  9883  9901  9904  9891  9864  9876  9838  9832  9861
TBILIS 2019 06 27 2  9840  9843  9861  9847  9886  9862  9871  9868  9859  9867  9853  9915
TBILIS 2019 06 28 1  9856  9859  9916  9895  9904  9898  9819  9904  9847  9880  9831  9790
TBILIS 2019 06 28 2  9781  9843  9835  9822  9867  9865  9873  9831  9825  9846  9831  9861
TBILIS 2019 06 29 1  9841  9823  9856  9868  9849  9892  9901  9871  9838  9810  9877  9867
TBILIS 2019 06 29 2  9796  9811  9820  9789  9808  9823  9786  9847  9864  9817  9823  9859
TBILIS 2019 06 30 1  9895  9828  9886  9877  9876  9859  9850  9865  9868  9883  9870  9846
TBILIS 2019 06 30 2  9840  9892  9874  9871  9816  9835  9835  9823  9880  9853  9898  9916
TBILIS 2019 06 31 1 99999 99999 99999 99999 99999 99999 99999 99999 99999 99999 99999 99999
TBILIS 2019 06 31 2 99999 99999 99999 99999 99999 99999 99999 99999 99999 99999 99999 99999
Cosmic-Ray Neutron Monitor Data (Hourly, Pressure-Corrected and Scale-Adjusted Counts)
Collections: WDC for Cosmic Rays,Inst.for Space-Earth Environmental Reserach,Nagoya Univ
Data Access: http://cidas.isee.nagoya-u.ac.jp/WDCCR/index.html
Project: ICSU WDC
Citation: WDC for Cosmic Rays, Ins. for Space-Earth Environmental Res., Nagoya Univ.
Station ID  TBILIS
Station:  TBILISI, INSTITUT GEOPHYSIKY (IG), GIORGIAN ACADEMY OF SCIENCES                
Instrument: 18-NM-64 Corrected to 965 mb Standard Pressure, Coef =-0.69 %/mb                
Latitude (deg.):   41.43  Longitude (deg.):   44.48  Altitude (m):  510.00
Cut-Off Rigidity (GV):    6.73
Year: 2019  Month:   7
Scaling Factor (SF):    64.0   Constant (CONST):     0.0  Real Counts = (DATA + CONST)*SF
Temporal Resolution: 1 hour
UTC Start Hour:     0.0
TBILISI,NUTSUBIDSE 77, GIORGIA           DATA FROM  IZMIRAN                     
ftp://cr0.izmiran.rssi.ru/Cosray!/FTP_NM/C/             
Monthly Average:  9818.2
Updated (YYYY MM DD): 2021 05 10
*******************************************************************************************
ID     YYYY MM DD 1     0     1     2     3     4     5     6     7     8     9    10    11
ID     YYYY MM DD 2    12    13    14    15    16    17    18    19    20    21    22    23
*******************************************************************************************
TBILIS 2019 07 01 1  9891  9901  9897  9867  9877  9916  9867  9849  9852  9885  9904  9859
TBILIS 2019 07 01 2  9885  9880  9838  9877  9843  9867  9885  9853  9859  9906  9867  9871
TBILIS 2019 07 02 1  9910  9913  9906  9898  9891  9847  9874  9880  9846  9876  9904  9882
TBILIS 2019 07 02 2  9867  9904  9868  9862  9880  9880  9880  9861  9877  9901  9895  9868
TBILIS 2019 07 03 1  9861  9867  9924  9888  9880  9877  9859  9910  9892  9934  9868  9858
TBILIS 2019 07 03 2  9880  9886  9846  9891  9880  9907  9877  9888  9912  9895  9900  9883
TBILIS 2019 07 04 1  9879  9879  9874  9886  9850  9862  9868  9877  9870  9859  9882  9862
TBILIS 2019 07 04 2  9856  9858  9895  9888  9891  9856  9853  9882  9850  9820  9880  9841
TBILIS 2019 07 05 1  9874  9855  9889  9868  9852  9855  9850  9838  9868  9862  9841  9871
TBILIS 2019 07 05 2  9822  9868  9898  9880  9844  9880  9858  9838  9822  9832  9850  9844
TBILIS 2019 07 06 1  9862  9834  9847  9850  9817  9852  9841  9823  9817  9846  9816  9811
TBILIS 2019 07 06 2  9862  9805  9832  9799  9853  9832  9837  9802  9811  9835  9808  9817
TBILIS 2019 07 07 1  9817  9804  9790  9852  9841  9811  9841  9798  9853  9847  9844  9859
TBILIS 2019 07 07 2  9853  9874  9826  9885  9886  9846  9859  9847  9846  9885  9828  9801
TBILIS 2019 07 08 1  9844  9798  9820  9787  9799  9856  9841  9847  9805  9846  9820  9786
TBILIS 2019 07 08 2  9798  9789  9805  9780  9798  9795  9781  9793  9711  9736  9717  9721
TBILIS 2019 07 09 1  9733  9724  9721  9757  9763  9748  9784  9781  9811  9781  9811  9777
TBILIS 2019 07 09 2  9769  9742  9742  9774  9781  9769  9766  9804  9795  9810  9811  9772
TBILIS 2019 07 10 1  9769  9766  9748  9772  9801  9790  9823  9849  9841  9862  9796  9793
TBILIS 2019 07 10 2  9769  9748  9766  9778  9751  9769  9751  9751  9790  9745  9775  9784
TBILIS 2019 07 11 1  9706  9748  9778  9748  9735  9744  9736  9739  9772  9745  9724  9727
TBILIS 2019 07 11 2  9712  9763  9742  9741  9727  9706  9736  9771  9732  9702  9757  9769
TBILIS 2019 07 12 1  9745  9763  9745  9735  9733  9697  9711  9738  9756  9730  9784  9777
TBILIS 2019 07 12 2  9736  9796  9733  9702  9718  9721  9768  9748  9705  9703  9727  9714
TBILIS 2019 07 13 1  9745  9751  9745  9739  9721  9685  9688  9661  9709  9715  9741  9760
TBILIS 2019 07 13 2  9735  9703  9694  9673  9714  9697  9696  9744  9736  9711  9780  9727
TBILIS 2019 07 14 1  9739  9742  9691  9721  9771  9700  9709  9727  9730  9699  9670  9718
TBILIS 2019 07 14 2  9711  9708  9742  9738  9717  9766  9756  9760  9753  9742  9750  9747
TBILIS 2019 07 15 1  9757  9747  9700  9715  9691  9682  9678  9694  9675  9655  9700  9700
TBILIS 2019 07 15 2  9679  9699  9724  9736  9712  9760  9739  9778  9685  9712  9703  9694
TBILIS 2019 07 16 1  9706  9681  9721  9721  9673  9709  9715  9691  9720  9732  9652  9741
TBILIS 2019 07 16 2  9697  9688  9742  9711  9703  9714  9712  9748  9730  9727  9724  9754
TBILIS 2019 07 17 1  9723  9718  9688  9723  9711  9688  9673  9685  9688  9664  9667  9699
TBILIS 2019 07 17 2  9699  9664  9694  9675  9651  9715  9691  9741  9712  9703  9730  9690
TBILIS 2019 07 18 1  9681  9679  9667  9673  9643  9661  9681  9673  9691  9643  9652  9661
TBILIS 2019 07 18 2  9666  9652  9688  9666  9667  9733  9697  9715  9712  9711  9676  9751
TBILIS 2019 07 19 1  9706  9721  9652  9703  9685  9715  9715  9714  9676  9705  9688  9678
TBILIS 2019 07 19 2  9687  9694  9694  9700  9676  9681  9691  9682  9709  9727  9733  9706
TBILIS 2019 07 20 1  9745  9690  9697  9714  9727  9703  9718  9714  9708  9660  9646  9706
TBILIS 2019 07 20 2  9679  9672  9664  9666  9669  9663  9721  9721  9733  9727  9696  9703
TBILIS 2019 07 21 1  9706  9718  9733  9711  9714  9685  9714  9661  9669  9670  9706  9633
TBILIS 2019 07 21 2  9652  9697  9661  9673  9712  9729  9727  9697  9733  9714  9688  9711
TBILIS 2019 07 22 1  9702  9732  9726  9706  9708  9709  9678  9742  9702  9684  9720  9697
TBILIS 2019 07 22 2  9696  9700  9712  9735  9745  9702  9735  9700  9763  9715  9729  9718
TBILIS 2019 07 23 1  9741  9706  9697  9676  9669  9666  9681  9652  9700  9715  9697  9694
TBILIS 2019 07 23 2  9691  9676  9697  9718  9726  9712  9709  9736  9715  9712  9703  9661
TBILIS 2019 07 24 1  9678  9697  9712  9709  9720  9712  9718  9733  9705  9688  9709  9702
TBILIS 2019 07 24 2  9685  9688  9702  9703  9718  9700  9700  9711  9676  9736  9699  9658
TBILIS 2019 07 25 1  9681  9733  9730  9763  9654  9766  9751  9718  9715  9742  9748  9712
TBILIS 2019 07 25 2  9718  9714  9726  9775  9771  9709  9691  9717  9720  9705  9726  9751
TBILIS 2019 07 26 1  9690  9709  9712  9735  9711  9778  9745  9760  9760  9774  9724  9771
TBILIS 2019 07 26 2  9781  9709  9759  9709  9745  9736  9730  9748  9706  9757  9745  9738
TBILIS 2019 07 27 1  9750  9712  9778  9805  9739  9739  9733  9756  9711  9711  9757  9754
TBILIS 2019 07 27 2  9712  9721  9754  9757  9729  9709  9787  9781  9783  9772  9754  9760
TBILIS 2019 07 28 1  9720  9730  9754  9780  9688  9765  9784  9784  9748  9753  9765  9739
TBILIS 2019 07 28 2  9798  9730  9732  9732  9805  9784  9753  9745  9768  9742  9772  9768
TBILIS 2019 07 29 1  9754  9750  9748  9730  9775  9724  9733  9784  9714  9718  9841  9750
TBILIS 2019 07 29 2  9706  9760  9733  9715  9763  9769  9793  9717  9750  9777  9798  9817
TBILIS 2019 07 30 1  9790  9798  9802  9780  9808  9807  9856  9750  9792  9786  9781  9763
TBILIS 2019 07 30 2  9799  9724  9738  9793  9805  9786  9784  9754  9789  9795  9801  9781
TBILIS 2019 07 31 1  9843  9751  9823  9850  9793  9814  9835  9843  9802  9843  9769  9780
TBILIS 2019 07 31 2  9852  9736  9817  9810  9774  9765  9706  9798  9709  9730  9676  9738
Cosmic-Ray Neutron Monitor Data (Hourly, Pressure-Corrected and Scale-Adjusted Counts)
Collections: WDC for Cosmic Rays,Inst.for Space-Earth Environmental Reserach,Nagoya Univ
Data Access: http://cidas.isee.nagoya-u.ac.jp/WDCCR/index.html
Project: ICSU WDC
Citation: WDC for Cosmic Rays, Ins. for Space-Earth Environmental Res., Nagoya Univ.
Station ID  TBILIS
Station:  TBILISI, INSTITUT GEOPHYSIKY (IG), GIORGIAN ACADEMY OF SCIENCES                
Instrument: 18-NM-64 Corrected to 965 mb Standard Pressure, Coef =-0.69 %/mb                
Latitude (deg.):   41.43  Longitude (deg.):   44.48  Altitude (m):  510.00
Cut-Off Rigidity (GV):    6.73
Year: 2019  Month:   8
Scaling Factor (SF):    64.0   Constant (CONST):     0.0  Real Counts = (DATA + CONST)*SF
Temporal Resolution: 1 hour
UTC Start Hour:     0.0
TBILISI,NUTSUBIDSE 77, GIORGIA           DATA FROM  IZMIRAN                     
ftp://cr0.izmiran.rssi.ru/Cosray!/FTP_NM/C/             
Monthly Average:  9839.0
Updated (YYYY MM DD): 2021 05 10
*******************************************************************************************
ID     YYYY MM DD 1     0     1     2     3     4     5     6     7     8     9    10    11
ID     YYYY MM DD 2    12    13    14    15    16    17    18    19    20    21    22    23
*******************************************************************************************
TBILIS 2019 08 01 1  9792  9793  9805  9820  9813  9817  9825  9847  9850  9810  9855  9873
TBILIS 2019 08 01 2  9808  9856  9847  9859  9798  9819  9865  9805  9838  9850  9856  9843
TBILIS 2019 08 02 1  9825  9877  9850  9876  9835  9853  9900  9847  9868  9870  9859  9840
TBILIS 2019 08 02 2  9801  9819  9853  9837  9892  9816  9820  9838  9828  9838  9802  9817
TBILIS 2019 08 03 1  9766  9799  9811  9868  9817  9882  9898  9903  9865  9862  9907  9894
TBILIS 2019 08 03 2  9913  9882  9873  9853  9877  9868  9873  9856  9871  9816  9852  9831
TBILIS 2019 08 04 1  9832  9814  9886  9856  9823  9840  9868  9864  9883  9879  9841  9880
TBILIS 2019 08 04 2  9864  9777  9820  9820  9843  9843  9861  9849  9844  9865  9853  9868
TBILIS 2019 08 05 1  9858  9850  9843  9777  9847  9808  9859  9876  9919  9954  9940  9892
TBILIS 2019 08 05 2  9967  9873  9880  9958  9954  9903  9921  9862  9853  9834  9885  9924
TBILIS 2019 08 06 1  9897  9940  9940  9891  9933  9900  9907  9913  9946  9961 10027  9997
TBILIS 2019 08 06 2 10008 10054  9981  9988  9994 10026 10032 10044 10045 10020 10033 10018
TBILIS 2019 08 07 1 10009  9973  9976  9906  9970  9970  9954  9964  9982  9976  9976  9966
TBILIS 2019 08 07 2 10024  9991  9933 10012 10018 10024  9982 10015 10053  9991 10005 10005
TBILIS 2019 08 08 1  9985  9987  9970  9978  9987  9964 10038 10036  9979  9949  9991  9997
TBILIS 2019 08 08 2 10008 10021 10033 10075 10021 10006 10045 10020 10026 10015 10023 10009
TBILIS 2019 08 09 1 10009 10012  9945 10041 10000 10002  9961  9928  9978  9949  9952  9952
TBILIS 2019 08 09 2  9886  9978  9951  9960  9963  9994  9951  9984  9964  9955  9961  9943
TBILIS 2019 08 10 1  9948  9940  9958  9978  9934  9993 10006  9972  9997  9972  9928  9963
TBILIS 2019 08 10 2  9949  9934  9967  9982  9981 10012  9964  9964  9967 10015  9994  9976
TBILIS 2019 08 11 1  9967  9961  9997  9970  9978  9946  9985  9994 10012  9979 10011  9925
TBILIS 2019 08 11 2  9985 10017  9994 10021 10045 10048 10024 10053 10041 10015 10050  9955
TBILIS 2019 08 12 1 10014 10000  9988  9907  9958  9961  9972  9967 10000  9937  9925  9967
TBILIS 2019 08 12 2  9928  9979  9972 10036 10039 10015 10063 10039  9996  9987  9969 10017
TBILIS 2019 08 13 1  9979 10002 10014  9979  9985  9937  9994  9912  9931  9961  9883  9940
TBILIS 2019 08 13 2  9961  9961 10018  9991 10048 10078 10030 10045 10000  9993 10032 10041
TBILIS 2019 08 14 1 10054 10035 10017  9964 10012  9919  9960  9949 10003  9990  9966  9967
TBILIS 2019 08 14 2  9976  9996 10047 10020 10093 10005 10018 10006 10032 10017  9993 10018
TBILIS 2019 08 15 1  9964 10011  9993  9967  9964  9955  9975  9958  9937  9958  9963  9970
TBILIS 2019 08 15 2 10000 10009  9979  9982 10032 10066  9991 10006 10033  9976  9970  9967
TBILIS 2019 08 16 1  9970  9948  9979  9960  9922  9915  9966  9976  9958  9934  9960  9933
TBILIS 2019 08 16 2  9949  9994 10024 10074 10042 10063 10045 10012 10000 10074 10036  9996
TBILIS 2019 08 17 1 10000 10018 10060 10024 10015  9997  9976  9970  9945  9984  9973  9979
TBILIS 2019 08 17 2  9997  9984 10018 10023 10032 10005  9937  9967  9973  9940  9928  9973
TBILIS 2019 08 18 1  9937  9907  9885  9931 10015  9928  9961  9952  9943  9957  9967  9925
TBILIS 2019 08 18 2  9931  9982  9978 10015 10003 10024 10035 10026 10042 10006  9970 10024
TBILIS 2019 08 19 1 10060 10012 10006  9984 10009  9994 10012 10015  9936  9961  9943  9984
TBILIS 2019 08 19 2 10020  9999 10015 10089 10035 10015  9982 10024  9991 10020 10042 10000
TBILIS 2019 08 20 1  9994  9981  9985 10033 10021 10011 10008 10027 10051  9969  9994 10027
TBILIS 2019 08 20 2 10015 10042 10006 10014  9963  9988  9973 10000 10018 10021 10038 10015
TBILIS 2019 08 21 1  9996 10027 10017 10009 10011  9985  9994 10003  9991 10038 10015  9949
TBILIS 2019 08 21 2  9985  9991 10000 10017  9991 10024 10027 10045 10044 10038 10021 10054
TBILIS 2019 08 22 1 10021 10045 10000  9987 10002 10051 10000 10045 10014 10032 10014 10051
TBILIS 2019 08 22 2 10065 10066 10027 10024 10056 10095 10047  9999 10068 10006 10005  9972
TBILIS 2019 08 23 1  9985  9976 10015  9991 10039 10033 10032 10048 10051 10029 10054 10009
TBILIS 2019 08 23 2 10069 10078 10056 10071 10021 10069 10047 10060 10053 10054 10041 10090
TBILIS 2019 08 24 1 10048 10048 10033 10036 10081 10066 10102 10072 10015 10066 10048 10033
TBILIS 2019 08 24 2 10065 10063 10095 10125 10108 10086 10065 10078 10021 10078 10047 10099
TBILIS 2019 08 25 1 10068 10056 10045 10059 10039 10033 10038 10074 10021 10066 10081 10044
TBILIS 2019 08 25 2 10051 10071 10102 10077 10059 10008 10051 10036 10006  9987 10027 10012
TBILIS 2019 08 26 1  9985  9982  9994  9991 10012 10042 10003 10084 10047 10057 10024 10009
TBILIS 2019 08 26 2 10021 10014 10041 10033 10050 10060 10039 10035 10105 10042 10045 10033
TBILIS 2019 08 27 1 10075 10042 10066 10014 10081 10098 10075 10150 10093 10023 10018 10078
TBILIS 2019 08 27 2 10054 10069 10093 10033 10071 10012 10045 10044 10003  9996 10056 10009
TBILIS 2019 08 28 1 10032 10056 10045 10066 10008  9976  9948 10035  9976 10033 10008 10044
TBILIS 2019 08 28 2 10074 10056 10110 10059 10138 10039 10042 10018 10017 10012 10006  9967
TBILIS 2019 08 29 1 10006 10030 10057 10030 10066 10030 10033  9997 10036 10015 10021 10011
TBILIS 2019 08 29 2  9994 10012 10026 10060 10027 10039 10042 10048 10036  9997  9996  9982
TBILIS 2019 08 30 1  9949 10015  9954 10009 10024 10033 10039 10063 10030 10008  9961  9988
TBILIS 2019 08 30 2  9976  9955  9981 10000  9975 10018  9987 10008  9958 10000  9981  9976
TBILIS 2019 08 31 1  9954  9937  9985 10000 10000 10024 10035 10009  9958 10029 10009 10027
TBILIS 2019 08 31 2 10033 10023  9958  9975  9984  9973  9949  9990  9949  9928 10005  9976
Cosmic-Ray Neutron Monitor Data (Hourly, Pressure-Corrected and Scale-Adjusted Counts)
Collections: WDC for Cosmic Rays,Inst.for Space-Earth Environmental Reserach,Nagoya Univ
Data Access: http://cidas.isee.nagoya-u.ac.jp/WDCCR/index.html
Project: ICSU WDC
Citation: WDC for Cosmic Rays, Ins. for Space-Earth Environmental Res., Nagoya Univ.
Station ID  TBILIS
Station:  TBILISI, INSTITUT GEOPHYSIKY (IG), GIORGIAN ACADEMY OF SCIENCES                
Instrument: 18-NM-64 Corrected to 965 mb Standard Pressure, Coef =-0.69 %/mb                
Latitude (deg.):   41.43  Longitude (deg.):   44.48  Altitude (m):  510.00
Cut-Off Rigidity (GV):    6.73
Year: 2019  Month:   9
Scaling Factor (SF):    64.0   Constant (CONST):     0.0  Real Counts = (DATA + CONST)*SF
Temporal Resolution: 1 hour
UTC Start Hour:     0.0
TBILISI,NUTSUBIDSE 77, GIORGIA           DATA FROM  IZMIRAN                     
ftp://cr0.izmiran.rssi.ru/Cosray!/FTP_NM/C/             
Monthly Average:  9850.5
Updated (YYYY MM DD): 2021 05 10
*******************************************************************************************
ID     YYYY MM DD 1     0     1     2     3     4     5     6     7     8     9    10    11
ID     YYYY MM DD 2    12    13    14    15    16    17    18    19    20    21    22    23
*******************************************************************************************
TBILIS 2019 09 01 1  9973  9985  9919  9984  9973 10017  9991 10096 10080 10048 10054 10006
TBILIS 2019 09 01 2  9987  9988  9987 10011  9975  9955  9969  9939  9973  9907  9913  9910
TBILIS 2019 09 02 1  9889  9913  9925  9948  9940  9963  9943  9982  9997  9961  9991  9982
TBILIS 2019 09 02 2  9963  9976  9964  9937  9942  9933  9970  9958  9961  9939  9976  9934
TBILIS 2019 09 03 1  9936  9954  9975  9942  9984  9961  9982 10002 10014  9985  9948  9937
TBILIS 2019 09 03 2  9913  9981  9964  9999  9970  9973  9969  9925  9978  9969 10009  9961
TBILIS 2019 09 04 1  9961  9987  9978  9994  9997 10000  9991  9988 10000 10021  9991  9967
TBILIS 2019 09 04 2  9984  9970  9945  9967 10011 10027  9996 10009  9952 10042  9981 10026
TBILIS 2019 09 05 1  9985  9997 10018 10029 10033 10036 10033  9991 10005 10003  9999 10014
TBILIS 2019 09 05 2  9997 10029 10018 10003 10003 10027  9979 10021 10056 10014 10009 10036
TBILIS 2019 09 06 1  9991 10015  9961  9961  9991 10008  9988 10033 10020  9955 10021  9958
TBILIS 2019 09 06 2  9964  9982  9988  9993  9975  9993  9994  9996  9985  9970 10005  9988
TBILIS 2019 09 07 1  9987  9984  9996  9972  9988  9961 10012  9979  9960  9954  9951 10041
TBILIS 2019 09 07 2 10015 10045 10024 10012 10014 10000  9997 10041 10089 10053 10027 10018
TBILIS 2019 09 08 1 10000  9985  9976  9948  9954  9946 10009  9994  9997  9997 10018  9975
TBILIS 2019 09 08 2  9966 10003 10036 10030 10026 10047 10024 10045 10017 10057 10078 10069
TBILIS 2019 09 09 1 10081 10048 10038  9960  9972 10036  9996 10018 10020  9987 10042 10018
TBILIS 2019 09 09 2 10065 10087 10093 10072 10044 10069 10063 10008 10062 10045 10041 10036
TBILIS 2019 09 10 1  9994  9991 10005  9975  9952  9934  9930  9922  9952  9906 10008  9939
TBILIS 2019 09 10 2  9993  9955  9994  9988 10018  9967  9969  9990  9982  9952  9952  9949
TBILIS 2019 09 11 1  9978  9966  9937 10000  9898  9931  9922  9933  9997  9967  9954  9954
TBILIS 2019 09 11 2  9985 10000  9979 10002  9990  9999  9997 10008  9964  9964  9961  9928
TBILIS 2019 09 12 1  9930  9922  9925  9916  9924  9927  9909  9931  9904  9957  9912  9943
TBILIS 2019 09 12 2  9943  9942  9981  9993 10021 10020  9982  9964  9925  9987  9922  9838
TBILIS 2019 09 13 1  9855  9864  9846  9856  9888  9873  9907  9939  9951  9915  9928  9952
TBILIS 2019 09 13 2  9985  9997 10039  9945  9949  9882  9904  9916  9888  9892  9894  9916
TBILIS 2019 09 14 1  9883  9907  9903  9883  9883  9964  9919  9946  9904  9892  9892  9880
TBILIS 2019 09 14 2  9904  9928  9928  9961  9963  9913  9898  9946  9915  9961  9957  9954
TBILIS 2019 09 15 1  9948  9880  9904  9903  9891  9910  9880  9873  9919  9913  9937  9897
TBILIS 2019 09 15 2  9897  9904  9927  9900  9961  9934  9973  9940  9934  9961  9888  9958
TBILIS 2019 09 16 1  9919  9910  9916  9949  9886  9927  9934  9913  9889  9916  9891  9859
TBILIS 2019 09 16 2  9910  9934  9892  9906  9934  9928  9931  9885  9906  9900  9841  9874
TBILIS 2019 09 17 1  9828  9871  9840  9856  9856  9861  9874  9880  9852  9843  9829  9862
TBILIS 2019 09 17 2  9880  9858  9838  9867  9859  9900  9853  9874  9886  9897  9928  9906
TBILIS 2019 09 18 1  9891  9898  9897  9912  9891  9937  9934  9934  9933  9910  9945  9888
TBILIS 2019 09 18 2  9889  9925  9904  9985  9916  9940  9961  9934  9922  9996  9945  9934
TBILIS 2019 09 19 1  9898  9949  9952 10009  9970  9964  9973  9880  9948  9952  9922  9937
TBILIS 2019 09 19 2  9952  9991 10002  9970 10012  9988  9976 10003  9988 10006  9970 10012
TBILIS 2019 09 20 1  9966 10009  9964 10009  9955  9922  9945  9907  9969  9904  9930  9930
TBILIS 2019 09 20 2  9912  9939  9931  9919  9946  9985  9957 10000  9969  9996  9973  9960
TBILIS 2019 09 21 1  9970  9960  9970  9924  9928  9940  9937  9957  9970 10006 10018 10026
TBILIS 2019 09 21 2 10054 10032  9997 10048 10065 10036 10072 10054 10009  9964  9948  9997
TBILIS 2019 09 22 1 10066 10030 10027  9984 10027  9988 10069  9985  9985 10039  9982 10036
TBILIS 2019 09 22 2 10002  9999 10009  9987  9945  9949  9904  9954  9925  9921  9945  9937
TBILIS 2019 09 23 1  9930  9943  9970  9970  9985  9961  9978  9961  9940  9993  9961  9990
TBILIS 2019 09 23 2  9967  9919  9964  9952  9913  9934  9957  9931  9933  9918  9940  9916
TBILIS 2019 09 24 1  9949  9940  9952  9972 10008  9994 10015  9985  9942  9991  9961  9958
TBILIS 2019 09 24 2  9973  9910  9933  9981  9931  9970  9967  9937  9955  9937  9919  9919
TBILIS 2019 09 25 1  9936  9921  9894  9931  9960  9955  9967  9963  9922  9889  9868  9819
TBILIS 2019 09 25 2  9792  9823  9853  9828  9799  9816  9808  9819  9814  9807  9810  9808
TBILIS 2019 09 26 1  9829  9840  9838  9864  9873  9853  9894  9829  9835  9826  9811  9859
TBILIS 2019 09 26 2  9868  9835  9831  9828  9841  9826  9853  9781  9817  9828  9847  9840
TBILIS 2019 09 27 1  9840  9822  9853  9835  9874  9892  9859  9835  9820  9798  9841  9874
TBILIS 2019 09 27 2  9856  9808  9886  9865  9856  9868  9873  9865  9888  9903  9889  9877
TBILIS 2019 09 28 1  9847  9844  9849  9859  9834  9868  9897  9849  9886  9862  9861  9858
TBILIS 2019 09 28 2  9864  9895  9892  9847  9858  9837  9895  9918  9945  9940  9979  9873
TBILIS 2019 09 29 1  9901  9882  9912  9889  9898  9924  9909  9877  9939  9939  9913  9903
TBILIS 2019 09 29 2  9880  9891  9910  9912  9874  9874  9918  9874  9871  9904  9900  9889
TBILIS 2019 09 30 1  9871  9850  9898  9868  9907  9883  9879  9865  9888  9910  9888  9868
TBILIS 2019 09 30 2  9895  9910  9892  9862  9864  9856  9910  9891  9874  9859  9837  9877
TBILIS 2019 09 31 1 99999 99999 99999 99999 99999 99999 99999 99999 99999 99999 99999 99999
TBILIS 2019 09 31 2 99999 99999 99999 99999 99999 99999 99999 99999 99999 99999 99999 99999
Cosmic-Ray Neutron Monitor Data (Hourly, Pressure-Corrected and Scale-Adjusted Counts)
Collections: WDC for Cosmic Rays,Inst.for Space-Earth Environmental Reserach,Nagoya Univ
Data Access: http://cidas.isee.nagoya-u.ac.jp/WDCCR/index.html
Project: ICSU WDC
Citation: WDC for Cosmic Rays, Ins. for Space-Earth Environmental Res., Nagoya Univ.
Station ID  TBILIS
Station:  TBILISI, INSTITUT GEOPHYSIKY (IG), GIORGIAN ACADEMY OF SCIENCES                
Instrument: 18-NM-64 Corrected to 965 mb Standard Pressure, Coef =-0.69 %/mb                
Latitude (deg.):   41.43  Longitude (deg.):   44.48  Altitude (m):  510.00
Cut-Off Rigidity (GV):    6.73
Year: 2019  Month:  10
Scaling Factor (SF):    64.0   Constant (CONST):     0.0  Real Counts = (DATA + CONST)*SF
Temporal Resolution: 1 hour
UTC Start Hour:     0.0
TBILISI,NUTSUBIDSE 77, GIORGIA           DATA FROM  IZMIRAN                     
ftp://cr0.izmiran.rssi.ru/Cosray!/FTP_NM/C/             
Monthly Average:  9850.2
Updated (YYYY MM DD): 2021 05 10
*******************************************************************************************
ID     YYYY MM DD 1     0     1     2     3     4     5     6     7     8     9    10    11
ID     YYYY MM DD 2    12    13    14    15    16    17    18    19    20    21    22    23
*******************************************************************************************
TBILIS 2019 10 01 1  9855  9865  9853  9877  9808  9868  9874  9856  9870  9868  9889  9885
TBILIS 2019 10 01 2  9870  9883  9900  9853  9873  9834  9885  9871  9877  9868  9843  9822
TBILIS 2019 10 02 1  9811  9810  9819  9799  9832  9853  9841  9871  9883  9874  9874  9880
TBILIS 2019 10 02 2  9868  9876  9867  9862  9832  9888  9844  9877  9840  9835  9838  9895
TBILIS 2019 10 03 1  9871  9873  9868  9871  9829  9856  9889  9856  9835  9808  9790  9805
TBILIS 2019 10 03 2  9787  9856  9879  9853  9853  9880  9838  9813  9798  9817  9870  9861
TBILIS 2019 10 04 1  9847  9819  9840  9822  9796  9802  9775  9793  9768  9769  9727  9754
TBILIS 2019 10 04 2  9763  9793  9799  9796  9805  9814  9832  9829  9814  9834  9805  9834
TBILIS 2019 10 05 1  9790  9789  9766  9823  9796  9787  9774  9754  9784  9775  9786  9799
TBILIS 2019 10 05 2  9774  9811  9883  9880  9826  9832  9831  9835  9808  9754  9828  9792
TBILIS 2019 10 06 1  9778  9814  9826  9856  9789  9801  9832  9793  9813  9796  9820  9862
TBILIS 2019 10 06 2  9849  9874  9856  9834  9838  9880  9886  9933  9883  9895  9852  9825
TBILIS 2019 10 07 1  9859  9826  9817  9859  9805  9879  9834  9879  9855  9883  9819  9841
TBILIS 2019 10 07 2  9829  9891  9903  9909  9837  9877  9903  9840  9841  9862  9871  9817
TBILIS 2019 10 08 1  9810  9810  9855  9825  9831  9852  9814  9841  9802  9802  9820  9835
TBILIS 2019 10 08 2  9807  9859  9843  9832  9790  9816  9795  9790  9769  9786  9790  9784
TBILIS 2019 10 09 1  9754  9823  9786  9792  9841  9856  9808  9766  9774  9846  9849  9814
TBILIS 2019 10 09 2  9823  9835  9846  9789  9754  9829  9771  9760  9823  9751  9735  9730
TBILIS 2019 10 10 1  9708  9763  9730  9750  9774  9814  9822  9811  9838  9817  9823  9751
TBILIS 2019 10 10 2  9796  9814  9808  9865  9817  9813  9799  9822  9778  9796  9825  9781
TBILIS 2019 10 11 1  9783  9757  9790  9780  9777  9819  9819  9787  9784  9780  9759  9805
TBILIS 2019 10 11 2  9831  9835  9862  9831  9811  9852  9829  9835  9826  9787  9775  9799
TBILIS 2019 10 12 1  9852  9840  9799  9841  9835  9799  9817  9796  9844  9825  9868  9937
TBILIS 2019 10 12 2  9949  9894  9871  9891  9934  9954  9949  9973  9937  9964  9915  9898
TBILIS 2019 10 13 1  9877  9913  9919  9958  9937  9919  9834  9877  9835  9849  9804  9798
TBILIS 2019 10 13 2  9784  9822  9805  9820  9843  9808  9907  9883  9871  9940  9931  9925
TBILIS 2019 10 14 1  9916  9904  9976  9897  9942  9922  9895  9897  9907  9882  9835  9862
TBILIS 2019 10 14 2  9805  9802  9804  9865  9822  9838  9849  9820  9855  9846  9850  9862
TBILIS 2019 10 15 1  9859  9847  9835  9853  9903  9895  9841  9823  9856  9793  9799  9841
TBILIS 2019 10 15 2  9790  9808  9811  9808  9817  9793  9808  9790  9757  9798  9823  9789
TBILIS 2019 10 16 1  9802  9751  9811  9789  9828  9868  9831  9844  9831  9805  9814  9895
TBILIS 2019 10 16 2  9822  9805  9757  9796  9796  9832  9852  9795  9790  9846  9805  9811
TBILIS 2019 10 17 1  9829  9829  9850  9823  9865  9835  9826  9841  9829  9817  9838  9865
TBILIS 2019 10 17 2  9868  9802  9823  9894  9916  9841  9841  9850  9811  9859  9867  9880
TBILIS 2019 10 18 1  9817  9829  9787  9855  9853  9835  9805  9810  9808  9840  9781  9781
TBILIS 2019 10 18 2  9774  9825  9790  9828  9826  9775  9819  9798  9814  9796  9823  9814
TBILIS 2019 10 19 1  9835  9856  9832  9783  9834  9841  9843  9819  9835  9826  9792  9847
TBILIS 2019 10 19 2  9864  9856  9856  9883  9856  9886  9879  9864  9867  9820  9840  9865
TBILIS 2019 10 20 1  9855  9873  9861  9829  9844  9882  9871  9874  9856  9838  9834  9829
TBILIS 2019 10 20 2  9829  9841  9849  9855  9840  9874  9868  9837  9849  9847  9861  9880
TBILIS 2019 10 21 1  9894  9856  9868  9859  9868  9900  9889  9838  9844  9874  9844  9865
TBILIS 2019 10 21 2  9798  9801  9840  9799  9883  9823  9828  9868  9870  9829  9876  9844
TBILIS 2019 10 22 1  9859  9858  9874  9892  9853  9874  9865  9871  9901  9897  9919  9895
TBILIS 2019 10 22 2  9823  9868  9855  9841  9826  9847  9861  9849  9877  9849  9835  9879
TBILIS 2019 10 23 1  9843  9901  9894  9880  9888  9900  9922  9940  9886  9909  9898  9868
TBILIS 2019 10 23 2  9892  9856  9870  9868  9880  9886  9853  9855  9859  9889  9889  9853
TBILIS 2019 10 24 1  9916  9916  9910  9967  9927  9976  9910  9892  9876  9921  9949  9886
TBILIS 2019 10 24 2  9895  9904  9918  9903  9928  9919  9924  9925  9894  9901  9889  9855
TBILIS 2019 10 25 1  9931  9928  9901  9937  9924  9961  9931  9976  9966  9966  9907  9901
TBILIS 2019 10 25 2  9892  9871  9876  9925  9867  9856  9853  9862  9859  9859  9844  9826
TBILIS 2019 10 26 1  9856  9847  9829  9898  9883  9900  9864  9924  9862  9831  9886  9883
TBILIS 2019 10 26 2  9882  9840  9916  9879  9864  9847  9895  9924  9910  9867  9888  9871
TBILIS 2019 10 27 1  9892  9922  9901  9892  9883  9934  9916  9934  9886  9925  9904  9846
TBILIS 2019 10 27 2  9874  9886  9834  9844  9829  9895  9883  9856  9825  9855  9864  9838
TBILIS 2019 10 28 1  9868  9859  9871  9846  9850  9894  9877  9919  9918  9862  9894  9879
TBILIS 2019 10 28 2  9889  9898  9838  9888  9880  9835  9886  9904  9900  9859  9873  9898
TBILIS 2019 10 29 1  9907  9877  9906  9901  9874  9894  9873  9904  9904  9921  9859  9871
TBILIS 2019 10 29 2  9892  9867  9850  9850  9882  9888  9864  9864  9861  9877  9892  9906
TBILIS 2019 10 30 1  9883  9931  9919  9879  9925  9937  9885  9928  9888  9954  9886  9853
TBILIS 2019 10 30 2  9796  9843  9786  9757  9825  9829  9787  9858  9790  9870  9763  9805
TBILIS 2019 10 31 1  9856  9778  9811  9778  9823  9807  9799  9825  9807  9787  9793  9793
TBILIS 2019 10 31 2  9754  9778  9757  9777  9793  9822  9762  9816  9802  9780  9771  9793
Cosmic-Ray Neutron Monitor Data (Hourly, Pressure-Corrected and Scale-Adjusted Counts)
Collections: WDC for Cosmic Rays,Inst.for Space-Earth Environmental Reserach,Nagoya Univ
Data Access: http://cidas.isee.nagoya-u.ac.jp/WDCCR/index.html
Project: ICSU WDC
Citation: WDC for Cosmic Rays, Ins. for Space-Earth Environmental Res., Nagoya Univ.
Station ID  TBILIS
Station:  TBILISI, INSTITUT GEOPHYSIKY (IG), GIORGIAN ACADEMY OF SCIENCES                
Instrument: 18-NM-64 Corrected to 965 mb Standard Pressure, Coef =-0.69 %/mb                
Latitude (deg.):   41.43  Longitude (deg.):   44.48  Altitude (m):  510.00
Cut-Off Rigidity (GV):    6.73
Year: 2019  Month:  11
Scaling Factor (SF):    64.0   Constant (CONST):     0.0  Real Counts = (DATA + CONST)*SF
Temporal Resolution: 1 hour
UTC Start Hour:     0.0
TBILISI,NUTSUBIDSE 77, GIORGIA           DATA FROM  IZMIRAN                     
ftp://cr0.izmiran.rssi.ru/Cosray!/FTP_NM/C/             
Monthly Average:  9849.1
Updated (YYYY MM DD): 2021 05 10
*******************************************************************************************
ID     YYYY MM DD 1     0     1     2     3     4     5     6     7     8     9    10    11
ID     YYYY MM DD 2    12    13    14    15    16    17    18    19    20    21    22    23
*******************************************************************************************
TBILIS 2019 11 01 1  9834  9825  9814  9784  9810  9786  9792  9757  9757  9769  9765  9796
TBILIS 2019 11 01 2  9760  9741  9742  9742  9735  9754  9742  9760  9754  9739  9739  9765
TBILIS 2019 11 02 1  9790  9775  9796  9796  9814  9838  9831  9811  9819  9793  9768  9726
TBILIS 2019 11 02 2  9715  9757  9778  9858  9810  9852  9825  9814  9829  9814  9861  9847
TBILIS 2019 11 03 1  9843  9847  9844  9852  9858  9844  9865  9849  9828  9793  9829  9816
TBILIS 2019 11 03 2  9769  9817  9796  9808  9820  9822  9844  9775  9808  9831  9796  9781
TBILIS 2019 11 04 1  9831  9840  9816  9816  9808  9831  9804  9787  9790  9766  9766  9772
TBILIS 2019 11 04 2  9750  9817  9802  9774  9781  9763  9784  9799  9811  9802  9772  9816
TBILIS 2019 11 05 1  9817  9798  9840  9805  9783  9807  9810  9802  9810  9772  9778  9763
TBILIS 2019 11 05 2  9787  9796  9790  9841  9819  9789  9792  9760  9763  9772  9790  9804
TBILIS 2019 11 06 1  9787  9796  9825  9793  9793  9847  9795  9822  9793  9808  9796  9808
TBILIS 2019 11 06 2  9808  9828  9826  9802  9805  9855  9814  9835  9802  9850  9832  9805
TBILIS 2019 11 07 1  9763  9834  9808  9816  9849  9825  9859  9835  9792  9775  9790  9817
TBILIS 2019 11 07 2  9799  9865  9805  9868  9786  9835  9837  9835  9808  9838  9775  9829
TBILIS 2019 11 08 1  9828  9847  9808  9843  9793  9811  9844  9816  9807  9802  9838  9774
TBILIS 2019 11 08 2  9793  9793  9807  9822  9841  9793  9838  9829  9813  9795  9801  9844
TBILIS 2019 11 09 1  9799  9805  9858  9832  9814  9805  9847  9838  9823  9781  9808  9840
TBILIS 2019 11 09 2  9843  9843  9811  9865  9831  9846  9843  9805  9820  9861  9795  9849
TBILIS 2019 11 10 1  9852  9868  9906  9855  9880  9841  9853  9880  9829  9831  9820  9837
TBILIS 2019 11 10 2  9834  9829  9847  9813  9837  9862  9844  9807  9880  9868  9874  9835
TBILIS 2019 11 11 1  9853  9883  9862  9894  9889  9913  9906  9922  9835  9820  9817  9790
TBILIS 2019 11 11 2  9865  9811  9823  9838  9828  9850  9832  9810  9820  9850  9873  9822
TBILIS 2019 11 12 1  9850  9844  9856  9886  9850  9856  9832  9889  9868  9820  9808  9810
TBILIS 2019 11 12 2  9817  9799  9820  9784  9739  9793  9756  9784  9796  9802  9762  9784
TBILIS 2019 11 13 1  9772  9832  9808  9837  9846  9880  9817  9853  9843  9844  9853  9867
TBILIS 2019 11 13 2  9841  9849  9838  9808  9829  9826  9819  9858  9838  9841  9804  9807
TBILIS 2019 11 14 1  9835  9847  9880  9916  9898  9921  9918  9904  9873  9876  9864  9874
TBILIS 2019 11 14 2  9823  9874  9883  9861  9871  9846  9859  9858  9808  9832  9879  9852
TBILIS 2019 11 15 1  9853  9870  9829  9847  9886  9916  9924  9874  9864  9858  9841  9880
TBILIS 2019 11 15 2  9856  9876  9873  9855  9849  9841  9871  9852  9892  9850  9880  9835
TBILIS 2019 11 16 1  9871  9910  9856  9916  9913  9889  9928  9910  9856  9913  9865  9903
TBILIS 2019 11 16 2  9829  9847  9856  9874  9892  9874  9903  9891  9847  9853  9870  9883
TBILIS 2019 11 17 1  9859  9873  9916  9862  9883  9900  9910  9949  9916  9924  9927  9880
TBILIS 2019 11 17 2  9838  9856  9865  9874  9862  9874  9856  9865  9918  9865  9894  9861
TBILIS 2019 11 18 1  9891  9889  9886  9904  9874  9931  9910  9903  9937  9921  9919  9906
TBILIS 2019 11 18 2  9898  9874  9885  9838  9849  9847  9852  9850  9898  9825  9826  9843
TBILIS 2019 11 19 1  9868  9877  9880  9924  9927  9897  9892  9952  9954  9942  9913  9837
TBILIS 2019 11 19 2  9838  9891  9832  9847  9808  9817  9840  9798  9802  9790  9796  9820
TBILIS 2019 11 20 1  9879  9853  9871  9879  9850  9894  9891  9895  9859  9928  9888  9849
TBILIS 2019 11 20 2  9885  9898  9876  9849  9823  9855  9814  9853  9847  9808  9849  9862
TBILIS 2019 11 21 1  9850  9880  9880  9873  9858  9892  9889  9892  9895  9907  9832  9877
TBILIS 2019 11 21 2  9877  9838  9883  9886  9865  9916  9925  9904  9904  9898  9862  9808
TBILIS 2019 11 22 1  9856  9823  9868  9865  9853  9921  9913  9910  9900  9906  9924  9871
TBILIS 2019 11 22 2  9865  9880  9847  9888  9874  9850  9892  9897  9897  9876  9847  9897
TBILIS 2019 11 23 1  9910  9885  9867  9849  9832  9805  9820  9793  9823  9837  9856  9868
TBILIS 2019 11 23 2  9892  9913  9919  9903  9895  9880  9868  9850  9832  9882  9886  9907
TBILIS 2019 11 24 1  9946  9937  9972  9961  9967  9949  9961  9969  9952  9928  9892  9885
TBILIS 2019 11 24 2  9856  9898  9862  9873  9853  9853  9846  9886  9843  9849  9840  9847
TBILIS 2019 11 25 1  9810  9840  9844  9844  9856  9913  9906  9895  9913  9871  9829  9838
TBILIS 2019 11 25 2  9871  9856  9820  9841  9832  9838  9817  9862  9832  9820  9877  9835
TBILIS 2019 11 26 1  9826  9820  9850  9828  9808  9807  9834  9810  9847  9858  9811  9811
TBILIS 2019 11 26 2  9799  9787  9873  9810  9799  9811  9796  9792  9826  9849  9829  9814
TBILIS 2019 11 27 1  9813  9823  9799  9793  9811  9816  9793  9808  9817  9820  9772  9799
TBILIS 2019 11 27 2  9811  9825  9799  9813  9820  9778  9783  9832  9808  9822  9811  9841
TBILIS 2019 11 28 1  9793  9820  9853  9799  9801  9772  9792  9781  9751  9799  9751  9778
TBILIS 2019 11 28 2  9808  9820  9790  9813  9787  9777  9771  9763  9796  9787  9784  9799
TBILIS 2019 11 29 1  9766  9787  9832  9835  9828  9802  9784  9831  9831  9796  9801  9826
TBILIS 2019 11 29 2  9781  9796  9838  9837  9825  9777  9825  9793  9828  9838  9807  9816
TBILIS 2019 11 30 1  9871  9846  9846  9844  9837  9841  9787  9826  9810  9802  9808  9802
TBILIS 2019 11 30 2  9765  9792  9769  9760  9775  9754  9760  9745  9721  9745  9781  9787
TBILIS 2019 11 31 1 99999 99999 99999 99999 99999 99999 99999 99999 99999 99999 99999 99999
TBILIS 2019 11 31 2 99999 99999 99999 99999 99999 99999 99999 99999 99999 99999 99999 99999
Cosmic-Ray Neutron Monitor Data (Hourly, Pressure-Corrected and Scale-Adjusted Counts)
Collections: WDC for Cosmic Rays,Inst.for Space-Earth Environmental Reserach,Nagoya Univ
Data Access: http://cidas.isee.nagoya-u.ac.jp/WDCCR/index.html
Project: ICSU WDC
Citation: WDC for Cosmic Rays, Ins. for Space-Earth Environmental Res., Nagoya Univ.
Station ID  TBILIS
Station:  TBILISI, INSTITUT GEOPHYSIKY (IG), GIORGIAN ACADEMY OF SCIENCES                
Instrument: 18-NM-64 Corrected to 965 mb Standard Pressure, Coef =-0.69 %/mb                
Latitude (deg.):   41.43  Longitude (deg.):   44.48  Altitude (m):  510.00
Cut-Off Rigidity (GV):    6.73
Year: 2019  Month:  12
Scaling Factor (SF):    64.0   Constant (CONST):     0.0  Real Counts = (DATA + CONST)*SF
Temporal Resolution: 1 hour
UTC Start Hour:     0.0
TBILISI,NUTSUBIDSE 77, GIORGIA           DATA FROM  IZMIRAN                     
ftp://cr0.izmiran.rssi.ru/Cosray!/FTP_NM/C/             
Monthly Average:  9849.1
Updated (YYYY MM DD): 2021 05 10
*******************************************************************************************
ID     YYYY MM DD 1     0     1     2     3     4     5     6     7     8     9    10    11
ID     YYYY MM DD 2    12    13    14    15    16    17    18    19    20    21    22    23
*******************************************************************************************
TBILIS 2019 12 01 1 99999 99999 99999 99999 99999 99999 99999 99999 99999 99999 99999 99999
TBILIS 2019 12 01 2 99999 99999 99999 99999 99999 99999 99999 99999 99999 99999 99999 99999
TBILIS 2019 12 02 1 99999 99999 99999 99999 99999 99999 99999 99999 99999 99999 99999 99999
TBILIS 2019 12 02 2 99999 99999 99999 99999 99999 99999 99999 99999 99999 99999 99999 99999
TBILIS 2019 12 03 1 99999 99999 99999 99999 99999 99999 99999 99999 99999 99999 99999 99999
TBILIS 2019 12 03 2 99999 99999 99999 99999 99999 99999 99999 99999 99999 99999 99999 99999
TBILIS 2019 12 04 1 99999 99999 99999 99999 99999 99999 99999 99999 99999 99999 99999 99999
TBILIS 2019 12 04 2 99999 99999 99999 99999 99999 99999 99999 99999 99999 99999 99999 99999
TBILIS 2019 12 05 1 99999 99999 99999 99999 99999 99999 99999 99999 99999 99999 99999 99999
TBILIS 2019 12 05 2 99999 99999 99999 99999 99999 99999 99999 99999 99999 99999 99999 99999
TBILIS 2019 12 06 1 99999 99999 99999 99999 99999 99999 99999 99999 99999 99999 99999 99999
TBILIS 2019 12 06 2 99999 99999 99999 99999 99999 99999 99999 99999 99999 99999 99999 99999
TBILIS 2019 12 07 1 99999 99999 99999 99999 99999 99999 99999 99999 99999 99999 99999 99999
TBILIS 2019 12 07 2 99999 99999 99999 99999 99999 99999 99999 99999 99999 99999 99999 99999
TBILIS 2019 12 08 1 99999 99999 99999 99999 99999 99999 99999 99999 99999 99999 99999 99999
TBILIS 2019 12 08 2 99999 99999 99999 99999 99999 99999 99999 99999 99999 99999 99999 99999
TBILIS 2019 12 09 1 99999 99999 99999 99999 99999 99999 99999 99999 99999 99999 99999 99999
TBILIS 2019 12 09 2 99999 99999 99999 99999 99999 99999 99999 99999 99999 99999 99999 99999
TBILIS 2019 12 10 1 99999 99999 99999 99999 99999 99999 99999 99999 99999 99999 99999 99999
TBILIS 2019 12 10 2 99999 99999 99999 99999 99999 99999 99999 99999 99999 99999 99999 99999
TBILIS 2019 12 11 1 99999 99999 99999 99999 99999 99999 99999 99999 99999 99999 99999 99999
TBILIS 2019 12 11 2 99999 99999 99999 99999 99999 99999 99999 99999 99999 99999 99999 99999
TBILIS 2019 12 12 1 99999 99999 99999 99999 99999 99999 99999 99999 99999 99999 99999 99999
TBILIS 2019 12 12 2 99999 99999 99999 99999 99999 99999 99999 99999 99999 99999 99999 99999
TBILIS 2019 12 13 1 99999 99999 99999 99999 99999 99999 99999 99999 99999 99999 99999 99999
TBILIS 2019 12 13 2 99999 99999 99999 99999 99999 99999 99999 99999 99999 99999 99999 99999
TBILIS 2019 12 14 1 99999 99999 99999 99999 99999 99999 99999 99999 99999 99999 99999 99999
TBILIS 2019 12 14 2 99999 99999 99999 99999 99999 99999 99999 99999 99999 99999 99999 99999
TBILIS 2019 12 15 1 99999 99999 99999 99999 99999 99999 99999 99999 99999 99999 99999 99999
TBILIS 2019 12 15 2 99999 99999 99999 99999 99999 99999 99999 99999 99999 99999 99999 99999
TBILIS 2019 12 16 1 99999 99999 99999 99999 99999 99999 99999 99999 99999 99999 99999 99999
TBILIS 2019 12 16 2 99999 99999 99999 99999 99999 99999 99999 99999 99999 99999 99999 99999
TBILIS 2019 12 17 1 99999 99999 99999 99999 99999 99999 99999 99999 99999 99999 99999 99999
TBILIS 2019 12 17 2 99999 99999 99999 99999 99999 99999 99999 99999 99999 99999 99999 99999
TBILIS 2019 12 18 1 99999 99999 99999 99999 99999 99999 99999 99999 99999 99999 99999 99999
TBILIS 2019 12 18 2 99999 99999 99999 99999 99999 99999 99999 99999 99999 99999 99999 99999
TBILIS 2019 12 19 1 99999 99999 99999 99999 99999 99999 99999 99999 99999 99999 99999 99999
TBILIS 2019 12 19 2 99999 99999 99999 99999 99999 99999 99999 99999 99999 99999 99999 99999
TBILIS 2019 12 20 1 99999 99999 99999 99999 99999 99999 99999 99999 99999 99999 99999 99999
TBILIS 2019 12 20 2 99999 99999 99999 99999 99999 99999 99999 99999 99999 99999 99999 99999
TBILIS 2019 12 21 1 99999 99999 99999 99999 99999 99999 99999 99999 99999 99999 99999 99999
TBILIS 2019 12 21 2 99999 99999 99999 99999 99999 99999 99999 99999 99999 99999 99999 99999
TBILIS 2019 12 22 1 99999 99999 99999 99999 99999 99999 99999 99999 99999 99999 99999 99999
TBILIS 2019 12 22 2 99999 99999 99999 99999 99999 99999 99999 99999 99999 99999 99999 99999
TBILIS 2019 12 23 1 99999 99999 99999 99999 99999 99999 99999 99999 99999 99999 99999 99999
TBILIS 2019 12 23 2 99999 99999 99999 99999 99999 99999 99999 99999 99999 99999 99999 99999
TBILIS 2019 12 24 1 99999 99999 99999 99999 99999 99999 99999 99999 99999 99999 99999 99999
TBILIS 2019 12 24 2 99999 99999 99999 99999 99999 99999 99999 99999 99999 99999 99999 99999
TBILIS 2019 12 25 1 99999 99999 99999 99999 99999 99999 99999 99999 99999 99999 99999 99999
TBILIS 2019 12 25 2 99999 99999 99999 99999 99999 99999 99999 99999 99999 99999 99999 99999
TBILIS 2019 12 26 1 99999 99999 99999 99999 99999 99999 99999 99999 99999 99999 99999 99999
TBILIS 2019 12 26 2 99999 99999 99999 99999 99999 99999 99999 99999 99999 99999 99999 99999
TBILIS 2019 12 27 1 99999 99999 99999 99999 99999 99999 99999 99999 99999 99999 99999 99999
TBILIS 2019 12 27 2 99999 99999 99999 99999 99999 99999 99999 99999 99999 99999 99999 99999
TBILIS 2019 12 28 1 99999 99999 99999 99999 99999 99999 99999 99999 99999 99999 99999 99999
TBILIS 2019 12 28 2 99999 99999 99999 99999 99999 99999 99999 99999 99999 99999 99999 99999
TBILIS 2019 12 29 1 99999 99999 99999 99999 99999 99999 99999 99999 99999 99999 99999 99999
TBILIS 2019 12 29 2 99999 99999 99999 99999 99999 99999 99999 99999 99999 99999 99999 99999
TBILIS 2019 12 30 1 99999 99999 99999 99999 99999 99999 99999 99999 99999 99999 99999 99999
TBILIS 2019 12 30 2 99999 99999 99999 99999 99999 99999 99999 99999 99999 99999 99999 99999
TBILIS 2019 12 31 1 99999 99999 99999 99999 99999 99999 99999 99999 99999 99999 99999 99999
TBILIS 2019 12 31 2 99999 99999 99999 99999 99999 99999 99999 99999 99999 99999 99999 99999
