Cosmic-Ray Neutron Monitor Data (Hourly, Pressure-Corrected and Scale-Adjusted Counts)
Collections: WDC for Cosmic Rays, Solar-Terrestrial Environment Laboratory, Nagoya Univ.
Data Access: http://center.stelab.nagoya-u.ac.jp/WDCCR/index.html
Project: ICSU WDC
Citation: WDC for Cosmic Rays, Solar-Terrestrial Environment Laboratory, Nagoya University
Station ID: TBILIS
Station:  TBILISI,GIORGIA,INSTITUT GEOPHYSIKY (IG), GIORGIAN ACADEMY OF SCIENCES,GIORGIA 
Instrument: 18-NM-64 Corrected to 965 mb Standard Pressure, Coef =-0.69 %/mb                
Latitude (deg.):   41.43  Longitude (deg.):   44.48  Altitude (m):  510.00
Cut-Off Rigidity (GV):    6.73
Year: 2010  Month:   1
Scaling Factor (SF):    64.0   Constant (CONST):     0.0  Real Counts = (DATA + CONST)*SF
Temporal Resolution: 1 hour
UTC Start Hour:     0.0
DATA FILE IS PREPARED BY IZMIRAN (ftp://cr0.izmiran.rssi.ru/Cosray!/FTP_NM/C/)  
                                                        
Monthly Average:  8991.2
Updated (YYYY MM DD): 2011 03 02
*******************************************************************************************
ID     YYYY MM DD 1     0     1     2     3     4     5     6     7     8     9    10    11
ID     YYYY MM DD 2    12    13    14    15    16    17    18    19    20    21    22    23
*******************************************************************************************
TBILIS 2010 01 01 1  9061  9003  9043  9064  9009  8997  9014  9034  9063  9063  9056  9041
TBILIS 2010 01 01 2  8985  8980  9020  9015  9002  8960  8956  8947  8941  8976  8981  8963
TBILIS 2010 01 02 1  8984  8983  8966  8964  8981  8938  8978  8967  8954  8979  8977  8984
TBILIS 2010 01 02 2  8957  8964  8981  9055  9019  9054  9064  9047  9065  9022  9043  9073
TBILIS 2010 01 03 1  9013  9036  9036  9040  9022  9040  9028  9040  9013  9020  9022  9023
TBILIS 2010 01 03 2  8981  8965  8941  8963  8948  8976  8967  9023  9017  9064  9075  9047
TBILIS 2010 01 04 1  9055  9043  9050  9063  9018  9052  9023  9025  9058  9089  9025  9050
TBILIS 2010 01 04 2  9031  9015  9028  8988  8959  8974  9035  9028  9027  9001  9017  8992
TBILIS 2010 01 05 1  9026  9050  8978  8981  8985  8916  8988  9005  8991  9023  9021  9011
TBILIS 2010 01 05 2  8993  8991  9050  9035  9035  8982  8990  8981  8959  8969  8991  8935
TBILIS 2010 01 06 1  8969  8979  8942  8970  8908  8999  9018  9000  9028  9028  9040  8982
TBILIS 2010 01 06 2  8996  9022  9041  8953  8991  8968  8972  9004  9026  8964  8945  8959
TBILIS 2010 01 07 1  8977  8953  9020  8988  8991  8985  9020  9002  9023  9041  9031  9030
TBILIS 2010 01 07 2  8991  9004  8936  9007  9017  9006  8968  8994  8950  8975  8951  8953
TBILIS 2010 01 08 1  8928  8933  8960  8977  8979  8971  9042  8988  9044  9019  8964  8970
TBILIS 2010 01 08 2  9013  8993  8993  8967  9025  8976  8972  8926  8923  8962  8921  8982
TBILIS 2010 01 09 1  8958  8985  8981  8983  8978  9043  9016  9027  9023  9027  9024  8999
TBILIS 2010 01 09 2  9034  9037  8972  8986  8960  8987  8969  8950  8942  8941  8961  8941
TBILIS 2010 01 10 1  8953  8980  8976  8974  8986  8951  8980  9037  9055  9068  9066  9112
TBILIS 2010 01 10 2  9056  9055  9031  9033  8991  9000  9012  8981  8968  8941  8931  8913
TBILIS 2010 01 11 1  8892  8893  8894  8920  8904  8900  8969  8962  8992  9006  9003  8988
TBILIS 2010 01 11 2  9013  8997  9010  8982  9007  8991  8957  8971  8999  8936  8950  8930
TBILIS 2010 01 12 1  8921  8942  8942  8898  8902  8933  8890  8926  8978  9020  9036  9027
TBILIS 2010 01 12 2  9034  8991  8989  9001  9025  9042  9025  9009  9033  9055  9009  9010
TBILIS 2010 01 13 1  9069  9079  9061  9059  9055  9073  9102  9089  9099  9105  9104  9102
TBILIS 2010 01 13 2  9094  9087  9054  9087  9084  9094  9087  9103  9045  9063  9078  9051
TBILIS 2010 01 14 1  9037  9038  8983  8932  8952  8911  8900  8909  8911  8963  8915  8958
TBILIS 2010 01 14 2  8948  8982  8985  8927  8927  8936  8944  8887  8850  8888  8846  8865
TBILIS 2010 01 15 1  8899  8917  8921  8933  8918  8976  8983  8941  8963  8938  9024  8971
TBILIS 2010 01 15 2  8988  8983  8923  8908  8954  8887  8922  8969  8971  8865  8921  8861
TBILIS 2010 01 16 1  8887  8935  8947  8901  8953  8927  8939  8990  8986  9005  9009  9020
TBILIS 2010 01 16 2  9010  9030  8984  8972  8956  9009  8964  8960  8988  8967  8968  8977
TBILIS 2010 01 17 1  8984  8968  8974  8959  8971  9046  9011  9025  9028  9027  9050  9010
TBILIS 2010 01 17 2  9034  9017  9024  9014  8987  8999  9007  9019  9037  8987  9007  8990
TBILIS 2010 01 18 1  8958  8949  8998  8986  8990  8990  9016  9014  9043  9037  9033  9030
TBILIS 2010 01 18 2  9010  9014  9005  9062  9062  9088  9028  9063  9062  8987  8997  9041
TBILIS 2010 01 19 1  9078  9032  9054  9035  9033  9025  8990  9055  9008  9012  9061  9045
TBILIS 2010 01 19 2  9026  9007  9019  9014  9026  9011  9027  9045  9026  9033  9052  9002
TBILIS 2010 01 20 1  9042  9010  9006  9029  9020  9023  9039  9030  9065  9052  9056  9054
TBILIS 2010 01 20 2  9020  9021  9017  9065  9026  9070  9069  9084  9018  8979  8974  8944
TBILIS 2010 01 21 1  8974  8998  8973  8978  8973  9007  8962  8886  8908  8957  8947  8932
TBILIS 2010 01 21 2  8938  8946  8974  8965  8936  8939  8950  8962  8954  8922  8912  8918
TBILIS 2010 01 22 1  8932  8952  8943  8921  8983  8960  9025  9046  9000  9027  9024  9040
TBILIS 2010 01 22 2  8966  8997  8973  8972  8946  8963  8948  8955  8969  8963  8921  8881
TBILIS 2010 01 23 1  8884  8880  8860  8880  8884  8909  8897  8946  8943  8974  8980  8973
TBILIS 2010 01 23 2  8963  8986  8979  8985  8994  8978  8994  8980  8963  8945  8937  8948
TBILIS 2010 01 24 1  8934  8930  8922  8944  8981  9018  9048  9082  9009  8990  9030  9022
TBILIS 2010 01 24 2  9000  8998  9054  8970  9023  8988  9027  9046  9004  9041  9001  9048
TBILIS 2010 01 25 1  9033  9032  9028  9059  9069  9071  9095  9072  9124  9119  9093  9066
TBILIS 2010 01 25 2  9078  9038  9062  9062  9045  9055  9064  9019  9026  9069  9016  9036
TBILIS 2010 01 26 1  9054  9039  9060  9046  9048  9016  9004  9014  9033  9070  9036  9017
TBILIS 2010 01 26 2  9008  9000  8989  8980  8990  8952  8968  8954  8932  8900  8936  8927
TBILIS 2010 01 27 1  8932  8914  8930  8938  8923  8969  9003  8968  8952  8985  9004  8975
TBILIS 2010 01 27 2  8977  8955  8982  8955  8914  8951  8960  8947  8931  8982  8929  8944
TBILIS 2010 01 28 1  8952  8991  8990  8999  8976  9016  9011  9023  9026  9053  9023  8992
TBILIS 2010 01 28 2  8967  8973  9025  8981  9004  8991  9001  8942  8917  8955  8960  8964
TBILIS 2010 01 29 1  8934  8946  8910  8943  8968  8956  8948  9000  8988  9046  8977  9012
TBILIS 2010 01 29 2  8980  8960  8998  8985  8996  8991  8991  8974  8962  8950  8943  8944
TBILIS 2010 01 30 1  8950  8950  8978  8938  8954  8997  9010  8994  8981  8970  8961  8969
TBILIS 2010 01 30 2  9011  8971  8976  8995  8982  8967  9006  8995  8977  8937  8994  8945
TBILIS 2010 01 31 1  8948  8977  8981  8989  8952  8987  9024  9011  8984  8931  8934  9000
TBILIS 2010 01 31 2  8971  8949  8921  8943  8922  8983  8967  8972  8956  8960  8930  8965
Cosmic-Ray Neutron Monitor Data (Hourly, Pressure-Corrected and Scale-Adjusted Counts)
Collections: WDC for Cosmic Rays, Solar-Terrestrial Environment Laboratory, Nagoya Univ.
Data Access: http://center.stelab.nagoya-u.ac.jp/WDCCR/index.html
Project: ICSU WDC
Citation: WDC for Cosmic Rays, Solar-Terrestrial Environment Laboratory, Nagoya University
Station ID: TBILIS
Station:  TBILISI,GIORGIA,INSTITUT GEOPHYSIKY (IG), GIORGIAN ACADEMY OF SCIENCES,GIORGIA 
Instrument: 18-NM-64 Corrected to 965 mb Standard Pressure, Coef =-0.69 %/mb                
Latitude (deg.):   41.43  Longitude (deg.):   44.48  Altitude (m):  510.00
Cut-Off Rigidity (GV):    6.73
Year: 2010  Month:   2
Scaling Factor (SF):    64.0   Constant (CONST):     0.0  Real Counts = (DATA + CONST)*SF
Temporal Resolution: 1 hour
UTC Start Hour:     0.0
DATA FILE IS PREPARED BY IZMIRAN (ftp://cr0.izmiran.rssi.ru/Cosray!/FTP_NM/C/)  
                                                        
Monthly Average:  8926.9
Updated (YYYY MM DD): 2011 03 02
*******************************************************************************************
ID     YYYY MM DD 1     0     1     2     3     4     5     6     7     8     9    10    11
ID     YYYY MM DD 2    12    13    14    15    16    17    18    19    20    21    22    23
*******************************************************************************************
TBILIS 2010 02 01 1  8937  8929  8914  8952  8974  9022  9041  8991  8974  9004  9020  8995
TBILIS 2010 02 01 2  8973  8996  8970  8920  8907  8908  8955  8910  8905  8925  8865  8898
TBILIS 2010 02 02 1  8861  8876  8887  8880  8905  8931  9034  8984  8981  9031  9030  9000
TBILIS 2010 02 02 2  8983  8990  8956  9008  9020  8995  8982  8964  8979  8922  8941  8972
TBILIS 2010 02 03 1  8962  8970  8987  8954  8936  8969  8944  8980  9008  9024  9012  9024
TBILIS 2010 02 03 2  8989  8980  8976  8989  8956  9018  9005  8988  8981  9014  8980  8991
TBILIS 2010 02 04 1  8945  8943  8963  8982  8959  8973  8999  8994  9045  9050  9034  9048
TBILIS 2010 02 04 2  9040  9028  9023  9035  9022  9055  8947  8996  8970  8958  8974  8914
TBILIS 2010 02 05 1  8951  8948  8919  8941  8974  9002  9016  9043  9057  9024  9021  9054
TBILIS 2010 02 05 2  9024  9040  9039  9013  9005  9014  8988  8942  8965  8980  8923  8906
TBILIS 2010 02 06 1  8894  8891  8893  8869  8787  8865  8878  8853  8874  8868  8882  8858
TBILIS 2010 02 06 2  8879  8856  8881  8873  8846  8804  8842  8809  8857  8836  8832  8795
TBILIS 2010 02 07 1  8840  8846  8816  8822  8857  8877  8904  8942  8890  8903  8905  8920
TBILIS 2010 02 07 2  8857  8914  8857  8901  8885  8863  8851  8827  8822  8822  8851  8868
TBILIS 2010 02 08 1  8861  8860  8874  8874  8855  8892  8853  8861  8842  8875  8809  8779
TBILIS 2010 02 08 2  8786  8797  8806  8814  8832  8840  8822  8837  8834  8826  8806  8852
TBILIS 2010 02 09 1  8858  8885  8932  8912  8926  8955  8969  8923  8935  8950  8949  8941
TBILIS 2010 02 09 2  8950  8925  8916  8916  8883  8864  8874  8838  8870  8855  8864  8851
TBILIS 2010 02 10 1  8886  8853  8852  8864  8888  8913  8943  8952  8955  8988  8969  8954
TBILIS 2010 02 10 2  8951  8937  8923  8928  8870  8872  8911  8911  8921  8884  8895  8915
TBILIS 2010 02 11 1  8928  8890  8906  8889  8963  8948  8959  8929  8946  8914  8891  8914
TBILIS 2010 02 11 2  8883  8890  8860  8871  8835  8842  8791  8804  8827  8756  8798  8764
TBILIS 2010 02 12 1  8786  8793  8829  8777  8806  8776  8821  8845  8842  8832  8826  8839
TBILIS 2010 02 12 2  8834  8787  8837  8849  8818  8837  8841  8844  8821  8802  8822  8808
TBILIS 2010 02 13 1  8835  8820  8844  8857  8859  8871  8841  8856  8837  8830  8840  8839
TBILIS 2010 02 13 2  8858  8860  8837  8840  8835  8837  8822  8793  8815  8801  8787  8804
TBILIS 2010 02 14 1  8838  8854  8843  8869  8867  8894  8883  8885  8876  8889  8878  8882
TBILIS 2010 02 14 2  8849  8866  8835  8905  8881  8898  8911  8945  8928  8948  8952  8981
TBILIS 2010 02 15 1  8985  8976  8953  8907  8916  8888  8882  8923  8950  8982  8975  8943
TBILIS 2010 02 15 2  8955  8876  8855  8847  8894  8925  8886  8864  8893  8908  8878  8877
TBILIS 2010 02 16 1  8908  8852  8811  8849  8834  8852  8886  8888  8954  8937  8943  8951
TBILIS 2010 02 16 2  8968  8998  8956  8925  8950  8941  8932  8917  8910  8891  8876  8868
TBILIS 2010 02 17 1  8864  8881  8909  8927  8923  8943  8939  8987  8929  8905  8928  8906
TBILIS 2010 02 17 2  8894  8925  8905  8924  8913  8919  8909  8939  8930  8889  8880  8891
TBILIS 2010 02 18 1  8867  8912  8926  8969  9001  8976  8998  8994  8960  8992  9005  8967
TBILIS 2010 02 18 2  8944  8950  8948  8888  8873  8869  8864  8834  8867  8829  8779  8767
TBILIS 2010 02 19 1  8794  8809  8808  8791  8790  8813  8891  8903  8914  8932  8918  8935
TBILIS 2010 02 19 2  8912  8899  8888  8890  8874  8860  8869  8826  8843  8781  8811  8793
TBILIS 2010 02 20 1  8853  8808  8841  8823  8812  8851  8869  8911  8916  8916  8873  8933
TBILIS 2010 02 20 2  8922  8889  8896  8921  8920  8905  8928  8970  8958  8970  8970  8965
TBILIS 2010 02 21 1  9007  8993  8990  8957  8925  8954  8981  9027  9071  9158  9173  9162
TBILIS 2010 02 21 2  9142  9130  9116  9072  9052  9066  9045  8958  8937  8912  8943  8977
TBILIS 2010 02 22 1  8992  8986  8939  9002  8983  8983  8992  9005  8994  8984  9014  8997
TBILIS 2010 02 22 2  8980  8985  8987  8991  9017  9032  8977  8967  8952  8913  8960  8956
TBILIS 2010 02 23 1  8943  8972  8942  8945  9019  9029  9002  9003  9017  9063  9044  9050
TBILIS 2010 02 23 2  9061  9030  8994  8995  8993  9001  8935  8948  8907  8925  8903  8943
TBILIS 2010 02 24 1  8920  8976  8972  8980  8946  8978  9026  9037  9034  9078  9052  9037
TBILIS 2010 02 24 2  9054  9011  9005  8994  8968  8969  8936  8957  8925  8960  8928  8952
TBILIS 2010 02 25 1  8959  8960  9000  8948  9001  8987  8985  8999  9022  8985  8964  8987
TBILIS 2010 02 25 2  8954  8951  8982  8948  8922  8908  8916  8936  8933  8939  8919  8899
TBILIS 2010 02 26 1  8911  8939  8931  8950  8947  8917  8945  9031  9015  9018  9054  9015
TBILIS 2010 02 26 2  9015  8968  9023  8943  9035  9015  9007  9015  9036  9032  8998  9054
TBILIS 2010 02 27 1  9030  9037  9007  9025  8996  8993  8991  9003  9024  9019  9025  8954
TBILIS 2010 02 27 2  8958  8974  8955  8958  8976  8989  8967  8997  9015  8966  8957  8969
TBILIS 2010 02 28 1 99999 99999 99999 99999 99999 99999 99999 99999 99999 99999 99999 99999
TBILIS 2010 02 28 2 99999 99999 99999 99999 99999 99999 99999 99999 99999 99999 99999 99999
TBILIS 2010 02 29 1 99999 99999 99999 99999 99999 99999 99999 99999 99999 99999 99999 99999
TBILIS 2010 02 29 2 99999 99999 99999 99999 99999 99999 99999 99999 99999 99999 99999 99999
TBILIS 2010 02 30 1 99999 99999 99999 99999 99999 99999 99999 99999 99999 99999 99999 99999
TBILIS 2010 02 30 2 99999 99999 99999 99999 99999 99999 99999 99999 99999 99999 99999 99999
TBILIS 2010 02 31 1 99999 99999 99999 99999 99999 99999 99999 99999 99999 99999 99999 99999
TBILIS 2010 02 31 2 99999 99999 99999 99999 99999 99999 99999 99999 99999 99999 99999 99999
Cosmic-Ray Neutron Monitor Data (Hourly, Pressure-Corrected and Scale-Adjusted Counts)
Collections: WDC for Cosmic Rays, Solar-Terrestrial Environment Laboratory, Nagoya Univ.
Data Access: http://center.stelab.nagoya-u.ac.jp/WDCCR/index.html
Project: ICSU WDC
Citation: WDC for Cosmic Rays, Solar-Terrestrial Environment Laboratory, Nagoya University
Station ID: TBILIS
Station:  TBILISI,GIORGIA,INSTITUT GEOPHYSIKY (IG), GIORGIAN ACADEMY OF SCIENCES,GIORGIA 
Instrument: 18-NM-64 Corrected to 965 mb Standard Pressure, Coef =-0.69 %/mb                
Latitude (deg.):   41.43  Longitude (deg.):   44.48  Altitude (m):  510.00
Cut-Off Rigidity (GV):    6.73
Year: 2010  Month:   3
Scaling Factor (SF):    64.0   Constant (CONST):     0.0  Real Counts = (DATA + CONST)*SF
Temporal Resolution: 1 hour
UTC Start Hour:     0.0
DATA FILE IS PREPARED BY IZMIRAN (ftp://cr0.izmiran.rssi.ru/Cosray!/FTP_NM/C/)  
                                                        
Monthly Average:  8804.1
Updated (YYYY MM DD): 2011 03 02
*******************************************************************************************
ID     YYYY MM DD 1     0     1     2     3     4     5     6     7     8     9    10    11
ID     YYYY MM DD 2    12    13    14    15    16    17    18    19    20    21    22    23
*******************************************************************************************
TBILIS 2010 03 01 1  8979  8984  8989  8978  8992  9003  9002  8997  8969  8974  9002  8987
TBILIS 2010 03 01 2  9015  8974  8927  8955  8959  8925  8920  8930  8919  8914  8910  8936
TBILIS 2010 03 02 1  8941  8930  8863  8899  8929  8942  8938  8897  8905  8942  8966  8985
TBILIS 2010 03 02 2  8988  9017  8999  8989  8986  8979  8949  8970  9035  8958  8988  8972
TBILIS 2010 03 03 1  8991  9011  8974  8987  9019  8987  9016  8996  8983  8963  8982  8996
TBILIS 2010 03 03 2  8999  8948  8996  8950  8981  8972  8969  8993  8977  8950  8983  8960
TBILIS 2010 03 04 1  8976  8969  8970  8999  8946  8970  8967  8961  8982  8989  8924  8963
TBILIS 2010 03 04 2  8935  8956  8973  8976  8921  8922  8928  8943  8932  8922  8882  8865
TBILIS 2010 03 05 1  8890  8897  8891  8897  8890  8910  8899  8959  8944  8952  8939  8967
TBILIS 2010 03 05 2  8955  8964  8957  8921  8961  8956  8907  8873  8886  8858  8843  8814
TBILIS 2010 03 06 1  8858  8858  8844  8829  8863  8901  8924  8952  8941  8992  8977  8972
TBILIS 2010 03 06 2  8933  8927  8917  8954  8969  8936  8932  8885  8878  8868  8904  8885
TBILIS 2010 03 07 1  8853  8857  8883  8843  8829  8813  8896  8947  8871  8930  8926  8850
TBILIS 2010 03 07 2  8883  8869  8906  8886  8915  8875  8899  8873  8875  8834  8844  8839
TBILIS 2010 03 08 1  8833  8830  8802  8808  8824  8825  8880  8858  8824  8851  8860  8910
TBILIS 2010 03 08 2  8896  8932  8906  8899  8867  8888  8896  8908  8902  8927  8918  8929
TBILIS 2010 03 09 1  8896  8887  8867  8860  8891  8900  8880  8853  8900  8903  8883  8902
TBILIS 2010 03 09 2  8876  8872  8925  8919  8903  8895  8918  8914  8881  8859  8869  8888
TBILIS 2010 03 10 1  8914  8898  8950  8864  8892  8843  8830  8869  8880  8870  8926  8924
TBILIS 2010 03 10 2  8910  8888  8897  8891  8785  8890  8878  8829  8861  8796  8800  8804
TBILIS 2010 03 11 1  8792  8810  8803  8828  8852  8855  8839  8871  8882  8863  8883  8875
TBILIS 2010 03 11 2  8894  8884  8825  8819  8806  8777  8774  8798  8803  8791  8786  8784
TBILIS 2010 03 12 1  8808  8917  8897  8928  8908  8914  8879  8885  8882  8881  8887  8890
TBILIS 2010 03 12 2  8910  8883  8879  8892  8875  8921  8885  8895  8903  8904  8931  8929
TBILIS 2010 03 13 1  8947  8945  8957  8972  8936  8866  8924  8925  8891  8847  8919  8905
TBILIS 2010 03 13 2  8928  8971  8948  8942  8931  8934  8913  8884  8832  8866  8851  8888
TBILIS 2010 03 14 1  8886  8888  8893  8903  8891  8880  8877  8900  8886  8884  8838  8889
TBILIS 2010 03 14 2  8904  8912  8923  8942  8922  8955  8901  8908  8896  8867  8886  8898
TBILIS 2010 03 15 1  8850  8851  8888  8898  8941  8930  8960  8959  8932  8906  8966  8914
TBILIS 2010 03 15 2  8904  8903  8886  8874  8815  8811  8791  8749  8777  8717  8710  8673
TBILIS 2010 03 16 1  8649  8627  8655  8656  8609  8587  8685  8681  8680  8688  8680  8644
TBILIS 2010 03 16 2  8682  8711  8716  8666  8615  8637  8673  8661  8660  8644  8594  8557
TBILIS 2010 03 17 1  8581  8610  8653  8637  8673  8705  8724  8734  8697  8721  8709  8729
TBILIS 2010 03 17 2  8739  8677  8667  8704  8694  8644  8661  8655  8665  8661  8668  8683
TBILIS 2010 03 18 1  8679  8729  8697  8694  8714  8687  8735  8695  8713  8726  8730  8809
TBILIS 2010 03 18 2  8783  8731  8780  8766  8794  8779  8720  8765  8773  8793  8788  8749
TBILIS 2010 03 19 1  8729  8692  8713  8700  8679  8693  8699  8690  8682  8712  8698  8704
TBILIS 2010 03 19 2  8732  8751  8734  8738  8740  8691  8693  8675  8642  8624  8664  8638
TBILIS 2010 03 20 1  8662  8678  8708  8701  8664  8671  8653  8648  8702  8649  8652  8637
TBILIS 2010 03 20 2  8643  8668  8667  8636  8614  8616  8615  8684  8673  8624  8613  8611
TBILIS 2010 03 21 1  8660  8635  8654  8691  8626  8661  8740  8720  8715  8717  8679  8714
TBILIS 2010 03 21 2  8719  8730  8684  8686  8700  8659  8693  8700  8679  8669  8687  8645
TBILIS 2010 03 22 1  8695  8626  8664  8665  8701  8685  8735  8733  8730  8750  8734  8721
TBILIS 2010 03 22 2  8782  8729  8691  8660  8670  8680  8658  8560  8588  8601  8576  8621
TBILIS 2010 03 23 1  8619  8610  8627  8664  8621  8591  8660  8644  8666  8622  8629  8601
TBILIS 2010 03 23 2  8610  8641  8633  8664  8668  8572  8612  8611  8599  8583  8584  8598
TBILIS 2010 03 24 1  8516  8521  8572  8623  8593  8623  8594  8645  8628  8632  8635  8648
TBILIS 2010 03 24 2  8654  8675  8671  8671  8682  8675  8658  8673  8644  8658  8646  8655
TBILIS 2010 03 25 1  8722  8751  8739  8700  8697  8706  8678  8659  8750  8714  8687  8641
TBILIS 2010 03 25 2  8630  8662  8608  8635  8613  8586  8526  8584  8565  8599  8571  8586
TBILIS 2010 03 26 1  8546  8552  8547  8539  8546  8587  8580  8646  8647  8703  8652  8656
TBILIS 2010 03 26 2  8650  8675  8669  8668  8675  8686  8702  8683  8676  8679  8697  8707
TBILIS 2010 03 27 1  8655  8669  8676  8656  8711  8687  8707  8669  8739  8741  8750  8727
TBILIS 2010 03 27 2  8732  8710  8737  8684  8702  8666  8686  8648  8635  8701  8706  8683
TBILIS 2010 03 28 1  8697  8693  8726  8777  8763  8824  8867  8844  8852  8877  8872  8873
TBILIS 2010 03 28 2  8918  8845  8825  8872  8815  8831  8785  8805  8806  8758  8762  8789
TBILIS 2010 03 29 1  8770  8806  8790  8776  8803  8746  8761  8780  8818  8889  8911  8921
TBILIS 2010 03 29 2  8916  8950  8885  8863  8828  8786  8832  8771  8754  8774  8791  8783
TBILIS 2010 03 30 1  8773  8776  8804  8786  8782  8843  8813  8875  8885  8905  8858  8807
TBILIS 2010 03 30 2  8858  8866  8837  8795  8827  8843  8834  8827  8808  8811  8786  8794
TBILIS 2010 03 31 1  8803  8808  8824  8857  8877  8869  8873  8880  8894  8923  8921  8922
TBILIS 2010 03 31 2  8911  8892  8867  8899  8905  8897  8882  8901  8812  8753  8780  8744
Cosmic-Ray Neutron Monitor Data (Hourly, Pressure-Corrected and Scale-Adjusted Counts)
Collections: WDC for Cosmic Rays, Solar-Terrestrial Environment Laboratory, Nagoya Univ.
Data Access: http://center.stelab.nagoya-u.ac.jp/WDCCR/index.html
Project: ICSU WDC
Citation: WDC for Cosmic Rays, Solar-Terrestrial Environment Laboratory, Nagoya University
Station ID: TBILIS
Station:  TBILISI,GIORGIA,INSTITUT GEOPHYSIKY (IG), GIORGIAN ACADEMY OF SCIENCES,GIORGIA 
Instrument: 18-NM-64 Corrected to 965 mb Standard Pressure, Coef =-0.69 %/mb                
Latitude (deg.):   41.43  Longitude (deg.):   44.48  Altitude (m):  510.00
Cut-Off Rigidity (GV):    6.73
Year: 2010  Month:   4
Scaling Factor (SF):    64.0   Constant (CONST):     0.0  Real Counts = (DATA + CONST)*SF
Temporal Resolution: 1 hour
UTC Start Hour:     0.0
DATA FILE IS PREPARED BY IZMIRAN (ftp://cr0.izmiran.rssi.ru/Cosray!/FTP_NM/C/)  
                                                        
Monthly Average:  8823.4
Updated (YYYY MM DD): 2011 03 02
*******************************************************************************************
ID     YYYY MM DD 1     0     1     2     3     4     5     6     7     8     9    10    11
ID     YYYY MM DD 2    12    13    14    15    16    17    18    19    20    21    22    23
*******************************************************************************************
TBILIS 2010 04 01 1  8777  8791  8825  8820  8811  8833  8853  8862  8848  8869  8836  8887
TBILIS 2010 04 01 2  8857  8903  8891  8885  8851  8823  8821  8796  8774  8779  8748  8735
TBILIS 2010 04 02 1  8762  8735  8729  8731  8769  8796  8784  8826  8866  8884  8848  8849
TBILIS 2010 04 02 2  8823  8775  8751  8773  8705  8754  8751  8762  8784  8795  8796  8830
TBILIS 2010 04 03 1  8787  8804  8796  8781  8765  8807  8830  8833  8828  8792  8822  8833
TBILIS 2010 04 03 2  8813  8846  8790  8819  8805  8765  8835  8811  8789  8768  8739  8727
TBILIS 2010 04 04 1  8730  8748  8759  8739  8734  8737  8757  8762  8808  8781  8801  8757
TBILIS 2010 04 04 2  8807  8749  8800  8811  8817  8833  8838  8831  8800  8774  8794  8790
TBILIS 2010 04 05 1  8806  8785  8792  8739  8801  8820  8868  8892  8902  8945  8891  8850
TBILIS 2010 04 05 2  8750  8737  8748  8764  8750  8709  8754  8722  8719  8743  8805  8746
TBILIS 2010 04 06 1  8750  8757  8818  8841  8780  8776  8820  8832  8794  8826  8797  8835
TBILIS 2010 04 06 2  8811  8811  8767  8747  8718  8752  8799  8759  8732  8752  8761  8767
TBILIS 2010 04 07 1  8760  8813  8795  8766  8765  8750  8785  8764  8811  8827  8888  8887
TBILIS 2010 04 07 2  8840  8807  8831  8826  8795  8752  8741  8779  8755  8696  8699  8665
TBILIS 2010 04 08 1  8705  8735  8708  8698  8680  8695  8750  8782  8778  8754  8746  8773
TBILIS 2010 04 08 2  8792  8797  8754  8744  8743  8730  8717  8737  8733  8752  8758  8762
TBILIS 2010 04 09 1  8807  8798  8802  8804  8828  8820  8822  8816  8849  8824  8829  8818
TBILIS 2010 04 09 2  8814  8874  8803  8798  8764  8729  8768  8756  8759  8761  8732  8714
TBILIS 2010 04 10 1  8750  8746  8787  8751  8778  8798  8840  8824  8857  8884  8874  8875
TBILIS 2010 04 10 2  8898  8895  8873  8809  8790  8802  8836  8855  8853  8865  8858  8841
TBILIS 2010 04 11 1  8837  8811  8829  8798  8817  8891  8866  8863  8830  8836  8845  8874
TBILIS 2010 04 11 2  8860  8874  8872  8850  8807  8801  8870  8811  8841  8819  8795  8828
TBILIS 2010 04 12 1  8827  8834  8810  8756  8801  8810  8845  8817  8820  8837  8840  8798
TBILIS 2010 04 12 2  8812  8811  8778  8829  8751  8795  8791  8794  8766  8723  8744  8790
TBILIS 2010 04 13 1  8770  8772  8779  8787  8751  8787  8766  8863  8845  8858  8869  8865
TBILIS 2010 04 13 2  8883  8842  8908  8865  8827  8845  8837  8837  8870  8813  8838  8830
TBILIS 2010 04 14 1  8807  8762  8784  8792  8819  8821  8859  8850  8872  8879  8870  8855
TBILIS 2010 04 14 2  8854  8854  8862  8779  8756  8755  8772  8743  8743  8733  8763  8731
TBILIS 2010 04 15 1  8750  8689  8713  8732  8750  8760  8749  8792  8796  8838  8835  8803
TBILIS 2010 04 15 2  8819  8804  8776  8787  8814  8779  8751  8744  8721  8770  8788  8773
TBILIS 2010 04 16 1  8790  8771  8765  8750  8778  8777  8841  8871  8882  8829  8853  8862
TBILIS 2010 04 16 2  8894  8824  8804  8778  8781  8761  8773  8762  8739  8729  8713  8736
TBILIS 2010 04 17 1  8718  8713  8742  8745  8757  8754  8822  8824  8937  8952  8923  8915
TBILIS 2010 04 17 2  8911  8906  8883  8849  8825  8827  8835  8887  8868  8950  8839  8844
TBILIS 2010 04 18 1  8852  8876  8838  8874  8838  8896  8859  8891  8867  8939  8891  8845
TBILIS 2010 04 18 2  8898  8853  8844  8805  8813  8814  8774  8736  8787  8766  8800  8820
TBILIS 2010 04 19 1  8768  8807  8811  8775  8806  8804  8809  8796  8845  8849  8834  8865
TBILIS 2010 04 19 2  8875  8848  8851  8846  8824  8829  8885  8882  8824  8833  8832  8839
TBILIS 2010 04 20 1  8822  8785  8819  8822  8774  8844  8856  8864  8868  8859  8895  8899
TBILIS 2010 04 20 2  8939  8923  8918  8932  8934  8936  8910  8890  8856  8871  8874  8860
TBILIS 2010 04 21 1  8821  8849  8814  8839  8839  8861  8881  8878  8891  8917  8958  8960
TBILIS 2010 04 21 2  8960  8903  8935  8930  8915  8877  8936  8852  8850  8827  8846  8836
TBILIS 2010 04 22 1  8839  8801  8863  8811  8809  8791  8828  8896  8884  8900  8887  8877
TBILIS 2010 04 22 2  8892  8887  8844  8858  8837  8857  8812  8823  8833  8834  8805  8833
TBILIS 2010 04 23 1  8841  8789  8729  8777  8765  8763  8846  8872  8892  8870  8888  8829
TBILIS 2010 04 23 2  8875  8880  8871  8856  8825  8796  8829  8798  8829  8796  8807  8823
TBILIS 2010 04 24 1  8836  8836  8839  8813  8793  8806  8805  8814  8844  8847  8883  8866
TBILIS 2010 04 24 2  8876  8874  8881  8855  8833  8835  8827  8813  8769  8783  8783  8821
TBILIS 2010 04 25 1  8806  8809  8805  8816  8802  8842  8861  8866  8906  8887  8884  8910
TBILIS 2010 04 25 2  8884  8826  8865  8860  8855  8836  8802  8830  8852  8837  8881  8868
TBILIS 2010 04 26 1  8896  8873  8917  8875  8856  8858  8884  8864  8867  8888  8857  8832
TBILIS 2010 04 26 2  8791  8795  8781  8788  8825  8839  8885  8896  8896  8896  8896  8896
TBILIS 2010 04 27 1  8896  8896  8896  8896  8896  8896  8896  8896  8896  8896  8960  8943
TBILIS 2010 04 27 2  8919  8914  8871  8868  8876  8897  8864  8860  8825  8839  8806  8805
TBILIS 2010 04 28 1  8811  8834  8827  8863  8857  8834  8863  8909  8871  8908  8897  8926
TBILIS 2010 04 28 2  8934  8918  8928  8975  8935  8988  9013  8992  8992  8966  8912  8917
TBILIS 2010 04 29 1  8947  8916  8881  8880  8890  8912  8892  8863  8829  8826  8849  8793
TBILIS 2010 04 29 2  8861  8837  8862  8848  8846  8850  8836  8849  8899  8824  8828  8818
TBILIS 2010 04 30 1  8795  8770  8774  8765  8784  8760  8837  8822  8841  8856  8875  8873
TBILIS 2010 04 30 2  8885  8845  8801  8812  8805  8770  8785  8763  8763  8762  8770  8740
TBILIS 2010 04 31 1 99999 99999 99999 99999 99999 99999 99999 99999 99999 99999 99999 99999
TBILIS 2010 04 31 2 99999 99999 99999 99999 99999 99999 99999 99999 99999 99999 99999 99999
Cosmic-Ray Neutron Monitor Data (Hourly, Pressure-Corrected and Scale-Adjusted Counts)
Collections: WDC for Cosmic Rays, Solar-Terrestrial Environment Laboratory, Nagoya Univ.
Data Access: http://center.stelab.nagoya-u.ac.jp/WDCCR/index.html
Project: ICSU WDC
Citation: WDC for Cosmic Rays, Solar-Terrestrial Environment Laboratory, Nagoya University
Station ID: TBILIS
Station:  TBILISI,GIORGIA,INSTITUT GEOPHYSIKY (IG), GIORGIAN ACADEMY OF SCIENCES,GIORGIA 
Instrument: 18-NM-64 Corrected to 965 mb Standard Pressure, Coef =-0.69 %/mb                
Latitude (deg.):   41.43  Longitude (deg.):   44.48  Altitude (m):  510.00
Cut-Off Rigidity (GV):    6.73
Year: 2010  Month:   5
Scaling Factor (SF):    64.0   Constant (CONST):     0.0  Real Counts = (DATA + CONST)*SF
Temporal Resolution: 1 hour
UTC Start Hour:     0.0
DATA FILE IS PREPARED BY IZMIRAN (ftp://cr0.izmiran.rssi.ru/Cosray!/FTP_NM/C/)  
                                                        
Monthly Average:  8926.6
Updated (YYYY MM DD): 2011 03 02
*******************************************************************************************
ID     YYYY MM DD 1     0     1     2     3     4     5     6     7     8     9    10    11
ID     YYYY MM DD 2    12    13    14    15    16    17    18    19    20    21    22    23
*******************************************************************************************
TBILIS 2010 05 01 1  8781  8743  8829  8761  8816  8857  8844  8828  8843  8832  8831  8855
TBILIS 2010 05 01 2  8876  8841  8824  8790  8828  8806  8809  8802  8829  8809  8789  8773
TBILIS 2010 05 02 1  8803  8811  8776  8806  8804  8862  8863  8854  8835  8877  8888  8932
TBILIS 2010 05 02 2  9008  8977  9029  8971  8957  8971  8934  8921  8921  8884  8854  8896
TBILIS 2010 05 03 1  8885  8865  8894  8855  8855  8887  8936  8975  8914  8923  8971  8925
TBILIS 2010 05 03 2  8927  8962  8930  8949  8947  8913  8852  8827  8862  8882  8868  8841
TBILIS 2010 05 04 1  8887  8877  8914  8875  8863  8847  8900  8884  8903  8928  8919  8893
TBILIS 2010 05 04 2  8870  8869  8859  8874  8852  8868  8842  8876  8869  8836  8865  8819
TBILIS 2010 05 05 1  8885  8840  8839  8811  8853  8867  8912  8885  8862  8879  8890  8877
TBILIS 2010 05 05 2  8880  8869  8868  8891  8888  8859  8868  8860  8846  8843  8842  8858
TBILIS 2010 05 06 1  8877  8867  8843  8879  8853  8872  8923  8914  8959  8946  8950  8935
TBILIS 2010 05 06 2  8918  8939  8929  8898  8916  8878  8936  8925  8914  8884  8901  8868
TBILIS 2010 05 07 1  8875  8859  8852  8866  8912  8931  8915  8954  8932  8898  8945  8974
TBILIS 2010 05 07 2  8938  8934  8961  8900  8960  8931  8956  8953  8912  8901  8877  8907
TBILIS 2010 05 08 1  8858  8895  8899  8884  8886  8889  8915  8900  8976  8955  8952  8964
TBILIS 2010 05 08 2  8940  8956  8959  8899  8922  8940  8956  8924  8881  8901  8904  8957
TBILIS 2010 05 09 1  8934  8880  8929  8924  8899  8923  8976  8939  8988  8949  8980  9010
TBILIS 2010 05 09 2  8996  8973  8989  9007  8965  8935  8979  8965  8937  8957  8931  8949
TBILIS 2010 05 10 1  8943  8922  8926  8915  8968  8981  9000  8988  8983  8998  9044  9036
TBILIS 2010 05 10 2  8984  8997  8949  8930  8933  8924  8910  8921  8937  8925  8879  8901
TBILIS 2010 05 11 1  8921  8918  8904  8849  8875  8919  8985  8986  8997  8984  8956  8986
TBILIS 2010 05 11 2  8966  8924  8932  8926  8918  8922  8958  8941  8944  8928  8897  8887
TBILIS 2010 05 12 1  8852  8849  8845  8831  8859  8908  8931  8957  9004  8980  8955  8927
TBILIS 2010 05 12 2  8929  8962  8961  8925  8919  8903  8887  8888  8870  8880  8838  8890
TBILIS 2010 05 13 1  8889  8866  8886  8863  8854  8910  8938  8935  8968  8993  8981  8967
TBILIS 2010 05 13 2  9001  9007  8984  8946  8995  9011  9001  8986  8980  8915  8942  8944
TBILIS 2010 05 14 1  8951  8911  8929  8910  8935  8945  8925  8995  9034  9039  9048  9026
TBILIS 2010 05 14 2  9029  8999  9007  9008  9005  8986  8999  8979  9004  8976  8984  8931
TBILIS 2010 05 15 1  8912  8962  8969  8943  8948  8980  9004  8988  8985  9002  8976  8988
TBILIS 2010 05 15 2  8940  8978  8967  8941  8941  8987  8977  8961  8913  8933  8894  8832
TBILIS 2010 05 16 1  8838  8820  8864  8873  8931  8915  8972  8974  9007  9014  8990  9034
TBILIS 2010 05 16 2  8949  8972  8965  8973  8968  8994  8993  8962  8993  8983  8964  8941
TBILIS 2010 05 17 1  8948  9002  8998  8998  8997  9007  9000  8950  9017  9039  8960  8977
TBILIS 2010 05 17 2  8979  8941  8875  8870  8897  8884  8892  8869  8878  8876  8856  8857
TBILIS 2010 05 18 1  8849  8846  8830  8864  8891  8868  8909  8930  8937  8946  8943  8937
TBILIS 2010 05 18 2  8955  8989  8997  9006  8994  9019  9033  8974  8977  8970  8936  8931
TBILIS 2010 05 19 1  8951  8921  8953  8901  8883  8927  8959  8983  8939  8922  8909  8904
TBILIS 2010 05 19 2  8897  8900  8960  8920  8928  8895  8885  8873  8849  8825  8876  8851
TBILIS 2010 05 20 1  8853  8826  8871  8868  8842  8914  8951  8944  8930  8939  8981  8982
TBILIS 2010 05 20 2  9001  8954  8949  8926  8896  8904  8900  8890  8910  8927  8921  8952
TBILIS 2010 05 21 1  8945  8951  8905  8903  8937  8942  8944  8936  8977  8964  8967  8985
TBILIS 2010 05 21 2  8957  8962  8990  8920  8902  8881  8855  8856  8851  8899  8923  8859
TBILIS 2010 05 22 1  8926  8889  8887  8941  8892  8888  8932  8963  8943  8967  8973  8982
TBILIS 2010 05 22 2  8998  8984  8944  8925  8960  8958  8880  8876  8904  8927  8939  8905
TBILIS 2010 05 23 1  8898  8938  8884  8905  8923  8957  8944  8916  8914  8981  9015  8997
TBILIS 2010 05 23 2  8955  8969  8951  9000  8978  8967  8954  8956  8974  9001  8973  8940
TBILIS 2010 05 24 1  8949  8983  8963  8920  8916  8922  8925  8938  8911  8991  8997  8993
TBILIS 2010 05 24 2  8928  8973  8939  8916  8951  8917  8979  8965  8922  8881  8883  8945
TBILIS 2010 05 25 1  8881  8938  8954  8938  8919  8984  8919  8961  8982  9013  9016  9009
TBILIS 2010 05 25 2  8982  9004  8991  9006  8944  8951  8977  8962  8999  8977  8979  8923
TBILIS 2010 05 26 1  8903  8929  8926  8904  8922  8928  8949  8961  8949  8956  8999  8966
TBILIS 2010 05 26 2  9000  8971  8966  8943  8918  8918  8905  8867  8887  8859  8867  8874
TBILIS 2010 05 27 1  8885  8917  8930  8945  8914  8921  8970  8975  9012  9016  9030  8975
TBILIS 2010 05 27 2  8997  8989  8949  8892  8894  8893  8889  8900  8917  8909  8908  8971
TBILIS 2010 05 28 1  8988  8985  8968  8959  8996  8976  8997  9035  9006  9022  8950  9030
TBILIS 2010 05 28 2  8982  8959  8945  8873  8905  8926  8904  8861  8834  8832  8836  8827
TBILIS 2010 05 29 1  8885  8871  8920  8882  8891  8897  8954  8929  8939  8967  8962  8960
TBILIS 2010 05 29 2  8980  8989  8977  8957  8926  8984  8936  8920  8928  8949  8934  8905
TBILIS 2010 05 30 1  8923  8919  8950  8929  8907  8915  8930  8943  9012  8990  8978  8995
TBILIS 2010 05 30 2  9001  8912  8888  8914  8935  8927  8937  8935  8963  8955  8920  8931
TBILIS 2010 05 31 1 99999 99999 99999 99999 99999 99999 99999 99999 99999 99999 99999 99999
TBILIS 2010 05 31 2 99999 99999 99999 99999 99999 99999 99999 99999 99999 99999 99999 99999
Cosmic-Ray Neutron Monitor Data (Hourly, Pressure-Corrected and Scale-Adjusted Counts)
Collections: WDC for Cosmic Rays, Solar-Terrestrial Environment Laboratory, Nagoya Univ.
Data Access: http://center.stelab.nagoya-u.ac.jp/WDCCR/index.html
Project: ICSU WDC
Citation: WDC for Cosmic Rays, Solar-Terrestrial Environment Laboratory, Nagoya University
Station ID: TBILIS
Station:  TBILISI,GIORGIA,INSTITUT GEOPHYSIKY (IG), GIORGIAN ACADEMY OF SCIENCES,GIORGIA 
Instrument: 18-NM-64 Corrected to 965 mb Standard Pressure, Coef =-0.69 %/mb                
Latitude (deg.):   41.43  Longitude (deg.):   44.48  Altitude (m):  510.00
Cut-Off Rigidity (GV):    6.73
Year: 2010  Month:   6
Scaling Factor (SF):    64.0   Constant (CONST):     0.0  Real Counts = (DATA + CONST)*SF
Temporal Resolution: 1 hour
UTC Start Hour:     0.0
DATA FILE IS PREPARED BY IZMIRAN (ftp://cr0.izmiran.rssi.ru/Cosray!/FTP_NM/C/)  
                                                        
Monthly Average:  8907.5
Updated (YYYY MM DD): 2011 03 02
*******************************************************************************************
ID     YYYY MM DD 1     0     1     2     3     4     5     6     7     8     9    10    11
ID     YYYY MM DD 2    12    13    14    15    16    17    18    19    20    21    22    23
*******************************************************************************************
TBILIS 2010 06 01 1  8829  8853  8831  8846  8877  8910  8969  8988  9006  9021  9056  9057
TBILIS 2010 06 01 2  9109  9052  9055  9083  9028  9022  8997  9002  9049  9015  9019  9021
TBILIS 2010 06 02 1  9038  9005  8997  8980  9024  8985  9003  9004  9007  9007  9029  9035
TBILIS 2010 06 02 2  9029  9038  8998  8976  8945  8960  8943  8959  8997  9031  8958  8946
TBILIS 2010 06 03 1  8910  8901  8879  8871  8899  8939  8912  8928  8936  8899  8905  8944
TBILIS 2010 06 03 2  8931  8937  8928  8936  8898  8882  8852  8829  8810  8812  8805  8816
TBILIS 2010 06 04 1  8843  8864  8886  8869  8901  8966  8880  8916  8944  8956  8933  8920
TBILIS 2010 06 04 2  8948  8948  8913  8918  8880  8889  8864  8905  8878  8854  8843  8849
TBILIS 2010 06 05 1  8834  8862  8839  8844  8867  8913  8926  8981  8948  9002  8943  8957
TBILIS 2010 06 05 2  8956  8952  8916  8916  8887  8877  8919  8879  8883  8894  8868  8858
TBILIS 2010 06 06 1  8894  8876  8902  8899  8913  8908  9010  9003  9004  8980  9011  9007
TBILIS 2010 06 06 2  8985  8959  8930  8894  8909  8907  8885  8887  8901  8900  8927  8871
TBILIS 2010 06 07 1  8852  8881  8858  8898  8899  8916  8943  8921  8960  8959  8965  9012
TBILIS 2010 06 07 2  8996  9027  8979  8990  8941  8948  8986  8959  8943  8945  8931  8928
TBILIS 2010 06 08 1  8952  8961  8911  8935  8931  8957  8942  8958  8956  8944  8986  8992
TBILIS 2010 06 08 2  8961  9005  9042  8933  8894  8897  8849  8867  8859  8848  8865  8876
TBILIS 2010 06 09 1  8877  8892  8884  8863  8882  8928  8983  8999  8995  8988  8987  8976
TBILIS 2010 06 09 2  8981  8917  8951  8938  8923  8926  8922  8928  8891  8930  8884  8850
TBILIS 2010 06 10 1  8832  8899  8862  8839  8881  8880  8921  8927  8977  8970  8991  8955
TBILIS 2010 06 10 2  8953  8914  8949  8923  8885  8912  8897  8881  8859  8844  8889  8893
TBILIS 2010 06 11 1  8853  8861  8883  8874  8861  8857  8914  8933  8993  8948  8966  8955
TBILIS 2010 06 11 2  8937  8949  8953  8921  8907  8905  8865  8903  8860  8904  8911  8883
TBILIS 2010 06 12 1  8842  8906  8882  8907  8936  8876  8936  8921  8923  8964  8934  8894
TBILIS 2010 06 12 2  8886  8822  8837  8849  8860  8856  8861  8877  8883  8829  8826  8815
TBILIS 2010 06 13 1  8823  8822  8814  8797  8807  8859  8870  8905  8908  8927  8946  8923
TBILIS 2010 06 13 2  8959  8935  8959  8948  8923  8919  8940  8935  8933  8886  8850  8884
TBILIS 2010 06 14 1  8833  8879  8876  8873  8887  8922  8961  8968  8977  8937  8955  8968
TBILIS 2010 06 14 2  8966  8920  8944  8936  8936  8937  8927  8928  8891  8932  8895  8852
TBILIS 2010 06 15 1  8874  8878  8884  8903  8905  8931  8936  8913  8945  8970  8973  8962
TBILIS 2010 06 15 2  8917  8923  8935  8944  8779  8773  8787  8783  8809  8783  8811  8802
TBILIS 2010 06 16 1  8819  8847  8878  8875  8857  8871  8896  8891  8939  8953  8961  8976
TBILIS 2010 06 16 2  8970  8923  8914  8888  8867  8829  8904  8839  8880  8838  8847  8821
TBILIS 2010 06 17 1  8870  8839  8839  8877  8862  8850  8885  8904  8859  8836  8791  8761
TBILIS 2010 06 17 2  8707  8705  8823  8959  8979  8975  8885  8906  8967  8912  8943  8894
TBILIS 2010 06 18 1  8876  8915  8906  8865  8879  8907  8949  8928  8936  8963  8940  8944
TBILIS 2010 06 18 2  8906  8958  8894  8901  8866  8900  8886  8858  8845  8850  8833  8853
TBILIS 2010 06 19 1  8850  8887  8860  8852  8869  8832  8883  8904  8875  8976  8909  8929
TBILIS 2010 06 19 2  8921  8929  8948  8899  8899  8913  8873  8904  8868  8899  8911  8928
TBILIS 2010 06 20 1  8865  8885  8885  8876  8868  8871  8934  8873  8906  8898  8899  8894
TBILIS 2010 06 20 2  8900  8875  8862  8907  8897  8911  8878  8834  8828  8791  8814  8824
TBILIS 2010 06 21 1  8817  8830  8845  8873  8876  8868  8912  8914  8943  8962  9030  8967
TBILIS 2010 06 21 2  8983  8987  8926  8885  8912  8916  8937  8888  8890  8896  8912  8943
TBILIS 2010 06 22 1  8916  8888  8914  8883  8878  8883  8865  8876  8934  8893  8890  8882
TBILIS 2010 06 22 2  8932  8892  8895  8939  8901  8922  8929  8938  8925  8938  8875  8858
TBILIS 2010 06 23 1  8869  8867  8920  8903  8939  8926  8912  8941  8946  8971  8976  8983
TBILIS 2010 06 23 2  8890  8936  8902  8923  8952  8946  8943  8908  8934  8966  8975  8965
TBILIS 2010 06 24 1  8927  8950  8941  8909  8955  8938  8951  8929  8976  8922  8919  8921
TBILIS 2010 06 24 2  8940  8906  8940  8932  8900  8870  8852  8880  8868  8837  8885  8883
TBILIS 2010 06 25 1  8849  8834  8869  8863  8866  8881  8876  8908  8947  8899  8930  8943
TBILIS 2010 06 25 2  8929  8932  8944  8935  8936  8954  8922  8910  8913  8900  8852  8832
TBILIS 2010 06 26 1  8810  8827  8842  8821  8921  8877  8860  8886  8905  8952  8977  8996
TBILIS 2010 06 26 2  8922  8944  8909  8927  8851  8841  8856  8827  8827  8794  8764  8772
TBILIS 2010 06 27 1  8750  8744  8729  8743  8760  8827  8842  8901  8908  8919  8915  8900
TBILIS 2010 06 27 2  8875  8882  8856  8858  8837  8835  8848  8870  8880  8906  8914  8915
TBILIS 2010 06 28 1  8904  8863  8849  8827  8885  8904  8903  8896  8928  8909  8944  8917
TBILIS 2010 06 28 2  8943  8907  8889  8921  8884  8846  8860  8847  8873  8894  8897  8914
TBILIS 2010 06 29 1  8906  8896  8921  8887  8887  8930  8941  8956  8966  8969  8962  8984
TBILIS 2010 06 29 2  8981  8942  8958  8976  8921  8955  8903  8891  8865  8870  8877  8848
TBILIS 2010 06 30 1  8859  8838  8852  8837  8873  8896  8922  8911  8917  8888  8887  8919
TBILIS 2010 06 30 2  8967  8976  8975  8970  8936  8921  8887  8893  8867  8876  8880  8873
TBILIS 2010 06 31 1 99999 99999 99999 99999 99999 99999 99999 99999 99999 99999 99999 99999
TBILIS 2010 06 31 2 99999 99999 99999 99999 99999 99999 99999 99999 99999 99999 99999 99999
Cosmic-Ray Neutron Monitor Data (Hourly, Pressure-Corrected and Scale-Adjusted Counts)
Collections: WDC for Cosmic Rays, Solar-Terrestrial Environment Laboratory, Nagoya Univ.
Data Access: http://center.stelab.nagoya-u.ac.jp/WDCCR/index.html
Project: ICSU WDC
Citation: WDC for Cosmic Rays, Solar-Terrestrial Environment Laboratory, Nagoya University
Station ID: TBILIS
Station:  TBILISI,GIORGIA,INSTITUT GEOPHYSIKY (IG), GIORGIAN ACADEMY OF SCIENCES,GIORGIA 
Instrument: 18-NM-64 Corrected to 965 mb Standard Pressure, Coef =-0.69 %/mb                
Latitude (deg.):   41.43  Longitude (deg.):   44.48  Altitude (m):  510.00
Cut-Off Rigidity (GV):    6.73
Year: 2010  Month:   7
Scaling Factor (SF):    64.0   Constant (CONST):     0.0  Real Counts = (DATA + CONST)*SF
Temporal Resolution: 1 hour
UTC Start Hour:     0.0
DATA FILE IS PREPARED BY IZMIRAN (ftp://cr0.izmiran.rssi.ru/Cosray!/FTP_NM/C/)  
                                                        
Monthly Average:  8871.1
Updated (YYYY MM DD): 2011 03 02
*******************************************************************************************
ID     YYYY MM DD 1     0     1     2     3     4     5     6     7     8     9    10    11
ID     YYYY MM DD 2    12    13    14    15    16    17    18    19    20    21    22    23
*******************************************************************************************
TBILIS 2010 07 01 1  8870  8902  8858  8891  8909  8937  8945  8990  9005  8979  8952  8987
TBILIS 2010 07 01 2  8974  8968  8960  8979  8886  8928  8934  8910  8934  8912  8902  8934
TBILIS 2010 07 02 1  8916  8925  8917  8948  8963  8909  8940  8953  8945  8965  8955  8949
TBILIS 2010 07 02 2  8968  8942  8928  8873  8912  8889  8877  8887  8833  8863  8868  8893
TBILIS 2010 07 03 1  8893  8872  8877  8874  8913  8907  8894  8885  8912  8921  8907  8967
TBILIS 2010 07 03 2  8931  8915  8918  8899  8860  8852  8872  8893  8891  8872  8864  8886
TBILIS 2010 07 04 1  8885  8879  8852  8842  8880  8903  8906  8894  8934  8961  8937  8969
TBILIS 2010 07 04 2  8932  8965  8943  8914  8936  8926  8885  8896  8862  8873  8873  8886
TBILIS 2010 07 05 1  8879  8892  8909  8875  8876  8917  8924  8939  8932  8941  8985  8960
TBILIS 2010 07 05 2  8938  8957  8953  8944  8952  8982  8978  8978  8979  8934  8901  8887
TBILIS 2010 07 06 1  8905  8895  8895  8912  8889  8899  8906  8916  8955  8947  8934  8926
TBILIS 2010 07 06 2  8918  8936  8875  8880  8875  8878  8879  8876  8877  8815  8851  8876
TBILIS 2010 07 07 1  8805  8803  8806  8846  8860  8857  8913  8924  8933  8934  8875  8921
TBILIS 2010 07 07 2  8906  8905  8881  8905  8871  8878  8856  8838  8838  8837  8819  8796
TBILIS 2010 07 08 1  8819  8821  8823  8860  8864  8882  8913  8916  8925  8928  8943  8914
TBILIS 2010 07 08 2  8930  8924  8882  8925  8882  8867  8851  8879  8843  8836  8839  8846
TBILIS 2010 07 09 1  8891  8891  8886  8882  8908  8943  8922  8924  8962  9003  9025  8963
TBILIS 2010 07 09 2  8996  8964  8932  8931  8902  8866  8871  8852  8868  8863  8867  8874
TBILIS 2010 07 10 1  8833  8842  8858  8898  8877  8892  8871  8929  8946  8954  8971  8954
TBILIS 2010 07 10 2  8940  8947  8911  8910  8899  8874  8829  8847  8880  8919  8907  8900
TBILIS 2010 07 11 1  8859  8866  8844  8850  8874  8909  8930  8936  8930  8905  8901  8919
TBILIS 2010 07 11 2  8910  8906  8903  8889  8861  8907  8902  8902  8929  8915  8926  8900
TBILIS 2010 07 12 1  8920  8901  8892  8893  8879  8863  8917  8912  8953  8951  8914  8923
TBILIS 2010 07 12 2  8934  8911  8902  8881  8850  8849  8867  8881  8814  8803  8855  8826
TBILIS 2010 07 13 1  8849  8816  8839  8851  8857  8854  8899  8902  8939  8927  8961  8968
TBILIS 2010 07 13 2  8994  8983  8974  8983  8992  8937  8951  8927  8909  8873  8890  8903
TBILIS 2010 07 14 1  8911  8892  8921  8893  8867  8884  8889  8929  8943  8921  8951  8939
TBILIS 2010 07 14 2  8938  8926  8922  8896  8836  8825  8815  8818  8823  8786  8847  8875
TBILIS 2010 07 15 1  8913  8847  8833  8836  8834  8813  8824  8811  8809  8835  8830  8796
TBILIS 2010 07 15 2  8816  8861  8811  8774  8768  8742  8703  8719  8686  8684  8738  8734
TBILIS 2010 07 16 1  8765  8759  8820  8823  8800  8835  8848  8834  8826  8792  8821  8837
TBILIS 2010 07 16 2  8873  8815  8842  8878  8857  8865  8773  8762  8751  8815  8802  8807
TBILIS 2010 07 17 1  8822  8813  8830  8834  8852  8913  8855  8873  8904  8892  8866  8889
TBILIS 2010 07 17 2  8865  8885  8879  8859  8884  8847  8877  8844  8834  8812  8795  8792
TBILIS 2010 07 18 1  8805  8866  8818  8836  8854  8873  8897  8882  8876  8854  8852  8880
TBILIS 2010 07 18 2  8891  8864  8868  8883  8901  8863  8892  8848  8843  8845  8849  8870
TBILIS 2010 07 19 1  8869  8904  8874  8920  8909  8913  8904  8943  8928  8944  8943  8923
TBILIS 2010 07 19 2  8880  8901  8887  8888  8869  8855  8834  8848  8841  8859  8858  8818
TBILIS 2010 07 20 1  8820  8821  8845  8848  8799  8818  8816  8846  8842  8866  8872  8849
TBILIS 2010 07 20 2  8876  8904  8872  8854  8859  8834  8874  8842  8886  8885  8837  8823
TBILIS 2010 07 21 1  8836  8830  8849  8858  8906  8884  8924  8939  8939  8937  8960  8965
TBILIS 2010 07 21 2  8969  8949  8953  9007  9000  8986  8966  8985  8978  8999  8960  8964
TBILIS 2010 07 22 1  8956  8969  8934  8931  8947  8961  8955  8964  8918  8909  8910  8902
TBILIS 2010 07 22 2  8929  8879  8867  8876  8837  8889  8823  8859  8858  8803  8806  8784
TBILIS 2010 07 23 1  8798  8840  8822  8840  8864  8887  8908  8854  8843  8833  8852  8846
TBILIS 2010 07 23 2  8837  8816  8797  8809  8852  8838  8871  8819  8824  8819  8807  8801
TBILIS 2010 07 24 1  8812  8821  8834  8838  8819  8853  8884  8922  8922  8898  8927  8916
TBILIS 2010 07 24 2  8871  8888  8896  8894  8892  8876  8850  8849  8836  8832  8843  8870
TBILIS 2010 07 25 1  8846  8881  8843  8859  8848  8854  8834  8853  8851  8881  8871  8894
TBILIS 2010 07 25 2  8846  8847  8845  8858  8852  8848  8828  8794  8825  8874  8876  8845
TBILIS 2010 07 26 1  8845  8834  8863  8826  8783  8853  8846  8837  8832  8824  8813  8836
TBILIS 2010 07 26 2  8841  8856  8846  8752  8681  8690  8670  8664  8622  8641  8634  8617
TBILIS 2010 07 27 1  8686  8695  8724  8763  8725  8724  8722  8772  8815  8857  8860  8886
TBILIS 2010 07 27 2  8912  8881  8846  8876  8881  8859  8849  8863  8794  8831  8871  8840
TBILIS 2010 07 28 1  8843  8778  8765  8752  8776  8783  8758  8803  8820  8832  8849  8883
TBILIS 2010 07 28 2  8885  8862  8854  8884  8882  8840  8858  8870  8861  8863  8839  8830
TBILIS 2010 07 29 1  8808  8830  8839  8851  8869  8874  8884  8892  8917  8877  8853  8891
TBILIS 2010 07 29 2  8864  8862  8847  8821  8806  8795  8792  8771  8795  8740  8739  8704
TBILIS 2010 07 30 1  8706  8702  8747  8752  8778  8778  8823  8847  8853  8849  8856  8841
TBILIS 2010 07 30 2  8841  8875  8838  8824  8797  8816  8801  8773  8749  8763  8754  8779
TBILIS 2010 07 31 1 99999 99999 99999 99999 99999 99999 99999 99999 99999 99999 99999 99999
TBILIS 2010 07 31 2 99999 99999 99999 99999 99999 99999 99999 99999 99999 99999 99999 99999
Cosmic-Ray Neutron Monitor Data (Hourly, Pressure-Corrected and Scale-Adjusted Counts)
Collections: WDC for Cosmic Rays, Solar-Terrestrial Environment Laboratory, Nagoya Univ.
Data Access: http://center.stelab.nagoya-u.ac.jp/WDCCR/index.html
Project: ICSU WDC
Citation: WDC for Cosmic Rays, Solar-Terrestrial Environment Laboratory, Nagoya University
Station ID: TBILIS
Station:  TBILISI,GIORGIA,INSTITUT GEOPHYSIKY (IG), GIORGIAN ACADEMY OF SCIENCES,GIORGIA 
Instrument: 18-NM-64 Corrected to 965 mb Standard Pressure, Coef =-0.69 %/mb                
Latitude (deg.):   41.43  Longitude (deg.):   44.48  Altitude (m):  510.00
Cut-Off Rigidity (GV):    6.73
Year: 2010  Month:   8
Scaling Factor (SF):    64.0   Constant (CONST):     0.0  Real Counts = (DATA + CONST)*SF
Temporal Resolution: 1 hour
UTC Start Hour:     0.0
DATA FILE IS PREPARED BY IZMIRAN (ftp://cr0.izmiran.rssi.ru/Cosray!/FTP_NM/C/)  
                                                        
Monthly Average:  8875.4
Updated (YYYY MM DD): 2011 03 02
*******************************************************************************************
ID     YYYY MM DD 1     0     1     2     3     4     5     6     7     8     9    10    11
ID     YYYY MM DD 2    12    13    14    15    16    17    18    19    20    21    22    23
*******************************************************************************************
TBILIS 2010 08 01 1  8840  8870  8837  8852  8887  8857  8858  8880  8885  8892  8879  8904
TBILIS 2010 08 01 2  8892  8876  8869  8876  8854  8861  8853  8804  8818  8821  8834  8808
TBILIS 2010 08 02 1  8808  8787  8842  8839  8830  8828  8878  8876  8866  8910  8888  8878
TBILIS 2010 08 02 2  8879  8886  8891  8862  8898  8855  8883  8938  8898  8905  8889  8830
TBILIS 2010 08 03 1  8843  8812  8865  8856  8869  8908  8894  8911  8859  8842  8830  8872
TBILIS 2010 08 03 2  8922  8934  8946  8957  8961  8916  8891  8842  8844  8820  8906  8905
TBILIS 2010 08 04 1  8890  8818  8788  8813  8812  8767  8789  8834  8790  8807  8783  8783
TBILIS 2010 08 04 2  8799  8799  8852  8831  8894  8842  8835  8827  8811  8804  8807  8836
TBILIS 2010 08 05 1  8859  8770  8738  8722  8720  8751  8728  8721  8797  8791  8796  8787
TBILIS 2010 08 05 2  8807  8814  8814  8837  8809  8808  8782  8775  8763  8772  8780  8757
TBILIS 2010 08 06 1  8768  8737  8719  8726  8751  8758  8756  8716  8715  8725  8775  8750
TBILIS 2010 08 06 2  8810  8820  8786  8735  8726  8730  8712  8768  8769  8769  8806  8823
TBILIS 2010 08 07 1  8801  8784  8810  8792  8780  8808  8854  8874  8903  8880  8878  8864
TBILIS 2010 08 07 2  8891  8912  8910  8902  8852  8867  8854  8872  8839  8872  8906  8865
TBILIS 2010 08 08 1  8857  8868  8879  8847  8871  8874  8859  8901  8965  8959  8926  8928
TBILIS 2010 08 08 2  8941  8934  8918  8898  8861  8827  8830  8822  8848  8817  8824  8776
TBILIS 2010 08 09 1  8789  8800  8791  8810  8816  8859  8879  8886  8849  8878  8859  8879
TBILIS 2010 08 09 2  8877  8951  8901  8913  8906  8878  8935  8915  8932  8876  8829  8829
TBILIS 2010 08 10 1  8853  8858  8882  8826  8855  8895  8915  8915  8913  8905  8901  8896
TBILIS 2010 08 10 2  8905  8910  8951  8921  8893  8913  8864  8845  8875  8925  8919  8922
TBILIS 2010 08 11 1  8928  8915  8897  8904  8887  8854  8941  8906  8915  8920  8905  8937
TBILIS 2010 08 11 2  8859  8827  8820  8802  8811  8800  8780  8777  8816  8838  8820  8854
TBILIS 2010 08 12 1  8832  8779  8810  8853  8834  8854  8900  8867  8883  8882  8873  8897
TBILIS 2010 08 12 2  8890  8875  8817  8840  8834  8828  8854  8787  8837  8820  8820  8779
TBILIS 2010 08 13 1  8824  8802  8876  8836  8886  8884  8897  8895  8896  8910  8895  8925
TBILIS 2010 08 13 2  8909  8921  8911  8954  8926  8914  8877  8908  8939  8920  8863  8902
TBILIS 2010 08 14 1  8930  8902  8870  8918  8895  8888  8884  8931  8902  8913  8931  8934
TBILIS 2010 08 14 2  8911  8929  8958  8927  8932  8942  8941  8966  8934  8919  8909  8910
TBILIS 2010 08 15 1  8885  8910  8892  8881  8896  8903  8954  8935  8991  8941  8960  8970
TBILIS 2010 08 15 2  8970  8971  8969  8976  8972  8949  8934  8936  8950  8927  8944  8940
TBILIS 2010 08 16 1  8908  8899  8925  8886  8896  8933  8947  8939  8951  8987  8962  8966
TBILIS 2010 08 16 2  8958  8957  8941  8974  8943  8957  8926  8844  8825  8859  8874  8871
TBILIS 2010 08 17 1  8852  8880  8892  8912  8916  8901  8925  8927  8983  8971  8939  8965
TBILIS 2010 08 17 2  8955  8931  8949  8913  8928  8876  8911  8947  8923  8897  8894  8931
TBILIS 2010 08 18 1  8917  8829  8862  8861  8877  8908  8892  8924  8945  8921  8936  8977
TBILIS 2010 08 18 2  8961  8935  8922  8905  8867  8862  8857  8847  8850  8849  8814  8847
TBILIS 2010 08 19 1  8795  8809  8789  8774  8793  8880  8898  8933  8993  8972  8963  8960
TBILIS 2010 08 19 2  8949  8913  8918  8925  8928  8882  8800  8801  8776  8776  8815  8776
TBILIS 2010 08 20 1  8808  8828  8847  8846  8865  8868  8904  8932  8990  8936  8935  8919
TBILIS 2010 08 20 2  8917  8877  8897  8891  8853  8880  8832  8825  8837  8802  8782  8737
TBILIS 2010 08 21 1  8772  8772  8781  8779  8802  8836  8829  8890  8925  8945  8945  8942
TBILIS 2010 08 21 2  8935  8917  8968  8902  8901  8883  8841  8827  8820  8841  8868  8816
TBILIS 2010 08 22 1  8807  8826  8844  8811  8770  8837  8841  8875  8941  8961  8942  8941
TBILIS 2010 08 22 2  8992  8924  8888  8887  8849  8843  8852  8848  8814  8809  8850  8791
TBILIS 2010 08 23 1  8803  8792  8829  8801  8868  8863  8870  8905  8889  8878  8869  8899
TBILIS 2010 08 23 2  8859  8832  8875  8862  8857  8875  8874  8836  8840  8855  8824  8835
TBILIS 2010 08 24 1  8861  8846  8874  8861  8887  8859  8863  8877  8889  8877  8911  8908
TBILIS 2010 08 24 2  8917  8915  8898  8873  8873  8903  8897  8918  8907  8918  8872  8862
TBILIS 2010 08 25 1  8880  8850  8855  8892  8887  8887  8882  8893  8908  8926  8930  8921
TBILIS 2010 08 25 2  8935  8910  8926  8948  8939  8895  8896  8936  8949  8923  8899  8929
TBILIS 2010 08 26 1  8890  8924  8897  8889  8923  8928  8892  8918  8907  8903  8926  8954
TBILIS 2010 08 26 2  8925  8969  8946  8977  8933  8910  8917  8875  8894  8887  8920  8904
TBILIS 2010 08 27 1  8882  8897  8905  8907  8920  8930  8903  8900  8920  8940  8989  8936
TBILIS 2010 08 27 2  8961  8899  8919  8914  8890  8889  8934  8929  8899  8935  8877  8871
TBILIS 2010 08 28 1  8875  8921  8891  8883  8885  8903  8869  8916  8913  8893  8912  8890
TBILIS 2010 08 28 2  8910  8863  8902  8897  8832  8845  8851  8824  8839  8824  8821  8842
TBILIS 2010 08 29 1  8824  8856  8824  8872  8838  8862  8888  8856  8897  8891  8940  8914
TBILIS 2010 08 29 2  8905  8949  8960  8913  8927  8916  8892  8880  8940  8866  8888  8893
TBILIS 2010 08 30 1  8919  8889  8886  8910  8936  8944  8949  8958  8955  8932  8922  8891
TBILIS 2010 08 30 2  8932  8916  8938  8920  8879  8883  8886  8859  8861  8832  8837  8828
TBILIS 2010 08 31 1  8816  8838  8831  8863  8848  8929  8891  8944  8914  8935  8911  8919
TBILIS 2010 08 31 2  8919  8902  8869  8848  8853  8856  8835  8855  8837  8860  8815  8841
Cosmic-Ray Neutron Monitor Data (Hourly, Pressure-Corrected and Scale-Adjusted Counts)
Collections: WDC for Cosmic Rays, Solar-Terrestrial Environment Laboratory, Nagoya Univ.
Data Access: http://center.stelab.nagoya-u.ac.jp/WDCCR/index.html
Project: ICSU WDC
Citation: WDC for Cosmic Rays, Solar-Terrestrial Environment Laboratory, Nagoya University
Station ID: TBILIS
Station:  TBILISI,GIORGIA,INSTITUT GEOPHYSIKY (IG), GIORGIAN ACADEMY OF SCIENCES,GIORGIA 
Instrument: 18-NM-64 Corrected to 965 mb Standard Pressure, Coef =-0.69 %/mb                
Latitude (deg.):   41.43  Longitude (deg.):   44.48  Altitude (m):  510.00
Cut-Off Rigidity (GV):    6.73
Year: 2010  Month:   9
Scaling Factor (SF):    64.0   Constant (CONST):     0.0  Real Counts = (DATA + CONST)*SF
Temporal Resolution: 1 hour
UTC Start Hour:     0.0
DATA FILE IS PREPARED BY IZMIRAN (ftp://cr0.izmiran.rssi.ru/Cosray!/FTP_NM/C/)  
                                                        
Monthly Average:  9100.9
Updated (YYYY MM DD): 2011 03 02
*******************************************************************************************
ID     YYYY MM DD 1     0     1     2     3     4     5     6     7     8     9    10    11
ID     YYYY MM DD 2    12    13    14    15    16    17    18    19    20    21    22    23
*******************************************************************************************
TBILIS 2010 09 01 1  8855  8876  8844  8838  8862  8886  8886  8930  8916  8901  8870  8891
TBILIS 2010 09 01 2  8871  8884  8799  8843  8857  8837  8804  8790  8800  8830  8846  8825
TBILIS 2010 09 02 1  8808  8809  8824  8787  8836  8842  8882  8933  8978  8986  8960  9003
TBILIS 2010 09 02 2  8975  8920  8948  8926  8897  8860  8861  8844  8843  8822  8808  8814
TBILIS 2010 09 03 1  8845  8792  8855  8836  8839  8875  8913  8900  8854  8922  8937  8950
TBILIS 2010 09 03 2  8929  8937  8888  8891  8832  8857  8834  8853  8824  8854  8839  8827
TBILIS 2010 09 04 1  8873  8848  8882  8905  8921  8893  8961  8984  8968  8969  8947  8963
TBILIS 2010 09 04 2  8971  8964  8929  8980  8937  8930  8869  8901  8896  8915  8895  8943
TBILIS 2010 09 05 1  8910  8895  8902  8916  8938  8957  8972  8986  8979  9022  9004  8997
TBILIS 2010 09 05 2  8977  9023  9034  9022  9038  9032  9018  9075  9113  9112  9160  9159
TBILIS 2010 09 06 1  9136  9184  9203  9198  9181  9201  9260  9253  9216  9221  9246  9277
TBILIS 2010 09 06 2  9271  9274  9261  9234  9241  9276  9253  9235  9234  9219  9196  9216
TBILIS 2010 09 07 1  9184  9180  9206  9266  9264  9268  9237  9264  9291  9364  9403  9381
TBILIS 2010 09 07 2  9390  9375  9366  9362  9294  9292  9264  9290  9271  9257  9238  9203
TBILIS 2010 09 08 1  9204  9236  9196  9207  9243  9210  9305  9250  9273  9283  9288  9253
TBILIS 2010 09 08 2  9206  9257  9228  9188  9253  9410  9422  9355  9276  9273  9261  9269
TBILIS 2010 09 09 1  9271  9288  9392  9431  9425  9284  9235  9176  9167  9142  9117  9119
TBILIS 2010 09 09 2  9128  9090  9073  9106  9093  9047  9006  8970  8946  8983  8985  9019
TBILIS 2010 09 10 1  8983  8977  9023  9031  9123  9207  9288  9239  9290  9283  9240  9273
TBILIS 2010 09 10 2  9280  9279  9228  9253  9203  9216  9230  9256  9276  9254  9254  9299
TBILIS 2010 09 11 1  9237  9288  9263  9144  9153  9151  9167  9196  9191  9210  9198  9243
TBILIS 2010 09 11 2  9222  9215  9177  9224  9160  9182  9184  9142  9122  9134  9111  9025
TBILIS 2010 09 12 1  9056  9007  9009  9086  9087  9131  9179  9198  9224  9203  9237  9246
TBILIS 2010 09 12 2  9278  9253  9221  9235  9222  9174  9175  9146  9121  9115  9099  9072
TBILIS 2010 09 13 1  9082  9067  9091  9142  9155  9171  9152  9194  9249  9261  9264  9231
TBILIS 2010 09 13 2  9279  9266  9224  9215  9180  9167  9167  9140  9118  9141  9169  9121
TBILIS 2010 09 14 1  9121  9130  9106  9116  9127  9121  9163  9220  9254  9192  9132  9125
TBILIS 2010 09 14 2  9121  9139  9125  9132  9157  9146  9096  9144  9142  9106  9142  9122
TBILIS 2010 09 15 1  9130  9097  9102  9148  9178  9206  9175  9235  9217  9215  9218  9161
TBILIS 2010 09 15 2  9146  9167  9157  9104  9137  9128  9122  9113  9106  9077  9092  9095
TBILIS 2010 09 16 1  9112  9100  9120  9131  9107  9130  9113  9087  9068  9089  9047  9064
TBILIS 2010 09 16 2  9077  9038  9044  9067  9072  9074  9099  9105  9082  9042  9041  9072
TBILIS 2010 09 17 1  9058  9043  9085  9065  9076  9083  9115  9107  9139  9103  9094  9093
TBILIS 2010 09 17 2  9036  9057  9081  9105  9064  9164  9095  9088  9124  9104  9103  9100
TBILIS 2010 09 18 1  9096  9089  9143  9119  9121  9067  9137  9113  9092  9112  9068  9029
TBILIS 2010 09 18 2  9049  9063  9041  9074  9078  9078  9057  9052  9066  9050  9052  9059
TBILIS 2010 09 19 1  9084  9096  9081  9057  9066  9135  9219  9193  9135  9147  9203  9148
TBILIS 2010 09 19 2  9138  9148  9181  9137  9051  9036  9080  9047  9033  9039  9056  9045
TBILIS 2010 09 20 1  9035  9028  9014  9006  9004  9051  9065  9090  9105  9075  9055  9125
TBILIS 2010 09 20 2  9128  9097  9070  9067  9072  9098  9059  9094  9096  9064  9023  9039
TBILIS 2010 09 21 1  9059  9087  9130  9133  9174  9166  9147  9130  9146  9117  9139  9125
TBILIS 2010 09 21 2  9079  9131  9138  9089  9149  9135  9144  9127  9093  9098  9099  9112
TBILIS 2010 09 22 1  9088  9093  9095  9098  9098  9193  9187  9208  9193  9186  9190  9115
TBILIS 2010 09 22 2  9095  9122  9074  9096  9040  9054  9019  9050  9045  8995  8973  8949
TBILIS 2010 09 23 1  8975  9028  9044  9040  9049  9028  9056  9035  9099  9087  9113  9113
TBILIS 2010 09 23 2  9102  9096  9096  9082  9088  9096  9075  9104  9072  9065  9043  9083
TBILIS 2010 09 24 1  9114  9048  9069  9080  9059  9108  9176  9177  9196  9188  9196  9213
TBILIS 2010 09 24 2  9204  9230  9166  9140  9103  9122  9132  9104  9108  9093  9087  9089
TBILIS 2010 09 25 1  9078  9108  9138  9133  9130  9130  9163  9185  9147  9217  9196  9191
TBILIS 2010 09 25 2  9108  9075  9111  9081  9079  9126  9089  9058  9075  9014  9065  9066
TBILIS 2010 09 26 1  9065  9073  9102  9127  9145  9114  9104  9128  9106  9124  9156  9192
TBILIS 2010 09 26 2  9163  9157  9141  9115  9136  9122  9097  9071  9063  9054  9065  9031
TBILIS 2010 09 27 1  9065  9103  9085  9097  9071  9087  9159  9168  9172  9125  9083  9078
TBILIS 2010 09 27 2  9074  9041  9051  9046  8970  9000  9028  9002  8989  9035  9033  9041
TBILIS 2010 09 28 1  9035  9050  9047  9077  9067  9087  9100  9118  9150  9137  9125  9113
TBILIS 2010 09 28 2  9078  9100  9090  9084  9081  9060  9099  9081  9135  9137  9107  9104
TBILIS 2010 09 29 1  9141  9083  9068  9056  9081  9108  9184  9141  9235  9214  9177  9113
TBILIS 2010 09 29 2  9096  9131  9109  9090  9069  9087  9161  9164  9150  9169  9126  9154
TBILIS 2010 09 30 1  9151  9104  9122  9171  9184  9157  9174  9185  9173  9168  9172  9210
TBILIS 2010 09 30 2  9166  9240  9238  9243  9233  9203  9206  9223  9194  9212  9158  9152
TBILIS 2010 09 31 1 99999 99999 99999 99999 99999 99999 99999 99999 99999 99999 99999 99999
TBILIS 2010 09 31 2 99999 99999 99999 99999 99999 99999 99999 99999 99999 99999 99999 99999
Cosmic-Ray Neutron Monitor Data (Hourly, Pressure-Corrected and Scale-Adjusted Counts)
Collections: WDC for Cosmic Rays, Solar-Terrestrial Environment Laboratory, Nagoya Univ.
Data Access: http://center.stelab.nagoya-u.ac.jp/WDCCR/index.html
Project: ICSU WDC
Citation: WDC for Cosmic Rays, Solar-Terrestrial Environment Laboratory, Nagoya University
Station ID: TBILIS
Station:  TBILISI,GIORGIA,INSTITUT GEOPHYSIKY (IG), GIORGIAN ACADEMY OF SCIENCES,GIORGIA 
Instrument: 18-NM-64 Corrected to 965 mb Standard Pressure, Coef =-0.69 %/mb                
Latitude (deg.):   41.43  Longitude (deg.):   44.48  Altitude (m):  510.00
Cut-Off Rigidity (GV):    6.73
Year: 2010  Month:  10
Scaling Factor (SF):    64.0   Constant (CONST):     0.0  Real Counts = (DATA + CONST)*SF
Temporal Resolution: 1 hour
UTC Start Hour:     0.0
DATA FILE IS PREPARED BY IZMIRAN (ftp://cr0.izmiran.rssi.ru/Cosray!/FTP_NM/C/)  
                                                        
Monthly Average:  9326.3
Updated (YYYY MM DD): 2011 03 02
*******************************************************************************************
ID     YYYY MM DD 1     0     1     2     3     4     5     6     7     8     9    10    11
ID     YYYY MM DD 2    12    13    14    15    16    17    18    19    20    21    22    23
*******************************************************************************************
TBILIS 2010 10 01 1  9181  9112  9137  9173  9214  9256  9198  9218  9219  9221  9207  9154
TBILIS 2010 10 01 2  9135  9144  9139  9126  9119  9115  9129  9117  9160  9131  9133  9171
TBILIS 2010 10 02 1  9124  9137  9118  9166  9163  9176  9230  9231  9199  9205  9213  9210
TBILIS 2010 10 02 2  9210  9176  9190  9172  9109  9158  9087  9099  9117  9085  9111  9094
TBILIS 2010 10 03 1  9167  9138  9174  9182  9178  9135  9153  9140  9162  9112  9123  9138
TBILIS 2010 10 03 2  9162  9161  9193  9194  9161  9168  9178  9199  9198  9167  9158  9177
TBILIS 2010 10 04 1  9166  9172  9189  9182  9146  9164  9167  9188  9224  9235  9217  9207
TBILIS 2010 10 04 2  9220  9180  9205  9188  9212  9237  9208  9135  9121  9174  9152  9158
TBILIS 2010 10 05 1  9161  9162  9141  9154  9161  9189  9216  9247  9203  9217  9230  9197
TBILIS 2010 10 05 2  9174  9126  9094  9068  9060  9061  9041  9019  8967  9006  8999  8992
TBILIS 2010 10 06 1  9015  9062  9060  9086  9152  9169  9170  9137  9129  9142  9110  9121
TBILIS 2010 10 06 2  9088  9112  9049  9058  9054  9069  9079  9096  9138  9160  9123  9134
TBILIS 2010 10 07 1  9142  9126  9163  9101  9080  9121  9137  9154  9168  9090  9117  9096
TBILIS 2010 10 07 2  9074  9128  9077  9084  9000  9042  9028  9035  9055  9113  9095  9082
TBILIS 2010 10 08 1  9091  9074  9103  9107  9123  9092  9100  9127  9124  9149  9119  9115
TBILIS 2010 10 08 2  9121  9138  9129  9151  9125  9107  9084  9081  9097  9141  9098  9095
TBILIS 2010 10 09 1  9107  9132  9177  9111  9147  9170  9179  9127  9158  9123  9096  9101
TBILIS 2010 10 09 2  9094  9147  9149  9133  9150  9138  9133  9109  9132  9120  9155  9203
TBILIS 2010 10 10 1  9421  9384  9362  9408  9462  9430  9439  9527  9540  9450  9392  9410
TBILIS 2010 10 10 2  9418  9412  9479  9504  9454  9483  9493  9459  9443  9446  9423  9432
TBILIS 2010 10 11 1  9463  9467  9443  9431  9364  9331  9267  9312  9332  9360  9412  9342
TBILIS 2010 10 11 2  9370  9420  9493  9475  9505  9559  9740  9801  9672  9585  9514  9441
TBILIS 2010 10 12 1  9488  9539  9383  9427  9354  9322  9271  9333  9314  9353  9356  9189
TBILIS 2010 10 12 2  9360  9353  9262  9364  9330  9321  9236  9208  9333  9324  9290  9295
TBILIS 2010 10 13 1  9268  9290  9239  9275  9203  9233  9152  9152  9149  9176  9267  9318
TBILIS 2010 10 13 2  9143  9240  9328  9291  9256  9194  9211  9196  9175  9193  9190  9183
TBILIS 2010 10 14 1  9141  9093  9144  9143  9286  9284  9272  9249  9218  9279  9237  9233
TBILIS 2010 10 14 2  9339  9386  9380  9441  9424  9466  9411  9439  9444  9402  9235  9210
TBILIS 2010 10 15 1  9115  9199  9295  9216  9291  9165  9269  9223  9269  9258  9223  9285
TBILIS 2010 10 15 2  9163  9231  9275  9133  9056  9027  9111  9072  9145  9130  9112  9096
TBILIS 2010 10 16 1  9112  9085  9065  9074  9095  9128  9156  9145  9164  9130  9171  9244
TBILIS 2010 10 16 2  9185  9345  9353  9347  9373  9422  9439  9397  9360  9407  9417  9394
TBILIS 2010 10 17 1  9454  9427  9382  9378  9433  9444  9476  9500  9509  9516  9514  9466
TBILIS 2010 10 17 2  9295  9447  9376  9341  9359  9394  9449  9458  9484  9429  9479  9526
TBILIS 2010 10 18 1  9511  9532  9571  9569  9599  9656  9653  9600  9565  9637  9625  9596
TBILIS 2010 10 18 2  9598  9529  9450  9439  9462  9515  9551  9581  9560  9560  9546  9548
TBILIS 2010 10 19 1  9506  9554  9517  9533  9529  9572  9537  9548  9490  9430  9373  9357
TBILIS 2010 10 19 2  9247  9342  9332  9254  9292  9314  9290  9298  9303  9330  9469  9616
TBILIS 2010 10 20 1  9631  9661  9580  9581  9615  9585  9573  9621  9558  9630  9584  9548
TBILIS 2010 10 20 2  9543  9517  9484  9428  9424  9424  9328  9281  9292  9287  9282  9305
TBILIS 2010 10 21 1  9318  9340  9358  9323  9378  9378  9381  9412  9394  9414  9432  9391
TBILIS 2010 10 21 2  9325  9325  9357  9289  9287  9272  9258  9255  9263  9243  9238  9255
TBILIS 2010 10 22 1  9259  9291  9257  9304  9307  9363  9356  9337  9304  9332  9345  9318
TBILIS 2010 10 22 2  9301  9311  9270  9286  9271  9232  9228  9282  9200  9187  9167  9183
TBILIS 2010 10 23 1  9155  9210  9168  9100  9013  9053  9105  9161  9217  9284  9289  9242
TBILIS 2010 10 23 2  9265  9274  9379  9452  9353  9315  9269  9253  9247  9264  9302  9441
TBILIS 2010 10 24 1  9502  9530  9567  9570  9551  9611  9592  9604  9586  9574  9631  9600
TBILIS 2010 10 24 2  9554  9594  9571  9534  9531  9547  9517  9475  9486  9483  9437  9430
TBILIS 2010 10 25 1  9450  9443  9428  9491  9495  9509  9492  9534  9517  9502  9533  9529
TBILIS 2010 10 25 2  9488  9471  9514  9492  9508  9477  9519  9526  9511  9456  9483  9508
TBILIS 2010 10 26 1  9474  9461  9492  9479  9489  9511  9535  9524  9553  9507  9517  9560
TBILIS 2010 10 26 2  9536  9585  9554  9582  9564  9565  9588  9538  9497  9559  9564  9562
TBILIS 2010 10 27 1  9561  9570  9606  9573  9639  9599  9622  9648  9590  9612  9357  9296
TBILIS 2010 10 27 2  9259  9203  9243  9239  9293  9166  9258  9339  9361  9362  9608  9650
TBILIS 2010 10 28 1  9608  9561  9661  9564  9503  9565  9389  9440  9478  9496  9498  9440
TBILIS 2010 10 28 2  9437  9464  9498  9627  9550  9566  9555  9631  9589  9608  9544  9586
TBILIS 2010 10 29 1  9570  9562  9572  9550  9518  9537  9552  9503  9501  9447  9480  9429
TBILIS 2010 10 29 2  9424  9414  9432  9499  9467  9420  9394  9393  9353  9360  9357  9372
TBILIS 2010 10 30 1  9333  9354  9341  9364  9374  9399  9492  9499  9512  9521  9493  9426
TBILIS 2010 10 30 2  9609  9472  9429  9587  9554  9548  9412  9425  9401  9445  9418  9388
TBILIS 2010 10 31 1  9424  9427  9359  9385  9431  9396  9485  9502  9520  9565  9514  9559
TBILIS 2010 10 31 2  9548  9480  9425  9403  9388  9383  9410  9430  9468  9484  9496  9563
Cosmic-Ray Neutron Monitor Data (Hourly, Pressure-Corrected and Scale-Adjusted Counts)
Collections: WDC for Cosmic Rays, Solar-Terrestrial Environment Laboratory, Nagoya Univ.
Data Access: http://center.stelab.nagoya-u.ac.jp/WDCCR/index.html
Project: ICSU WDC
Citation: WDC for Cosmic Rays, Solar-Terrestrial Environment Laboratory, Nagoya University
Station ID: TBILIS
Station:  TBILISI,GIORGIA,INSTITUT GEOPHYSIKY (IG), GIORGIAN ACADEMY OF SCIENCES,GIORGIA 
Instrument: 18-NM-64 Corrected to 965 mb Standard Pressure, Coef =-0.69 %/mb                
Latitude (deg.):   41.43  Longitude (deg.):   44.48  Altitude (m):  510.00
Cut-Off Rigidity (GV):    6.73
Year: 2010  Month:  11
Scaling Factor (SF):    64.0   Constant (CONST):     0.0  Real Counts = (DATA + CONST)*SF
Temporal Resolution: 1 hour
UTC Start Hour:     0.0
DATA FILE IS PREPARED BY IZMIRAN (ftp://cr0.izmiran.rssi.ru/Cosray!/FTP_NM/C/)  
                                                        
Monthly Average:  8956.6
Updated (YYYY MM DD): 2011 03 02
*******************************************************************************************
ID     YYYY MM DD 1     0     1     2     3     4     5     6     7     8     9    10    11
ID     YYYY MM DD 2    12    13    14    15    16    17    18    19    20    21    22    23
*******************************************************************************************
TBILIS 2010 11 01 1  9445  9416  9431  9448  9453  9429  9447  9447  9422  9416  9389  9380
TBILIS 2010 11 01 2  9349  9268  9207  9232  9245  9242  9277  9314  9310  9339  9436  9454
TBILIS 2010 11 02 1  9394  9461  9421  9396  9438  9478  9507  9498  9462  9424  9389  9328
TBILIS 2010 11 02 2  9357  9269  9259  9268  8897  8907  8902  8909  8860  8870  8830  8822
TBILIS 2010 11 03 1  8840  8876  8903  8866  8910  8915  8922  8941  8964  8968  8941  8935
TBILIS 2010 11 03 2  9027  9024  8989  8949  8990  8941  8928  8947  8944  8922  8939  8965
TBILIS 2010 11 04 1  8964  8955  8966  8987  8974  8946  8965  9017  8980  9013  8974  9030
TBILIS 2010 11 04 2  9039  8979  8908  8936  8982  8958  9006  9018  8997  8943  8939  8895
TBILIS 2010 11 05 1  8895  8923  8922  8967  8976  8959  8999  9019  8984  9004  8982  8977
TBILIS 2010 11 05 2  8998  8979  8974  9001  8982  9025  9042  8973  8996  8965  8994  8983
TBILIS 2010 11 06 1  8968  8994  8989  8953  8993  9002  9023  9052  8997  8964  8978  8945
TBILIS 2010 11 06 2  8958  8937  8901  8848  8867  8922  8895  8848  8909  8894  8849  8859
TBILIS 2010 11 07 1  8855  8881  8995  8962  8962  9007  8994  9010  8971  8961  8960  8976
TBILIS 2010 11 07 2  8965  8975  8997  8938  8951  8940  8972  8922  8910  8923  8912  8946
TBILIS 2010 11 08 1  8900  8922  8907  8879  8912  8920  8955  8961  8958  8977  8969  8960
TBILIS 2010 11 08 2  8962  8983  9008  8986  8942  8956  8956  8945  8940  8924  8936  8923
TBILIS 2010 11 09 1  8918  8938  8962  8930  8949  8990  8982  9025  9065  9003  9009  9021
TBILIS 2010 11 09 2  9036  9000  8989  9002  8985  9005  9005  8985  9008  8987  8964  8968
TBILIS 2010 11 10 1  8944  8992  9021  8997  8990  8993  8991  8981  9030  9012  9051  8992
TBILIS 2010 11 10 2  9004  8974  8966  8960  8960  8969  8969  8938  8950  8956  8977  8931
TBILIS 2010 11 11 1  8934  8942  8916  8979  8951  9003  9030  9007  9053  9067  9060  9032
TBILIS 2010 11 11 2  9032  9001  9030  9022  9045  9027  9041  8984  9007  8987  9045  9066
TBILIS 2010 11 12 1  9034  9043  9029  9024  9024  8994  8989  9018  9026  8991  8989  8972
TBILIS 2010 11 12 2  8958  8906  8945  8953  8940  8983  8973  8984  8983  8977  9019  9019
TBILIS 2010 11 13 1  8961  8996  9004  8986  8967  8974  8978  8981  8978  8998  8996  8996
TBILIS 2010 11 13 2  8977  8961  8930  8921  8953  8910  8919  8942  8920  8959  8970  8971
TBILIS 2010 11 14 1  8930  8963  8984  9045  9062  9016  9034  9066  9101  9102  9095  9067
TBILIS 2010 11 14 2  9055  9059  8976  9015  8985  8995  8985  8961  8937  8963  8962  8945
TBILIS 2010 11 15 1  8925  8938  8910  8964  8963  8967  8998  9029  9034  9041  9039  9061
TBILIS 2010 11 15 2  9020  9025  8982  9020  9072  9018  8986  8987  8988  8981  8986  8991
TBILIS 2010 11 16 1  9034  8999  8997  9015  8975  8978  8975  8993  9008  8988  9001  8990
TBILIS 2010 11 16 2  8983  8985  8980  9015  9010  8981  8987  8974  8996  8985  8947  8932
TBILIS 2010 11 17 1  8995  8983  8974  8989  8972  9016  9022  8988  8943  8962  8957  8938
TBILIS 2010 11 17 2  8971  8952  8922  8913  8940  8934  8941  8916  8923  8936  8946  8910
TBILIS 2010 11 18 1  8948  8955  8934  8935  8948  8942  8949  8950  8985  8959  8960  8962
TBILIS 2010 11 18 2  8954  8950  8911  8907  8887  8885  8908  8866  8888  8886  8898  8888
TBILIS 2010 11 19 1  8929  8854  8878  8920  8943  8904  8938  8967  8943  8973  9013  9001
TBILIS 2010 11 19 2  8960  8948  8955  8893  8894  8902  8917  8919  8921  8908  8844  8872
TBILIS 2010 11 20 1  8888  8905  8919  8945  8947  8910  8924  8943  8958  8949  8927  8923
TBILIS 2010 11 20 2  8911  8947  8923  8877  8891  8902  8868  8878  8901  8859  8865  8896
TBILIS 2010 11 21 1  8912  8890  8919  8890  8924  8901  8926  8962  8897  8901  8889  8902
TBILIS 2010 11 21 2  8876  8907  8919  8917  8869  8869  8834  8878  8821  8843  8858  8819
TBILIS 2010 11 22 1  8888  8919  8918  8908  8917  8919  8945  8954  8971  8926  8952  8941
TBILIS 2010 11 22 2  8942  8944  8895  8861  8901  8946  8876  8886  8867  8881  8870  8900
TBILIS 2010 11 23 1  8907  8885  8869  8903  8883  8840  8878  8870  8892  8926  8921  8892
TBILIS 2010 11 23 2  8846  8914  8892  8927  8883  8869  8870  8890  8887  8889  8843  8863
TBILIS 2010 11 24 1  8833  8827  8833  8874  8853  8841  8837  8845  8891  8871  8877  8880
TBILIS 2010 11 24 2  8872  8869  8853  8837  8867  8890  8852  8876  8855  8885  8897  8900
TBILIS 2010 11 25 1  8896  8882  8922  8862  8863  8885  8909  8846  8875  8835  8859  8843
TBILIS 2010 11 25 2  8843  8843  8830  8856  8861  8875  8867  8877  8860  8809  8834  8805
TBILIS 2010 11 26 1  8848  8822  8818  8837  8823  8823  8849  8824  8853  8865  8807  8841
TBILIS 2010 11 26 2  8846  8833  8843  8885  8870  8910  8891  8878  8873  8896  8849  8830
TBILIS 2010 11 27 1  8830  8841  8839  8842  8861  8875  8839  8857  8895  8887  8857  8853
TBILIS 2010 11 27 2  8837  8892  8894  8899  8875  8903  8876  8884  8903  8870  8860  8844
TBILIS 2010 11 28 1  8777  8792  8801  8828  8806  8805  8842  8849  8847  8871  8808  8844
TBILIS 2010 11 28 2  8811  8815  8799  8838  8868  8888  8907  8888  8841  8883  8832  8812
TBILIS 2010 11 29 1  8817  8796  8803  8803  8853  8891  8894  8957  8903  8948  8933  8977
TBILIS 2010 11 29 2  8979  8933  8929  8860  8911  8897  8862  8882  8867  8885  8897  8904
TBILIS 2010 11 30 1  8950  8941  8929  8883  8925  8875  8901  8900  8882  8885  8865  8894
TBILIS 2010 11 30 2  8873  8841  8825  8860  8858  8845  8806  8821  8846  8826  8839  8850
TBILIS 2010 11 31 1 99999 99999 99999 99999 99999 99999 99999 99999 99999 99999 99999 99999
TBILIS 2010 11 31 2 99999 99999 99999 99999 99999 99999 99999 99999 99999 99999 99999 99999
Cosmic-Ray Neutron Monitor Data (Hourly, Pressure-Corrected and Scale-Adjusted Counts)
Collections: WDC for Cosmic Rays, Solar-Terrestrial Environment Laboratory, Nagoya Univ.
Data Access: http://center.stelab.nagoya-u.ac.jp/WDCCR/index.html
Project: ICSU WDC
Citation: WDC for Cosmic Rays, Solar-Terrestrial Environment Laboratory, Nagoya University
Station ID: TBILIS
Station:  TBILISI,GIORGIA,INSTITUT GEOPHYSIKY (IG), GIORGIAN ACADEMY OF SCIENCES,GIORGIA 
Instrument: 18-NM-64 Corrected to 965 mb Standard Pressure, Coef =-0.69 %/mb                
Latitude (deg.):   41.43  Longitude (deg.):   44.48  Altitude (m):  510.00
Cut-Off Rigidity (GV):    6.73
Year: 2010  Month:  12
Scaling Factor (SF):    64.0   Constant (CONST):     0.0  Real Counts = (DATA + CONST)*SF
Temporal Resolution: 1 hour
UTC Start Hour:     0.0
DATA FILE IS PREPARED BY IZMIRAN (ftp://cr0.izmiran.rssi.ru/Cosray!/FTP_NM/C/)  
                                                        
Monthly Average:  9084.0
Updated (YYYY MM DD): 2011 03 02
*******************************************************************************************
ID     YYYY MM DD 1     0     1     2     3     4     5     6     7     8     9    10    11
ID     YYYY MM DD 2    12    13    14    15    16    17    18    19    20    21    22    23
*******************************************************************************************
TBILIS 2010 12 01 1  8818  8893  8897  8890  8910  8892  8877  8922  8956  8987  9000  8957
TBILIS 2010 12 01 2  8938  8880  8909  8907  8931  8933  8876  8881  8895  8864  8849  8865
TBILIS 2010 12 02 1  8865  8868  8848  8840  8905  8881  8898  8922  8956  8935  8943  8915
TBILIS 2010 12 02 2  8918  8939  8931  8878  8820  8908  8862  8849  8815  8838  8826  8869
TBILIS 2010 12 03 1  8854  8872  8869  8874  8955  8924  8925  8921  8933  9135  9208  9188
TBILIS 2010 12 03 2  9211  9195  9127  9140  9138  9160  9140  9136  9149  9109  9116  9145
TBILIS 2010 12 04 1  9174  9145  9193  9194  9202  9244  9205  9153  9234  9191  9189  9180
TBILIS 2010 12 04 2  9232  9191  9193  9171  9179  9197  9186  9134  9115  9142  9101  9132
TBILIS 2010 12 05 1  9149  9154  9196  9163  9186  9221  9212  9232  9246  9222  9206  9184
TBILIS 2010 12 05 2  9187  9164  9148  9164  9181  9189  9123  9154  9150  9140  9138  9152
TBILIS 2010 12 06 1  9160  9150  9157  9139  9176  9178  9172  9190  9193  9176  9240  9182
TBILIS 2010 12 06 2  9163  9168  9201  9171  9146  9196  9184  9155  9096  9095  9092  9121
TBILIS 2010 12 07 1  9091  9123  9145  9140  9152  9155  9172  9175  9186  9163  9137  9152
TBILIS 2010 12 07 2  9150  9179  9189  9159  9129  9163  9170  9101  9131  9113  9113  9135
TBILIS 2010 12 08 1  9120  9167  9181  9157  9154  9185  9167  9231  9232  9239  9216  9218
TBILIS 2010 12 08 2  9212  9186  9156  9188  9210  9273  9237  9260  9280  9281  9225  9270
TBILIS 2010 12 09 1  9248  9252  9285  9289  9219  9233  9257  9244  9289  9297  9320  9270
TBILIS 2010 12 09 2  9255  9250  9225  9216  9271  9234  9279  9209  9309  9224  9234  9197
TBILIS 2010 12 10 1  9213  9225  9234  9203  9179  9189  9247  9262  9280  9338  9303  9274
TBILIS 2010 12 10 2  9270  9240  9286  9248  9222  9284  9265  9207  9228  9204  9227  9258
TBILIS 2010 12 11 1  9236  9237  9247  9200  9200  9204  9239  9289  9296  9269  9291  9284
TBILIS 2010 12 11 2  9293  9273  9276  9256  9224  9229  9262  9205  9223  9237  9206  9220
TBILIS 2010 12 12 1  9220  9226  9213  9224  9225  9220  9275  9299  9256  9319  9263  9283
TBILIS 2010 12 12 2  9276  9275  9234  9083  9251  9240  9264  9149  9189  9147  9115  9134
TBILIS 2010 12 13 1  9161  9156  9188  9166  9098  9148  9173  9150  9209  9168  9169  9103
TBILIS 2010 12 13 2  9051  9023  9011  9046  9076  9065  9018  9034  9009  8985  8939  8961
TBILIS 2010 12 14 1  8963  8979  8958  8988  9006  9033  9047  9037  9033  9063  9075  9084
TBILIS 2010 12 14 2  9121  9123  9096  9104  9132  9154  9128  9093  9083  9072  9059  9088
TBILIS 2010 12 15 1  9083  9066  9092  9162  9194  9178  9230  9197  9198  9212  9181  9208
TBILIS 2010 12 15 2  9203  9199  9209  9181  9218  9167  9192  9151  9128  9098  9085  9095
TBILIS 2010 12 16 1  9093  9062  9144  9161  9151  9188  9206  9198  9227  9184  9196  9193
TBILIS 2010 12 16 2  9181  9159  9136  9134  9142  9156  9132  9179  9160  9241  9232  9240
TBILIS 2010 12 17 1  9199  9190  9200  9174  9205  9236  9234  9222  9236  9236  9205  9207
TBILIS 2010 12 17 2  9203  9189  9238  9249  9274  9254  9274  9232  9203  9186  9172  9155
TBILIS 2010 12 18 1  9174  9128  9161  9150  9143  9218  9216  9253  9064  9015  9007  9007
TBILIS 2010 12 18 2  9040  9097  9102  9094  9088  9139  9114  9141  9100  9084  9085  9059
TBILIS 2010 12 19 1  9107  9131  9081  9092  9091  9096  9107  9140  9151  9197  9210  9199
TBILIS 2010 12 19 2  9184  9173  9149  9115  9116  9106  9133  9120  9102  9093  9105  9128
TBILIS 2010 12 20 1  9139  9149  9182  9183  9188  9252  9298  9304  9310  9297  9174  9153
TBILIS 2010 12 20 2  9164  9183  9129  9194  9183  9191  9192  9135  9116  9118  9079  9106
TBILIS 2010 12 21 1  9179  9199  9256  9212  9307  9316  9355  9334  9352  9311  9303  9329
TBILIS 2010 12 21 2  9389  9385  9360  9309  9265  9245  9256  9210  9189  9218  9192  9240
TBILIS 2010 12 22 1  9237  9197  9160  9242  9251  9294  9354  9306  9216  9134  9174  9160
TBILIS 2010 12 22 2  9164  9133  9068  9063  9056  9032  9030  9028  9026  9023  9022  9007
TBILIS 2010 12 23 1  9003  8978  8957  8955  8922  8983  8982  9019  9008  9071  9115  9084
TBILIS 2010 12 23 2  9071  9056  9037  9026  8986  8935  9025  9041  9041  9046  9041  9022
TBILIS 2010 12 24 1  9042  9111  9021  8896  8967  8840  8925  8906  8882  9021  9076  9073
TBILIS 2010 12 24 2  9025  9016  9052  9000  9014  9006  9024  9026  9028  8966  9012  9059
TBILIS 2010 12 25 1  9008  8971  8945  9000  9063  9029  8932  8931  9001  8969  8977  8842
TBILIS 2010 12 25 2  8837  8801  8789  8792  8764  8780  8702  8815  8794  8807  8788  8830
TBILIS 2010 12 26 1  8759  8753  8751  8783  8789  8808  8741  8765  8813  8908  8997  8956
TBILIS 2010 12 26 2  8922  8951  8942  8935  8978  8971  8892  8849  8816  8771  8792  8763
TBILIS 2010 12 27 1  8785  8749  8759  8765  8799  8805  8817  8970  9005  9004  9000  8972
TBILIS 2010 12 27 2  8979  8913  8923  8916  8947  8904  8987  9000  8910  8884  8899  8940
TBILIS 2010 12 28 1  8878  8891  8842  8991  8981  8983  8936  9007  8988  9000  8889  8902
TBILIS 2010 12 28 2  8893  8847  8919  8929  8958  8913  8906  8895  8900  8879  8860  8901
TBILIS 2010 12 29 1  8882  8916  8935  8929  8924  8888  8959  8994  9008  9071  9052  9037
TBILIS 2010 12 29 2  8976  8958  9011  8990  8962  8925  8890  8945  8931  8894  8907  8941
TBILIS 2010 12 30 1  8937  9006  8964  8947  8930  8869  8891  8870  8844  8887  8926  8903
TBILIS 2010 12 30 2  8938  8892  8891  8906  8915  8908  8888  8927  8927  8846  8881  8847
TBILIS 2010 12 31 1  8807  8827  8831  8833  8806  8842  8869  8836  8869  8928  8994  9034
TBILIS 2010 12 31 2  8994  8994  8994  9008  9036  8997  9006  9050  8979  8981  8919  8931
