Cosmic-Ray Neutron Monitor Data (Hourly, Pressure-Corrected and Scale-Adjusted Counts)
Collections: WDC for Cosmic Rays, Solar-Terrestrial Environment Laboratory, Nagoya Univ.
Data Access: http://center.stelab.nagoya-u.ac.jp/WDCCR/index.html
Project: ICSU WDC
Citation: WDC for Cosmic Rays, Solar-Terrestrial Environment Laboratory, Nagoya University
Station ID: TBILIS
Station:  TBILISI,GIORGIA,INSTITUT GEOPHYSIKY (IG), GIORGIAN ACADEMY OF SCIENCES,GIORGIA 
Instrument: 18-NM-64 Corrected to 965 mb Standard Pressure, Coef =-0.69 %/mb                
Latitude (deg.):   41.43  Longitude (deg.):   44.48  Altitude (m):  510.00
Cut-Off Rigidity (GV):    6.73
Year: 2016  Month:   1
Scaling Factor (SF):    64.0   Constant (CONST):     0.0  Real Counts = (DATA + CONST)*SF
Temporal Resolution: 1 hour
UTC Start Hour:     0.0
DATA FILE IS PREPARED BY IZMIRAN (ftp://cr0.izmiran.rssi.ru/Cosray!/FTP_NM/C/)  
 Updated by IZMIRAN on 20180328                         
Monthly Average:  9161.5
Updated (YYYY MM DD): 2018 03 28
*******************************************************************************************
ID     YYYY MM DD 1     0     1     2     3     4     5     6     7     8     9    10    11
ID     YYYY MM DD 2    12    13    14    15    16    17    18    19    20    21    22    23
*******************************************************************************************
TBILIS 2016 01 01 1  9138  9159  9158  9153  9189  9160  9186  9275  9260  9267  9224  9397
TBILIS 2016 01 01 2  9320  9248  9192  9206  9189  9133  9197  9207  9215  9136  9128  9121
TBILIS 2016 01 02 1  9118  9290  9382  9304  9287  9289  9268  9305  9307  9326  9279  9317
TBILIS 2016 01 02 2  9347  9352  9333  9311  9251  9256  9162  9195  9182  9238  9246  9275
TBILIS 2016 01 03 1  9351  9312  9329  9307  9392  9393  9427  9388  9402  9410  9414  9431
TBILIS 2016 01 03 2  9462  9434  9474  9441  9396  9433  9462  9440  9434  9455  9412  9380
TBILIS 2016 01 04 1  9396  9418  9408  9414  9434  9425  9500  9492  9472  9486  9395  9304
TBILIS 2016 01 04 2  9367  9370  9395  9368  9425  9469  9522  9568  9551  9592  9648  9742
TBILIS 2016 01 05 1  9771  9786  9794  9799  9741  9745  9694  9680  9651  9552  9463  9421
TBILIS 2016 01 05 2  9392  9318  9296  9265  9261  9265  9250  9258  9185  9075  9047  8996
TBILIS 2016 01 06 1  9020  9055  9120  9535  9517  9440  9356  9496  9630  9587  9506  9510
TBILIS 2016 01 06 2  9450  9353  9346  9305  9235  9260  9338  9322  9372  9372  9386  9415
TBILIS 2016 01 07 1  9474  9398  9445  9420  9441  9448  9501  9511  9509  9474  9493  9439
TBILIS 2016 01 07 2  9488  9473  9471  9470  9478  9445  9461  9476  9459  9425  9462  9463
TBILIS 2016 01 08 1  9510  9467  9501  9479  9455  9481  9500  9511  9522  9510  9517  9553
TBILIS 2016 01 08 2  9545  9511  9493  9499  9483  9484  9431  9420  9427  9403  9425  9353
TBILIS 2016 01 09 1  9349  9322  9325  9305  9359  9306  9299  9263  9290  9322  9290  9263
TBILIS 2016 01 09 2  9246  9268  9269  9248  9207  9219  9198  9249  9234  9157  9165  9156
TBILIS 2016 01 10 1  9154  9127  9107  9084  9059  9059  9140  9167  9182  9229  9261  9229
TBILIS 2016 01 10 2  9244  9236  9215  9288  9310  9353  9301  9288  9332  9308  9284  9286
TBILIS 2016 01 11 1  9283  9303  9258  9257  9235  9349  9380  9423  9420  9449  9454  9434
TBILIS 2016 01 11 2  9464  9447  9426  9443  9457  9472  9479  9426  9403  9396  9416  9474
TBILIS 2016 01 12 1  9434  9431  9352  9307  9290  9369  9477  9443  9448  9426  9421  9300
TBILIS 2016 01 12 2  9281  9345  9321  9310  9376  9401  9394  9381  9380  9383  9385  9306
TBILIS 2016 01 13 1  9386  9388  9363  9399  9401  9418  9405  9495  9510  9508  9457  9459
TBILIS 2016 01 13 2  9454  9436  9456  9366  9296  9310  9297  9357  9358  9297  9281  9271
TBILIS 2016 01 14 1  9262  9285  9232  9266  9283  9332  9312  9289  9249  9270  9188  9160
TBILIS 2016 01 14 2  9180  9141  9171  9093  9118  9115  9125  9114  9129  9127  9114  9142
TBILIS 2016 01 15 1  9076  9127  9112  9112  9075  9114  9110  9141  9168  9233  9250  9191
TBILIS 2016 01 15 2  9156  9160  9167  9175  9154  9170  9169  9212  9267  9191  9143  9165
TBILIS 2016 01 16 1  9176  9170  9181  9236  9241  9257  9271  9277  9267  9281  9268  9212
TBILIS 2016 01 16 2  9203  9199  9223  9267  9196  9154  9192  9161  9192  9148  9176  9154
TBILIS 2016 01 17 1  9144  9172  9157  9197  9242  9309  9235  9261  9281  9329  9306  9294
TBILIS 2016 01 17 2  9329  9322  9298  9323  9311  9328  9369  9372  9399  9345  9326  9318
TBILIS 2016 01 18 1  9394  9395  9385  9356  9344  9370  9338  9357  9333  9413  9430  9369
TBILIS 2016 01 18 2  9403  9393  9417  9412  9395  9375  9375  9417  9392  9384  9319  9320
TBILIS 2016 01 19 1  9313  9321  9313  9349  9334  9364  9384  9413  9449  9412  9439  9431
TBILIS 2016 01 19 2  9396  9347  9331  9223  9216  9129  9166  9113  9131  9090  9053  9086
TBILIS 2016 01 20 1  9098  9117  9090  9093  9095  9133  9149  9092  9095  9142  9208  9182
TBILIS 2016 01 20 2  9180  9186  9160  9238  9222  9216  9242  9281  9289  9324  9337  9252
TBILIS 2016 01 21 1  9210  9221  9156  9166  9141  9265  9265  9265  9265  9265  9265  9265
TBILIS 2016 01 21 2  9265  9265  9265  9265  9265  9265  9265  9265  9265  9265  9265  9265
TBILIS 2016 01 22 1  9265  9265  9265  9265  9265  9265  9265  9265  9265  9265  9265  9265
TBILIS 2016 01 22 2  9265  9265  9265  9265  9265  9265  9265  9318  9201  9119  8726  8828
TBILIS 2016 01 23 1  8923  8913  8891  8917  8909  8928  9010  8985  9012  8996  9029  8972
TBILIS 2016 01 23 2  8958  8919  8819  8833  8802  8943  8966  8955  8947  8973  8973  8918
TBILIS 2016 01 24 1  8935  8906  8877  8883  8877  8903  8909  8882  8870  8901  8949  8973
TBILIS 2016 01 24 2  8983  8891  8875  8848  8862  8872  8858  8871  8852  8860  8870  8872
TBILIS 2016 01 25 1  8865  8864  8799  8874  8874  8874  8888  8874  8874  8874  8902  8874
TBILIS 2016 01 25 2  8874  8882  8897  8793  8782  8775  8807  8783  8847  8814  8764  8761
TBILIS 2016 01 26 1  8697  8686  8678  8670  8648  8691  8680  8691  8721  8676  8666  8678
TBILIS 2016 01 26 2  8653  8739  8678  8654  8637  8620  8620  8603  8567  8574  8481  8434
TBILIS 2016 01 27 1  8416  8452  8482  8555  8632  8714  8908  8954  8793  8640  8638  8668
TBILIS 2016 01 27 2  8667  8611  8714  8628  8584  8535  8526  8514  8571  8606  8707  8718
TBILIS 2016 01 28 1  8828  8828  8933  8971  8978  9047  9112  9270  9184  9095  9143  8929
TBILIS 2016 01 28 2  8841  8797  8893  8998  8962  8870  8846  8779  8670  8615  8638  8631
TBILIS 2016 01 29 1  8625  8621  8636  8632  8635  8565  8578  8561  8595  8574  8612  8596
TBILIS 2016 01 29 2  8619  8636  8711  8704  8621  8621  8568  8583  8511  8485  8451  8419
TBILIS 2016 01 30 1  8468  8482  8445  8437  8462  8506  8657  8849  8887  8834  8856  8904
TBILIS 2016 01 30 2  8883  8890  8803  8767  8716  8727  8780  8855  8794  8812  8788  8832
TBILIS 2016 01 31 1  8857  8806  8838  8861  8898  8952  8960  8983  8964  8995  8950  8936
TBILIS 2016 01 31 2  8922  8929  8843  8853  8912  8882  8903  8933  8911  8907  8924  8888
Cosmic-Ray Neutron Monitor Data (Hourly, Pressure-Corrected and Scale-Adjusted Counts)
Collections: WDC for Cosmic Rays, Solar-Terrestrial Environment Laboratory, Nagoya Univ.
Data Access: http://center.stelab.nagoya-u.ac.jp/WDCCR/index.html
Project: ICSU WDC
Citation: WDC for Cosmic Rays, Solar-Terrestrial Environment Laboratory, Nagoya University
Station ID: TBILIS
Station:  TBILISI,GIORGIA,INSTITUT GEOPHYSIKY (IG), GIORGIAN ACADEMY OF SCIENCES,GIORGIA 
Instrument: 18-NM-64 Corrected to 965 mb Standard Pressure, Coef =-0.69 %/mb                
Latitude (deg.):   41.43  Longitude (deg.):   44.48  Altitude (m):  510.00
Cut-Off Rigidity (GV):    6.73
Year: 2016  Month:   2
Scaling Factor (SF):    64.0   Constant (CONST):     0.0  Real Counts = (DATA + CONST)*SF
Temporal Resolution: 1 hour
UTC Start Hour:     0.0
DATA FILE IS PREPARED BY IZMIRAN (ftp://cr0.izmiran.rssi.ru/Cosray!/FTP_NM/C/)  
 Updated by IZMIRAN on 20180328                         
Monthly Average:  9916.1
Updated (YYYY MM DD): 2018 03 28
*******************************************************************************************
ID     YYYY MM DD 1     0     1     2     3     4     5     6     7     8     9    10    11
ID     YYYY MM DD 2    12    13    14    15    16    17    18    19    20    21    22    23
*******************************************************************************************
TBILIS 2016 02 01 1  9938  9938  9938  9938  9938  9938  9938  9938  9938  9938  9938  9938
TBILIS 2016 02 01 2  9938  9938  9938  9938  9938  9938  9938  9938  9938  9938  9938  9938
TBILIS 2016 02 02 1  9938  9938  9938  9938  9938  9938  9938  9938  9938  9938  9938  9938
TBILIS 2016 02 02 2  9938  9938  9938  9938  9938  9938  9938  9938  9938  9938  9938  9938
TBILIS 2016 02 03 1  9938  9938  9938  9938  9938  9938  9938  9938  9938  9938  9938  9938
TBILIS 2016 02 03 2  9938  9938  9938  9938  9938  9938  9938  9938  9938  9938  9938  9938
TBILIS 2016 02 04 1  9938  9938  9938  9938  9938  9938  9938  9938  9938  9938  9938  9938
TBILIS 2016 02 04 2  9938  9938  9938  9938  9938  9938  9938  9938  9938  9938  9938  9938
TBILIS 2016 02 05 1  9938  9938  9938  9938  9938  9938  9938  9938  9938  9938  9938  9938
TBILIS 2016 02 05 2  9938  9938  9938  9938  9938  9938  9938  9938  9938  9938  9938  9938
TBILIS 2016 02 06 1  9938  9938  9938  9938  9938  9938  9916  9951  9959  9967  9948  9976
TBILIS 2016 02 06 2  9954  9943  9943  9903  9886  9907  9910  9919  9910  9915  9947  9940
TBILIS 2016 02 07 1  9975  9923  9925  9969  9963  9947  9897  9878  9873  9909  9897  9956
TBILIS 2016 02 07 2  9941  9942  9914  9941  9886  9877  9921  9884  9894  9867  9950  9888
TBILIS 2016 02 08 1  9880  9896  9868  9837  9890  9881  9928  9924  9903  9954  9985  9919
TBILIS 2016 02 08 2  9969  9960  9924  9938  9931  9962  9999  9930  9940  9900  9897  9935
TBILIS 2016 02 09 1  9936  9898  9902  9911  9914  9917  9943  9954  9931  9957  9976  9990
TBILIS 2016 02 09 2  9954  9937  9954  9948  9885  9889  9898  9925  9947  9873  9904  9920
TBILIS 2016 02 10 1  9964  9970  9989 10011  9959  9976  9990  9967  9992  9970 10023 10012
TBILIS 2016 02 10 2  9984 10036 10031 10016 10025 10020 10001 10041 10074 10101 10061 10021
TBILIS 2016 02 11 1 10019 10022 10036 10015 10008 10026 10020  9994 10000 10021 10042 10018
TBILIS 2016 02 11 2 10018 10073 10042 10046 10050 10005 10031 10030  9968  9993  9972 10013
TBILIS 2016 02 12 1 10009  9997 10000 10000  9981 10026 10022 10045 10012 10068 10081 10068
TBILIS 2016 02 12 2 10041 10031  9935  9936  9915  9842  9912  9892  9848  9808  9830  9820
TBILIS 2016 02 13 1  9849  9865  9821  9824  9826  9857  9938  9888  9868  9939  9887  9904
TBILIS 2016 02 13 2  9888  9873  9867  9816  9823  9805  9879  9824  9829  9784  9777  9781
TBILIS 2016 02 14 1  9798  9819  9851  9830  9863  9899  9939  9977 10004 10028 10027 10058
TBILIS 2016 02 14 2 10026 10040 10029 10017 10022  9990  9945  9952  9947  9952  9907  9869
TBILIS 2016 02 15 1  9883  9882  9872  9863  9821  9881  9911  9954  9935  9955 10018 10048
TBILIS 2016 02 15 2 10018 10043 10033 10037 10008  9995  9957  9947  9899  9930  9873  9852
TBILIS 2016 02 16 1  9854  9894  9891  9872  9861  9887  9920  9883  9853  9905  9900  9900
TBILIS 2016 02 16 2  9883  9891  9893  9891  9905  9875  9906  9903  9809  9877  9859  9822
TBILIS 2016 02 17 1  9840  9857  9839  9834  9882  9907  9969  9955  9928  9996  9968  9939
TBILIS 2016 02 17 2 10016  9959  9954  9902  9914  9914  9952  9900  9886  9915  9879  9908
TBILIS 2016 02 18 1  9925  9916  9962 10018  9979 10026 10001  9955  9933  9975  9919  9948
TBILIS 2016 02 18 2  9956  9951  9892  9882  9839  9803  9840  9849  9802  9788  9770  9817
TBILIS 2016 02 19 1  9843  9825  9823  9803  9800  9820  9877  9900  9921  9923  9945  9901
TBILIS 2016 02 19 2  9912  9919  9899  9950  9900  9892  9930  9920  9906  9889  9916  9968
TBILIS 2016 02 20 1  9885  9864  9874  9858  9887  9846  9922  9900  9897  9928  9902  9943
TBILIS 2016 02 20 2  9900  9871  9899  9916  9934  9900  9898  9931  9879  9879  9870  9787
TBILIS 2016 02 21 1  9853  9835  9833  9859  9893  9885  9919  9926  9925  9873  9862  9849
TBILIS 2016 02 21 2  9789  9797  9838  9860  9867  9886  9893  9905  9944  9841  9845  9857
TBILIS 2016 02 22 1  9877  9888  9851  9779  9819  9836  9858  9919  9841  9928  9921  9904
TBILIS 2016 02 22 2  9879  9956  9928  9891  9944  9864  9881  9907  9858  9836  9868  9833
TBILIS 2016 02 23 1  9901  9861  9791  9885  9856  9842  9835  9889  9856  9884  9843  9886
TBILIS 2016 02 23 2  9878  9838  9839  9906  9875  9846  9876  9899  9942  9907  9889  9897
TBILIS 2016 02 24 1  9887  9889  9847  9855  9877  9882  9951  9970  9955 10004 10015  9992
TBILIS 2016 02 24 2 10025 10009  9998  9990  9997 10009 10002  9982  9968  9963  9925  9946
TBILIS 2016 02 25 1  9973  9924  9889  9855  9973  9927  9917  9971  9952  9949  9947  9908
TBILIS 2016 02 25 2  9889  9885  9840  9821  9825  9836  9806  9748  9752  9750  9680  9698
TBILIS 2016 02 26 1  9729  9740  9747  9686  9789  9932  9923  9923  9923  9923  9923  9923
TBILIS 2016 02 26 2  9923  9923  9923  9923  9923  9923  9923  9923  9923  9923  9923  9923
TBILIS 2016 02 27 1  9923  9923  9923  9923  9923  9923  9923  9923  9923  9923  9923  9923
TBILIS 2016 02 27 2  9923  9923  9923  9923  9923  9923  9923  9923  9923  9923  9923  9923
TBILIS 2016 02 28 1  9923  9923  9923  9923  9923  9923  9923  9923  9923  9923  9882  9857
TBILIS 2016 02 28 2  9862  9846  9877  9840  9830  9829  9854  9834  9829  9825  9833  9823
TBILIS 2016 02 29 1  9819  9818  9840  9843  9882  9897  9876  9879  9886  9916  9929  9885
TBILIS 2016 02 29 2  9878  9836  9847  9794  9785  9783  9729  9792  9755  9777  9760  9793
TBILIS 2016 02 30 1 99999 99999 99999 99999 99999 99999 99999 99999 99999 99999 99999 99999
TBILIS 2016 02 30 2 99999 99999 99999 99999 99999 99999 99999 99999 99999 99999 99999 99999
TBILIS 2016 02 31 1 99999 99999 99999 99999 99999 99999 99999 99999 99999 99999 99999 99999
TBILIS 2016 02 31 2 99999 99999 99999 99999 99999 99999 99999 99999 99999 99999 99999 99999
Cosmic-Ray Neutron Monitor Data (Hourly, Pressure-Corrected and Scale-Adjusted Counts)
Collections: WDC for Cosmic Rays, Solar-Terrestrial Environment Laboratory, Nagoya Univ.
Data Access: http://center.stelab.nagoya-u.ac.jp/WDCCR/index.html
Project: ICSU WDC
Citation: WDC for Cosmic Rays, Solar-Terrestrial Environment Laboratory, Nagoya University
Station ID: TBILIS
Station:  TBILISI,GIORGIA,INSTITUT GEOPHYSIKY (IG), GIORGIAN ACADEMY OF SCIENCES,GIORGIA 
Instrument: 18-NM-64 Corrected to 965 mb Standard Pressure, Coef =-0.69 %/mb                
Latitude (deg.):   41.43  Longitude (deg.):   44.48  Altitude (m):  510.00
Cut-Off Rigidity (GV):    6.73
Year: 2016  Month:   3
Scaling Factor (SF):    64.0   Constant (CONST):     0.0  Real Counts = (DATA + CONST)*SF
Temporal Resolution: 1 hour
UTC Start Hour:     0.0
DATA FILE IS PREPARED BY IZMIRAN (ftp://cr0.izmiran.rssi.ru/Cosray!/FTP_NM/C/)  
 Updated by IZMIRAN on 20180328                         
Monthly Average:  9897.7
Updated (YYYY MM DD): 2018 03 28
*******************************************************************************************
ID     YYYY MM DD 1     0     1     2     3     4     5     6     7     8     9    10    11
ID     YYYY MM DD 2    12    13    14    15    16    17    18    19    20    21    22    23
*******************************************************************************************
TBILIS 2016 03 01 1  9769  9774  9741  9781  9836  9850  9882  9932  9931  9914  9963  9941
TBILIS 2016 03 01 2  9930  9912  9920  9881  9886  9861  9877  9886  9902  9882  9901  9920
TBILIS 2016 03 02 1  9865  9870  9861  9853  9884  9899  9985 10028 10087  9999  9975  9996
TBILIS 2016 03 02 2  9954  9973  9926  9924  9881  9911  9877  9837  9854  9831  9841  9876
TBILIS 2016 03 03 1  9857  9860  9892  9849  9899  9928  9902 10004 10045 10043 10050 10030
TBILIS 2016 03 03 2 10005  9994 10017  9974  9992  9949  9921  9919  9931  9894  9944  9902
TBILIS 2016 03 04 1  9965  9930  9920  9919  9933  9926 10006  9987  9978 10007  9942  9933
TBILIS 2016 03 04 2  9952  9931  9903  9879  9869  9901  9912  9924  9889  9871  9850  9895
TBILIS 2016 03 05 1  9923  9906  9888  9871  9897  9931  9978 10001 10029 10050 10032 10037
TBILIS 2016 03 05 2 10004 10028  9984  9994  9996  9942  9959  9993 10009 10000  9970  9976
TBILIS 2016 03 06 1  9989 10004  9980 10011 10002  9993  9984  9928  9987  9942  9949  9978
TBILIS 2016 03 06 2  9964  9969  9943  9951  9998 10061 10006 10024 10009  9969  9944  9917
TBILIS 2016 03 07 1  9935  9865  9871  9850  9873  9888  9907  9914  9965  9935  9953  9968
TBILIS 2016 03 07 2 10025  9960  9948  9944  9914  9891  9949  9895  9857  9898  9848  9872
TBILIS 2016 03 08 1  9846  9900  9883  9887  9886  9901  9969  9954  9951  9967  9915  9970
TBILIS 2016 03 08 2  9957  9998 10003  9964 10002  9906  9910  9894  9967  9945  9924  9896
TBILIS 2016 03 09 1  9891  9909  9884  9887  9894  9932  9963 10015 10036  9818  9975 10042
TBILIS 2016 03 09 2 10004 10045 10049  9976 10004 10010  9975  9974  9926  9950  9885  9916
TBILIS 2016 03 10 1  9889  9946  9942  9957  9950 10030  9997 10001  9993 10025 10019 10084
TBILIS 2016 03 10 2 10080 10056 10072 10026  9984 10055  9978 10000  9995  9967  9954  9978
TBILIS 2016 03 11 1  9997  9986  9941  9979  9977 10002 10053 10037 10003 10020 10039  9988
TBILIS 2016 03 11 2  9993 10006 10020  9932  9904  9866  9856  9842  9903  9866  9863  9887
TBILIS 2016 03 12 1  9915  9881  9898  9914  9934  9959  9940  9914  9963  9961  9954  9977
TBILIS 2016 03 12 2  9983  9992  9962  9973  9980  9955  9926  9960  9927  9940  9959  9908
TBILIS 2016 03 13 1  9942  9929  9934  9934  9953  9987  9974  9977 10020 10011 10039 10047
TBILIS 2016 03 13 2 10064 10012 10006 10036 10030  9993  9992  9966  9976  9942  9901  9935
TBILIS 2016 03 14 1  9879  9933  9881  9836  9914  9929  9955  9955  9947  9919  9893  9916
TBILIS 2016 03 14 2  9916  9916  9916  9916  9916  9916  9916  9916  9916  9916  9916  9916
TBILIS 2016 03 15 1  9916  9916  9916  9916  9916  9916  9916  9916  9906  9867  9917  9958
TBILIS 2016 03 15 2  9934  9906  9819  9901  9903  9877  9874  9887  9872  9836  9833  9864
TBILIS 2016 03 16 1  9888  9859  9835  9798  9826  9860  9903  9944  9890  9883  9929  9890
TBILIS 2016 03 16 2  9870  9926  9942  9886  9945 10022  9912  9883  9927  9914  9879  9890
TBILIS 2016 03 17 1  9887  9886  9862  9892  9843  9803  9892  9880  9910  9910  9901  9941
TBILIS 2016 03 17 2  9899  9900  9863  9845  9864  9851  9887  9865  9875  9844  9829  9825
TBILIS 2016 03 18 1  9868  9829  9777  9795  9793  9805  9806  9821  9872  9895  9886  9891
TBILIS 2016 03 18 2  9933  9921  9891  9853  9878  9861  9850  9895  9842  9914  9914  9920
TBILIS 2016 03 19 1  9881  9884  9842  9884  9877  9854  9820  9888  9869  9873  9905  9907
TBILIS 2016 03 19 2  9956  9965  9934  9894  9904  9882  9891  9907  9941  9882  9903  9934
TBILIS 2016 03 20 1  9885  9899  9865  9907  9883  9860  9882  9885  9916  9893  9942  9896
TBILIS 2016 03 20 2  9875  9855  9859  9860  9865  9885  9850  9913  9931  9855  9877  9868
TBILIS 2016 03 21 1  9929  9863  9853  9824  9852  9811  9835  9862  9914  9892  9850  9887
TBILIS 2016 03 21 2  9929  9894  9960  9920  9936  9964  9900  9914  9902  9883  9908  9898
TBILIS 2016 03 22 1  9903  9873  9853  9840  9856  9860  9916  9895  9894  9884  9929  9920
TBILIS 2016 03 22 2  9924  9929  9908  9853  9859  9798  9798  9808  9773  9787  9792  9770
TBILIS 2016 03 23 1  9826  9865  9821  9888  9922  9888  9957  9895  9875  9925  9955  9927
TBILIS 2016 03 23 2  9917  9873  9833  9812  9728  9711  9748  9730  9692  9697  9701  9789
TBILIS 2016 03 24 1  9820  9798  9811  9879  9880  9889  9900  9878  9897  9897  9881  9849
TBILIS 2016 03 24 2  9788  9774  9778  9767  9759  9743  9718  9749  9768  9762  9796  9821
TBILIS 2016 03 25 1  9792  9780  9806  9839  9831  9813  9879  9821  9838  9876  9845  9892
TBILIS 2016 03 25 2  9877  9815  9844  9757  9791  9746  9771  9693  9738  9711  9681  9701
TBILIS 2016 03 26 1  9683  9735  9740  9722  9790  9853  9870  9890  9820  9861  9837  9824
TBILIS 2016 03 26 2  9844  9812  9767  9765  9716  9736  9717  9794  9732  9723  9680  9684
TBILIS 2016 03 27 1  9737  9754  9787  9754  9771  9826  9819  9811  9790  9815  9835  9809
TBILIS 2016 03 27 2  9774  9803  9799  9853  9796  9825  9840  9825  9773  9751  9790  9824
TBILIS 2016 03 28 1  9817  9795  9820  9826  9817  9870  9884  9927  9953  9944  9949  9907
TBILIS 2016 03 28 2  9893  9895  9893  9894  9875  9871  9838  9850  9854  9843  9821  9816
TBILIS 2016 03 29 1  9802  9805  9867  9813  9858  9863  9907  9932  9904  9904  9928  9903
TBILIS 2016 03 29 2  9928  9925  9803  9839  9843  9800  9824  9792  9804  9785  9802  9796
TBILIS 2016 03 30 1  9813  9809  9848  9777  9840  9809  9922  9931  9952 10038 10055 10069
TBILIS 2016 03 30 2 10007  9943  9921  9873  9905  9912  9896  9891  9861  9856  9846  9861
TBILIS 2016 03 31 1  9852  9847  9869  9878  9874  9866  9891  9901  9909  9902  9957  9926
TBILIS 2016 03 31 2  9954  9928  9939  9922  9969  9944  9923  9935  9938  9912  9858  9842
Cosmic-Ray Neutron Monitor Data (Hourly, Pressure-Corrected and Scale-Adjusted Counts)
Collections: WDC for Cosmic Rays, Solar-Terrestrial Environment Laboratory, Nagoya Univ.
Data Access: http://center.stelab.nagoya-u.ac.jp/WDCCR/index.html
Project: ICSU WDC
Citation: WDC for Cosmic Rays, Solar-Terrestrial Environment Laboratory, Nagoya University
Station ID: TBILIS
Station:  TBILISI,GIORGIA,INSTITUT GEOPHYSIKY (IG), GIORGIAN ACADEMY OF SCIENCES,GIORGIA 
Instrument: 18-NM-64 Corrected to 965 mb Standard Pressure, Coef =-0.69 %/mb                
Latitude (deg.):   41.43  Longitude (deg.):   44.48  Altitude (m):  510.00
Cut-Off Rigidity (GV):    6.73
Year: 2016  Month:   4
Scaling Factor (SF):    64.0   Constant (CONST):     0.0  Real Counts = (DATA + CONST)*SF
Temporal Resolution: 1 hour
UTC Start Hour:     0.0
DATA FILE IS PREPARED BY IZMIRAN (ftp://cr0.izmiran.rssi.ru/Cosray!/FTP_NM/C/)  
 Updated by IZMIRAN on 20180328                         
Monthly Average:  9741.5
Updated (YYYY MM DD): 2018 03 28
*******************************************************************************************
ID     YYYY MM DD 1     0     1     2     3     4     5     6     7     8     9    10    11
ID     YYYY MM DD 2    12    13    14    15    16    17    18    19    20    21    22    23
*******************************************************************************************
TBILIS 2016 04 01 1  9731  9771  9754  9766  9726  9813  9795  9828  9835  9853  9832  9802
TBILIS 2016 04 01 2  9795  9816  9824  9776  9784  9811  9766  9798  9810  9775  9761  9805
TBILIS 2016 04 02 1  9830  9768  9780  9809  9796  9835  9856  9862  9911  9952  9876  9918
TBILIS 2016 04 02 2  9927  9887  9890  9938  9909  9953  9923  9896  9848  9850  9833  9881
TBILIS 2016 04 03 1  9820  9870  9843  9824  9816  9792  9811  9858  9787  9814  9846  9796
TBILIS 2016 04 03 2  9801  9846  9837  9879  9889  9878  9889  9852  9882  9823  9807  9791
TBILIS 2016 04 04 1  9744  9775  9827  9856  9835  9840  9843  9924  9869  9857  9854  9830
TBILIS 2016 04 04 2  9825  9888  9822  9881  9807  9830  9830  9822  9820  9810  9814  9795
TBILIS 2016 04 05 1  9811  9786  9783  9798  9792  9862  9856  9890  9918  9910  9943  9972
TBILIS 2016 04 05 2  9905  9948  9939  9939  9934  9903  9891  9932  9854  9854  9814  9805
TBILIS 2016 04 06 1  9818  9809  9806  9782  9820  9807  9834  9800  9803  9873  9825  9859
TBILIS 2016 04 06 2  9868  9885  9829  9809  9930  9875  9843  9896  9855  9778  9799  9782
TBILIS 2016 04 07 1  9761  9762  9722  9760  9751  9762  9823  9812  9792  9765  9848  9855
TBILIS 2016 04 07 2  9878  9916  9873  9894  9857  9839  9894  9910  9940  9956  9937  9891
TBILIS 2016 04 08 1  9916  9837  9873  9820  9768  9789  9801  9768  9842  9814  9803  9803
TBILIS 2016 04 08 2  9831  9805  9731  9781  9765  9767  9775  9731  9788  9758  9810  9814
TBILIS 2016 04 09 1  9794  9780  9767  9776  9766  9771  9842  9840  9869  9865  9853  9849
TBILIS 2016 04 09 2  9849  9864  9826  9848  9845  9839  9832  9815  9825  9884  9831  9800
TBILIS 2016 04 10 1  9791  9778  9821  9781  9776  9739  9833  9891  9873  9819  9826  9882
TBILIS 2016 04 10 2  9847  9891  9832  9842  9837  9821  9829  9760  9745  9780  9820  9758
TBILIS 2016 04 11 1  9767  9705  9712  9723  9709  9761  9779  9758  9796  9817  9814  9806
TBILIS 2016 04 11 2  9778  9830  9830  9782  9766  9743  9680  9674  9642  9636  9684  9708
TBILIS 2016 04 12 1  9686  9731  9762  9773  9816  9765  9783  9771  9805  9769  9770  9793
TBILIS 2016 04 12 2  9832  9827  9769  9756  9758  9719  9725  9753  9679  9707  9701  9677
TBILIS 2016 04 13 1  9671  9622  9634  9662  9694  9736  9759  9740  9757  9780  9775  9788
TBILIS 2016 04 13 2  9782  9761  9751  9802  9763  9824  9816  9782  9795  9781  9727  9727
TBILIS 2016 04 14 1  9748  9685  9641  9646  9677  9644  9663  9698  9618  9631  9611  9671
TBILIS 2016 04 14 2  9725  9695  9673  9664  9643  9611  9608  9611  9591  9624  9646  9594
TBILIS 2016 04 15 1  9651  9597  9574  9540  9499  9578  9696  9688  9656  9698  9748  9730
TBILIS 2016 04 15 2  9715  9709  9616  9680  9677  9645  9643  9633  9643  9587  9646  9605
TBILIS 2016 04 16 1  9620  9595  9670  9690  9687  9657  9702  9681  9674  9630  9579  9610
TBILIS 2016 04 16 2  9664  9667  9679  9711  9653  9670  9700  9701  9694  9663  9617  9679
TBILIS 2016 04 17 1  9627  9624  9596  9612  9699  9736  9781  9742  9808  9844  9801  9782
TBILIS 2016 04 17 2  9791  9791  9744  9758  9774  9807  9786  9769  9728  9746  9716  9698
TBILIS 2016 04 18 1  9735  9741  9809  9824  9812  9817  9816  9778  9694  9771  9796  9769
TBILIS 2016 04 18 2  9722  9710  9707  9664  9678  9695  9686  9632  9700  9648  9655  9652
TBILIS 2016 04 19 1  9647  9701  9709  9714  9687  9722  9714  9732  9698  9703  9728  9723
TBILIS 2016 04 19 2  9690  9671  9729  9664  9650  9628  9614  9612  9561  9589  9590  9597
TBILIS 2016 04 20 1  9555  9574  9609  9649  9635  9679  9714  9726  9696  9727  9719  9744
TBILIS 2016 04 20 2  9754  9721  9677  9672  9594  9597  9618  9624  9603  9688  9635  9594
TBILIS 2016 04 21 1  9616  9632  9648  9695  9667  9679  9705  9746  9738  9733  9706  9733
TBILIS 2016 04 21 2  9706  9625  9632  9600  9557  9625  9653  9600  9581  9562  9568  9598
TBILIS 2016 04 22 1  9607  9601  9587  9615  9593  9620  9746  9685  9700  9715  9698  9650
TBILIS 2016 04 22 2  9712  9633  9684  9687  9628  9627  9603  9540  9520  9533  9559  9533
TBILIS 2016 04 23 1  9604  9598  9564  9615  9663  9600  9638  9650  9681  9706  9760  9708
TBILIS 2016 04 23 2  9724  9712  9701  9631  9642  9581  9604  9612  9595  9572  9620  9638
TBILIS 2016 04 24 1  9633  9650  9626  9665  9665  9655  9705  9681  9708  9702  9675  9668
TBILIS 2016 04 24 2  9680  9640  9638  9660  9627  9630  9582  9586  9613  9602  9609  9536
TBILIS 2016 04 25 1  9597  9597  9586  9625  9633  9658  9710  9746  9729  9674  9745  9728
TBILIS 2016 04 25 2  9695  9644  9671  9661  9725  9664  9704  9719  9745  9701  9647  9667
TBILIS 2016 04 26 1  9707  9697  9687  9685  9643  9653  9663  9677  9645  9681  9686  9695
TBILIS 2016 04 26 2  9715  9690  9685  9671  9725  9718  9682  9705  9654  9653  9640  9689
TBILIS 2016 04 27 1  9650  9629  9632  9630  9587  9606  9733  9725  9717  9726  9721  9722
TBILIS 2016 04 27 2  9771  9782  9746  9749  9740  9687  9768  9769  9762  9781  9765  9735
TBILIS 2016 04 28 1  9708  9680  9677  9702  9670  9742  9821  9799  9803  9830  9816  9753
TBILIS 2016 04 28 2  9671  9758  9742  9752  9774  9771  9727  9781  9713  9693  9693  9675
TBILIS 2016 04 29 1  9658  9627  9637  9655  9664  9651  9678  9721  9721  9773  9762  9780
TBILIS 2016 04 29 2  9713  9748  9799  9782  9744  9782  9828  9816  9761  9790  9804  9744
TBILIS 2016 04 30 1  9790  9785  9781  9753  9786  9762  9825  9847  9866  9858  9856  9856
TBILIS 2016 04 30 2  9851  9805  9811  9820  9796  9805  9779  9754  9768  9793  9810  9741
TBILIS 2016 04 31 1 99999 99999 99999 99999 99999 99999 99999 99999 99999 99999 99999 99999
TBILIS 2016 04 31 2 99999 99999 99999 99999 99999 99999 99999 99999 99999 99999 99999 99999
Cosmic-Ray Neutron Monitor Data (Hourly, Pressure-Corrected and Scale-Adjusted Counts)
Collections: WDC for Cosmic Rays, Solar-Terrestrial Environment Laboratory, Nagoya Univ.
Data Access: http://center.stelab.nagoya-u.ac.jp/WDCCR/index.html
Project: ICSU WDC
Citation: WDC for Cosmic Rays, Solar-Terrestrial Environment Laboratory, Nagoya University
Station ID: TBILIS
Station:  TBILISI,GIORGIA,INSTITUT GEOPHYSIKY (IG), GIORGIAN ACADEMY OF SCIENCES,GIORGIA 
Instrument: 18-NM-64 Corrected to 965 mb Standard Pressure, Coef =-0.69 %/mb                
Latitude (deg.):   41.43  Longitude (deg.):   44.48  Altitude (m):  510.00
Cut-Off Rigidity (GV):    6.73
Year: 2016  Month:   5
Scaling Factor (SF):    64.0   Constant (CONST):     0.0  Real Counts = (DATA + CONST)*SF
Temporal Resolution: 1 hour
UTC Start Hour:     0.0
DATA FILE IS PREPARED BY IZMIRAN (ftp://cr0.izmiran.rssi.ru/Cosray!/FTP_NM/C/)  
 Updated by IZMIRAN on 20180328                         
Monthly Average:  9876.3
Updated (YYYY MM DD): 2018 03 28
*******************************************************************************************
ID     YYYY MM DD 1     0     1     2     3     4     5     6     7     8     9    10    11
ID     YYYY MM DD 2    12    13    14    15    16    17    18    19    20    21    22    23
*******************************************************************************************
TBILIS 2016 05 01 1  9831  9825  9787  9780  9813  9834  9843  9855  9882  9861  9871  9879
TBILIS 2016 05 01 2  9902  9908  9923  9927  9865  9889  9880  9914  9919  9876  9867  9855
TBILIS 2016 05 02 1  9858  9824  9796  9792  9791  9902  9894  9923  9978 10028  9976  9975
TBILIS 2016 05 02 2  9975  9944  9908  9923  9935  9902  9946  9901  9877  9867  9874  9864
TBILIS 2016 05 03 1  9840  9937  9898  9919  9973  9954  9978  9968  9968  9998 10036 10004
TBILIS 2016 05 03 2 10017  9956 10006 10022  9967  9964  9916  9938  9921  9888  9918  9899
TBILIS 2016 05 04 1  9961  9928  9932  9935  9981  9985  9926  9936  9852  9938  9887  9971
TBILIS 2016 05 04 2  9892  9935  9903  9850  9900  9875  9831  9826  9841  9842  9792  9860
TBILIS 2016 05 05 1  9864  9855  9879  9856  9867  9859  9874  9885  9887  9933  9944  9961
TBILIS 2016 05 05 2  9960  9968  9977  9993  9990  9937  9855  9860  9825  9782  9793  9845
TBILIS 2016 05 06 1  9887  9860  9809  9802  9836  9809  9851  9878  9916  9920  9941  9920
TBILIS 2016 05 06 2  9965  9995 10023 10043 10075 10058 10094 10120 10061 10062 10030 10021
TBILIS 2016 05 07 1 10026 10026  9990  9984  9971  9976  9977  9951  9958  9928  9932  9883
TBILIS 2016 05 07 2  9902  9899  9846  9827  9874  9838  9839  9822  9853  9817  9843  9825
TBILIS 2016 05 08 1  9848  9826  9835  9817  9874  9944  9916  9955  9981  9894  9962  9984
TBILIS 2016 05 08 2 10023  9947  9885  9940  9874  9831  9859  9886  9855  9902  9877  9854
TBILIS 2016 05 09 1  9815  9838  9798  9836  9785  9822  9906  9861  9865  9869  9874  9881
TBILIS 2016 05 09 2  9935  9931  9889  9914  9885  9869  9843  9826  9824  9827  9851  9835
TBILIS 2016 05 10 1  9811  9829  9885  9902  9902  9902  9902  9902  9902  9902  9902  9902
TBILIS 2016 05 10 2  9902  9902  9902  9902  9910  9902  9902  9902  9902  9902  9902  9902
TBILIS 2016 05 11 1  9902  9915  9902  9902  9902  9902  9902  9902  9902  9902  9920  9852
TBILIS 2016 05 11 2  9917 10035 10000 10006 10061 10053 10080 10009 10033  9998  9993  9967
TBILIS 2016 05 12 1  9991  9969  9931  9928  9909  9928 10014  9892  9904  9897  9977  9929
TBILIS 2016 05 12 2  9960  9964  9927  9907  9926  9941  9934  9890  9931  9929  9913  9939
TBILIS 2016 05 13 1  9874  9868  9869  9888  9888  9877  9925  9940  9924 10011  9958  9928
TBILIS 2016 05 13 2  9950  9921  9978  9969  9943  9990  9989  9943  9905  9902  9890  9882
TBILIS 2016 05 14 1  9910  9944  9901  9913  9931  9886  9924  9926  9971  9958  9964  9953
TBILIS 2016 05 14 2  9999 10007 10007  9956  9949  9913  9950  9948  9933  9898  9861  9886
TBILIS 2016 05 15 1  9874  9898  9907  9912  9934  9945  9956  9900  9941  9956  9980  9952
TBILIS 2016 05 15 2  9907  9946  9914  9863  9810  9835  9772  9786  9765  9795  9803  9811
TBILIS 2016 05 16 1  9797  9801  9803  9804  9857  9827  9910  9936  9902  9967  9948  9918
TBILIS 2016 05 16 2  9907  9962 10002  9916  9919  9873  9813  9838  9792  9823  9775  9780
TBILIS 2016 05 17 1  9767  9785  9796  9773  9822  9835  9846  9837  9901  9916  9917  9920
TBILIS 2016 05 17 2  9942  9903  9870  9835  9855  9869  9844  9843  9875  9852  9803  9832
TBILIS 2016 05 18 1  9794  9802  9781  9792  9827  9765  9808  9815  9818  9860  9849  9854
TBILIS 2016 05 18 2  9836  9799  9807  9850  9870  9783  9808  9766  9764  9747  9789  9729
TBILIS 2016 05 19 1  9749  9767  9784  9767  9750  9758  9793  9816  9811  9845  9910  9888
TBILIS 2016 05 19 2  9916  9895  9865  9829  9837  9819  9743  9776  9700  9688  9677  9655
TBILIS 2016 05 20 1  9652  9686  9667  9675  9727  9705  9780  9775  9805  9773  9759  9792
TBILIS 2016 05 20 2  9770  9764  9754  9729  9743  9736  9757  9709  9719  9689  9640  9621
TBILIS 2016 05 21 1  9620  9635  9646  9713  9610  9685  9767  9781  9841  9863  9878  9854
TBILIS 2016 05 21 2  9879  9818  9853  9852  9795  9800  9776  9811  9787  9734  9753  9718
TBILIS 2016 05 22 1  9738  9700  9711  9672  9733  9698  9767  9788  9824  9833  9837  9851
TBILIS 2016 05 22 2  9867  9836  9773  9822  9768  9814  9735  9785  9748  9740  9769  9782
TBILIS 2016 05 23 1  9759  9710  9732  9753  9785  9820  9940  9868  9914  9972  9950  9874
TBILIS 2016 05 23 2  9812  9841  9798  9863  9765  9773  9757  9831  9792  9758  9767  9779
TBILIS 2016 05 24 1  9803  9829  9760  9825  9783  9814  9865  9753  9781  9893  9933  9926
TBILIS 2016 05 24 2  9865  9846  9854  9887  9866  9831  9806  9833  9813  9824  9805  9767
TBILIS 2016 05 25 1  9803  9817  9757  9816  9812  9826  9899  9889  9889  9925  9905  9926
TBILIS 2016 05 25 2  9891  9896  9956  9887  9878  9883  9864  9883  9894  9899  9862  9828
TBILIS 2016 05 26 1  9818  9876  9831  9801  9829  9904  9936  9939  9982 10023  9988 10011
TBILIS 2016 05 26 2  9981  9987  9946 10008  9948  9969  9929  9967  9930  9934  9894  9894
TBILIS 2016 05 27 1  9908  9853  9902  9915  9934  9957  9991 10012  9977  9994  9931  9963
TBILIS 2016 05 27 2  9953  9929  9957  9891  9849  9852  9811  9843  9849  9805  9784  9796
TBILIS 2016 05 28 1  9760  9789  9780  9784  9774  9855  9857  9963  9899  9898  9912  9890
TBILIS 2016 05 28 2  9913  9884  9845  9799  9912  9845  9852  9869  9917  9891  9913  9831
TBILIS 2016 05 29 1  9883  9873  9835  9886  9847  9871  9853  9922  9944  9967  9919  9969
TBILIS 2016 05 29 2  9931  9946  9949  9932  9920  9899  9875  9920  9932  9957  9859  9870
TBILIS 2016 05 30 1  9953  9950  9871  9902  9915  9885  9916  9949  9882  9895  9921  9905
TBILIS 2016 05 30 2  9935  9919  9930  9947  9948  9945  9908  9936  9895  9900  9884  9813
TBILIS 2016 05 31 1  9791  9812  9820  9812  9831  9852  9877  9873  9995  9962  9944  9910
TBILIS 2016 05 31 2  9886  9837  9846  9868  9880  9940  9910  9898  9876  9889  9872  9905
Cosmic-Ray Neutron Monitor Data (Hourly, Pressure-Corrected and Scale-Adjusted Counts)
Collections: WDC for Cosmic Rays, Solar-Terrestrial Environment Laboratory, Nagoya Univ.
Data Access: http://center.stelab.nagoya-u.ac.jp/WDCCR/index.html
Project: ICSU WDC
Citation: WDC for Cosmic Rays, Solar-Terrestrial Environment Laboratory, Nagoya University
Station ID: TBILIS
Station:  TBILISI,GIORGIA,INSTITUT GEOPHYSIKY (IG), GIORGIAN ACADEMY OF SCIENCES,GIORGIA 
Instrument: 18-NM-64 Corrected to 965 mb Standard Pressure, Coef =-0.69 %/mb                
Latitude (deg.):   41.43  Longitude (deg.):   44.48  Altitude (m):  510.00
Cut-Off Rigidity (GV):    6.73
Year: 2016  Month:   6
Scaling Factor (SF):    64.0   Constant (CONST):     0.0  Real Counts = (DATA + CONST)*SF
Temporal Resolution: 1 hour
UTC Start Hour:     0.0
DATA FILE IS PREPARED BY IZMIRAN (ftp://cr0.izmiran.rssi.ru/Cosray!/FTP_NM/C/)  
 Updated by IZMIRAN on 20180328                         
Monthly Average:  9929.4
Updated (YYYY MM DD): 2018 03 28
*******************************************************************************************
ID     YYYY MM DD 1     0     1     2     3     4     5     6     7     8     9    10    11
ID     YYYY MM DD 2    12    13    14    15    16    17    18    19    20    21    22    23
*******************************************************************************************
TBILIS 2016 06 01 1  9908  9919  9955  9977  9975 10048 10033 10105 10051 10004  9998 10051
TBILIS 2016 06 01 2 10080 10005 10044 10011 10036 10022 10008 10025 10006 10079  9986 10002
TBILIS 2016 06 02 1 10001  9950  9976  9952  9894  9941  9930  9989 10005 10030 10114 10085
TBILIS 2016 06 02 2 10049 10030 10077 10003 10030 10048 10019  9995 10011  9967 10017 10046
TBILIS 2016 06 03 1  9986  9990  9958 10005  9990  9990 10013 10066 10033 10043 10055 10036
TBILIS 2016 06 03 2 10035 10044 10020 10008 10039 10062 10098 10079 10034 10021 10072 10016
TBILIS 2016 06 04 1  9978  9903  9934  9921  9966  9996  9964  9985  9958  9984  9915  9958
TBILIS 2016 06 04 2  9890  9932  9920  9887  9910  9968  9969  9963  9940  9906  9869  9903
TBILIS 2016 06 05 1  9866  9917  9914  9937  9928  9937  9917  9958  9946 10014 10003 10071
TBILIS 2016 06 05 2 10019 10068 10051 10070 10122 10063 10049 10040 10073 10016 10010  9980
TBILIS 2016 06 06 1  9908  9941  9940  9961 10002 10006 10012 10044 10039 10039 10067 10063
TBILIS 2016 06 06 2 10104 10081 10093 10079 10088 10101 10080 10085 10115 10077 10085 10045
TBILIS 2016 06 07 1 10007 10013 10020 10017  9959  9996 10015 10008 10073 10080 10051 10063
TBILIS 2016 06 07 2  9971 10028 10054 10058 10033  9999  9993  9967  9980  9982  9981 10002
TBILIS 2016 06 08 1  9990  9997  9926  9992  9985  9970 10005 10022  9986  9976  9991  9980
TBILIS 2016 06 08 2  9977 10012  9989  9948  9998  9923  9911  9930  9876  9916  9876  9924
TBILIS 2016 06 09 1  9905  9875  9896  9914  9931  9936  9899  9958 10008  9995  9995  9968
TBILIS 2016 06 09 2  9970  9988  9969  9963  9993  9969  9975  9977  9990  9907  9946  9936
TBILIS 2016 06 10 1  9930  9898  9921  9962  9943  9949  9994 10062 10091 10034 10047 10013
TBILIS 2016 06 10 2  9971 10009 10022  9975 10002  9942  9946  9955  9935  9981  9934  9942
TBILIS 2016 06 11 1  9942  9973  9986  9985  9999  9981 10018  9986  9950  9965  9976  9980
TBILIS 2016 06 11 2  9968  9887  9882  9872  9922  9931  9910  9860  9890  9907  9878  9878
TBILIS 2016 06 12 1  9884  9832  9869  9834  9879  9887  9892  9903  9949  9921  9943  9934
TBILIS 2016 06 12 2  9951  9867  9960  9930  9906  9874  9859  9889  9842  9850  9786  9810
TBILIS 2016 06 13 1  9750  9755  9744  9788  9811  9877  9924  9952  9959 10022  9968  9996
TBILIS 2016 06 13 2 10024  9940  9933  9955  9965  9923  9902  9878  9878  9852  9830  9804
TBILIS 2016 06 14 1  9802  9785  9802  9789  9845  9858  9837  9912  9889  9862  9918  9880
TBILIS 2016 06 14 2  9881  9852  9776  9740  9733  9710  9744  9783  9794  9835  9803  9783
TBILIS 2016 06 15 1  9767  9715  9682  9664  9684  9665  9728  9727  9783  9754  9830  9846
TBILIS 2016 06 15 2  9813  9853  9842  9826  9835  9779  9775  9718  9774  9741  9662  9665
TBILIS 2016 06 16 1  9662  9661  9660  9669  9616  9647  9686  9681  9701  9723  9744  9727
TBILIS 2016 06 16 2  9720  9725  9733  9730  9726  9697  9763  9709  9696  9702  9750  9702
TBILIS 2016 06 17 1  9683  9671  9669  9678  9729  9720  9803  9748  9757  9801  9842  9853
TBILIS 2016 06 17 2  9837  9861  9818  9806  9829  9862  9795  9797  9780  9812  9800  9779
TBILIS 2016 06 18 1  9757  9725  9739  9762  9769  9746  9779  9818  9777  9821  9830  9866
TBILIS 2016 06 18 2  9863  9823  9874  9842  9868  9878  9891  9865  9870  9878  9820  9895
TBILIS 2016 06 19 1  9875  9885  9814  9819  9818  9835  9875  9887  9897  9875  9919  9928
TBILIS 2016 06 19 2  9911  9844  9893  9931  9902  9872  9877  9891  9900  9894  9930  9837
TBILIS 2016 06 20 1  9841  9797  9836  9805  9824  9877  9866  9937  9938  9922  9940  9962
TBILIS 2016 06 20 2  9963  9991  9902  9927  9935  9922  9927  9932  9921  9927  9940  9929
TBILIS 2016 06 21 1  9928  9920  9902  9904  9928  9960  9994 10000  9977 10000  9999 10034
TBILIS 2016 06 21 2 10018 10017  9961  9994  9980  9961  9960  9974  9936  9920  9959  9954
TBILIS 2016 06 22 1  9975  9963  9947  9985 10042 10058 10099 10112 10037 10036 10001 10036
TBILIS 2016 06 22 2 10017 10041 10004  9983  9968  9981  9968  9964  9967 10004  9995  9968
TBILIS 2016 06 23 1 10023  9960  9995  9990 10017  9999 10047 10013  9994 10025  9977 10006
TBILIS 2016 06 23 2  9947  9929  9967  9957  9933  9973  9955  9918  9939  9922  9937  9922
TBILIS 2016 06 24 1  9945  9933  9887  9897  9932  9922  9935  9931  9950  9931  9974  9916
TBILIS 2016 06 24 2  9947  9912  9920  9903  9915  9919  9962  9927  9940  9931  9941  9885
TBILIS 2016 06 25 1  9899  9915  9883  9867  9916  9902  9916  9928  9933  9916  9935  9987
TBILIS 2016 06 25 2 10020 10007  9987  9983  9939  9947  9930  9967  9941  9921  9925  9949
TBILIS 2016 06 26 1  9968  9989  9928  9938  9898  9933  9901  9903  9895  9920  9941  9961
TBILIS 2016 06 26 2  9914  9971  9911  9941  9960  9966  9974  9919  9911  9924  9899  9912
TBILIS 2016 06 27 1  9921  9892  9853  9895  9863  9856  9908  9918  9944  9970  9951  9971
TBILIS 2016 06 27 2  9976  9960  9961  9949  9944  9934  9907  9973  9966  9985  9998  9945
TBILIS 2016 06 28 1  9931  9958  9936  9875  9929  9897  9921  9985  9982 10011  9951  9954
TBILIS 2016 06 28 2  9983  9970  9972  9983  9973  9964  9995  9944  9938  9996 10002  9992
TBILIS 2016 06 29 1 10026  9933 10012  9966  9920  9933  9945  9936  9926  9943  9895  9894
TBILIS 2016 06 29 2  9926  9921  9878  9907  9874  9919  9902  9889 10047 10054 10009 10045
TBILIS 2016 06 30 1  9965  9910  9885  9916  9973  9972  9994  9970  9985  9945  9988 10028
TBILIS 2016 06 30 2  9985 10034  9989 10030  9934  9983  9999 10007 10021 10002 10017 10019
TBILIS 2016 06 31 1 99999 99999 99999 99999 99999 99999 99999 99999 99999 99999 99999 99999
TBILIS 2016 06 31 2 99999 99999 99999 99999 99999 99999 99999 99999 99999 99999 99999 99999
Cosmic-Ray Neutron Monitor Data (Hourly, Pressure-Corrected and Scale-Adjusted Counts)
Collections: WDC for Cosmic Rays, Solar-Terrestrial Environment Laboratory, Nagoya Univ.
Data Access: http://center.stelab.nagoya-u.ac.jp/WDCCR/index.html
Project: ICSU WDC
Citation: WDC for Cosmic Rays, Solar-Terrestrial Environment Laboratory, Nagoya University
Station ID: TBILIS
Station:  TBILISI,GIORGIA,INSTITUT GEOPHYSIKY (IG), GIORGIAN ACADEMY OF SCIENCES,GIORGIA 
Instrument: 18-NM-64 Corrected to 965 mb Standard Pressure, Coef =-0.69 %/mb                
Latitude (deg.):   41.43  Longitude (deg.):   44.48  Altitude (m):  510.00
Cut-Off Rigidity (GV):    6.73
Year: 2016  Month:   7
Scaling Factor (SF):    64.0   Constant (CONST):     0.0  Real Counts = (DATA + CONST)*SF
Temporal Resolution: 1 hour
UTC Start Hour:     0.0
DATA FILE IS PREPARED BY IZMIRAN (ftp://cr0.izmiran.rssi.ru/Cosray!/FTP_NM/C/)  
 Updated by IZMIRAN on 20180328                         
Monthly Average:  9941.8
Updated (YYYY MM DD): 2018 03 28
*******************************************************************************************
ID     YYYY MM DD 1     0     1     2     3     4     5     6     7     8     9    10    11
ID     YYYY MM DD 2    12    13    14    15    16    17    18    19    20    21    22    23
*******************************************************************************************
TBILIS 2016 07 01 1  9992 10014 10018  9953 10001  9989  9971 10002 10032 10047  9962  9974
TBILIS 2016 07 01 2  9999  9988  9952  9994 10002  9949  9914 10012 10013 10000 10008  9999
TBILIS 2016 07 02 1 10033  9970 10005 10049 10050 10032  9981 10042 10006 10000 10053  9985
TBILIS 2016 07 02 2 10058 10025  9996  9995  9966  9943  9964  9966  9952  9986  9929 10013
TBILIS 2016 07 03 1  9963  9948  9962  9972  9966 10019 10042 10017 10067 10050 10042 10049
TBILIS 2016 07 03 2 10051 10047 10090 10011 10028 10010 10022 10016  9961 10025  9985  9982
TBILIS 2016 07 04 1 10020  9967 10007  9944  9976  9998 10045  9992 10015  9969  9995  9994
TBILIS 2016 07 04 2 10012 10000  9957  9989  9984  9970  9973  9984  9976  9961  9957  9975
TBILIS 2016 07 05 1  9941  9949  9954  9973  9929  9987 10027 10021 10032 10040 10004 10015
TBILIS 2016 07 05 2 10037  9998 10010 10086 10103 10125 10069 10097 10050 10072 10075 10048
TBILIS 2016 07 06 1 10058 10084 10038 10093 10030 10075 10064 10019 10068 10058 10067 10094
TBILIS 2016 07 06 2 10070 10057 10075 10132 10094 10075 10115 10058 10070 10069 10046  9984
TBILIS 2016 07 07 1 10003  9978  9952  9980  9952 10001 10062 10096 10094 10158 10073 10125
TBILIS 2016 07 07 2 10135 10052 10065 10072 10108 10042 10051 10072  9993  9979  9980  9908
TBILIS 2016 07 08 1  9909  9892  9922  9883  9887  9925  9894  9970  9980 10017  9997 10039
TBILIS 2016 07 08 2  9999  9948  9989  9949  9904  9943  9908  9838  9824  9844  9852  9881
TBILIS 2016 07 09 1  9925  9877  9867  9901  9875  9898  9895  9979  9991 10018 10011 10041
TBILIS 2016 07 09 2  9986  9980  9986  9998  9961  9948  9913  9896  9914  9872  9894  9928
TBILIS 2016 07 10 1  9843  9834  9837  9844  9893  9960  9921  9915  9930  9942  9928  9936
TBILIS 2016 07 10 2  9934  9916  9891  9897  9909  9872  9894  9855  9828  9846  9815  9832
TBILIS 2016 07 11 1  9862  9868  9780  9785  9842  9834  9840  9907 10011 10011  9958  9999
TBILIS 2016 07 11 2 10010  9995 10006  9999  9955  9932  9932  9910  9942  9852  9891  9893
TBILIS 2016 07 12 1  9919  9857  9913  9943  9935  9905  9908  9930  9913  9955  9975  9996
TBILIS 2016 07 12 2  9928  9915  9903  9906  9918  9917  9873  9809  9749  9733  9734  9728
TBILIS 2016 07 13 1  9743  9692  9775  9781  9807  9804  9844  9920  9904  9928  9892  9889
TBILIS 2016 07 13 2  9916  9884  9921  9897  9910  9851  9817  9824  9815  9804  9850  9840
TBILIS 2016 07 14 1  9854  9845  9850  9857  9839  9858  9870  9879  9888  9963  9882  9842
TBILIS 2016 07 14 2  9923  9918  9924  9848  9873  9889  9863  9863  9853  9863  9797  9803
TBILIS 2016 07 15 1  9830  9800  9824  9792  9843  9820  9910  9879  9834  9834  9857  9842
TBILIS 2016 07 15 2  9836  9788  9840  9818  9853  9866  9859  9806  9832  9789  9802  9800
TBILIS 2016 07 16 1  9808  9799  9769  9835  9815  9827  9899  9841  9849  9888  9870  9877
TBILIS 2016 07 16 2  9863  9866  9867  9836  9843  9825  9870  9847  9838  9850  9843  9829
TBILIS 2016 07 17 1  9836  9832  9806  9794  9855  9865  9882  9954  9957  9937  9875  9851
TBILIS 2016 07 17 2  9870  9923  9918  9932  9906  9862  9798  9764  9791  9780  9759  9733
TBILIS 2016 07 18 1  9733  9786  9776  9821  9927  9936 10064 10032 10085 10042 10094 10081
TBILIS 2016 07 18 2 10010 10047  9938  9936 10009  9980 10007 10009  9954  9995  9970  9905
TBILIS 2016 07 19 1  9890  9893  9840  9863  9867  9904  9919  9994  9995  9977  9995  9977
TBILIS 2016 07 19 2  9980  9972  9916  9967  9998  9920  9975  9952  9878  9956  9899  9877
TBILIS 2016 07 20 1  9843  9874  9850  9852  9815  9772  9848  9894  9924  9934  9909  9897
TBILIS 2016 07 20 2  9897  9902  9880  9842  9835  9832  9820  9821  9799  9753  9716  9742
TBILIS 2016 07 21 1  9740  9746  9729  9738  9711  9751  9789  9787  9780  9845  9828  9816
TBILIS 2016 07 21 2  9855  9835  9822  9824  9840  9840  9817  9822  9780  9788  9824  9850
TBILIS 2016 07 22 1  9844  9848  9817  9803  9789  9833  9828  9879  9851  9893  9875  9889
TBILIS 2016 07 22 2  9946  9971  9969  9888  9882  9939  9927  9881  9874  9864  9885  9911
TBILIS 2016 07 23 1  9946  9933  9875  9856  9909  9912 10001  9984  9962  9958  9955  9980
TBILIS 2016 07 23 2  9961  9981  9951  9923  9909  9864  9855  9848  9885  9835  9868  9915
TBILIS 2016 07 24 1  9931  9910  9846  9913  9891  9853  9939 10015 10016 10024  9991  9990
TBILIS 2016 07 24 2 10021  9981 10021 10013  9948  9954  9960  9928  9928  9858  9909  9834
TBILIS 2016 07 25 1  9828  9832  9844  9862  9950  9941  9989 10034 10022 10039 10073 10081
TBILIS 2016 07 25 2 10119 10097 10113 10086 10074 10051 10076 10049  9988  9986  9942  9938
TBILIS 2016 07 26 1  9979  9987  9938  9991  9930  9977 10018  9956  9991 10007  9987 10031
TBILIS 2016 07 26 2 10057 10026 10094 10041 10034  9971 10042  9993 10016  9973  9970  9988
TBILIS 2016 07 27 1  9982  9946  9957  9958  9937 10005 10021  9990  9946 10012 10037 10002
TBILIS 2016 07 27 2 10015 10036 10016 10042 10017 10007 10016  9980  9997 10006 10013  9958
TBILIS 2016 07 28 1  9973  9942  9926  9998 10021  9947  9993  9951 10001  9994  9984 10008
TBILIS 2016 07 28 2 10014 10031  9986  9999 10037  9987  9986 10029  9992  9953  9960  9951
TBILIS 2016 07 29 1  9921  9944  9941  9952  9975  9990  9962  9962 10021 10053  9994 10044
TBILIS 2016 07 29 2 10017  9987 10002  9995  9957  9932  9992  9953  9969  9946  9934  9923
TBILIS 2016 07 30 1  9908  9937  9922  9978  9966 10021 10019 10023 10035 10066 10057 10029
TBILIS 2016 07 30 2 10070 10041 10000  9976 10034 10032  9992 10012 10007 10017 10003  9972
TBILIS 2016 07 31 1  9981 10014 10037 10035  9995 10023 10056 10053 10076 10103 10055 10065
TBILIS 2016 07 31 2 10046 10066 10063 10053 10010  9981 10040 10024 10017 10021 10011  9991
Cosmic-Ray Neutron Monitor Data (Hourly, Pressure-Corrected and Scale-Adjusted Counts)
Collections: WDC for Cosmic Rays, Solar-Terrestrial Environment Laboratory, Nagoya Univ.
Data Access: http://center.stelab.nagoya-u.ac.jp/WDCCR/index.html
Project: ICSU WDC
Citation: WDC for Cosmic Rays, Solar-Terrestrial Environment Laboratory, Nagoya University
Station ID: TBILIS
Station:  TBILISI,GIORGIA,INSTITUT GEOPHYSIKY (IG), GIORGIAN ACADEMY OF SCIENCES,GIORGIA 
Instrument: 18-NM-64 Corrected to 965 mb Standard Pressure, Coef =-0.69 %/mb                
Latitude (deg.):   41.43  Longitude (deg.):   44.48  Altitude (m):  510.00
Cut-Off Rigidity (GV):    6.73
Year: 2016  Month:   8
Scaling Factor (SF):    64.0   Constant (CONST):     0.0  Real Counts = (DATA + CONST)*SF
Temporal Resolution: 1 hour
UTC Start Hour:     0.0
DATA FILE IS PREPARED BY IZMIRAN (ftp://cr0.izmiran.rssi.ru/Cosray!/FTP_NM/C/)  
 Updated by IZMIRAN on 20180328                         
Monthly Average: 10030.1
Updated (YYYY MM DD): 2018 03 28
*******************************************************************************************
ID     YYYY MM DD 1     0     1     2     3     4     5     6     7     8     9    10    11
ID     YYYY MM DD 2    12    13    14    15    16    17    18    19    20    21    22    23
*******************************************************************************************
TBILIS 2016 08 01 1  9963  9980  9993 10045 10063 10094 10067 10035 10079 10079 10072 10087
TBILIS 2016 08 01 2 10081 10051 10048 10079 10073 10080 10085 10050 10092 10111 10113 10091
TBILIS 2016 08 02 1 10072 10111 10111 10079 10081 10042 10068 10112 10104 10142 10114 10130
TBILIS 2016 08 02 2 10147 10126 10132 10063 10067 10041 10071 10061 10100 10143 10100 10087
TBILIS 2016 08 03 1 10066 10038 10065  9992  9985 10030 10051 10027  9965  9972 10048 10029
TBILIS 2016 08 03 2  9996 10031  9971  9942  9988  9908  9904  9920  9925  9883  9870  9870
TBILIS 2016 08 04 1  9935  9914  9884  9887  9880  9873  9897  9908  9949  9972  9964  9994
TBILIS 2016 08 04 2 10047 10018 10019 10014  9982 10017  9977  9967  9938  9933  9912  9933
TBILIS 2016 08 05 1  9900  9915  9890  9897  9938  9964  9989 10027  9975 10013 10026 10044
TBILIS 2016 08 05 2 10063  9986 10011 10050 10021 10041 10027  9982  9993  9982  9940  9974
TBILIS 2016 08 06 1  9924  9979  9958  9970  9964  9936  9964  9998 10040 10000 10024 10027
TBILIS 2016 08 06 2 10083 10004 10082 10030 10025 10028  9969  9949  9955  9933  9933  9926
TBILIS 2016 08 07 1  9969  9930  9947  9917  9955  9940  9957  9945  9988  9948  9941  9938
TBILIS 2016 08 07 2  9981  9981  9982  9931  9939  9946  9924  9956  9997  9936  9962  9966
TBILIS 2016 08 08 1  9925  9958  9965  9985  9950  9935  9952  9961 10010  9997 10002  9938
TBILIS 2016 08 08 2  9983 10018 10001 10053  9984  9989 10051 10072  9999 10027 10021  9975
TBILIS 2016 08 09 1  9955  9972  9939  9908  9943  9947  9995  9990 10009  9942  9946  9980
TBILIS 2016 08 09 2  9980  9959  9917  9897  9902  9889  9921  9896  9876  9922  9929  9883
TBILIS 2016 08 10 1  9881  9900  9916  9887  9914  9910  9948  9919  9966  9946  9961  9960
TBILIS 2016 08 10 2  9916  9900  9888  9851  9821  9883  9873  9899  9911  9906  9890  9925
TBILIS 2016 08 11 1  9909  9888  9891  9910  9899  9899  9953  9945  9928  9943  9939  9930
TBILIS 2016 08 11 2  9944  9917  9896  9918  9932  9906  9908  9953  9866  9835  9898  9881
TBILIS 2016 08 12 1  9920  9941  9916  9957  9943  9962  9975  9889  9928  9974  9953  9999
TBILIS 2016 08 12 2  9972  9974  9967  9975  9950  9952 10014 10018  9979 10017  9987  9986
TBILIS 2016 08 13 1  9991  9959  9992  9997  9972  9979 10004 10012 10006 10040 10034 10038
TBILIS 2016 08 13 2 10026 10034 10016 10040 10018 10023 10027 10060 10079 10097 10063 10048
TBILIS 2016 08 14 1 10046 10021 10045 10068 10026 10052 10095 10064 10110 10087 10055 10098
TBILIS 2016 08 14 2 10098 10090 10085 10044 10041 10040 10040 10071 10065 10114 10083 10134
TBILIS 2016 08 15 1 10139 10109 10108 10059 10127 10092 10078 10076 10097 10133 10099 10111
TBILIS 2016 08 15 2 10131 10165 10131 10125 10137 10116 10115 10085 10074 10054 10090 10085
TBILIS 2016 08 16 1 10073 10051 10023 10026 10052 10020 10076 10025  9978 10008 10081 10086
TBILIS 2016 08 16 2 10072 10066 10061  9997 10023 10064 10001 10011 10040 10090 10075 10099
TBILIS 2016 08 17 1 10043  9977 10036 10061 10098 10078 10076 10062 10103 10093 10114 10089
TBILIS 2016 08 17 2 10076 10017 10073 10059 10087 10024 10039 10006  9923  9960  9969  9935
TBILIS 2016 08 18 1  9952  9971  9962  9989  9972 10083 10148 10111 10155 10176 10149 10149
TBILIS 2016 08 18 2 10060 10076 10040  9996 10025  9960  9953  9896  9900  9896  9903  9869
TBILIS 2016 08 19 1  9872  9886  9970  9938  9919  9969  9947 10032 10058 10068 10055 10045
TBILIS 2016 08 19 2 10030 10044 10063 10025  9998  9964  9968  9951  9955  9905  9956  9931
TBILIS 2016 08 20 1  9939  9931  9935  9940  9949  9962 10018 10003 10032 10051 10091 10020
TBILIS 2016 08 20 2  9948  9984  9902  9884  9882  9879  9879  9868  9916  9875  9849  9852
TBILIS 2016 08 21 1  9863  9825  9828  9857  9895  9944  9962  9954  9943  9914  9952  9879
TBILIS 2016 08 21 2  9938  9912  9884  9879  9901  9924  9841  9923  9872  9834  9857  9878
TBILIS 2016 08 22 1  9890  9853  9864  9848  9901  9965 10045 10083 10081 10074 10060 10063
TBILIS 2016 08 22 2 10061 10032 10049 10043 10093 10103 10088 10035 10031 10022 10041 10051
TBILIS 2016 08 23 1 10084 10034 10029 10062 10073 10112 10086 10112 10122 10137 10139 10096
TBILIS 2016 08 23 2 10174 10220 10270 10241 10205 10182 10179 10168 10202 10180 10087 10072
TBILIS 2016 08 24 1 10062 10072 10106 10035 10037 10013 10074 10051 10063 10102 10114 10154
TBILIS 2016 08 24 2 10129 10093 10104 10090 10045 10037 10020 10046 10046 10058 10045 10067
TBILIS 2016 08 25 1 10062 10012 10036 10060 10073 10043 10069 10114 10103 10119 10048 10091
TBILIS 2016 08 25 2 10053 10039 10044 10073 10075 10082 10056 10051 10066 10065 10028 10092
TBILIS 2016 08 26 1 10105 10107 10114 10132 10065 10107 10112 10090 10130 10063 10088 10109
TBILIS 2016 08 26 2 10088 10133 10167 10177 10227 10154 10175 10146 10142 10158 10094 10097
TBILIS 2016 08 27 1 10148 10150 10171 10180 10171 10183 10204 10172 10188 10199 10246 10234
TBILIS 2016 08 27 2 10229 10205 10200 10201 10210 10233 10264 10237 10179 10121 10194 10195
TBILIS 2016 08 28 1 10231 10187 10161 10141 10151 10136 10153 10135 10151 10171 10181 10140
TBILIS 2016 08 28 2 10117 10115 10091 10117 10098 10070 10071 10088 10051 10086 10074 10083
TBILIS 2016 08 29 1 10048 10067 10086 10078 10076 10115 10163 10161 10193 10175 10175 10179
TBILIS 2016 08 29 2 10170 10135 10154 10184 10136 10153 10121 10096 10128 10084 10082 10069
TBILIS 2016 08 30 1 10084 10081 10124 10047 10121 10113 10143 10153 10192 10186 10140 10196
TBILIS 2016 08 30 2 10199 10185 10177 10223 10172 10122 10100 10130 10129 10116 10097 10104
TBILIS 2016 08 31 1 10073 10100 10109 10088 10090 10071 10136 10155 10164 10163 10131 10128
TBILIS 2016 08 31 2 10119 10116 10110 10062 10047  9991 10043 10057 10067 10132 10050 10023
Cosmic-Ray Neutron Monitor Data (Hourly, Pressure-Corrected and Scale-Adjusted Counts)
Collections: WDC for Cosmic Rays, Solar-Terrestrial Environment Laboratory, Nagoya Univ.
Data Access: http://center.stelab.nagoya-u.ac.jp/WDCCR/index.html
Project: ICSU WDC
Citation: WDC for Cosmic Rays, Solar-Terrestrial Environment Laboratory, Nagoya University
Station ID: TBILIS
Station:  TBILISI,GIORGIA,INSTITUT GEOPHYSIKY (IG), GIORGIAN ACADEMY OF SCIENCES,GIORGIA 
Instrument: 18-NM-64 Corrected to 965 mb Standard Pressure, Coef =-0.69 %/mb                
Latitude (deg.):   41.43  Longitude (deg.):   44.48  Altitude (m):  510.00
Cut-Off Rigidity (GV):    6.73
Year: 2016  Month:   9
Scaling Factor (SF):    64.0   Constant (CONST):     0.0  Real Counts = (DATA + CONST)*SF
Temporal Resolution: 1 hour
UTC Start Hour:     0.0
DATA FILE IS PREPARED BY IZMIRAN (ftp://cr0.izmiran.rssi.ru/Cosray!/FTP_NM/C/)  
 Updated by IZMIRAN on 20180328                         
Monthly Average: 10016.6
Updated (YYYY MM DD): 2018 03 28
*******************************************************************************************
ID     YYYY MM DD 1     0     1     2     3     4     5     6     7     8     9    10    11
ID     YYYY MM DD 2    12    13    14    15    16    17    18    19    20    21    22    23
*******************************************************************************************
TBILIS 2016 09 01 1 10046 10051 10090 10061 10051 10077 10130 10124 10068 10042  9968 10046
TBILIS 2016 09 01 2 10065 10025  9981  9947  9915  9920  9947  9896  9895  9864  9845  9891
TBILIS 2016 09 02 1  9891  9917  9916  9897  9899  9949 10005 10012 10022 10056 10049 10111
TBILIS 2016 09 02 2 10087 10080 10019  9995 10008  9964  9930  9908  9911  9883  9921  9920
TBILIS 2016 09 03 1  9927  9906  9913  9924  9965  9937  9962  9937  9951  9959  9977  9968
TBILIS 2016 09 03 2  9979  9912  9886  9886  9848  9851  9878  9866  9833  9865  9807  9821
TBILIS 2016 09 04 1  9869  9866  9853  9847  9863  9899  9897  9902  9924  9921  9950  9944
TBILIS 2016 09 04 2  9970  9975  9921  9852  9914  9894  9879  9879  9887  9906  9935  9895
TBILIS 2016 09 05 1  9959  9906  9892  9910  9952  9925  9951  9916  9918  9896  9905  9929
TBILIS 2016 09 05 2  9926  9889  9871  9857  9840  9839  9909  9963  9958  9878  9902  9933
TBILIS 2016 09 06 1  9917  9909  9895  9914  9948  9962  9962  9967  9998  9971  9958  9957
TBILIS 2016 09 06 2  9953  9956  9959  9944  9872  9879  9859  9942  9902  9904  9929  9922
TBILIS 2016 09 07 1  9913  9928  9918  9904  9953  9988 10010  9973 10006  9998  9974  9998
TBILIS 2016 09 07 2  9975 10026 10022  9993 10035 10025  9985  9980  9925  9935 10013  9954
TBILIS 2016 09 08 1  9988 10008  9979  9944  9916  9964  9991 10035  9984  9930  9977  9995
TBILIS 2016 09 08 2  9994 10091 10022 10062 10035 10031  9951  9963  9959  9927  9970  9980
TBILIS 2016 09 09 1  9975 10035  9993  9974  9993  9946  9924  9987 10016 10007 10035 10060
TBILIS 2016 09 09 2 10083 10051 10017 10026 10014 10023 10106 10073 10050 10075 10085 10025
TBILIS 2016 09 10 1 10017  9973 10007 10048 10015 10032 10042 10024 10036 10091 10059 10084
TBILIS 2016 09 10 2 10102 10087 10106 10102 10109 10125 10121 10126 10135 10131 10082 10081
TBILIS 2016 09 11 1 10066 10068 10091 10093 10086 10114 10054 10068 10011  9990  9976 10003
TBILIS 2016 09 11 2 10023 10028 10044 10054 10062 10019 10034 10072 10112 10115 10110 10108
TBILIS 2016 09 12 1 10078 10037 10007  9988 10026 10012 10059 10014 10040 10091 10071 10099
TBILIS 2016 09 12 2 10148 10080 10082 10022 10048 10047 10067 10024  9996 10037 10035 10012
TBILIS 2016 09 13 1 10047 10059 10092 10043 10016 10050 10033 10040 10030 10051 10035 10069
TBILIS 2016 09 13 2 10062 10016 10038 10108 10074 10091 10068 10059 10019 10021 10094 10085
TBILIS 2016 09 14 1 10068 10128 10053 10032  9973 10044 10110 10077 10058 10057 10030 10071
TBILIS 2016 09 14 2 10029 10129 10071 10044 10040 10021 10025 10019 10059 10014 10047 10074
TBILIS 2016 09 15 1 10051 10037 10026 10099 10048 10052 10119 10105 10131 10044 10105 10095
TBILIS 2016 09 15 2 10023 10024  9985 10018 10014 10019 10004 10001 10031 10027  9959  9988
TBILIS 2016 09 16 1  9966 10015 10028 10029 10061 10061 10090 10104 10054 10040 10025 10025
TBILIS 2016 09 16 2  9931  9983  9968  9999  9946  9933  9924  9971  9931 10008  9966  9990
TBILIS 2016 09 17 1 10042 10048 10121 10110 10136 10132 10225 10190 10155 10161 10116 10140
TBILIS 2016 09 17 2 10072  9978  9990  9931  9900  9925  9907  9907  9849  9836  9869  9878
TBILIS 2016 09 18 1  9904  9892  9949  9875  9941  9937  9976  9976 10012  9995 10051 10055
TBILIS 2016 09 18 2 10018 10019 10040 10000  9982 10011  9982  9952 10008  9989  9966  9978
TBILIS 2016 09 19 1  9975  9957  9944  9961  9989  9996  9984 10009 10094 10053 10053 10053
TBILIS 2016 09 19 2 10053 10053 10053 10053 10053 10053 10053 10053 10053 10053 10053 10053
TBILIS 2016 09 20 1 10053 10053 10053 10053 10053 10053 10053 10053 10053 10053 10053 10053
TBILIS 2016 09 20 2 10053 10053 10053 10053 10053 10053 10053 10053 10053 10053 10053 10053
TBILIS 2016 09 21 1 10053 10053 10053 10053 10053 10053 10053 10053 10053 10053 10053 10053
TBILIS 2016 09 21 2 10053 10053 10053 10053 10053 10053 10053 10053 10053 10053 10053 10053
TBILIS 2016 09 22 1 10053 10053 10053 10053 10053 10053 10053 10053 10053 10053 10053 10053
TBILIS 2016 09 22 2 10053 10053 10053 10053 10053 10053 10053 10053 10053 10053 10053 10053
TBILIS 2016 09 23 1 10053 10053 10053 10053 10053 10053 10053 10053 10053 10053 10053 10053
TBILIS 2016 09 23 2 10053 10053 10053 10053 10053 10053 10053 10053 10053 10053 10053 10053
TBILIS 2016 09 24 1 10053 10053 10053 10053 10053 10053 10053 10053 10053 10053 10053 10053
TBILIS 2016 09 24 2 10053 10053 10053 10053 10053 10053 10053 10053 10053 10053 10053 10053
TBILIS 2016 09 25 1 10053 10053 10053 10053 10053 10053 10053 10053 10053 10053 10053 10053
TBILIS 2016 09 25 2 10053 10053 10053 10053 10053 10053 10053 10053 10053 10053 10053 10053
TBILIS 2016 09 26 1 10053 10053 10053 10053 10053 10053 10053 10053 10053 10053 10053 10053
TBILIS 2016 09 26 2 10053 10053 10053 10053 10053 10053 10053 10053 10053 10053 10053 10053
TBILIS 2016 09 27 1 10053 10053 10053 10053 10053 10053 10053 10053 10053 10053 10053 10053
TBILIS 2016 09 27 2 10053 10053 10053 10053 10053 10053 10053 10053 10053 10053 10053 10053
TBILIS 2016 09 28 1 10053 10053 10053 10053 10053 10053 10053 10053 10053 10053 10053 10053
TBILIS 2016 09 28 2 10053 10053 10053 10053 10053 10053 10053 10053 10053 10053 10053 10053
TBILIS 2016 09 29 1 10053 10053 10053 10053 10053 10053 10053 10053 10053 10053 10053 10053
TBILIS 2016 09 29 2 10053 10053 10053 10053 10053 10053 10053 10053 10053 10053 10053 10053
TBILIS 2016 09 30 1 10053 10053 10053 10053 10053 10053 10017 10008  9988 10059 10004 10009
TBILIS 2016 09 30 2 10000  9974  9978  9980  9917  9948  9950  9939  9969  9950  9938  9965
TBILIS 2016 09 31 1 99999 99999 99999 99999 99999 99999 99999 99999 99999 99999 99999 99999
TBILIS 2016 09 31 2 99999 99999 99999 99999 99999 99999 99999 99999 99999 99999 99999 99999
Cosmic-Ray Neutron Monitor Data (Hourly, Pressure-Corrected and Scale-Adjusted Counts)
Collections: WDC for Cosmic Rays, Solar-Terrestrial Environment Laboratory, Nagoya Univ.
Data Access: http://center.stelab.nagoya-u.ac.jp/WDCCR/index.html
Project: ICSU WDC
Citation: WDC for Cosmic Rays, Solar-Terrestrial Environment Laboratory, Nagoya University
Station ID: TBILIS
Station:  TBILISI,GIORGIA,INSTITUT GEOPHYSIKY (IG), GIORGIAN ACADEMY OF SCIENCES,GIORGIA 
Instrument: 18-NM-64 Corrected to 965 mb Standard Pressure, Coef =-0.69 %/mb                
Latitude (deg.):   41.43  Longitude (deg.):   44.48  Altitude (m):  510.00
Cut-Off Rigidity (GV):    6.73
Year: 2016  Month:  10
Scaling Factor (SF):    64.0   Constant (CONST):     0.0  Real Counts = (DATA + CONST)*SF
Temporal Resolution: 1 hour
UTC Start Hour:     0.0
DATA FILE IS PREPARED BY IZMIRAN (ftp://cr0.izmiran.rssi.ru/Cosray!/FTP_NM/C/)  
 Updated by IZMIRAN on 20180328                         
Monthly Average:  9979.4
Updated (YYYY MM DD): 2018 03 28
*******************************************************************************************
ID     YYYY MM DD 1     0     1     2     3     4     5     6     7     8     9    10    11
ID     YYYY MM DD 2    12    13    14    15    16    17    18    19    20    21    22    23
*******************************************************************************************
TBILIS 2016 10 01 1  9954  9930  9913  9886  9955  9954 10007 10016  9999  9978 10044 10112
TBILIS 2016 10 01 2 10130 10098 10123 10121 10029  9986  9975  9987  9944  9963  9929  9962
TBILIS 2016 10 02 1 10023 10015 10010 10030  9978  9993  9940  9983  9939  9974  9961  9972
TBILIS 2016 10 02 2  9958  9964  9957  9930  9899  9885  9885  9888  9894  9854  9892  9847
TBILIS 2016 10 03 1  9914  9874  9859  9902  9947  9962  9943  9939  9946  9898  9952  9938
TBILIS 2016 10 03 2  9947  9957  9958  9944  9918  9921  9970  9969  9976  9959  9926  9954
TBILIS 2016 10 04 1  9937  9942  9961  9914  9985  9971  9956  9982  9987 10015  9995 10007
TBILIS 2016 10 04 2 10018  9999  9986  9929  9924  9946  9946  9887  9913  9883  9936  9944
TBILIS 2016 10 05 1  9901  9937  9901  9937  9923  9942  9970  9956  9909  9951  9979  9985
TBILIS 2016 10 05 2  9959  9991 10028 10028  9973 10004 10015  9979  9934  9989  9934  9985
TBILIS 2016 10 06 1  9969  9999  9993  9979  9986 10031  9974  9991 10055  9982 10017 10024
TBILIS 2016 10 06 2 10049 10048 10039 10087 10092 10037 10040 10018 10011  9974  9944 10011
TBILIS 2016 10 07 1  9991 10011  9928  9943 10028 10000  9982 10011  9971 10025 10005 10065
TBILIS 2016 10 07 2 10082 10092 10092 10105 10049 10074  9985 10077 10002 10014 10055 10036
TBILIS 2016 10 08 1 10073 10032 10078 10057 10063 10141 10133 10137 10123 10131 10126 10128
TBILIS 2016 10 08 2 10136 10113 10068 10119 10078 10126 10101 10109 10093 10118 10136 10127
TBILIS 2016 10 09 1 10126 10128 10147 10135 10162 10138 10153 10147 10179 10173 10126 10144
TBILIS 2016 10 09 2 10127 10102 10099 10118 10098 10135 10145 10097 10126 10081 10082 10089
TBILIS 2016 10 10 1 10058 10087 10078 10125 10087 10097 10118 10100 10154 10127 10164 10133
TBILIS 2016 10 10 2 10145 10184 10164 10163 10194 10189 10172 10183 10156 10193 10164 10153
TBILIS 2016 10 11 1 10131 10063 10079 10057 10047 10050 10071 10090  9996 10036 10029 10066
TBILIS 2016 10 11 2 10104 10079 10070 10081 10085 10081 10088 10056  9976 10018  9965  9938
TBILIS 2016 10 12 1  9971  9950 10010 10035 10022 10116 10106 10083 10022 10071 10056 10124
TBILIS 2016 10 12 2 10073 10073 10037 10016  9980  9948  9927  9912  9963  9925  9939  9891
TBILIS 2016 10 13 1  9899  9942  9933 10001 10010 10042 10066 10069 10017 10022 10005 10065
TBILIS 2016 10 13 2  9996 10023  9983 10081 10114 10077 10091 10034 10066 10072 10053 10040
TBILIS 2016 10 14 1 10096 10139 10109 10168 10145 10133 10079 10173 10201 10206 10148 10108
TBILIS 2016 10 14 2 10080 10076 10056 10103  9980 10024  9983  9955  9931  9945  9934  9911
TBILIS 2016 10 15 1  9969  9954 10021  9997  9985 10054 10043 10014 10018  9993  9975 10009
TBILIS 2016 10 15 2  9985  9955  9955  9931  9904  9889  9906  9906  9934  9955  9925  9926
TBILIS 2016 10 16 1  9953  9967  9983  9985  9952  9990 10044 10097 10144 10095 10069 10018
TBILIS 2016 10 16 2  9999  9975  9935  9935  9917  9930  9901  9913  9980  9901  9942  9956
TBILIS 2016 10 17 1  9966  9924  9940  9928  9928  9980  9999 10019 10072 10058 10023 10015
TBILIS 2016 10 17 2 10002 10001  9943  9966  9960  9943  9950  9943  9933  9940  9961  9930
TBILIS 2016 10 18 1  9943  9984  9941  9930  9910  9959  9986  9965 10002 10029 10010  9977
TBILIS 2016 10 18 2 10001  9977  9968  9967  9986  9963  9961 10009  9968  9989 10063 10031
TBILIS 2016 10 19 1 10010 10030 10004 10026 10010  9981 10002 10047 10046 10058 10007 10029
TBILIS 2016 10 19 2 10004  9982  9981  9974 10001  9976 10004 10003 10002 10003 10007 10007
TBILIS 2016 10 20 1 10006 10010  9978  9956  9966  9969  9961  9968  9934  9923  9934  9875
TBILIS 2016 10 20 2  9928  9875  9875  9871  9931  9897  9882  9907  9913  9938  9907  9910
TBILIS 2016 10 21 1  9906  9873  9906  9937  9955  9918  9986  9973  9981  9981  9968  9938
TBILIS 2016 10 21 2  9947  9966  9941  9945  9929  9933  9922  9934  9871  9936  9917  9903
TBILIS 2016 10 22 1  9937  9972  9947  9936  9943  9973  9957  9992 10019 10012  9994 10019
TBILIS 2016 10 22 2 10043 10006  9977  9992 10015 10038 10003 10025  9995 10059 10080 10082
TBILIS 2016 10 23 1 10066 10099 10042 10050 10028 10021 10056 10016  9999  9958 10007 10038
TBILIS 2016 10 23 2 10013 10004 10012 10010  9961  9969  9970  9920  9956  9956  9975  9917
TBILIS 2016 10 24 1  9970  9942  9981  9947  9975  9992  9977  9945  9986 10009 10038  9988
TBILIS 2016 10 24 2 10016 10019 10027  9970  9994  9982  9949  9968  9949  9982 10015 10009
TBILIS 2016 10 25 1 10029 10040 10060 10045 10012  9993  9991 10000 10009  9971  9913 10014
TBILIS 2016 10 25 2  9990  9983  9996  9931  9940  9931  9920  9944  9920  9950  9922  9920
TBILIS 2016 10 26 1  9935  9966  9999  9979  9979  9999 10010  9993  9962  9975  9956  9916
TBILIS 2016 10 26 2  9894  9908  9895  9944  9925  9910  9900  9894  9825  9863  9856  9827
TBILIS 2016 10 27 1  9879  9863  9873  9886  9925  9881  9964  9939  9916  9913  9880  9918
TBILIS 2016 10 27 2  9919  9925  9909  9915  9907  9899  9837  9836  9833  9858  9865  9838
TBILIS 2016 10 28 1  9866  9881  9885  9867  9842  9829  9833  9837  9906  9847  9858  9856
TBILIS 2016 10 28 2  9834  9782  9810  9809  9815  9823  9824  9785  9768  9813  9776  9789
TBILIS 2016 10 29 1  9795  9860  9853  9850  9880  9873  9920  9896  9884  9869  9916  9885
TBILIS 2016 10 29 2  9868  9887  9838  9860  9788  9863  9892  9894  9837  9831  9843  9860
TBILIS 2016 10 30 1  9869  9852  9880  9848  9888  9865  9851  9846  9854  9868  9883  9905
TBILIS 2016 10 30 2  9920  9893  9895  9889  9836  9896  9924  9911  9822  9823  9882  9898
TBILIS 2016 10 31 1  9862  9931  9934  9899  9935  9902  9868  9882  9888  9879  9868  9849
TBILIS 2016 10 31 2  9831  9814  9850  9795  9813  9829  9802  9800  9812  9822  9827  9857
Cosmic-Ray Neutron Monitor Data (Hourly, Pressure-Corrected and Scale-Adjusted Counts)
Collections: WDC for Cosmic Rays, Solar-Terrestrial Environment Laboratory, Nagoya Univ.
Data Access: http://center.stelab.nagoya-u.ac.jp/WDCCR/index.html
Project: ICSU WDC
Citation: WDC for Cosmic Rays, Solar-Terrestrial Environment Laboratory, Nagoya University
Station ID: TBILIS
Station:  TBILISI,GIORGIA,INSTITUT GEOPHYSIKY (IG), GIORGIAN ACADEMY OF SCIENCES,GIORGIA 
Instrument: 18-NM-64 Corrected to 965 mb Standard Pressure, Coef =-0.69 %/mb                
Latitude (deg.):   41.43  Longitude (deg.):   44.48  Altitude (m):  510.00
Cut-Off Rigidity (GV):    6.73
Year: 2016  Month:  11
Scaling Factor (SF):    64.0   Constant (CONST):     0.0  Real Counts = (DATA + CONST)*SF
Temporal Resolution: 1 hour
UTC Start Hour:     0.0
DATA FILE IS PREPARED BY IZMIRAN (ftp://cr0.izmiran.rssi.ru/Cosray!/FTP_NM/C/)  
 Updated by IZMIRAN on 20180328                         
Monthly Average:  9825.7
Updated (YYYY MM DD): 2018 03 28
*******************************************************************************************
ID     YYYY MM DD 1     0     1     2     3     4     5     6     7     8     9    10    11
ID     YYYY MM DD 2    12    13    14    15    16    17    18    19    20    21    22    23
*******************************************************************************************
TBILIS 2016 11 01 1  9809  9769  9798  9809  9824  9830  9818  9835  9815  9837  9819  9850
TBILIS 2016 11 01 2  9848  9860  9799  9819  9857  9872  9871  9872  9846  9848  9831  9861
TBILIS 2016 11 02 1  9875  9893  9860  9868  9843  9863  9860  9861  9834  9878  9814  9866
TBILIS 2016 11 02 2  9797  9816  9781  9749  9759  9737  9814  9765  9778  9767  9795  9796
TBILIS 2016 11 03 1  9767  9761  9811  9819  9783  9798  9836  9856  9811  9831  9801  9809
TBILIS 2016 11 03 2  9877  9813  9772  9783  9781  9722  9724  9775  9756  9713  9772  9704
TBILIS 2016 11 04 1  9807  9841  9824  9821  9803  9801  9817  9830  9777  9814  9746  9755
TBILIS 2016 11 04 2  9744  9771  9731  9717  9708  9733  9777  9787  9799  9794  9803  9838
TBILIS 2016 11 05 1  9823  9852  9834  9831  9868  9846  9883  9887  9883  9926  9865  9842
TBILIS 2016 11 05 2  9831  9803  9812  9826  9863  9866  9857  9829  9827  9836  9837  9839
TBILIS 2016 11 06 1  9808  9877  9842  9821  9845  9856  9869  9883  9908  9879  9872  9863
TBILIS 2016 11 06 2  9879  9863  9847  9851  9919  9862  9874  9865  9888  9872  9900  9906
TBILIS 2016 11 07 1  9880  9884  9858  9840  9867  9927  9934  9978  9969  9961  9954  9963
TBILIS 2016 11 07 2  9946  9904  9880  9903  9845  9858  9777  9775  9778  9749  9783  9796
TBILIS 2016 11 08 1  9848  9885  9900  9941  9910  9971  9956  9912  9961  9912  9927  9940
TBILIS 2016 11 08 2  9904  9875  9853  9871  9822  9796  9799  9808  9787  9828  9858  9874
TBILIS 2016 11 09 1  9889  9932  9921  9966  9921  9920  9924  9916  9924  9911  9904  9874
TBILIS 2016 11 09 2  9886  9818  9855  9840  9804  9771  9811  9757  9796  9808  9788  9832
TBILIS 2016 11 10 1  9795  9850  9805  9798  9811  9866  9834  9831  9874  9887  9856  9917
TBILIS 2016 11 10 2  9970  9917  9945  9956  9941  9924  9953  9890  9880  9824  9797  9862
TBILIS 2016 11 11 1  9921  9900  9857  9875  9896  9875  9903  9910  9871  9873  9882  9848
TBILIS 2016 11 11 2  9846  9826  9818  9801  9812  9816  9757  9795  9720  9762  9807  9741
TBILIS 2016 11 12 1  9730  9740  9767  9739  9768  9873  9894  9904  9977  9958  9944  9953
TBILIS 2016 11 12 2  9907  9871  9847  9792  9801  9785  9772  9791  9747  9745  9752  9756
TBILIS 2016 11 13 1  9746  9768  9780  9778  9790  9815  9822  9790  9803  9840  9841  9790
TBILIS 2016 11 13 2  9824  9791  9770  9758  9793  9801  9804  9755  9747  9752  9755  9772
TBILIS 2016 11 14 1  9756  9764  9750  9807  9804  9824  9927  9942  9992  9951  9935  9907
TBILIS 2016 11 14 2  9928  9919  9860  9888  9839  9888  9854  9853  9884  9856  9844  9889
TBILIS 2016 11 15 1  9914  9854  9841  9829  9862  9851  9853  9830  9823  9853  9798  9841
TBILIS 2016 11 15 2  9833  9789  9781  9819  9766  9786  9826  9809  9812  9795  9805  9805
TBILIS 2016 11 16 1  9854  9821  9836  9824  9798  9809  9837  9803  9838  9872  9864  9802
TBILIS 2016 11 16 2  9809  9870  9816  9863  9875  9924  9917  9905  9919  9885  9957  9914
TBILIS 2016 11 17 1  9961  9978  9914  9915  9923  9844  9882  9819  9806  9853  9847  9856
TBILIS 2016 11 17 2  9782  9829  9807  9795  9811  9876  9884  9858  9864  9886  9908  9881
TBILIS 2016 11 18 1  9855  9864  9880  9907  9883  9845  9890  9901  9884  9922  9924  9862
TBILIS 2016 11 18 2  9840  9828  9908  9881  9887  9915  9911  9943  9923  9921  9867  9891
TBILIS 2016 11 19 1  9895  9885  9930  9907  9877  9957  9925  9946  9911  9880  9918  9918
TBILIS 2016 11 19 2  9851  9900  9921  9870  9903  9870  9864  9893  9834  9909  9886  9908
TBILIS 2016 11 20 1  9896  9927  9914  9875  9889  9978  9976  9927  9940  9968  9900  9912
TBILIS 2016 11 20 2  9879  9899  9898  9862  9876  9848  9850  9877  9837  9803  9849  9861
TBILIS 2016 11 21 1  9896  9860  9931  9931  9905  9954  9917  9958  9942  9947  9945  9933
TBILIS 2016 11 21 2  9902  9920  9893  9930  9897  9976  9941  9961  9971  9972  9909  9917
TBILIS 2016 11 22 1  9923  9928  9961  9877  9882  9905  9894  9896  9871  9843  9861  9841
TBILIS 2016 11 22 2  9851  9836  9836  9831  9843  9826  9826  9769  9761  9717  9768  9783
TBILIS 2016 11 23 1  9785  9759  9759  9760  9765  9796  9822  9779  9809  9802  9769  9810
TBILIS 2016 11 23 2  9818  9777  9766  9778  9818  9748  9815  9757  9742  9734  9756  9738
TBILIS 2016 11 24 1  9778  9733  9748  9761  9760  9781  9800  9769  9767  9803  9808  9779
TBILIS 2016 11 24 2  9800  9796  9802  9813  9797  9724  9699  9725  9723  9703  9712  9713
TBILIS 2016 11 25 1  9755  9685  9710  9698  9730  9709  9801  9722  9762  9771  9740  9709
TBILIS 2016 11 25 2  9708  9695  9701  9681  9751  9722  9722  9705  9701  9709  9684  9664
TBILIS 2016 11 26 1  9653  9666  9693  9689  9717  9697  9701  9699  9787  9700  9692  9686
TBILIS 2016 11 26 2  9674  9708  9653  9691  9670  9704  9712  9675  9689  9686  9676  9704
TBILIS 2016 11 27 1  9719  9723  9720  9764  9736  9707  9714  9712  9763  9749  9701  9697
TBILIS 2016 11 27 2  9737  9705  9735  9716  9740  9666  9730  9674  9692  9706  9675  9717
TBILIS 2016 11 28 1  9697  9731  9689  9691  9712  9732  9718  9715  9779  9731  9762  9750
TBILIS 2016 11 28 2  9712  9709  9663  9706  9693  9705  9736  9689  9710  9740  9763  9700
TBILIS 2016 11 29 1  9740  9700  9749  9760  9734  9734  9793  9764  9803  9860  9818  9815
TBILIS 2016 11 29 2  9804  9859  9840  9857  9826  9833  9802  9836  9853  9862  9827  9829
TBILIS 2016 11 30 1  9858  9872  9937  9864  9844  9845  9828  9893  9789  9782  9797  9798
TBILIS 2016 11 30 2  9781  9773  9795  9794  9799  9778  9807  9805  9785  9807  9797  9855
TBILIS 2016 11 31 1 99999 99999 99999 99999 99999 99999 99999 99999 99999 99999 99999 99999
TBILIS 2016 11 31 2 99999 99999 99999 99999 99999 99999 99999 99999 99999 99999 99999 99999
Cosmic-Ray Neutron Monitor Data (Hourly, Pressure-Corrected and Scale-Adjusted Counts)
Collections: WDC for Cosmic Rays, Solar-Terrestrial Environment Laboratory, Nagoya Univ.
Data Access: http://center.stelab.nagoya-u.ac.jp/WDCCR/index.html
Project: ICSU WDC
Citation: WDC for Cosmic Rays, Solar-Terrestrial Environment Laboratory, Nagoya University
Station ID: TBILIS
Station:  TBILISI,GIORGIA,INSTITUT GEOPHYSIKY (IG), GIORGIAN ACADEMY OF SCIENCES,GIORGIA 
Instrument: 18-NM-64 Corrected to 965 mb Standard Pressure, Coef =-0.69 %/mb                
Latitude (deg.):   41.43  Longitude (deg.):   44.48  Altitude (m):  510.00
Cut-Off Rigidity (GV):    6.73
Year: 2016  Month:  12
Scaling Factor (SF):    64.0   Constant (CONST):     0.0  Real Counts = (DATA + CONST)*SF
Temporal Resolution: 1 hour
UTC Start Hour:     0.0
DATA FILE IS PREPARED BY IZMIRAN (ftp://cr0.izmiran.rssi.ru/Cosray!/FTP_NM/C/)  
 Updated by IZMIRAN on 20180328                         
Monthly Average:  9923.9
Updated (YYYY MM DD): 2018 03 28
*******************************************************************************************
ID     YYYY MM DD 1     0     1     2     3     4     5     6     7     8     9    10    11
ID     YYYY MM DD 2    12    13    14    15    16    17    18    19    20    21    22    23
*******************************************************************************************
TBILIS 2016 12 01 1  9805  9852  9800  9802  9837  9867  9811  9863  9857  9798  9812  9763
TBILIS 2016 12 01 2  9834  9868  9817  9782  9735  9781  9727  9754  9665  9686  9703  9677
TBILIS 2016 12 02 1  9773  9806  9832  9805  9841  9811  9796  9845  9891  9843  9824  9847
TBILIS 2016 12 02 2  9838  9839  9828  9847  9827  9837  9803  9784  9772  9814  9806  9827
TBILIS 2016 12 03 1  9874  9849  9801  9892  9900  9953  9916  9930  9970  9877  9934 10030
TBILIS 2016 12 03 2 10016 10042  9969  9973 10016 10020  9992  9957  9852  9908  9907  9926
TBILIS 2016 12 04 1  9884  9904  9891  9915  9920  9893  9886  9890  9943  9863  9880  9908
TBILIS 2016 12 04 2  9929  9949  9875  9858  9909  9908  9885  9888  9896  9920  9921  9969
TBILIS 2016 12 05 1  9934  9961  9994  9969  9994  9912  9959  9900  9882  9920  9890  9912
TBILIS 2016 12 05 2  9876  9886  9864  9893  9914  9911  9909  9918  9925  9902  9921  9945
TBILIS 2016 12 06 1  9984  9900  9947  9935  9989  9992 10005  9976  9982  9982  9982  9982
TBILIS 2016 12 06 2  9982  9982  9982  9982  9982  9982  9982  9982  9982  9982  9982  9982
TBILIS 2016 12 07 1  9982  9982  9982  9982  9982  9982  9982  9982  9982  9982  9982  9982
TBILIS 2016 12 07 2  9982  9982  9982  9982  9982  9982  9982  9982  9982  9982  9982  9982
TBILIS 2016 12 08 1  9982  9982  9982  9982  9982  9982  9982  9982  9982  9982  9982  9982
TBILIS 2016 12 08 2  9982  9982  9982  9982  9970  9999 10032 10027  9995  9959 10048  9994
TBILIS 2016 12 09 1 10008  9997 10045 10015 10010  9972 10016 10022 10012  9926  9922  9939
TBILIS 2016 12 09 2  9910  9819  9912  9923  9932  9922  9870  9858  9841  9824  9875  9842
TBILIS 2016 12 10 1  9880  9822  9824  9868  9884  9889  9882  9950  9899  9962  9928  9903
TBILIS 2016 12 10 2  9924  9900  9911  9875  9920  9849  9843  9870  9892  9877  9873  9893
TBILIS 2016 12 11 1  9859  9873  9882  9890  9939  9885  9886  9932  9908  9958  9945  9875
TBILIS 2016 12 11 2  9875  9882  9863  9876  9861  9885  9827  9796  9871  9844  9883  9892
TBILIS 2016 12 12 1  9872  9860  9882  9872  9850  9874  9846  9945  9883  9859  9901  9914
TBILIS 2016 12 12 2  9922  9921  9899  9886  9888  9899  9886  9925  9925  9942  9941  9924
TBILIS 2016 12 13 1  9932  9943  9887  9928  9926  9923  9908  9862  9874  9917  9918  9926
TBILIS 2016 12 13 2  9924  9958  9937  9936  9986  9937  9962  9950  9988 10001  9991 10015
TBILIS 2016 12 14 1  9985 10011  9970  9995  9983 10009 10008 10002  9942  9979  9952  9984
TBILIS 2016 12 14 2  9952  9970 10006 10024 10015 10083 10024 10005 10037 10000 10011 10079
TBILIS 2016 12 15 1 10055 10043 10041  9985 10019  9999  9930  9953  9946  9991 10031 10009
TBILIS 2016 12 15 2 10018  9952  9990  9976  9998 10040 10022  9971 10014  9989 10009  9949
TBILIS 2016 12 16 1 10036 10004 10007 10001 10005 10064 10010  9984  9995  9966  9977  9995
TBILIS 2016 12 16 2  9971  9981  9997 10003 10011 10000  9987  9996 10005  9954 10011 10025
TBILIS 2016 12 17 1 10008 10022  9990  9966 10034 10009  9997  9987  9998 10032 10030 10045
TBILIS 2016 12 17 2 10021 10037 10027 10030 10057 10002  9995 10002  9982 10010  9943  9999
TBILIS 2016 12 18 1  9974  9986  9946  9996 10041 10038  9991  9959 10072 10026 10015  9994
TBILIS 2016 12 18 2 10027  9997  9993  9991  9999 10002  9987  9966  9980  9979  9971  9954
TBILIS 2016 12 19 1  9961 10010  9978  9998  9991  9986  9991  9993 10006  9956  9936  9928
TBILIS 2016 12 19 2  9900  9909  9927  9923  9913  9916  9966  9930  9921  9947  9954  9952
TBILIS 2016 12 20 1  9944  9934  9947  9961  9954  9973  9956  9967  9949  9962  9899  9865
TBILIS 2016 12 20 2  9871  9891  9883  9902  9863  9892  9885  9904  9889  9877  9912  9897
TBILIS 2016 12 21 1  9867  9924  9935  9922  9923  9921  9965  9903  9914  9873  9954  9985
TBILIS 2016 12 21 2  9939  9937  9948  9958  9958  9978  9952  9905  9907  9907  9917  9903
TBILIS 2016 12 22 1  9856  9899  9914  9897  9943  9971  9948  9911  9925  9944  9951  9934
TBILIS 2016 12 22 2  9887  9872  9940  9913  9907  9924  9907  9909  9906  9918  9899  9864
TBILIS 2016 12 23 1  9888  9917  9933  9941  9962  9988  9987  9917  9915  9919  9893  9951
TBILIS 2016 12 23 2  9874  9873  9849  9857  9840  9876  9838  9799  9804  9815  9827  9766
TBILIS 2016 12 24 1  9758  9794  9843  9844  9878  9807  9865  9910  9910  9887  9894  9828
TBILIS 2016 12 24 2  9777  9816  9774  9779  9786  9800  9795  9753  9771  9780  9761  9794
TBILIS 2016 12 25 1  9776  9819  9799  9841  9798  9821  9805  9797  9818  9843  9845  9879
TBILIS 2016 12 25 2  9833  9851  9816  9778  9812  9843  9812  9820  9828  9855  9848  9873
TBILIS 2016 12 26 1  9849  9866  9849  9833  9852  9840  9870  9837  9903  9870  9896  9869
TBILIS 2016 12 26 2  9850  9856  9844  9865  9859  9836  9872  9833  9897  9833  9833  9852
TBILIS 2016 12 27 1  9905  9887  9908  9894  9875  9918  9938  9933  9885  9891  9877  9900
TBILIS 2016 12 27 2  9866  9884  9852  9899  9868  9874  9847  9893  9872  9864  9910  9918
TBILIS 2016 12 28 1  9876  9893  9891  9921  9908  9941  9911  9930  9929  9931  9916  9904
TBILIS 2016 12 28 2  9852  9873  9912  9865  9875  9895  9881  9899  9919  9903  9898  9909
TBILIS 2016 12 29 1  9903  9923  9962  9927  9914  9944  9948  9955  9976  9958  9925  9915
TBILIS 2016 12 29 2  9953  9956  9964  9961 10010  9988  9977  9993  9959  9961  9938  9956
TBILIS 2016 12 30 1  9975  9960  9927  9940  9946  9965  9976 10016  9970 10004  9968  9982
TBILIS 2016 12 30 2  9967 10002  9955  9966  9953  9979  9989  9993 10005  9969  9975  9936
TBILIS 2016 12 31 1  9974  9957  9966  9976  9963 10010 10001  9983  9959  9956  9912 10001
TBILIS 2016 12 31 2  9970  9969 10008  9977  9940  9974  9973  9987  9978  9938  9913  9941
